-5.433297377116384830e+00
-5.385596374091528027e+00
-5.314791229417333618e+00
-5.131713969419123167e+00
-5.457819855229187667e+00
-5.460129536087592328e+00
-5.498624944798183201e+00
-5.476144242552423158e+00
-5.496084961382775802e+00
-5.507836157376009290e+00
-5.504026714819459265e+00
-5.465198381986707155e+00
-5.115095168869053133e+00
-5.134313490932320256e+00
-5.112234060054755780e+00
-5.131302574361189528e+00
-5.147408096859987126e+00
-5.138416853658050343e+00
-5.117417285161255158e+00
-5.128779084431082325e+00
-5.153988652016790795e+00
-5.160040428343570795e+00
-5.133796276532206271e+00
-5.395087648009739389e+00
-5.427918262946336725e+00
-5.473501185117107148e+00
-5.511366790046506203e+00
-5.053433732271328083e+00
-5.408961964149190393e+00
-5.431702220480081778e+00
-5.365069898995023401e+00
-5.328006622261186820e+00
-5.386338075093093813e+00
-5.158948426630380446e+00
-5.425132430050605414e+00
-5.442583176020922231e+00
-5.410631443208555602e+00
-5.121723542005096164e+00
-5.502719184474377023e+00
-5.551298042875310479e+00
-5.723403816076004347e+00
-5.420600387983304458e+00
-5.521981618204400810e+00
-5.698422923343668067e+00
-5.521823089153403252e+00
-5.545496882034846031e+00
-5.476859304225848213e+00
-5.531977244377695335e+00
-5.566205019912276342e+00
-5.714220444421887812e+00
-5.482924351945647423e+00
-5.472014734962689531e+00
-5.538708442753538463e+00
-5.590193407567529249e+00
-5.444840707405941949e+00
-5.481859016252630390e+00
-5.498708034993120997e+00
-5.545707861429792551e+00
-5.583241680325233602e+00
-5.664109761230946560e+00
-5.656032851338430589e+00
-5.748948282881181981e+00
-5.746640274978480178e+00
-5.649159444656919327e+00
-5.643430232825806137e+00
-5.632430041884556537e+00
-5.631414698198962121e+00
-5.643787426146096742e+00
-5.670848032045968878e+00
-5.627707710980927480e+00
-5.672954554327597876e+00
-5.626975798340614787e+00
-5.684261652178852486e+00
-5.621314150509946650e+00
-5.651259240748366608e+00
-5.751782342247491187e+00
-5.642952401455954003e+00
-5.629425622512692406e+00
-5.640148456175467118e+00
-5.654518784662494468e+00
-5.639259472360482306e+00
-5.632878408571002637e+00
-5.631790441926192159e+00
-5.624998122136317669e+00
-5.632224217123447119e+00
-5.657298632569363939e+00
-5.645181362422704296e+00
-5.659438384901681829e+00
-5.649216854023239698e+00
-5.733237180385285292e+00
-5.719338801459043609e+00
-5.737305120114692514e+00
-5.660407766598945400e+00
-5.708382042550127267e+00
-5.705063439411973469e+00
-5.717507920913722508e+00
-5.706752142196607203e+00
-5.689707931312046441e+00
-5.512702725511188007e+00
-5.580445213399799265e+00
-5.535736780250993583e+00
-5.566090540655541652e+00
-5.511655585731626950e+00
-5.545137664496007979e+00
-5.513570768361248930e+00
-5.571606549493566263e+00
-5.631701078788343473e+00
-5.521389907542928910e+00
-5.474043150933663782e+00
-5.512099808381134558e+00
-5.530956053534328731e+00
-5.499156185631222549e+00
-5.478788234679903724e+00
-5.541288680009170520e+00
-5.487779937081489479e+00
-5.544592614650535545e+00
-5.533485441762429957e+00
-5.598351547164128306e+00
-5.550408433963701427e+00
-5.545322681595559189e+00
-5.520086281858261223e+00
-5.537873180524074179e+00
-4.741275295175007898e+00
-4.665494158822468762e+00
-4.614399309203477628e+00
-4.824769212887215275e+00
-4.790314396842199507e+00
-4.747414973014778106e+00
-5.063191573353643449e+00
-5.069698124649539395e+00
-5.038899568746562529e+00
-5.098794815237866374e+00
-4.687018393599644561e+00
-4.705593574904888499e+00
-4.624689175938649477e+00
-4.703130064537285548e+00
-4.781974838882863565e+00
-4.661746728213916668e+00
-4.651745598972185647e+00
-4.639477685440168919e+00
-4.622045639692004215e+00
-4.735146378511492671e+00
-4.638923979929693964e+00
-4.627641609827519709e+00
-4.618327821342267825e+00
-4.722383987217910750e+00
-4.713153737995685155e+00
-4.753252128087885886e+00
-5.494741820643181285e+00
-5.444992669315774414e+00
-5.383759481174768879e+00
-5.510622839900761072e+00
-5.665903340084750717e+00
-5.717353048161284867e+00
-5.596160070396762443e+00
-5.151661217278933336e+00
-5.212534621431369253e+00
-5.238024157834058947e+00
-5.759491454820039991e+00
-5.774166652068148053e+00
-5.780870758310689084e+00
-5.736542526738319658e+00
-5.767241653815643687e+00
-5.539523474690173366e+00
-5.515146813764292055e+00
-5.544169542966733033e+00
-5.522016239768551493e+00
-5.540350263691705024e+00
-5.663060258411021231e+00
-5.731523696047424288e+00
-5.292247523023489109e+00
-5.234405261995386027e+00
-5.279275161375275083e+00
-5.308243819159573107e+00
-5.334771712162800661e+00
-5.513791998725171339e+00
-5.300642303669485855e+00
-5.340495033661030178e+00
-5.351255918320184435e+00
-5.343648966116138155e+00
-5.336677069900670034e+00
-5.306586914568493185e+00
-5.319056795012640393e+00
-5.305559075514878487e+00
-5.313323114899309196e+00
-4.724558612271914981e+00
-4.741699324863398068e+00
-4.717396686364780045e+00
-4.728134164346221802e+00
-4.738256658444165659e+00
-4.732156177881035042e+00
-4.716872557649845810e+00
-4.729253765110846608e+00
-4.741780185903910372e+00
-4.729033107171400907e+00
-4.734840030565211855e+00
-4.703247885173979626e+00
-4.696537420842948229e+00
-4.718152935699199801e+00
-4.700113489282786716e+00
-4.706221101864556111e+00
-4.698850467721979562e+00
-4.686152979192837797e+00
-4.698088855510339279e+00
-5.201067898890234353e+00
-5.142127854577928758e+00
-5.158381917793784410e+00
-5.141943217962287704e+00
-5.179650485942904226e+00
-5.174098034702451443e+00
-5.206241359183752415e+00
-5.179562055531727438e+00
-5.167425085422656217e+00
-5.382708399262415178e+00
-5.339728688926706823e+00
-5.327028899997301004e+00
-5.326502801253615971e+00
-5.282835256217065734e+00
-5.398489296957992067e+00
-5.385264011682438401e+00
-5.323199155102638969e+00
-5.295927494097470323e+00
-5.110945826386458002e+00
-5.266196096960286788e+00
-5.242016136705061058e+00
-5.345418866147835679e+00
-5.305721718532975473e+00
-4.885950371091994704e+00
-4.862843401215367400e+00
-4.864210007368459543e+00
-4.874293113962229640e+00
-4.878705990652174584e+00
-4.788254183801770480e+00
-4.722873604870961195e+00
-4.736027443453072472e+00
-4.879652361958531692e+00
-4.877912119657340284e+00
-4.960384096089076600e+00
-5.270722838508263841e+00
-4.926911807243849140e+00
-5.277350957914166862e+00
-5.282513720355856535e+00
-5.209018341229413096e+00
-5.164303194917717832e+00
-4.918698528360913258e+00
-5.205372060328034678e+00
-4.964082152992848052e+00
-5.340957084706462688e+00
-4.943348190089912109e+00
-4.895822709411161711e+00
-5.313681618308773835e+00
-4.937995144539062409e+00
-4.932260950381467168e+00
-4.958744883110354884e+00
-5.251724116731403491e+00
-5.243367589150748742e+00
-5.251020230931108479e+00
-5.228940993153833539e+00
-5.137990902439413254e+00
-5.244118257644680980e+00
-5.244892933320154604e+00
-5.231205571610725968e+00
-5.243141249497724310e+00
-5.115084356070430438e+00
-5.070545162799907857e+00
-5.137012149977895348e+00
-5.136191636794261939e+00
-5.155077318179479562e+00
-5.121142426002831094e+00
-5.254397542550854006e+00
-5.233148584686531102e+00
-5.108189797987577663e+00
-5.140846058524759066e+00
-5.115708728700285590e+00
-5.555377126937850463e+00
-5.549328773603567910e+00
-5.575985838220812951e+00
-5.560828045645326512e+00
-5.570502735544985207e+00
-5.557842433159930984e+00
-5.531793346344930029e+00
-5.567111949394529802e+00
-4.736402424650131948e+00
-4.760562973012164356e+00
-5.085049921422712060e+00
-4.723741174577227753e+00
-4.697201121825716363e+00
-4.747860417670274558e+00
-4.603308766455907808e+00
-4.698767324946883761e+00
-5.676760878967822777e+00
-5.645944665179740696e+00
-5.510418970724473731e+00
-5.557194471936901081e+00
-5.539257614382430361e+00
-5.508928994119570710e+00
-5.541456206778346605e+00
-5.622238096630987947e+00
-5.687840056580484749e+00
-5.668850453429913117e+00
-5.670033690714416430e+00
-5.632274417413634104e+00
-5.648136866014091595e+00
-5.634570310368347101e+00
-5.640558337259505173e+00
-4.762574926745108073e+00
-4.763980964414217034e+00
-4.737629309410223755e+00
-4.738131827710324373e+00
-4.741756456326453595e+00
-4.732792305300132618e+00
-4.740801709478374093e+00
-4.743973098728314852e+00
-4.787162276501839564e+00
-4.799358129488628499e+00
-4.811578475617744211e+00
-4.787522999027725490e+00
-4.795828418126930615e+00
-4.739544424438239645e+00
-4.751910950032589120e+00
-4.823766664082843825e+00
-4.708098627531418501e+00
-4.825444440994557382e+00
-4.849278675545778405e+00
-4.814635217399273692e+00
-4.816664452255095874e+00
-4.760681565751919919e+00
-4.785949815939755325e+00
-4.812448715329852966e+00
-4.796911063630776795e+00
-4.780433243934753662e+00
-4.801210651872437118e+00
-4.827952275715479580e+00
-4.826913583492736137e+00
-4.812392118214352976e+00
-4.820503184690987375e+00
-4.830603465747159930e+00
-4.806205630178485677e+00
-4.817030863889214309e+00
-4.834367084421689498e+00
-4.832737333602104002e+00
-4.856775338488377614e+00
-5.100541331250370902e+00
-5.106061220718215665e+00
-5.099284352585967461e+00
-5.093649154479332530e+00
-5.097838561434053339e+00
-5.106066800003211448e+00
-5.286206720089969835e+00
-5.282083395140602100e+00
-5.281767530666957811e+00
-5.277852001680275684e+00
-5.282815581890407231e+00
-5.285229271789865457e+00
-5.278429939894054179e+00
-5.280294923581154265e+00
-5.276539028692498690e+00
-5.277541608422925634e+00
