-5.441547326189399847e+00
-5.396089176589338621e+00
-5.321576524633123029e+00
-5.143242148709497918e+00
-5.459759302249063140e+00
-5.464215728485002366e+00
-5.505592085098333754e+00
-5.483672743590966903e+00
-5.502308860702740390e+00
-5.514303766858976275e+00
-5.505366918277816879e+00
-5.469545128214231333e+00
-5.117284983273636456e+00
-5.132923500361652458e+00
-5.124237255052213058e+00
-5.143668914383303203e+00
-5.149782515704975694e+00
-5.140267958149484784e+00
-5.142023380295812629e+00
-5.130704078338590435e+00
-5.163545041108277722e+00
-5.162120831560081058e+00
-5.126865769032678877e+00
-5.399300909650535552e+00
-5.438959453181382742e+00
-5.480313715468174252e+00
-5.517856047071045822e+00
-5.065156448040118775e+00
-5.416304166542643017e+00
-5.440313210901987162e+00
-5.370045376013415250e+00
-5.338653482864060607e+00
-5.387539047256811209e+00
-5.167277980706088236e+00
-5.430411555207823149e+00
-5.450555135988895294e+00
-5.421236274582299508e+00
-5.126761367327330454e+00
-5.507823295314219436e+00
-5.556687531449130191e+00
-5.724544589802117223e+00
-5.424973463409592966e+00
-5.527409199412057994e+00
-5.698225319280651568e+00
-5.524345317046464920e+00
-5.550195039776011363e+00
-5.480211409350401297e+00
-5.538387332990843070e+00
-5.570762413578750127e+00
-5.716328830610684975e+00
-5.485778514381459914e+00
-5.474285845758032565e+00
-5.541976691202225247e+00
-5.592928358095424990e+00
-5.452987141372657831e+00
-5.483479878114984274e+00
-5.508057963840889748e+00
-5.547773694919173160e+00
-5.584590479560501919e+00
-5.664459813058847715e+00
-5.656987177146097778e+00
-5.752513115789890108e+00
-5.751101017956653294e+00
-5.652249644871550238e+00
-5.646384768860366776e+00
-5.636423394385212227e+00
-5.629289156047670772e+00
-5.647705765730341554e+00
-5.674058175234201862e+00
-5.635894886817383487e+00
-5.674796878453600257e+00
-5.631156573811527011e+00
-5.687562531696405799e+00
-5.622487062706603922e+00
-5.654642682673480358e+00
-5.754507450633308707e+00
-5.643182649914491478e+00
-5.630794333953491382e+00
-5.642259265430546122e+00
-5.654334581777581192e+00
-5.637358153121423854e+00
-5.634329979785777986e+00
-5.633184802431202343e+00
-5.626506974416082940e+00
-5.635349326342922183e+00
-5.657301244251766725e+00
-5.648520909004520085e+00
-5.665502997982308386e+00
-5.654414308483682206e+00
-5.737421444116976410e+00
-5.721978558578495466e+00
-5.740043260116814317e+00
-5.662245689153175832e+00
-5.710914521502318486e+00
-5.706447835806248925e+00
-5.719542638608421825e+00
-5.709482941783996957e+00
-5.692860140466421193e+00
-5.518286126008250747e+00
-5.581429245756519997e+00
-5.535407338831251245e+00
-5.572124826922608243e+00
-5.516552776424879845e+00
-5.551735706704637785e+00
-5.520403427037008370e+00
-5.577420151854508568e+00
-5.631986618312483373e+00
-5.518581725525997683e+00
-5.474870618333336658e+00
-5.510700928588920355e+00
-5.534508866151960582e+00
-5.499271215878666297e+00
-5.483763215633449484e+00
-5.546563511342233355e+00
-5.489818425414319414e+00
-5.548326251713685764e+00
-5.537214503807192045e+00
-5.603512867970366074e+00
-5.550379851811006127e+00
-5.545612054383170175e+00
-5.525130090024771512e+00
-5.537629706253369477e+00
-4.744452930984599526e+00
-4.649986128355461545e+00
-4.605178239825970188e+00
-4.825510091070089658e+00
-4.785588217553897294e+00
-4.739191953055473583e+00
-5.072394673022065703e+00
-5.078845933099843002e+00
-5.045650945614244876e+00
-5.110888065843633754e+00
-4.656070263260755127e+00
-4.660996237893979099e+00
-4.614259746376426108e+00
-4.693204929213835364e+00
-4.788880184625711856e+00
-4.652962247274727403e+00
-4.647042431785795458e+00
-4.620442636476281173e+00
-4.621012412260204094e+00
-4.730697231860112595e+00
-4.630479722997764114e+00
-4.618869208481503286e+00
-4.616387350394104416e+00
-4.713578192510094134e+00
-4.705274194120416809e+00
-4.744915907935763677e+00
-5.496761395416753793e+00
-5.447352017196275931e+00
-5.382907796907244524e+00
-5.512794656392528303e+00
-5.666700112525828281e+00
-5.718207001882817053e+00
-5.595276030428351532e+00
-5.145224997375823506e+00
-5.205483462248221116e+00
-5.228895993623654981e+00
-5.761700975470021469e+00
-5.775431172794827539e+00
-5.780128630871294249e+00
-5.738815709738220860e+00
-5.770070524967676917e+00
-5.541964086196683681e+00
-5.518435125459260071e+00
-5.547189197384888359e+00
-5.524638330869194647e+00
-5.542927616995338980e+00
-5.662655771295812102e+00
-5.736277149724249291e+00
-5.295133255157543850e+00
-5.228669776311943629e+00
-5.286486171257804401e+00
-5.311253170925926526e+00
-5.334633309440883764e+00
-5.513844350227858016e+00
-5.297381684146949432e+00
-5.337294140123659325e+00
-5.348941397537276821e+00
-5.341394484347567584e+00
-5.334319602461958354e+00
-5.303310545461445535e+00
-5.312044570389012677e+00
-5.301784787476083061e+00
-5.307339132004561755e+00
-4.707934178856294061e+00
-4.733777065736645362e+00
-4.706883069441772705e+00
-4.713923088973828612e+00
-4.724561949377189762e+00
-4.716589145820766049e+00
-4.702253917220222235e+00
-4.720787050570707244e+00
-4.731948035585046064e+00
-4.714431037263044466e+00
-4.724453932609432805e+00
-4.688121948352141466e+00
-4.689959010418451868e+00
-4.708185749379124374e+00
-4.687869359509571510e+00
-4.698934466973980761e+00
-4.687423575838407963e+00
-4.674899538386455333e+00
-4.687234226841980878e+00
-5.199463631321929569e+00
-5.182159729349404387e+00
-5.202689368155635208e+00
-5.193673730228762331e+00
-5.228427438983427322e+00
-5.170786598432377978e+00
-5.235218400373610415e+00
-5.221409607523700203e+00
-5.163525635890214183e+00
-5.383661474525522017e+00
-5.338237849671642721e+00
-5.321739887710624117e+00
-5.323189791520169578e+00
-5.278366201111793998e+00
-5.395122505086283660e+00
-5.385058738640598364e+00
-5.324364413287023368e+00
-5.311657139245945736e+00
-5.124253747976960760e+00
-5.273951912248309171e+00
-5.255644703482061253e+00
-5.349020342490508284e+00
-5.310730215328641535e+00
-4.894414088345050651e+00
-4.865299660477824695e+00
-4.865932304786111828e+00
-4.892369707285843639e+00
-4.880803771122630863e+00
-4.806760385513367595e+00
-4.764461490006892674e+00
-4.759676793608908163e+00
-4.895423131290066898e+00
-4.887153965166077363e+00
-4.954089065553971771e+00
-5.266141665366358637e+00
-4.927094987119996716e+00
-5.278897251632640675e+00
-5.282839135908792727e+00
-5.220323461501583218e+00
-5.166761133046139598e+00
-4.919625731169501748e+00
-5.203249863699617173e+00
-4.966414951646527243e+00
-5.339921447315673753e+00
-4.938179689076521051e+00
-4.888848685690166285e+00
-5.311945581371178449e+00
-4.929892235293312552e+00
-4.923406747885678669e+00
-4.956481955672236595e+00
-5.246781049314806822e+00
-5.234760499052471872e+00
-5.246123952787371536e+00
-5.226524378667432913e+00
-5.142461188651230586e+00
-5.266920634218712927e+00
-5.265765264201598406e+00
-5.245583197328072877e+00
-5.254299461077860833e+00
-5.122904709302285475e+00
-5.089036214084300624e+00
-5.152426273792183764e+00
-5.141041524141924945e+00
-5.159132082520241802e+00
-5.128310623763282727e+00
-5.250904995590804702e+00
-5.241929698983267549e+00
-5.111802837229604712e+00
-5.144691345280019590e+00
-5.109691880932951236e+00
-5.566059097684051160e+00
-5.578513449873571339e+00
-5.576248447024800825e+00
-5.564632405363154177e+00
-5.588402638591766447e+00
-5.593566807603297164e+00
-5.563543402270054727e+00
-5.563838985454005126e+00
-4.730765906113348684e+00
-4.778109797312978912e+00
-5.095760274886867336e+00
-4.712266289440796285e+00
-4.683913619956858732e+00
-4.741849133491901291e+00
-4.713237643649980768e+00
-4.658641210975698499e+00
-5.682003131698366794e+00
-5.647454357375747414e+00
-5.508616719169752152e+00
-5.571430102437744836e+00
-5.542150179853436498e+00
-5.510679905214061591e+00
-5.539878069117796677e+00
-5.627706642549666682e+00
-5.692891198548463372e+00
-5.673503317125846657e+00
-5.674634934878751480e+00
-5.633830896320787929e+00
-5.650652555783916675e+00
-5.635167994807450675e+00
-5.658554545170535910e+00
-4.757183502949704490e+00
-4.745364115728425425e+00
-4.716427690678328233e+00
-4.730384093087371511e+00
-4.730532341500410354e+00
-4.718752520325760536e+00
-4.729427802776960732e+00
-4.734152477083449995e+00
-4.781842243856056385e+00
-4.798968807347352872e+00
-4.800599076318369463e+00
-4.774908868882415724e+00
-4.788926992344372913e+00
-4.725648984885636672e+00
-4.737065347005964711e+00
-4.807011577847684514e+00
-4.692196363987823915e+00
-4.812617064387872290e+00
-4.835962073647972481e+00
-4.812312232865943784e+00
-4.803487405371079433e+00
-4.742523534425793663e+00
-4.772143329292503289e+00
-4.771551106322799107e+00
-4.792060014077017094e+00
-4.761410069408478662e+00
-4.797732612897222637e+00
-4.814480922608243674e+00
-4.817669096253778704e+00
-4.783152860404380036e+00
-4.814702239345299617e+00
-4.814559672704671556e+00
-4.797503458667031317e+00
-4.800532452865458488e+00
-4.822478320587614498e+00
-4.821785549055137565e+00
-4.838656455223385500e+00
-5.098548726907511153e+00
-5.101839577234877687e+00
-5.097740154523239475e+00
-5.091940126150058532e+00
-5.096100314336094783e+00
-5.101558606247424521e+00
-5.288892621117778248e+00
-5.285452989498806708e+00
-5.281040409949639525e+00
-5.279032982850480060e+00
-5.284325956681438896e+00
-5.288378568369322075e+00
-5.280807512860355324e+00
-5.282872153166715989e+00
-5.279468567127788781e+00
-5.279559548735071495e+00
