-5.436381449054946913e+00
-5.390060109388676857e+00
-5.322552064995914378e+00
-5.132555735332812397e+00
-5.464272796076866001e+00
-5.464898626952190419e+00
-5.504572755076467594e+00
-5.482891837886873176e+00
-5.500805807844158402e+00
-5.512010146248957909e+00
-5.508574410380697728e+00
-5.469625446166794802e+00
-5.113241879766647457e+00
-5.128097293165658321e+00
-5.113511442033985333e+00
-5.125167169646200449e+00
-5.142802277847405179e+00
-5.137365862545190787e+00
-5.127482784192680221e+00
-5.126315778263919043e+00
-5.149503924396122478e+00
-5.161189970612967137e+00
-5.128112145509076569e+00
-5.398483923952088759e+00
-5.432039014465647853e+00
-5.476967075870931900e+00
-5.515039600143422760e+00
-5.066272444730751445e+00
-5.413177966771237415e+00
-5.433768181727299584e+00
-5.366879828807296526e+00
-5.328027384625542595e+00
-5.391160172795059324e+00
-5.156903256310905626e+00
-5.429240416522302937e+00
-5.447772332520234073e+00
-5.416475427764479100e+00
-5.122787756473488052e+00
-5.509283434246153632e+00
-5.555742553317560173e+00
-5.727478716431024353e+00
-5.425634763787599901e+00
-5.526104629992410366e+00
-5.702280468343228215e+00
-5.523956866014047229e+00
-5.549179848781929714e+00
-5.479572801404566817e+00
-5.533988365218920791e+00
-5.569760706299812014e+00
-5.718600085647516096e+00
-5.483901298006008673e+00
-5.472459606434268764e+00
-5.542190970055473009e+00
-5.592899842424693624e+00
-5.450535330832732228e+00
-5.483610089375704710e+00
-5.503316480152697920e+00
-5.548616891725671074e+00
-5.586417144509901789e+00
-5.665311404059062639e+00
-5.656905512299725380e+00
-5.750779165369421797e+00
-5.749036836618442337e+00
-5.650826955595002588e+00
-5.645903053954081763e+00
-5.635488149187175111e+00
-5.635697058328895892e+00
-5.646533247274790668e+00
-5.672685418344706854e+00
-5.631462674016823655e+00
-5.674687867110109529e+00
-5.631339917724221600e+00
-5.685920661079855165e+00
-5.622976470187415643e+00
-5.653781189432843135e+00
-5.753346600866487748e+00
-5.644387422625885442e+00
-5.632252439463343308e+00
-5.641249117073923180e+00
-5.655903122779291081e+00
-5.641286159616036855e+00
-5.634544557436824697e+00
-5.636788332919352662e+00
-5.627779671375112258e+00
-5.635180177767888487e+00
-5.659722253099943146e+00
-5.645626354757804499e+00
-5.663081270759126262e+00
-5.653602598295733195e+00
-5.735214487575895248e+00
-5.720390722196204258e+00
-5.737279509427458457e+00
-5.663355222594595340e+00
-5.710387136906233785e+00
-5.705769351699291114e+00
-5.718352504881782039e+00
-5.707987783531935477e+00
-5.690585845801672704e+00
-5.517376176809678512e+00
-5.585372254424167515e+00
-5.540601615262239044e+00
-5.570723563933094091e+00
-5.516061827170683607e+00
-5.550847092277569672e+00
-5.516722817705088211e+00
-5.574053542509343373e+00
-5.637327891276186165e+00
-5.526703806597228485e+00
-5.478870248523702635e+00
-5.519161009632634673e+00
-5.535616391825533888e+00
-5.500486207824526019e+00
-5.483497401430272866e+00
-5.542879643208723728e+00
-5.489370380281584971e+00
-5.548922849244728006e+00
-5.535616792710186473e+00
-5.602403598611923385e+00
-5.555391974192327886e+00
-5.552384273189077568e+00
-5.522090598617509727e+00
-5.542726354323574078e+00
-4.738133131025079159e+00
-4.664639627394778998e+00
-4.614779201586869384e+00
-4.816959903325393810e+00
-4.783752797177393212e+00
-4.743470282946177896e+00
-5.056781047891357517e+00
-5.066344949917022333e+00
-5.034756775069630486e+00
-5.093265009770900242e+00
-4.701217867123890670e+00
-4.692118783840813379e+00
-4.638712840653997915e+00
-4.695246386386046744e+00
-4.767689180294524043e+00
-4.659832902292413870e+00
-4.654282005599995387e+00
-4.627916561143391228e+00
-4.626421629930038470e+00
-4.732862247525881472e+00
-4.634990180765061751e+00
-4.620638270428194971e+00
-4.609683843805278514e+00
-4.718027228231741255e+00
-4.708928030362611317e+00
-4.738321917230460478e+00
-5.498921272051562781e+00
-5.450957559038528188e+00
-5.388076742932127239e+00
-5.515051021280862109e+00
-5.670707876900014099e+00
-5.721482297263201566e+00
-5.600958507084089710e+00
-5.147740790313883430e+00
-5.217288515415090977e+00
-5.237397509155340636e+00
-5.763472245913866310e+00
-5.776909622027667446e+00
-5.782238868844926216e+00
-5.741916507785312263e+00
-5.771570721562308215e+00
-5.543489988630393661e+00
-5.520361143045607655e+00
-5.549459752316735717e+00
-5.527363914542140044e+00
-5.545133626452715347e+00
-5.666773488249725155e+00
-5.735371807055296145e+00
-5.289708183300004585e+00
-5.237947918196637964e+00
-5.277507619006549078e+00
-5.301580288893497972e+00
-5.331808280682611922e+00
-5.517672174182872702e+00
-5.299150728051476023e+00
-5.342027208891339640e+00
-5.351775711725123230e+00
-5.343639776176079437e+00
-5.338885414472851920e+00
-5.309613685346633360e+00
-5.323815047614115947e+00
-5.307822214074890965e+00
-5.317395388326688455e+00
-4.719766763809187360e+00
-4.737419998770636909e+00
-4.714999755508231694e+00
-4.725315285432990287e+00
-4.734876345111320717e+00
-4.729729785635398365e+00
-4.713196058504155239e+00
-4.727026917560435137e+00
-4.740516830858388708e+00
-4.724319091780129654e+00
-4.736212227463340696e+00
-4.699641072809456865e+00
-4.692626222021512916e+00
-4.715446386131605827e+00
-4.694484150169747849e+00
-4.704240892399994323e+00
-4.691711273337247690e+00
-4.687508576864876986e+00
-4.696310096599733974e+00
-5.201144026995650371e+00
-5.132522559690292141e+00
-5.140825281268783797e+00
-5.130765401762870326e+00
-5.164069895380205999e+00
-5.169196920630133363e+00
-5.195498395657789814e+00
-5.156116745178957572e+00
-5.164729053557397975e+00
-5.387482504041535059e+00
-5.343659978682682166e+00
-5.330561027070135793e+00
-5.330843317278337601e+00
-5.286117832603191680e+00
-5.401568563241946563e+00
-5.388552244746991349e+00
-5.325924027522337845e+00
-5.296314366990420908e+00
-5.104933514407286488e+00
-5.268291277571869102e+00
-5.239926856525031873e+00
-5.347598427844507007e+00
-5.306514909450816830e+00
-4.883299625240697495e+00
-4.855960719619385024e+00
-4.860428603599395991e+00
-4.871106974383727639e+00
-4.873422424899137795e+00
-4.789818966442243031e+00
-4.728374427033474880e+00
-4.739703201408222100e+00
-4.882844074121188704e+00
-4.880181643700148619e+00
-4.957744442158636744e+00
-5.268673275318952243e+00
-4.920082963383508812e+00
-5.276406610285286014e+00
-5.283654539886982526e+00
-5.204810901469083539e+00
-5.160091873666298845e+00
-4.912777117746265354e+00
-5.207732050054826978e+00
-4.962542399235865709e+00
-5.345852760081460708e+00
-4.946902105399827221e+00
-4.898877108444856354e+00
-5.317295706736049787e+00
-4.940621023838743575e+00
-4.932693649095732269e+00
-4.960849634676515407e+00
-5.253232706885243353e+00
-5.241395437595275375e+00
-5.253100301010865891e+00
-5.229468501711385997e+00
-5.136083601331344894e+00
-5.251959613693944817e+00
-5.252776363797789116e+00
-5.236351950174177539e+00
-5.237818007589190472e+00
-5.117060900158120873e+00
-5.072972372021645526e+00
-5.134049958084119680e+00
-5.133299334002014547e+00
-5.153845446825441989e+00
-5.122862947090087715e+00
-5.259439435011601383e+00
-5.234820376342286252e+00
-5.109851321075413288e+00
-5.139955098854671611e+00
-5.115549227059940307e+00
-5.564413360710270595e+00
-5.564161452130817587e+00
-5.575142699358109688e+00
-5.564899039561346683e+00
-5.583094214174994185e+00
-5.565694058325151516e+00
-5.551718391563921884e+00
-5.568311355855181333e+00
-4.743621486846692825e+00
-4.747786717303110748e+00
-5.082185370815928138e+00
-4.718738507431793572e+00
-4.689926758750214475e+00
-4.731435842769792011e+00
-4.671897312677797842e+00
-4.696394171445874122e+00
-5.683131390184548160e+00
-5.649467638748998155e+00
-5.513477871992477297e+00
-5.564588263124814027e+00
-5.541384586075117191e+00
-5.513149116965553986e+00
-5.541925937308362471e+00
-5.628373517004185977e+00
-5.692021039055183529e+00
-5.672597812981596377e+00
-5.673681959777631789e+00
-5.634034952689693121e+00
-5.649231608717651731e+00
-5.635700283957269185e+00
-5.639716434920852173e+00
-4.766754186852283581e+00
-4.760082324625850347e+00
-4.735286701445438062e+00
-4.738863651669727339e+00
-4.741948868519203941e+00
-4.726242683273881084e+00
-4.736972148764229118e+00
-4.744686832634048557e+00
-4.785312016462621720e+00
-4.791089816714795724e+00
-4.803071986131951299e+00
-4.779327163372758314e+00
-4.790552726127993211e+00
-4.732258567028017282e+00
-4.750044098299711415e+00
-4.828393534412930066e+00
-4.707335961786847101e+00
-4.820884892644432540e+00
-4.843214585047173060e+00
-4.810996807413750354e+00
-4.815310923301724166e+00
-4.758230295347593675e+00
-4.788678509824775276e+00
-4.803653912315725805e+00
-4.791733750689888716e+00
-4.774318352575513735e+00
-4.802676409911645017e+00
-4.825125004355743208e+00
-4.825538159488814927e+00
-4.811720695885170151e+00
-4.823562149391825038e+00
-4.830615620036955882e+00
-4.800887590115910264e+00
-4.812749021890286194e+00
-4.826365512072909425e+00
-4.831247303139750926e+00
-4.857464981969504159e+00
-5.061612516437805631e+00
-5.068605252968631625e+00
-5.058211924122157477e+00
-5.047716493696309037e+00
-5.057305176146246417e+00
-5.077788427888509482e+00
-5.293547705048623264e+00
-5.289700079980253378e+00
-5.286648485019274091e+00
-5.282819542806294066e+00
-5.289902192130309544e+00
-5.289501267557171538e+00
-5.286669922148083955e+00
-5.287456535202067265e+00
-5.283945739959012400e+00
-5.282965691174363876e+00
