-5.437676667662024954e+00
-5.392310645249531298e+00
-5.325563256127691325e+00
-5.134523705237586277e+00
-5.466064853109030786e+00
-5.467375679864185045e+00
-5.506350513245961587e+00
-5.484615781142508695e+00
-5.502946366974128090e+00
-5.513484158677689706e+00
-5.510662649300320126e+00
-5.472590580317342912e+00
-5.118588151280866860e+00
-5.134687986176709629e+00
-5.118200682325017681e+00
-5.130854476126894603e+00
-5.148718782674898797e+00
-5.142054622957502374e+00
-5.131158541920302518e+00
-5.131949803553419898e+00
-5.157035780309212392e+00
-5.165589075578349565e+00
-5.135227803941623925e+00
-5.401665698359275680e+00
-5.434953342875561866e+00
-5.479070569449897121e+00
-5.515799363954320356e+00
-5.063166314089865949e+00
-5.414832395488076600e+00
-5.435805476308099848e+00
-5.370135907669239650e+00
-5.331640641466954378e+00
-5.392262257751287535e+00
-5.163386355233028802e+00
-5.431566309390198910e+00
-5.448978841211340018e+00
-5.418087433160687638e+00
-5.124249039800389482e+00
-5.509625300651459945e+00
-5.554961143544125513e+00
-5.727813317401962756e+00
-5.426934689472166617e+00
-5.525036629488350393e+00
-5.703797326913591093e+00
-5.525723959729768708e+00
-5.549872670921389251e+00
-5.480531841464864939e+00
-5.534645659421976838e+00
-5.568709416599686435e+00
-5.718365517081171134e+00
-5.484440277411876785e+00
-5.473489276987772989e+00
-5.542673878225456541e+00
-5.591948073394104490e+00
-5.449068455429561197e+00
-5.484752025291963484e+00
-5.502886238055300971e+00
-5.547656585371830040e+00
-5.586211646163280697e+00
-5.666304715013898097e+00
-5.657796076710537747e+00
-5.751215790238194181e+00
-5.748883280486584368e+00
-5.651129089463782229e+00
-5.645868876443480566e+00
-5.635092273973581811e+00
-5.635867310273075859e+00
-5.646791119702670336e+00
-5.672638582704897736e+00
-5.630683388543155310e+00
-5.675024941791292576e+00
-5.631924557940073406e+00
-5.685261414614465991e+00
-5.624396113771978456e+00
-5.653614137949709573e+00
-5.754301144417415692e+00
-5.645946453189805148e+00
-5.633249271645502709e+00
-5.642492231840380512e+00
-5.657351181545449137e+00
-5.641728266692815907e+00
-5.635303192281949869e+00
-5.637943438262297491e+00
-5.629191537804376644e+00
-5.636880551116598248e+00
-5.660224194955874921e+00
-5.646381945642851896e+00
-5.662107368750919356e+00
-5.652780579330243249e+00
-5.732810085064555139e+00
-5.719494065377721981e+00
-5.739086551812740744e+00
-5.659638832761290317e+00
-5.709044179790982554e+00
-5.705225940838734466e+00
-5.718618995698799168e+00
-5.708207442541108456e+00
-5.689978064636179056e+00
-5.517027556460962323e+00
-5.584609501576310642e+00
-5.541741102686952303e+00
-5.570198522733508462e+00
-5.514799919609643553e+00
-5.548703401446694272e+00
-5.517533371749552273e+00
-5.574566470160857712e+00
-5.637681889948839675e+00
-5.524347624285037561e+00
-5.477540931432883120e+00
-5.515808386708646260e+00
-5.534193097348427237e+00
-5.503441262511636900e+00
-5.484378490841260501e+00
-5.543708617695072505e+00
-5.491424579792130167e+00
-5.549944517955709422e+00
-5.535970115914145673e+00
-5.602503936133674145e+00
-5.556678930439601594e+00
-5.552019416554622389e+00
-5.522539499310489930e+00
-5.544575161176670264e+00
-4.736382891503656545e+00
-4.667649171317779455e+00
-4.619388336778620818e+00
-4.819132605017593995e+00
-4.784717640315256482e+00
-4.743604794356114596e+00
-5.060869134965491511e+00
-5.069027128914948221e+00
-5.040303092852308708e+00
-5.098563823551432783e+00
-4.658138054858934396e+00
-4.656486179083175081e+00
-4.607231538304384699e+00
-4.695266302523079638e+00
-4.767800171948900712e+00
-4.655106887564448570e+00
-4.652602135787999416e+00
-4.628886832461994061e+00
-4.621943715453275203e+00
-4.732556552236300895e+00
-4.635257995413345711e+00
-4.622431520063400079e+00
-4.610452425990234637e+00
-4.718542074203697645e+00
-4.713527858948477700e+00
-4.742018395274306464e+00
-5.499720171399039792e+00
-5.452327415787589615e+00
-5.389824268501600457e+00
-5.515198965302882783e+00
-5.669601656819704516e+00
-5.720083602571124359e+00
-5.601583166990558027e+00
-5.148074348491271657e+00
-5.217645512212757630e+00
-5.239240139787112227e+00
-5.759959148033892973e+00
-5.774719017490625994e+00
-5.783046583464063417e+00
-5.736990585407105492e+00
-5.769289221493074216e+00
-5.543819069136178612e+00
-5.521324589597168320e+00
-5.550082861714837001e+00
-5.527806222500538880e+00
-5.546001284099038031e+00
-5.667497326337823438e+00
-5.734393852381908019e+00
-5.294767731841140801e+00
-5.240212616795698608e+00
-5.279763402345036383e+00
-5.305512411294718511e+00
-5.335529697939016991e+00
-5.518205441592761495e+00
-5.304615297893439774e+00
-5.345962194131391954e+00
-5.355172197233893705e+00
-5.347847825098980046e+00
-5.343090351431090568e+00
-5.311593390195080922e+00
-5.326422917681315816e+00
-5.309545400098606649e+00
-5.318296173223803436e+00
-4.719913231985667146e+00
-4.736519201439329585e+00
-4.715466434891894210e+00
-4.721977027756451228e+00
-4.733871548655587347e+00
-4.728736917813152196e+00
-4.712689003339222360e+00
-4.726718638945166973e+00
-4.739788992305803639e+00
-4.723314918355232983e+00
-4.734623944334303225e+00
-4.700005635959888295e+00
-4.691605976775799824e+00
-4.716775052224322806e+00
-4.694708430617039241e+00
-4.701603748110099623e+00
-4.690268594801231927e+00
-4.684785732809309877e+00
-4.695981063901462527e+00
-5.203018454884074551e+00
-5.132956778156588129e+00
-5.142539878627593097e+00
-5.133279992134492709e+00
-5.166697178534271906e+00
-5.172485492449543365e+00
-5.195749777987064277e+00
-5.158934051633029760e+00
-5.168469474862937396e+00
-5.388584555738660242e+00
-5.344679533465230392e+00
-5.331586188821439976e+00
-5.331415061748244533e+00
-5.288198427217366770e+00
-5.402335400001663679e+00
-5.389549305925481093e+00
-5.326203763007399949e+00
-5.295870970735962580e+00
-5.105408331211699569e+00
-5.268657951734202705e+00
-5.239400342067304095e+00
-5.347762461456859739e+00
-5.306542977593766253e+00
-4.881378372876934435e+00
-4.854526780850488166e+00
-4.859719782262677867e+00
-4.870551993042419703e+00
-4.874079466397471805e+00
-4.790165003085053996e+00
-4.734751386591319111e+00
-4.747073257147359726e+00
-4.882475484061464144e+00
-4.878635834934438975e+00
-4.958368130158539167e+00
-5.268768811434460630e+00
-4.922536417308512213e+00
-5.275516952667953952e+00
-5.283925987356455245e+00
-5.204220530349918050e+00
-5.162827429624027076e+00
-4.912638990346966494e+00
-5.210450269999863160e+00
-4.963061074866946143e+00
-5.346730309835986183e+00
-4.948065484176836115e+00
-4.898454591905387012e+00
-5.317916519499587658e+00
-4.941956529083587846e+00
-4.933728301316495646e+00
-4.962165332480671154e+00
-5.254393662484576843e+00
-5.242841330705235947e+00
-5.254345470423480435e+00
-5.231979345528765535e+00
-5.142491752017566142e+00
-5.255460014257114842e+00
-5.257960178935502604e+00
-5.240181680164691436e+00
-5.243843584835753191e+00
-5.122000028968704655e+00
-5.078153905962114578e+00
-5.138982767859811673e+00
-5.139939876164804744e+00
-5.159710832089669630e+00
-5.127881083511393712e+00
-5.262938889359030092e+00
-5.238328494632956023e+00
-5.113955647257400372e+00
-5.142596315127184958e+00
-5.118402576456725583e+00
-5.560560617595132982e+00
-5.561341160963714891e+00
-5.573992986544599404e+00
-5.563551191087386272e+00
-5.579707451607474944e+00
-5.560978184907638067e+00
-5.546656060350827921e+00
-5.565244977721339303e+00
-4.743264657048952060e+00
-4.750680769523492941e+00
-5.087569048810207661e+00
-4.720596112601323391e+00
-4.657118011497098031e+00
-4.695849862081342252e+00
-4.598551671066291036e+00
-4.666514044886637791e+00
-5.681482905103534264e+00
-5.648230278626761525e+00
-5.512612421687722808e+00
-5.562122234894198769e+00
-5.541172861460699650e+00
-5.513352246622674535e+00
-5.542855617308360294e+00
-5.627840006531378059e+00
-5.691730684316785194e+00
-5.672725025090194606e+00
-5.673736943289698686e+00
-5.634204973083681622e+00
-5.648739767174185467e+00
-5.635492246083500412e+00
-5.640204417711364826e+00
-4.766033209299866513e+00
-4.759335049192024769e+00
-4.733000894142906034e+00
-4.737241722478196415e+00
-4.740165716311000033e+00
-4.725203574263129980e+00
-4.736783343902040144e+00
-4.744498454730798898e+00
-4.781435919250048627e+00
-4.785244329247429818e+00
-4.799546955160710837e+00
-4.782103776065160794e+00
-4.788078082124467727e+00
-4.729014591515855237e+00
-4.751006746924152147e+00
-4.831610271115852839e+00
-4.706527147753792661e+00
-4.821695102097459440e+00
-4.839694758048494805e+00
-4.810982589934742926e+00
-4.815680863608709394e+00
-4.759337919512066861e+00
-4.788488669642107176e+00
-4.808248866779617714e+00
-4.794584221808938729e+00
-4.772335066793875313e+00
-4.802001255290480053e+00
-4.825006999732877944e+00
-4.823205976573817111e+00
-4.812434875143177138e+00
-4.825502274706399142e+00
-4.833521901217242345e+00
-4.800803261008229406e+00
-4.813598408795532357e+00
-4.826275946501171532e+00
-4.832606738972720528e+00
-4.857990786994137444e+00
-5.072355226020233587e+00
-5.079838124901377761e+00
-5.072520064693029518e+00
-5.060148544489747380e+00
-5.066605367245979430e+00
-5.087705900617446986e+00
-5.291538184136315159e+00
-5.287601241363606874e+00
-5.282814481499808146e+00
-5.280555099957124021e+00
-5.287752584839143566e+00
-5.287914606078745194e+00
-5.284040029766022606e+00
-5.285234058564230786e+00
-5.281463843699198968e+00
-5.281226208408852152e+00
