-5.436406631406749845e+00
-5.390300955584174325e+00
-5.322214118275311989e+00
-5.131664259323947874e+00
-5.464725979189660521e+00
-5.465668033022105021e+00
-5.504907026709748408e+00
-5.483807719456686769e+00
-5.501017386573855639e+00
-5.511875293219616445e+00
-5.508690657818769765e+00
-5.470248976599188850e+00
-5.115424090682879843e+00
-5.132523311013284406e+00
-5.117797768620386378e+00
-5.125842378424977142e+00
-5.145241330899386512e+00
-5.140312413048465423e+00
-5.129267273328196985e+00
-5.130131544620392781e+00
-5.150927956147460129e+00
-5.161531105065671809e+00
-5.133017674136423736e+00
-5.400278281867500141e+00
-5.432959944584139222e+00
-5.477710656624251051e+00
-5.515407446143747450e+00
-5.064111012547262369e+00
-5.412830299212064489e+00
-5.435116858451080724e+00
-5.368411368743242207e+00
-5.325900520772115065e+00
-5.390894704657561931e+00
-5.160635706567315850e+00
-5.429781863988548452e+00
-5.447667450008893297e+00
-5.417147838825003170e+00
-5.124737978126428395e+00
-5.509898192248751769e+00
-5.555544505396074584e+00
-5.726700052940227437e+00
-5.423863638666456488e+00
-5.525916971712816483e+00
-5.701551834112618344e+00
-5.523821597442492681e+00
-5.549134924113175771e+00
-5.479579239185758510e+00
-5.533867947499156337e+00
-5.569329382732201239e+00
-5.717840832431835274e+00
-5.483589430131736719e+00
-5.472505443915527401e+00
-5.541519107689048873e+00
-5.592386311979475444e+00
-5.449305209734454536e+00
-5.482992246807430803e+00
-5.502275719739714077e+00
-5.547774130083530153e+00
-5.586013632902246506e+00
-5.664118150619109393e+00
-5.656093924941304252e+00
-5.750638305602758571e+00
-5.748893131616717334e+00
-5.650733780999147804e+00
-5.644534682338083087e+00
-5.634553264954655027e+00
-5.634924036266480307e+00
-5.647369703044181399e+00
-5.672086691850164009e+00
-5.632378752780795139e+00
-5.675336246997232159e+00
-5.630140072780406513e+00
-5.685883370138766324e+00
-5.622849900959179692e+00
-5.653510732006916228e+00
-5.753451380987024244e+00
-5.643301298806372657e+00
-5.631855093971267046e+00
-5.641384663863343363e+00
-5.654908010943706209e+00
-5.640841310403692965e+00
-5.633156235207862572e+00
-5.636636292456103980e+00
-5.627367925663827819e+00
-5.635108500825877442e+00
-5.661191011820082331e+00
-5.645682453317403038e+00
-5.661890669602468229e+00
-5.653813332764957345e+00
-5.734240433261274639e+00
-5.720187239061757190e+00
-5.738210139604961846e+00
-5.661495788279174768e+00
-5.709577988705735407e+00
-5.705744625952683613e+00
-5.718339404091983269e+00
-5.708092557072112605e+00
-5.690709176574941353e+00
-5.516735203118691366e+00
-5.583418358985776209e+00
-5.539529058928813754e+00
-5.570627077333027088e+00
-5.515132978022106336e+00
-5.549424852043436829e+00
-5.516885087321985459e+00
-5.573778305842589376e+00
-5.635542985019896811e+00
-5.524569409458420566e+00
-5.477757889818569481e+00
-5.520465049891276621e+00
-5.536447571687839186e+00
-5.501639710175684428e+00
-5.482913514203274552e+00
-5.542673476598783289e+00
-5.489017909689001051e+00
-5.548678720155938215e+00
-5.534357232036461127e+00
-5.602401730520089274e+00
-5.554349083722976310e+00
-5.550606347481543246e+00
-5.521118132408870949e+00
-5.541992284642795141e+00
-4.738146359725675438e+00
-4.666494461199636845e+00
-4.620371115290876851e+00
-4.820383518980346338e+00
-4.783129017635742386e+00
-4.744275781603430886e+00
-5.059833800754528710e+00
-5.067997156308241991e+00
-5.037050898105209562e+00
-5.096973237097496501e+00
-4.706524670975721136e+00
-4.692594511983681826e+00
-4.626995627279838708e+00
-4.692900983352944699e+00
-4.774138978699823177e+00
-4.660700594668925056e+00
-4.652179483391388537e+00
-4.625630699515060229e+00
-4.624870163810707702e+00
-4.735004127222200765e+00
-4.635557894965924852e+00
-4.621031819088108783e+00
-4.612168508791025801e+00
-4.718230689998780036e+00
-4.711793847129571944e+00
-4.739629802425428196e+00
-5.498596449148519305e+00
-5.449845594633091039e+00
-5.387125774879566009e+00
-5.513990201152488169e+00
-5.667944304849097392e+00
-5.719696967962253353e+00
-5.597690163042092770e+00
-5.148023928649198666e+00
-5.219543466130188492e+00
-5.239451088607497198e+00
-5.762032019604587774e+00
-5.776024081416396783e+00
-5.782339436457033521e+00
-5.739718427291493619e+00
-5.770168694553012401e+00
-5.542407790757663655e+00
-5.519712721958429213e+00
-5.548573503586283984e+00
-5.526279587901415269e+00
-5.544511160495783741e+00
-5.665017838321205979e+00
-5.733305305050397926e+00
-5.291897996571647944e+00
-5.239229413216814457e+00
-5.278940621988203574e+00
-5.302922120335082035e+00
-5.332862389078703025e+00
-5.516957647374739260e+00
-5.302331907928414800e+00
-5.343198216687413016e+00
-5.351939088771263897e+00
-5.344206680664748355e+00
-5.340248504692233666e+00
-5.310272450847374870e+00
-5.324735953773113373e+00
-5.307215279289447807e+00
-5.317675767166170964e+00
-4.718612423693265612e+00
-4.737780220335507053e+00
-4.716226336509643069e+00
-4.722547225154299255e+00
-4.734191212451974273e+00
-4.730362989280104458e+00
-4.714503316070508099e+00
-4.726155691461571884e+00
-4.739438685085975322e+00
-4.723613771435769770e+00
-4.734919982292188578e+00
-4.697576818142602306e+00
-4.689892754980970579e+00
-4.715673575615057622e+00
-4.690369660018391507e+00
-4.702047039033016240e+00
-4.689983348984538836e+00
-4.683939580984212370e+00
-4.694078224969858937e+00
-5.200792056133286323e+00
-5.135206219425898944e+00
-5.145907306655324476e+00
-5.134261033487769410e+00
-5.167050652791296272e+00
-5.170227258136301351e+00
-5.193736370497950006e+00
-5.161395627060520575e+00
-5.166867497749056071e+00
-5.386931755544810407e+00
-5.343707811770157967e+00
-5.331050475170222569e+00
-5.331073008696495918e+00
-5.286485156316334866e+00
-5.401253813051786423e+00
-5.388310960327978627e+00
-5.325470513018233376e+00
-5.294823843528572382e+00
-5.104497327660569184e+00
-5.267263676728404675e+00
-5.237998746592206878e+00
-5.347520495417077413e+00
-5.305722004417474658e+00
-4.882617406324210485e+00
-4.855638693010608797e+00
-4.857857990543901217e+00
-4.868646225119188209e+00
-4.873541255116102811e+00
-4.784059777261751023e+00
-4.724076868724426781e+00
-4.737540879410430783e+00
-4.881963289517080362e+00
-4.876124843541079557e+00
-4.957890194606341616e+00
-5.267728029007610502e+00
-4.920762676984740125e+00
-5.275228992652227333e+00
-5.282391463761667794e+00
-5.204911369484787720e+00
-5.160499113394383386e+00
-4.911532161440678834e+00
-5.209200191672968216e+00
-4.963169729663794882e+00
-5.345496702072314754e+00
-4.948178791828904188e+00
-4.900556730443957676e+00
-5.318072721338088726e+00
-4.940388066032947556e+00
-4.934386712887455673e+00
-4.962528725913303518e+00
-5.254543335719566777e+00
-5.242072554498026449e+00
-5.253239345333228449e+00
-5.229614237940475974e+00
-5.139772121614594624e+00
-5.252001832319021624e+00
-5.252554363730718379e+00
-5.235010786861269416e+00
-5.238101300235298297e+00
-5.117662062123414124e+00
-5.082068113355035166e+00
-5.139125221179771330e+00
-5.138830322450480992e+00
-5.157169250303619279e+00
-5.126994993697850056e+00
-5.261509093450672303e+00
-5.232589486885751207e+00
-5.110493286249732314e+00
-5.141240734188476047e+00
-5.117926490396167871e+00
-5.564592401924588039e+00
-5.567571301488957403e+00
-5.576806530192642164e+00
-5.566250737115153058e+00
-5.584390322604528833e+00
-5.565488465448383160e+00
-5.551642562941672132e+00
-5.568867705551993730e+00
-4.743495127340354500e+00
-4.751564706660294846e+00
-5.085004454725450707e+00
-4.717963228378455831e+00
-4.700438062234265857e+00
-4.735472784693517845e+00
-4.663167769532389428e+00
-4.708118873553161166e+00
-5.684870697718397814e+00
-5.651940105222445609e+00
-5.515588117147593117e+00
-5.563947970390406006e+00
-5.540617190188978469e+00
-5.515379385075139140e+00
-5.543436596405135752e+00
-5.626989272528181374e+00
-5.691568295169517455e+00
-5.671486655350415518e+00
-5.672490590153710599e+00
-5.633642414994508130e+00
-5.648149954593812971e+00
-5.635240155801146678e+00
-5.641831138888631081e+00
-4.765826839474912369e+00
-4.758624318174784484e+00
-4.733259382072115606e+00
-4.736305032129364712e+00
-4.743092137088845028e+00
-4.725693809173963089e+00
-4.738331786169106330e+00
-4.743943668027559291e+00
-4.786098230625507988e+00
-4.791191231325823807e+00
-4.802748536881310315e+00
-4.782719439123351179e+00
-4.793703218180072056e+00
-4.733331122113574985e+00
-4.749638409339377532e+00
-4.832645510825984481e+00
-4.707545515729020025e+00
-4.822257407786032068e+00
-4.842367791048121539e+00
-4.813894273784679712e+00
-4.817318158502004621e+00
-4.759399998536374632e+00
-4.787661019570126797e+00
-4.807808484454655584e+00
-4.796014755978806221e+00
-4.773764607181083974e+00
-4.802687428111729773e+00
-4.825419985448318627e+00
-4.827057457648836092e+00
-4.813875575311658217e+00
-4.827678745360001855e+00
-4.832945069036326480e+00
-4.799604052485103800e+00
-4.817390250241128768e+00
-4.827619729925924474e+00
-4.832948205349250514e+00
-4.856812890763336554e+00
-5.086751278227986894e+00
-5.092680518893198283e+00
-5.087507059421619182e+00
-5.075041324740428905e+00
-5.084919582931031634e+00
-5.097009059041041290e+00
-5.298501525732100426e+00
-5.294328952572816327e+00
-5.290306712348530560e+00
-5.288245390700530457e+00
-5.295259953724190893e+00
-5.295662275450943923e+00
-5.290758143843329542e+00
-5.292530490496154982e+00
-5.287794058949176979e+00
-5.288744271519513873e+00
