-5.441123721486166076e+00
-5.396152504143107542e+00
-5.327127234084791496e+00
-5.149467393149356198e+00
-5.466594165645068060e+00
-5.471554950088002300e+00
-5.507386924072593892e+00
-5.485659618257881398e+00
-5.505668341420927980e+00
-5.517117086710862317e+00
-5.513828872268283554e+00
-5.476659704426492858e+00
-5.116777906696686529e+00
-5.143314618730506105e+00
-5.131872278380583019e+00
-5.147939070032829356e+00
-5.152288766246950757e+00
-5.141696598252493366e+00
-5.144215892211753349e+00
-5.135276356784596707e+00
-5.167129336360092751e+00
-5.164789209586772678e+00
-5.135745282845345372e+00
-5.409991870161909411e+00
-5.440285541163341954e+00
-5.482169072002576193e+00
-5.520268389756126659e+00
-5.069084055828096069e+00
-5.417518019329467194e+00
-5.442213028079129877e+00
-5.377111673773918632e+00
-5.343079007897113542e+00
-5.395036196280093677e+00
-5.164831536472330953e+00
-5.433225959756631696e+00
-5.450914159208411824e+00
-5.421550114785353536e+00
-5.128662694427767121e+00
-5.511226389822771132e+00
-5.557334285269543095e+00
-5.725972125179133343e+00
-5.427193281149296666e+00
-5.530520758503451262e+00
-5.700388587015167374e+00
-5.526924976244070642e+00
-5.552363304192891036e+00
-5.482995608300869961e+00
-5.538985951506931293e+00
-5.572551941304737966e+00
-5.717674999962255811e+00
-5.488005093027735093e+00
-5.476123575823562462e+00
-5.544808477610906117e+00
-5.595786378204149258e+00
-5.455069406978667601e+00
-5.486291430332371100e+00
-5.509166549653242484e+00
-5.548199031153037808e+00
-5.586756406556385279e+00
-5.670652048678122448e+00
-5.667228017430240072e+00
-5.756564168452226404e+00
-5.754671173900606007e+00
-5.657812600370002443e+00
-5.650480656050454797e+00
-5.645680311867726786e+00
-5.643305220135961697e+00
-5.652366540437613551e+00
-5.678764215985983022e+00
-5.641673273870368099e+00
-5.681869865611448134e+00
-5.637201407122415020e+00
-5.693062007439797512e+00
-5.629797562492497853e+00
-5.658610685941475538e+00
-5.759033802125011370e+00
-5.649437741282305581e+00
-5.638797494771206509e+00
-5.648889173518877094e+00
-5.660546104737036011e+00
-5.645675254345722927e+00
-5.640404824918309856e+00
-5.643506840301488303e+00
-5.631638581664632603e+00
-5.639839499704946135e+00
-5.668899235628155786e+00
-5.654543171782213662e+00
-5.671326315700461862e+00
-5.659690050686165819e+00
-5.736397418147747729e+00
-5.722789554718624494e+00
-5.740170249775203182e+00
-5.662242435502859550e+00
-5.712156690631672973e+00
-5.707656893969518030e+00
-5.721982894604888514e+00
-5.710391982371898045e+00
-5.693006178858529331e+00
-5.519376133516612271e+00
-5.579515704657044495e+00
-5.534277347331161501e+00
-5.567582377559753049e+00
-5.516888493156988815e+00
-5.549686987816593309e+00
-5.518341635481711194e+00
-5.573522348847541608e+00
-5.631389220729452028e+00
-5.526686427851865702e+00
-5.482355354354444543e+00
-5.520426660892174375e+00
-5.541360673699655237e+00
-5.499970870131286382e+00
-5.483930098467364012e+00
-5.543941806641692338e+00
-5.489471088921890285e+00
-5.545069734411009144e+00
-5.538648383242924744e+00
-5.600589970477363622e+00
-5.547952122280935150e+00
-5.541268735202513618e+00
-5.524608336859849089e+00
-5.535750589049344583e+00
-4.739922657866966205e+00
-4.652224198154005563e+00
-4.609633105019621091e+00
-4.834089762013278779e+00
-4.791453720709008657e+00
-4.738917826037575054e+00
-5.065483121591986659e+00
-5.076359081299397502e+00
-5.045098969921649967e+00
-5.103938335106653845e+00
-4.791831139683393914e+00
-4.751300197004773906e+00
-4.668627285620668310e+00
-4.696240799034510083e+00
-4.787923774471602556e+00
-4.653541344508101751e+00
-4.647503328459271721e+00
-4.626560296524025340e+00
-4.628018341957337967e+00
-4.735279118297207823e+00
-4.625912958367183414e+00
-4.618596123065532133e+00
-4.620624184133742318e+00
-4.715880145989131300e+00
-4.705801879994448988e+00
-4.755493533203242862e+00
-5.498712238116305606e+00
-5.450281804174887945e+00
-5.387403021073179588e+00
-5.512569414983235383e+00
-5.669817200873160878e+00
-5.719734462204247194e+00
-5.598460310049413025e+00
-5.151180962370408345e+00
-5.208183800600160396e+00
-5.237597528616824150e+00
-5.762410879142379372e+00
-5.776916319335002825e+00
-5.782291320665045475e+00
-5.739189523043613406e+00
-5.771743182581460907e+00
-5.544160698861736236e+00
-5.521159611727629368e+00
-5.549032014182177619e+00
-5.526309694684147900e+00
-5.543309164784449905e+00
-5.664991860785571376e+00
-5.740944825826362674e+00
-5.300520821674700400e+00
-5.237107418911294054e+00
-5.290325710012314886e+00
-5.313698776301623461e+00
-5.336701925019197823e+00
-5.515670936964850668e+00
-5.304672162918169676e+00
-5.340651361063215141e+00
-5.352278740665062706e+00
-5.344570618804278972e+00
-5.337507717415097552e+00
-5.307119850660045657e+00
-5.317894368320598808e+00
-5.306053432222398669e+00
-5.311847429290049050e+00
-4.709094499940730039e+00
-4.729802239359703897e+00
-4.707324023255257117e+00
-4.714483994688537294e+00
-4.727716372902378339e+00
-4.717862567891542902e+00
-4.705721649028080655e+00
-4.723769758200686120e+00
-4.728833441267370929e+00
-4.713791624462089658e+00
-4.728146524476365187e+00
-4.689843642418863645e+00
-4.691900865965829226e+00
-4.708787824726386795e+00
-4.690466639758452239e+00
-4.699527720288902088e+00
-4.688687168372016600e+00
-4.671494549940153007e+00
-4.691956481049557759e+00
-5.202931380547975770e+00
-5.193704867703666572e+00
-5.206051977536667152e+00
-5.203667799053177667e+00
-5.238279060585220748e+00
-5.172651691484367653e+00
-5.236182586673102435e+00
-5.233250791363072807e+00
-5.165044822197859098e+00
-5.387355749584346931e+00
-5.341614332269194243e+00
-5.325296794260727218e+00
-5.327888249735030612e+00
-5.281044197229911141e+00
-5.398212906282124024e+00
-5.385700732733575080e+00
-5.324569679000895839e+00
-5.311951967712850831e+00
-5.129835369098182163e+00
-5.279529912232647781e+00
-5.258691244529431152e+00
-5.350866892320500945e+00
-5.313120458599447815e+00
-4.905559478801873041e+00
-4.878803529515957749e+00
-4.883913933665932738e+00
-4.901601429360581186e+00
-4.890096775372641424e+00
-4.816416415727421629e+00
-4.797513540955845812e+00
-4.788819438334581235e+00
-4.904532908128545365e+00
-4.900035680847332209e+00
-4.951417329017111513e+00
-5.263805356106286304e+00
-4.921804412575639276e+00
-5.277258575933898577e+00
-5.276195386238119234e+00
-5.213738387399253327e+00
-5.159860035793715660e+00
-4.909114301448040507e+00
-5.205383726366492603e+00
-4.959556186879769513e+00
-5.341850568170577240e+00
-4.938340640090967071e+00
-4.885426842339484210e+00
-5.312982450966394765e+00
-4.928968021866650950e+00
-4.923162849804303853e+00
-4.948570043639384686e+00
-5.247839061899461477e+00
-5.236438134795656119e+00
-5.246819927482023971e+00
-5.227059737962973962e+00
-5.138980323347516865e+00
-5.264213219485844419e+00
-5.262992701693557152e+00
-5.240315343368114220e+00
-5.257866430762208942e+00
-5.125544293749829450e+00
-5.094342155969076913e+00
-5.153326985776465641e+00
-5.140986855594475990e+00
-5.162220824225642879e+00
-5.129767083646820325e+00
-5.266048962628402386e+00
-5.251241675857358793e+00
-5.116832026032946068e+00
-5.149688872454273536e+00
-5.114075636146363735e+00
-5.569856886647289507e+00
-5.581086677401577489e+00
-5.580019986560643908e+00
-5.567625460899191303e+00
-5.588920764146661391e+00
-5.605203063261404495e+00
-5.566014590070298418e+00
-5.566271228545586425e+00
-4.735203069071479476e+00
-4.775806828622682687e+00
-5.092753417564080287e+00
-4.731133248079290254e+00
-4.810673401276573280e+00
-4.844807503408507188e+00
-4.883904137649405897e+00
-4.791690774165812350e+00
-5.684528460259540061e+00
-5.650235506343967096e+00
-5.516013200597330801e+00
-5.575026330421032128e+00
-5.545564863024844193e+00
-5.521739636364625170e+00
-5.540426277343034833e+00
-5.630866384057998886e+00
-5.696980080240948041e+00
-5.677910563752766926e+00
-5.679082141613898571e+00
-5.639339926765275735e+00
-5.655567244513527214e+00
-5.641129444671260984e+00
-5.660043282048618174e+00
-4.758638331374874575e+00
-4.749118448328547792e+00
-4.713315496748102795e+00
-4.728938151333498041e+00
-4.731101867026738184e+00
-4.717637237983391074e+00
-4.730839507790975951e+00
-4.730125137366375299e+00
-4.782666986931723763e+00
-4.792613289196476778e+00
-4.802810174432095458e+00
-4.775401160948250734e+00
-4.789437851005928337e+00
-4.724979820339753722e+00
-4.740508005781192580e+00
-4.805465717880811560e+00
-4.696461811900346284e+00
-4.813177477756107159e+00
-4.841116561348099090e+00
-4.808150343775299262e+00
-4.804531307961401154e+00
-4.752740580331842324e+00
-4.771614868535168696e+00
-4.799623602261337219e+00
-4.793998268540697438e+00
-4.766969454245823634e+00
-4.797542841980769524e+00
-4.823241350407452721e+00
-4.816653519502175129e+00
-4.797810311963817576e+00
-4.810574192375309366e+00
-4.818272596350315240e+00
-4.804070206377234697e+00
-4.798814495356194421e+00
-4.823587567283788680e+00
-4.826454583068669812e+00
-4.839667894588151498e+00
-5.108511039558951694e+00
-5.111759711954850793e+00
-5.107508028787075105e+00
-5.099529359129930661e+00
-5.104366191563031840e+00
-5.114166496249564986e+00
-5.303403076746534772e+00
-5.299172202492888673e+00
-5.297054266295778469e+00
-5.295277877095935892e+00
-5.301514824174557994e+00
-5.303461282451504388e+00
-5.297889166179076348e+00
-5.297698424452511823e+00
-5.292591867526869720e+00
-5.294621711944710540e+00
