-5.441242070945710552e+00
-5.394784693290286093e+00
-5.325868782094975273e+00
-5.137912498615938794e+00
-5.467505909756251725e+00
-5.469589225912011798e+00
-5.509995509076553333e+00
-5.488169036130067013e+00
-5.504559743556961315e+00
-5.516496748220159674e+00
-5.511804086885919496e+00
-5.474928780012120910e+00
-5.120064910783412415e+00
-5.135510685015557186e+00
-5.122087101817716537e+00
-5.132472506957943104e+00
-5.149784988932827545e+00
-5.146065968207086172e+00
-5.131671344704518134e+00
-5.135785540595933618e+00
-5.160850120692374254e+00
-5.166549461480464345e+00
-5.139748277604990534e+00
-5.402009356705571363e+00
-5.437061036593990870e+00
-5.481663172278910423e+00
-5.518784725383915735e+00
-5.070929468112369776e+00
-5.416828107134785242e+00
-5.438484160850349802e+00
-5.372109813107857512e+00
-5.337907203658859068e+00
-5.395228260468635462e+00
-5.163072378591627043e+00
-5.435356997910457011e+00
-5.452379742470738755e+00
-5.419410111366003591e+00
-5.126752497225332661e+00
-5.507337572803948866e+00
-5.555993745622885172e+00
-5.725557226338891859e+00
-5.424711055009847627e+00
-5.525199348824155088e+00
-5.701150012279597945e+00
-5.523710279812247492e+00
-5.549265312000876804e+00
-5.480722824790237091e+00
-5.534218088932315815e+00
-5.568695679498478768e+00
-5.716570452455156826e+00
-5.484719060019253689e+00
-5.473900263044735759e+00
-5.541136020079947322e+00
-5.591485295914519149e+00
-5.450424237317516685e+00
-5.482907573194050421e+00
-5.502013659942634582e+00
-5.547038035345864593e+00
-5.585468799543049201e+00
-5.665717378398646531e+00
-5.658133105049322431e+00
-5.750253125334391591e+00
-5.748371062641220774e+00
-5.650606922705645907e+00
-5.645238754408581805e+00
-5.637335703092385408e+00
-5.636827704287085794e+00
-5.646589029589776487e+00
-5.672146403995833808e+00
-5.632552723245844994e+00
-5.674220325085869376e+00
-5.632265560709087460e+00
-5.685135048474754704e+00
-5.623873952161314804e+00
-5.653287757965882676e+00
-5.753057299442438044e+00
-5.644935728135430431e+00
-5.631976313864053729e+00
-5.641350928258866304e+00
-5.656835892616842720e+00
-5.641346602468977345e+00
-5.634575622125315597e+00
-5.637027925019693519e+00
-5.628024010834137059e+00
-5.635809697580432598e+00
-5.658616722030056501e+00
-5.645431606809852454e+00
-5.663608841073202171e+00
-5.653888932671273793e+00
-5.731405804137920335e+00
-5.717700408482386365e+00
-5.735894702106265619e+00
-5.659105069302036384e+00
-5.708230924743809886e+00
-5.703306029581217906e+00
-5.716573393872073972e+00
-5.706345220419654751e+00
-5.688884722296946528e+00
-5.517604849770215480e+00
-5.584030251336599804e+00
-5.539609219195795298e+00
-5.567369562701486529e+00
-5.515804897710944843e+00
-5.549704621016902095e+00
-5.515641190330307531e+00
-5.571687500729511022e+00
-5.635492913192586606e+00
-5.522605904730077953e+00
-5.477535210025866519e+00
-5.518167538259917571e+00
-5.533890672529300225e+00
-5.503353256885947786e+00
-5.482317279678932564e+00
-5.540039082543485982e+00
-5.489254828556310528e+00
-5.547970343769147661e+00
-5.534713924908434279e+00
-5.600760012125519438e+00
-5.554037377153382415e+00
-5.548224347681260049e+00
-5.519547963174441740e+00
-5.542730029895317045e+00
-4.740082747800697938e+00
-4.669978969230974997e+00
-4.614944410489127513e+00
-4.825224578054362112e+00
-4.792350419244803206e+00
-4.751824062239998980e+00
-5.061703244716509786e+00
-5.070026258925526719e+00
-5.037574551275580070e+00
-5.099478958318361954e+00
-4.695793721355015826e+00
-4.682263618736492994e+00
-4.624057977334032898e+00
-4.698152248091264305e+00
-4.776792322931738610e+00
-4.662718668123592813e+00
-4.652835794065681263e+00
-4.631952315546948640e+00
-4.629675992973229626e+00
-4.742818645411818856e+00
-4.638094549899576258e+00
-4.628498484424842907e+00
-4.614175566548840202e+00
-4.724326803424435894e+00
-4.716090044798928460e+00
-4.741818516235722925e+00
-5.505130881503618845e+00
-5.456216005173867067e+00
-5.392665013639566851e+00
-5.519511145248957362e+00
-5.668861632310639109e+00
-5.720064093142347872e+00
-5.599186794614714024e+00
-5.154165320759336311e+00
-5.222275153826626770e+00
-5.246429688521331514e+00
-5.759805234181354372e+00
-5.773936038015479610e+00
-5.780608291227983919e+00
-5.737338891197610202e+00
-5.768626901266265428e+00
-5.547771582441769489e+00
-5.524077587230960873e+00
-5.553425004185889691e+00
-5.532284684660226937e+00
-5.548811163505585675e+00
-5.666626806472808475e+00
-5.734231580943689899e+00
-5.295872415782718612e+00
-5.244068683813829068e+00
-5.280037000844091999e+00
-5.307801612130194968e+00
-5.338704277206044679e+00
-5.523488992110148210e+00
-5.309032663145141662e+00
-5.351827622599727441e+00
-5.361430694655631157e+00
-5.353912717852965741e+00
-5.348803737632739974e+00
-5.315203331722491598e+00
-5.329794549864576680e+00
-5.313373225310576764e+00
-5.324315321811770474e+00
-4.722349615218727870e+00
-4.738630676545138698e+00
-4.716924567840103499e+00
-4.727204285406428674e+00
-4.738252776589273019e+00
-4.730474011852604299e+00
-4.713998609544280960e+00
-4.726820206829846605e+00
-4.739959471377999556e+00
-4.725816643323118349e+00
-4.737647715801390547e+00
-4.703165997039219448e+00
-4.697438214863116634e+00
-4.718441488824126395e+00
-4.695986146229617297e+00
-4.708996695427515533e+00
-4.695607871886770646e+00
-4.692746260102299338e+00
-4.700313020432890454e+00
-5.203390216792047163e+00
-5.133572065066564605e+00
-5.145297532060583379e+00
-5.131250274826154367e+00
-5.162811729596071153e+00
-5.177236116151694212e+00
-5.194314701647716248e+00
-5.158451746726129272e+00
-5.169017869451014491e+00
-5.393377941438127543e+00
-5.348704580975907064e+00
-5.335596373406695569e+00
-5.335812909263832005e+00
-5.295539539961358066e+00
-5.407653641525284272e+00
-5.393291731057351157e+00
-5.329281201020403813e+00
-5.295940738551339955e+00
-5.103152239647275046e+00
-5.270624197724560034e+00
-5.238750677334997441e+00
-5.349252915095715544e+00
-5.309354540821010104e+00
-4.878872077259132745e+00
-4.855523743021026739e+00
-4.855044165943777301e+00
-4.866134280432310888e+00
-4.869083000916436532e+00
-4.776146196064403604e+00
-4.707628396522395953e+00
-4.725899610852756894e+00
-4.875926828067968621e+00
-4.872250662157266987e+00
-4.954668763467990900e+00
-5.269654408864061779e+00
-4.921915846575966036e+00
-5.277011877355914038e+00
-5.283365436825583572e+00
-5.206300325144751717e+00
-5.163959454183697062e+00
-4.912415064792691410e+00
-5.211035976357125676e+00
-4.965405430170959811e+00
-5.350669313345561839e+00
-4.950848180564265455e+00
-4.901882175273004627e+00
-5.320985584569346116e+00
-4.946842935967127097e+00
-4.936902352650811565e+00
-4.964710689926720377e+00
-5.258810936657488000e+00
-5.247038216603638006e+00
-5.259896585562702676e+00
-5.231339335366061327e+00
-5.140033948787695373e+00
-5.252272005991242665e+00
-5.253188975962549634e+00
-5.234985287974742718e+00
-5.241572264693499683e+00
-5.125665173455089985e+00
-5.082323899124904010e+00
-5.140567546134272803e+00
-5.141051800312665065e+00
-5.163583677642556324e+00
-5.126233873829721510e+00
-5.263431764816174585e+00
-5.238598072001076744e+00
-5.113293302106570515e+00
-5.146887929001991324e+00
-5.120939445417149294e+00
-5.562435229800353653e+00
-5.561361781367173407e+00
-5.573717449701002913e+00
-5.565821358781836814e+00
-5.580138147116479708e+00
-5.567211313517526072e+00
-5.546600564958922952e+00
-5.565985504862704936e+00
-4.744975946110006504e+00
-4.754707713948879366e+00
-5.083442790261654132e+00
-4.725784281062338721e+00
-4.683295263757152327e+00
-4.725332019460457111e+00
-4.678607825727887359e+00
-4.692444365870091616e+00
-5.681627388673278212e+00
-5.647112531763578858e+00
-5.515772872572221708e+00
-5.566411482484788564e+00
-5.541042836873705468e+00
-5.515152232199294957e+00
-5.544118119067882766e+00
-5.625063876086826120e+00
-5.688551548868575836e+00
-5.671236180223544920e+00
-5.672134365922455679e+00
-5.633701904479885059e+00
-5.648542666307968751e+00
-5.634024353513270356e+00
-5.639554064937649436e+00
-4.766160101513116309e+00
-4.765458375554175063e+00
-4.738106216416183791e+00
-4.737781911685683411e+00
-4.742805262094726970e+00
-4.724015114356340916e+00
-4.737684085763484099e+00
-4.743841619566355305e+00
-4.786678938619933987e+00
-4.788383305245922372e+00
-4.806359339091672567e+00
-4.778474584816358117e+00
-4.789394736499286154e+00
-4.733324740051442880e+00
-4.750925512310459453e+00
-4.828161939598161645e+00
-4.707102338962197763e+00
-4.825557706949715531e+00
-4.845505870241160196e+00
-4.813239083722248068e+00
-4.818402815535058004e+00
-4.759295922638560938e+00
-4.796938994104351650e+00
-4.809343253744837732e+00
-4.792127051256887427e+00
-4.777256000885802933e+00
-4.801553463903019292e+00
-4.828851034758690375e+00
-4.822230551104729201e+00
-4.811112290136097869e+00
-4.829482085167416727e+00
-4.833716844511384281e+00
-4.804147709938122013e+00
-4.816910794443300503e+00
-4.832782839302169009e+00
-4.833098364799524482e+00
-4.859416977756500167e+00
-5.065930677469165033e+00
-5.070626893278551428e+00
-5.060660212159387328e+00
-5.051945618446269215e+00
-5.058836175600442076e+00
-5.074878716867112338e+00
-5.298621415180268635e+00
-5.295950308874816770e+00
-5.293189486310331482e+00
-5.288598625482437754e+00
-5.295583579783043504e+00
-5.295155499298046742e+00
-5.292139335918940368e+00
-5.293220841581960379e+00
-5.289383225914892961e+00
-5.288642787098781106e+00
