-5.435874047064897852e+00
-5.389425990347842976e+00
-5.323686214157619112e+00
-5.137004854567392975e+00
-5.460958242414172048e+00
-5.463020277460512553e+00
-5.502659572142300171e+00
-5.480143188577415891e+00
-5.498243452860685387e+00
-5.510685971900710634e+00
-5.507487674279452072e+00
-5.469864695573208202e+00
-5.115182536098618726e+00
-5.127544332127135007e+00
-5.119996579075925425e+00
-5.129463392202725736e+00
-5.145449957758003734e+00
-5.138899837418466454e+00
-5.128087013535326477e+00
-5.132433772783123516e+00
-5.149125582883424812e+00
-5.162071584206789687e+00
-5.128885035473482290e+00
-5.398231537445030703e+00
-5.430616467569479688e+00
-5.475735317209355024e+00
-5.512227200082872258e+00
-5.067968116350901830e+00
-5.413562156421824589e+00
-5.434108975505131056e+00
-5.368237402052160157e+00
-5.330896065119484994e+00
-5.388885547198976944e+00
-5.156850714419062065e+00
-5.428292490533311643e+00
-5.446530730349447680e+00
-5.416460360204142788e+00
-5.124018451782479389e+00
-5.503890611611224060e+00
-5.548981620373909962e+00
-5.722529553714047701e+00
-5.421197970228208263e+00
-5.524036794745325274e+00
-5.698509240150798405e+00
-5.518803695587387814e+00
-5.545335823710752621e+00
-5.477792915240133453e+00
-5.527905476001970797e+00
-5.566728781582007457e+00
-5.712880319151173225e+00
-5.479442500356235257e+00
-5.467208842955865400e+00
-5.536684133932142871e+00
-5.588013405685483548e+00
-5.446328108578248006e+00
-5.478661270187615173e+00
-5.498511902173987664e+00
-5.542607143734207931e+00
-5.582658584802012491e+00
-5.662523604981195113e+00
-5.656286366830836521e+00
-5.747271515818671794e+00
-5.744704333491299941e+00
-5.648603540925561717e+00
-5.641890980432783920e+00
-5.633282679560226214e+00
-5.634091012459941261e+00
-5.643612920264429178e+00
-5.669567669859084447e+00
-5.627159054443981567e+00
-5.672467358885311839e+00
-5.628016762189277600e+00
-5.682672039993826196e+00
-5.620828993347540603e+00
-5.650282374451395917e+00
-5.750601285493126547e+00
-5.642102922101927653e+00
-5.630285480388407926e+00
-5.640134167135356869e+00
-5.653936141651959346e+00
-5.637442697445946393e+00
-5.631220260559803847e+00
-5.635885766583111689e+00
-5.626188916394868400e+00
-5.634946397658569417e+00
-5.658210877286991902e+00
-5.644295005439318835e+00
-5.658989643534318326e+00
-5.649928547179818850e+00
-5.729039554328341666e+00
-5.715859035407170552e+00
-5.735382787347908184e+00
-5.656623455781701892e+00
-5.705812408706929517e+00
-5.702242934311982481e+00
-5.715252508309252022e+00
-5.704449923475690909e+00
-5.685927056880851538e+00
-5.509407029433728731e+00
-5.574041634142905544e+00
-5.531082898583242979e+00
-5.560040491768080351e+00
-5.509780651191761969e+00
-5.543077262808365546e+00
-5.511983902822415793e+00
-5.563844624158210017e+00
-5.630448292156114753e+00
-5.516878437233312837e+00
-5.471190645453462231e+00
-5.509215064004812312e+00
-5.526249054017172924e+00
-5.494045500855547104e+00
-5.476523849895653662e+00
-5.534605034888309127e+00
-5.479077090696373276e+00
-5.538479410850727369e+00
-5.530751259314854451e+00
-5.593672568493552433e+00
-5.544844108896206158e+00
-5.539600455633765463e+00
-5.513710050389638795e+00
-5.533063599103541286e+00
-4.738274880458550165e+00
-4.658574910938778402e+00
-4.609261366922051906e+00
-4.824149868931863594e+00
-4.782764473968890151e+00
-4.740682331359376001e+00
-5.058009502323256967e+00
-5.068699428850167443e+00
-5.033811400265405744e+00
-5.095788556264668756e+00
-4.681847479359450226e+00
-4.702853038041427958e+00
-4.617963766573764062e+00
-4.686961990561979263e+00
-4.767482585022179364e+00
-4.660262048061738049e+00
-4.656292780540342235e+00
-4.630995544639392669e+00
-4.621077468256071796e+00
-4.729753803227904285e+00
-4.633867591590051127e+00
-4.616213633432797003e+00
-4.608993385848829227e+00
-4.718444757572827442e+00
-4.709528850148694268e+00
-4.748364810995182594e+00
-5.495833762343734996e+00
-5.446999163874192362e+00
-5.387535366729665043e+00
-5.511680996745531580e+00
-5.665880414447184599e+00
-5.717562126642031117e+00
-5.596168193866540186e+00
-5.147686567069730046e+00
-5.213275176227735841e+00
-5.235505199045065616e+00
-5.757899040747163966e+00
-5.772836768676504526e+00
-5.781099786948955099e+00
-5.734490771953900889e+00
-5.767024867011961042e+00
-5.541096504913604726e+00
-5.517234490130167757e+00
-5.546806456355175108e+00
-5.523221403964094556e+00
-5.541612199453250120e+00
-5.662117736448833760e+00
-5.731122137233937153e+00
-5.292608940841976306e+00
-5.233348644567867858e+00
-5.279862740025540901e+00
-5.304836693477947840e+00
-5.332002819697891915e+00
-5.514271318418681567e+00
-5.298992802512753286e+00
-5.341892226269640886e+00
-5.352329812638452644e+00
-5.344490526248431905e+00
-5.339991054009712634e+00
-5.309133195965976881e+00
-5.322499568617614862e+00
-5.309366243557838594e+00
-5.318584806041446456e+00
-4.720420396041943079e+00
-4.733625380339225863e+00
-4.715526061654350620e+00
-4.719447855314944817e+00
-4.733660339875812362e+00
-4.729006771594738368e+00
-4.710670597479736266e+00
-4.725589749961230268e+00
-4.736381361688442482e+00
-4.721923561090688892e+00
-4.732161672245594808e+00
-4.696238299307914588e+00
-4.689482472944209945e+00
-4.711108993271111878e+00
-4.690103991174509268e+00
-4.700101579314943656e+00
-4.688620218761474945e+00
-4.680196611024460829e+00
-4.694535560990544809e+00
-5.203820406911984442e+00
-5.139637979951036328e+00
-5.153616707643069006e+00
-5.136400674980381886e+00
-5.174208327251391459e+00
-5.174070490333064321e+00
-5.199653444565219829e+00
-5.173502704871818736e+00
-5.169897030490198553e+00
-5.384727981361395521e+00
-5.340537646010465878e+00
-5.327317666656449013e+00
-5.328425044237253161e+00
-5.285061970826763655e+00
-5.399050247346156794e+00
-5.386039156160785879e+00
-5.324348952702329996e+00
-5.296473878709880623e+00
-5.103982225483335355e+00
-5.264748187956480585e+00
-5.235319088545350219e+00
-5.343098086563417226e+00
-5.303805605843232129e+00
-4.879857340613741101e+00
-4.857348733548084496e+00
-4.859437326635531740e+00
-4.867633997981486438e+00
-4.873124596277388143e+00
-4.790675768503843024e+00
-4.711938288878513958e+00
-4.729012156888289908e+00
-4.880938556431405395e+00
-4.873812836905647927e+00
-4.954257515698360592e+00
-5.266396837273148890e+00
-4.917643537800080900e+00
-5.273982257995762701e+00
-5.281969104999967968e+00
-5.205053836024848835e+00
-5.158268764813354501e+00
-4.908485858348438313e+00
-5.204013059754109882e+00
-4.959415160264188493e+00
-5.341492098523533016e+00
-4.948213036128147557e+00
-4.901829674986978524e+00
-5.315481733601151504e+00
-4.941486139362042174e+00
-4.935190915797736722e+00
-4.962754941779699891e+00
-5.252585767251675364e+00
-5.239786412497447365e+00
-5.249967189817974500e+00
-5.227978198568212775e+00
-5.141815828346025796e+00
-5.251714129406154896e+00
-5.255597538662649448e+00
-5.237584141978527619e+00
-5.242706291887896164e+00
-5.117577686984415841e+00
-5.069363690468755124e+00
-5.139845183181157573e+00
-5.139286383997390573e+00
-5.152516470578774488e+00
-5.125251113798057645e+00
-5.261639839825025255e+00
-5.237128697481813866e+00
-5.110007271955537611e+00
-5.143899447863756080e+00
-5.116282671971604579e+00
-5.561665835740232211e+00
-5.561187733207869854e+00
-5.570983803023811909e+00
-5.559172718335187113e+00
-5.576532106923626664e+00
-5.574530573718031512e+00
-5.546910515198131719e+00
-5.563138692567166643e+00
-4.735684599692580043e+00
-4.742666101358188335e+00
-5.087667312622466298e+00
-4.724583012279601313e+00
-4.681895381629253450e+00
-4.733948892681846488e+00
-4.646748147918524197e+00
-4.681678276590091947e+00
-5.681689863505683391e+00
-5.645675059925027384e+00
-5.511137438436107594e+00
-5.557968334957629430e+00
-5.540507267718594697e+00
-5.508055097479379825e+00
-5.535954837547896190e+00
-5.627174320851156430e+00
-5.691000035474020002e+00
-5.670118271318500547e+00
-5.670943138122557237e+00
-5.631450110821925925e+00
-5.647385387088223574e+00
-5.633629065886055720e+00
-5.638158316984600127e+00
-4.758949186728943737e+00
-4.756329182318256521e+00
-4.728974437777711870e+00
-4.733898560719798532e+00
-4.738763345813025829e+00
-4.721602198920561655e+00
-4.736044545099964864e+00
-4.742127420235493496e+00
-4.782110472358342079e+00
-4.789263141304767046e+00
-4.797718383421078592e+00
-4.779215150156464809e+00
-4.788924138922642015e+00
-4.730220337686975363e+00
-4.742745584719115115e+00
-4.824936147006332554e+00
-4.703902874286681524e+00
-4.820995106290545174e+00
-4.843357221698154191e+00
-4.809657036015131837e+00
-4.818884099398342613e+00
-4.758899499512694753e+00
-4.780312809326979107e+00
-4.806227894811092582e+00
-4.794596626031033537e+00
-4.770953292213874875e+00
-4.800043115145619765e+00
-4.822309458943132121e+00
-4.825336425437418697e+00
-4.809906168936181281e+00
-4.820831383297941031e+00
-4.831383511806048858e+00
-4.796288929111260479e+00
-4.813706252033223443e+00
-4.824287276199267893e+00
-4.827811112505266955e+00
-4.848056608765688225e+00
-5.101367787940500165e+00
-5.106354597179556087e+00
-5.100259794823831072e+00
-5.094199909407156390e+00
-5.098054228911681918e+00
-5.106847938807218767e+00
-5.290519670638617278e+00
-5.286115151639766196e+00
-5.282479821318176505e+00
-5.279384549663555859e+00
-5.285736735763880034e+00
-5.286751392384522852e+00
-5.281649294165971398e+00
-5.284258116823576046e+00
-5.278715153155181916e+00
-5.281576595540451891e+00
