-5.438277310611750792e+00
-5.393072550917921149e+00
-5.319773465955895730e+00
-5.138474652038794055e+00
-5.462197666235658389e+00
-5.465660663427589938e+00
-5.504281952529146871e+00
-5.481924139324144463e+00
-5.499224771849612559e+00
-5.512777227142131586e+00
-5.507394002013047185e+00
-5.470510865077664597e+00
-5.117339210325035914e+00
-5.133096301245474002e+00
-5.119030786573490310e+00
-5.131275012219105314e+00
-5.147836830608397030e+00
-5.139727355612667914e+00
-5.128828651718073672e+00
-5.130545116349441770e+00
-5.158101603211358466e+00
-5.159040758453110165e+00
-5.133295764114091497e+00
-5.398731986041708453e+00
-5.436681974696835340e+00
-5.478615166710216755e+00
-5.515409959850301469e+00
-5.057918258814833479e+00
-5.413792399627785912e+00
-5.436781456723057460e+00
-5.368125112466309190e+00
-5.328024385477148961e+00
-5.390020120280158977e+00
-5.160511179811265059e+00
-5.430521703006007783e+00
-5.448745157916002668e+00
-5.418842061566241597e+00
-5.121911519960243631e+00
-5.504446556247406974e+00
-5.552351050895968143e+00
-5.724475718721739881e+00
-5.424322984450591356e+00
-5.524896279862089088e+00
-5.699764305958696653e+00
-5.524136448115092968e+00
-5.547105903343426903e+00
-5.480049922497346238e+00
-5.532115948457650312e+00
-5.568047891682702755e+00
-5.715381523308117551e+00
-5.484222687426963283e+00
-5.473110820408813026e+00
-5.540120996311456381e+00
-5.590772261023967182e+00
-5.449250419877373908e+00
-5.482583462081168868e+00
-5.501147519408839948e+00
-5.546466715816330328e+00
-5.585236877846534220e+00
-5.665664902499736755e+00
-5.655728152624533323e+00
-5.751185290259445360e+00
-5.749309790106846840e+00
-5.652089311295863006e+00
-5.644792416330472129e+00
-5.631441241458851721e+00
-5.632218056995928812e+00
-5.645337001248933007e+00
-5.671821616318909243e+00
-5.621674167475235961e+00
-5.673936475991152584e+00
-5.630186628309545860e+00
-5.684326295545837127e+00
-5.623443655679032815e+00
-5.652888807608356991e+00
-5.753715173895330715e+00
-5.645731916997154265e+00
-5.632833969862623746e+00
-5.642098682801921505e+00
-5.656915423405812327e+00
-5.639515034342980293e+00
-5.634727804218566227e+00
-5.634281431632813586e+00
-5.627444632666410484e+00
-5.635044115717930069e+00
-5.654249643808366699e+00
-5.643784830060927682e+00
-5.660272429857107213e+00
-5.648534157038566761e+00
-5.732553790675240180e+00
-5.718663040820212373e+00
-5.736268373631349782e+00
-5.659820720821156392e+00
-5.708410261808460007e+00
-5.704398097970407200e+00
-5.716800036468579371e+00
-5.706660686516350722e+00
-5.689439713686253342e+00
-5.513207857197140349e+00
-5.581816816205837029e+00
-5.536578832582105925e+00
-5.565879883328482158e+00
-5.512112305788196664e+00
-5.545749890719934960e+00
-5.514650364893458168e+00
-5.570472427871997034e+00
-5.634765843331882351e+00
-5.517581822810116776e+00
-5.472528115424641904e+00
-5.508147185944358704e+00
-5.526351513134745375e+00
-5.501709167772435904e+00
-5.478230021085039425e+00
-5.538900026967733758e+00
-5.485489608355799795e+00
-5.545241194041039989e+00
-5.532546888195953194e+00
-5.598214726087689108e+00
-5.552017200467619595e+00
-5.543989175535274150e+00
-5.516537718298024195e+00
-5.540080279501724547e+00
-4.735553990426200954e+00
-4.660603459542727478e+00
-4.609948656377606646e+00
-4.825724000435651639e+00
-4.787884273652792899e+00
-4.743189310205638165e+00
-5.067030559108212096e+00
-5.075707888821987979e+00
-5.041433861930683769e+00
-5.099891985437903230e+00
-4.705123510997989200e+00
-4.713525786562970943e+00
-4.641812403525592323e+00
-4.688990729004141045e+00
-4.774816513681839680e+00
-4.659537263433334964e+00
-4.648543036210762480e+00
-4.625064756797794274e+00
-4.625847801993526076e+00
-4.738672548281076757e+00
-4.632465860835327298e+00
-4.617835176028680877e+00
-4.609311249762899187e+00
-4.719543144311410643e+00
-4.712314734724833087e+00
-4.739613365978620152e+00
-5.498902085880525092e+00
-5.449895971989112908e+00
-5.385468461012183461e+00
-5.513969489168110805e+00
-5.667503004870618533e+00
-5.718982584162970895e+00
-5.598986250480900928e+00
-5.147964364136827342e+00
-5.212892718467785791e+00
-5.236370661526907000e+00
-5.759559486337278322e+00
-5.774085870081905547e+00
-5.779966127669076137e+00
-5.736191170387960447e+00
-5.768447201284010006e+00
-5.543507155876236325e+00
-5.518932493289905317e+00
-5.547609913125873149e+00
-5.525373778598142493e+00
-5.542601005742812781e+00
-5.664848953529979525e+00
-5.732481048421459668e+00
-5.295166235012469080e+00
-5.234347517552269125e+00
-5.281023593818097162e+00
-5.306736850596386112e+00
-5.331539546850687650e+00
-5.516237234964333602e+00
-5.297149854183908602e+00
-5.338870794084704663e+00
-5.350339836419270689e+00
-5.342928898017911266e+00
-5.337896819535142612e+00
-5.305490682953356796e+00
-5.314483834527663042e+00
-5.303724618953193470e+00
-5.309960893948756144e+00
-4.717330205573601276e+00
-4.736727054223242028e+00
-4.710325009918883588e+00
-4.720387053611690753e+00
-4.732687310087125176e+00
-4.727867947220598666e+00
-4.710882094027562417e+00
-4.726775065279011478e+00
-4.734371353381710001e+00
-4.723879863416763136e+00
-4.732516418905761135e+00
-4.694511995255380654e+00
-4.690568714216026613e+00
-4.713850198210485232e+00
-4.691779274304002989e+00
-4.705386570968891569e+00
-4.690285644583386926e+00
-4.681595605800981552e+00
-4.691910266854958600e+00
-5.198607796450424701e+00
-5.127254128606987926e+00
-5.142726564791335164e+00
-5.126016636769207047e+00
-5.162519803626152815e+00
-5.170621462508480093e+00
-5.193652917570335426e+00
-5.163022759439916953e+00
-5.164618715460554732e+00
-5.386707314662509738e+00
-5.340214957351655300e+00
-5.326321978659416700e+00
-5.328035544084182007e+00
-5.283164569578419290e+00
-5.398957422147375951e+00
-5.386463675019271591e+00
-5.322532007631551210e+00
-5.294339277730133020e+00
-5.102428619108909658e+00
-5.263936045903571781e+00
-5.236339992862610870e+00
-5.345220558037094172e+00
-5.304600735147205981e+00
-4.882040771966377868e+00
-4.857518599820910055e+00
-4.861247251339555930e+00
-4.869477247682850951e+00
-4.871329165127474603e+00
-4.773940224158235601e+00
-4.711470861764617268e+00
-4.727462568179950253e+00
-4.877804706891384789e+00
-4.873625198752512766e+00
-4.948907063718742450e+00
-5.265079286896218846e+00
-4.916584686139061411e+00
-5.270219890144129948e+00
-5.277198240223953896e+00
-5.201661878636798519e+00
-5.157155196581644674e+00
-4.905910646786803220e+00
-5.199926421856679859e+00
-4.959543143512355812e+00
-5.342499723956962043e+00
-4.947126261746585207e+00
-4.898042361004800505e+00
-5.314302120260520290e+00
-4.940680546449058852e+00
-4.931935226259886562e+00
-4.957329809184345848e+00
-5.248727947867575239e+00
-5.234604855384554334e+00
-5.247537229661060287e+00
-5.224509727782375990e+00
-5.144656594431721075e+00
-5.245923111330529132e+00
-5.249797001910937233e+00
-5.231544106028117369e+00
-5.235921928659807101e+00
-5.115079178418778127e+00
-5.069605545732417617e+00
-5.141107106476358268e+00
-5.136913853475904901e+00
-5.156544345529173512e+00
-5.126267819530476721e+00
-5.258412832966058659e+00
-5.230310129985709544e+00
-5.109667150147291892e+00
-5.143863274869457491e+00
-5.114781628650760581e+00
-5.554664601195826279e+00
-5.553853888121303761e+00
-5.572031009854143235e+00
-5.560753162887907664e+00
-5.571564959351324120e+00
-5.561228627362717170e+00
-5.534898326449129158e+00
-5.563642766576101018e+00
-4.736160309261595813e+00
-4.745842933997781898e+00
-5.089307878248730432e+00
-4.712640588304878975e+00
-4.685504000965990734e+00
-4.761441492083403837e+00
-4.602233947480829812e+00
-4.701984763331829242e+00
-5.677170838817458431e+00
-5.644527048120854040e+00
-5.512527727575215586e+00
-5.562041682698918521e+00
-5.542169575519557689e+00
-5.508586779041627857e+00
-5.539677855204979906e+00
-5.622102263507239073e+00
-5.689139599575537609e+00
-5.670776993428611412e+00
-5.671871815375668646e+00
-5.634783953979348503e+00
-5.649947270569987801e+00
-5.635667161208115061e+00
-5.634044099987997711e+00
-4.764110575265304348e+00
-4.761008699365202546e+00
-4.733275183183130785e+00
-4.736662303525590367e+00
-4.736701989564322979e+00
-4.725568042583937256e+00
-4.736955214473688613e+00
-4.742419593715099246e+00
-4.787319706070615410e+00
-4.791703366774061834e+00
-4.807561510966895213e+00
-4.782659572195462339e+00
-4.793637222712458623e+00
-4.728747395712829871e+00
-4.740841157385295546e+00
-4.816687517579962829e+00
-4.705200504321781274e+00
-4.825548521337552188e+00
-4.844754738105194747e+00
-4.815561302473190253e+00
-4.819278709723335830e+00
-4.751734123531174525e+00
-4.783883683925497010e+00
-4.808178412768622678e+00
-4.793001939587174576e+00
-4.774133757987445215e+00
-4.797807583037395851e+00
-4.826495872985030466e+00
-4.816976651240060470e+00
-4.803168466282580873e+00
-4.818914734649608178e+00
-4.828175734322012858e+00
-4.801841453004233706e+00
-4.813158533701265007e+00
-4.828081493664061696e+00
-4.826286832440804808e+00
-4.847994728917337071e+00
-5.112143287956247839e+00
-5.114978429354413159e+00
-5.110574146541767782e+00
-5.104138301617465068e+00
-5.108323140289764197e+00
-5.116186233317605137e+00
-5.305842770359546101e+00
-5.301615532313441292e+00
-5.299390575488523325e+00
-5.296906459540315915e+00
-5.302556320320966243e+00
-5.302623076540083247e+00
-5.298108133838887568e+00
-5.300378209751382741e+00
-5.295427681366604133e+00
-5.297950722414999980e+00
