-5.436042184130939425e+00
-5.389784408544422867e+00
-5.319488511924457264e+00
-5.134571477066760536e+00
-5.461369254722608702e+00
-5.465476486222040187e+00
-5.502709540062565630e+00
-5.479585958969177995e+00
-5.498221959840260631e+00
-5.511835695526509760e+00
-5.507336940837383565e+00
-5.469790422126086682e+00
-5.114161098067816269e+00
-5.128066622732402102e+00
-5.113760712253779595e+00
-5.133490105192842101e+00
-5.145662454388722828e+00
-5.139582404273610017e+00
-5.121046014950212388e+00
-5.129648896911341183e+00
-5.154864639400191351e+00
-5.160193329412107843e+00
-5.127046893146048667e+00
-5.397431208415473414e+00
-5.433555517994849815e+00
-5.475772123093846311e+00
-5.511437714047030312e+00
-5.052019404813776760e+00
-5.411017900893503985e+00
-5.434523268404089613e+00
-5.367942733226111152e+00
-5.328718344058252399e+00
-5.388523228435189161e+00
-5.159291316816186246e+00
-5.428648631766921362e+00
-5.445511003746111633e+00
-5.415062237827076075e+00
-5.119544413180329379e+00
-5.502732152838221147e+00
-5.550589269676569515e+00
-5.722772971702010381e+00
-5.423323451514951543e+00
-5.523595699838855566e+00
-5.697636703730144525e+00
-5.522510526279147847e+00
-5.546134002949445474e+00
-5.478368996763554932e+00
-5.531522136917463861e+00
-5.568239988022121167e+00
-5.714219724731406380e+00
-5.483583225414760953e+00
-5.472049222287195036e+00
-5.540132830471641512e+00
-5.590625291876599512e+00
-5.447217803595083119e+00
-5.482161346199123209e+00
-5.499825667530084061e+00
-5.545760069106941081e+00
-5.584119509479726240e+00
-5.663390478217274371e+00
-5.654259848271134814e+00
-5.748222979914773489e+00
-5.746631025988006236e+00
-5.650366389115331067e+00
-5.643781396823370322e+00
-5.633805533716371272e+00
-5.632539486755703706e+00
-5.645068509730618800e+00
-5.670303456580639612e+00
-5.627420149867894850e+00
-5.671549414713953574e+00
-5.629183471454422438e+00
-5.682502524627252249e+00
-5.621627703276727672e+00
-5.652759306433538633e+00
-5.750702206890996315e+00
-5.643433849391881196e+00
-5.629892909043003435e+00
-5.639530083342584099e+00
-5.653405270245135839e+00
-5.638215121190949475e+00
-5.633293403113998288e+00
-5.633395268512411569e+00
-5.626015899616628957e+00
-5.633410347425889420e+00
-5.655836856719817618e+00
-5.642789562251761204e+00
-5.659233648385612270e+00
-5.648962079987128071e+00
-5.733279135727538112e+00
-5.718374042814040159e+00
-5.735640960444810865e+00
-5.661457051454336309e+00
-5.707384225617307294e+00
-5.703681551323408705e+00
-5.715546776412118390e+00
-5.705251122755610638e+00
-5.688587677788778940e+00
-5.511728569875082862e+00
-5.578847069032254247e+00
-5.535780819283666609e+00
-5.565142340110702968e+00
-5.511207095610427764e+00
-5.544568190155769294e+00
-5.513482083391814115e+00
-5.569454479252066825e+00
-5.633233719149507657e+00
-5.521042521769761180e+00
-5.473350976042599569e+00
-5.512396679388956500e+00
-5.530533077666923703e+00
-5.500508812253583457e+00
-5.479723029040778570e+00
-5.539731424662298842e+00
-5.486853105172821543e+00
-5.543471310435037935e+00
-5.531697596318326582e+00
-5.596958658867301040e+00
-5.549281767915396735e+00
-5.545039549742585727e+00
-5.517652151534047533e+00
-5.536955290383572148e+00
-4.739442598793414341e+00
-4.664759052428141928e+00
-4.607217617355257033e+00
-4.826308694398244725e+00
-4.783701161857958795e+00
-4.738542992156541622e+00
-5.062628525309790462e+00
-5.073454493400670451e+00
-5.042888734764733982e+00
-5.100796154434946494e+00
-4.704583736723169096e+00
-4.704548483772075684e+00
-4.629289937841255309e+00
-4.688471231502614245e+00
-4.774344964931408697e+00
-4.658616998250112218e+00
-4.653145356092539764e+00
-4.638449293602364243e+00
-4.624106140956462774e+00
-4.731089980946503459e+00
-4.634020874158321313e+00
-4.614055405408718613e+00
-4.610263836091176515e+00
-4.720563116392816561e+00
-4.711275244998361700e+00
-4.744422456704898927e+00
-5.494902680771502013e+00
-5.445629836266059343e+00
-5.383529065492194121e+00
-5.511679409514232297e+00
-5.665874354906232035e+00
-5.716775677365143693e+00
-5.596454296618612823e+00
-5.146845751182890893e+00
-5.210139317396443204e+00
-5.229939922184344780e+00
-5.760412249522427253e+00
-5.773399098620282111e+00
-5.779335392658722981e+00
-5.738735783213241071e+00
-5.767062981938300581e+00
-5.540625939480371187e+00
-5.517084089203452280e+00
-5.545232394705164936e+00
-5.521978515209029936e+00
-5.541111166530695797e+00
-5.662504247466154439e+00
-5.732130034566161214e+00
-5.293191637918078563e+00
-5.229429027779740835e+00
-5.278993008777673523e+00
-5.303999247720614818e+00
-5.332807228959873136e+00
-5.513430509227120524e+00
-5.294192448311735966e+00
-5.339208915219959550e+00
-5.351049772491799139e+00
-5.343909936528656424e+00
-5.337752114784183988e+00
-5.303138293017728877e+00
-5.311661601398950161e+00
-5.301799123303613470e+00
-5.307950272583092932e+00
-4.719686106807452930e+00
-4.735816113178264786e+00
-4.714707885329983306e+00
-4.720060632827422609e+00
-4.734195547193119857e+00
-4.725996478433263093e+00
-4.706970129548531112e+00
-4.722883584648719157e+00
-4.736186737712423600e+00
-4.718142912975297421e+00
-4.732284733764192453e+00
-4.695356258795163384e+00
-4.696798047123179387e+00
-4.716251761619692395e+00
-4.695150752458533638e+00
-4.711552599220558690e+00
-4.696257776269334272e+00
-4.688448141127833146e+00
-4.703366714417828831e+00
-5.201230823504952028e+00
-5.135006432452055236e+00
-5.154259807026028817e+00
-5.130356570953835238e+00
-5.165124046219116138e+00
-5.170843231072178803e+00
-5.200676782811696874e+00
-5.172147942358567896e+00
-5.167033832899589285e+00
-5.383365015174713442e+00
-5.339643908628297631e+00
-5.322573194059877721e+00
-5.323040962033613432e+00
-5.282536076481330056e+00
-5.397812717033313668e+00
-5.385105556235330937e+00
-5.322073568484464445e+00
-5.296419533166678129e+00
-5.106670490578224531e+00
-5.262226964601562251e+00
-5.235568297711994390e+00
-5.345733162310671638e+00
-5.304866004652261324e+00
-4.881791963041994364e+00
-4.852906393631974069e+00
-4.857171267758597644e+00
-4.869147660467172400e+00
-4.871747285989171061e+00
-4.784972986589213662e+00
-4.727805248932593685e+00
-4.737460386155089687e+00
-4.881308125055777936e+00
-4.880516404233008920e+00
-4.954950749635030682e+00
-5.264477817312505969e+00
-4.917440042819668733e+00
-5.272140410854036396e+00
-5.280330665069707941e+00
-5.204524358952820506e+00
-5.159215943249594538e+00
-4.909320711408826199e+00
-5.207996496798529051e+00
-4.958424636318254031e+00
-5.340350093741628612e+00
-4.944824540655543110e+00
-4.897460225191391459e+00
-5.311016812974462376e+00
-4.935833424985329287e+00
-4.930226904028870649e+00
-4.957906954312122139e+00
-5.249377775001838664e+00
-5.239189107048622951e+00
-5.249641480581371589e+00
-5.224473821883045765e+00
-5.139706980839605421e+00
-5.253161430199702941e+00
-5.253220774837630280e+00
-5.233240656862099272e+00
-5.235719529662364202e+00
-5.114081665411745803e+00
-5.069689362377068242e+00
-5.139472536920295376e+00
-5.133879844719139385e+00
-5.151733992821439401e+00
-5.120321706741631118e+00
-5.259530630855394406e+00
-5.229402932910816482e+00
-5.107135573915100757e+00
-5.140058276257020609e+00
-5.106554167869060912e+00
-5.552769222893625845e+00
-5.553462832011971884e+00
-5.572765445282829688e+00
-5.560400808793515282e+00
-5.571829505474560129e+00
-5.559151636549701792e+00
-5.535053564292723216e+00
-5.560955304278865974e+00
-4.737157346706454497e+00
-4.745195894386792901e+00
-5.088210872676963703e+00
-4.713161709618613138e+00
-4.708929267699759613e+00
-4.755534220162686232e+00
-4.643612310414996891e+00
-4.716146375418031056e+00
-5.674685756184422836e+00
-5.645093702001354075e+00
-5.513236850573139947e+00
-5.559992823680685703e+00
-5.542136150000105843e+00
-5.511239690724782925e+00
-5.538937376118846956e+00
-5.623324850594655366e+00
-5.688374214697632603e+00
-5.669488408126451162e+00
-5.670309528293540069e+00
-5.634907589129875660e+00
-5.650470749418715855e+00
-5.634993668042140413e+00
-5.637757942903898645e+00
-4.762324683155397587e+00
-4.753538905880540177e+00
-4.732247081533380140e+00
-4.739932410326005652e+00
-4.735495902689758729e+00
-4.725120848839485355e+00
-4.734145347364209222e+00
-4.737297214706932103e+00
-4.781513078394397098e+00
-4.790885693104059762e+00
-4.805132847234497184e+00
-4.778047332394725899e+00
-4.786896051522329998e+00
-4.729853839251781267e+00
-4.747949176764685753e+00
-4.813754860349153120e+00
-4.703801925810071616e+00
-4.822540911050353429e+00
-4.844625561982846662e+00
-4.809701365785614691e+00
-4.814045871088349138e+00
-4.749445880967407163e+00
-4.778938647190060784e+00
-4.805454108017216619e+00
-4.796180976422675712e+00
-4.769036782009816733e+00
-4.799909585324312999e+00
-4.826190970899251198e+00
-4.821542643339866707e+00
-4.799743978885108397e+00
-4.816730406013068233e+00
-4.829839349155895967e+00
-4.799858945695032020e+00
-4.814636843589458870e+00
-4.829676511769775082e+00
-4.825463752530852801e+00
-4.846432584907528707e+00
-5.114754818143295800e+00
-5.119148176285934326e+00
-5.113289720827582485e+00
-5.108021305984663307e+00
-5.111826776549022178e+00
-5.118792568559100253e+00
-5.293662850754581761e+00
-5.289526497019428675e+00
-5.285090508893140360e+00
-5.283316488634795860e+00
-5.288588425405045257e+00
-5.289666941071154760e+00
-5.284484166042694220e+00
-5.287021841092278684e+00
-5.283154613133625332e+00
-5.285101203315748286e+00
