-5.440969693609584823e+00
-5.395440718700375449e+00
-5.324378535442423122e+00
-5.135693194679097573e+00
-5.468015851059987220e+00
-5.469824197377574748e+00
-5.509862087270271935e+00
-5.488647321187641204e+00
-5.505206975406879977e+00
-5.516712470509489208e+00
-5.513500191872194200e+00
-5.474822844803783894e+00
-5.122360024169046788e+00
-5.138038731365737632e+00
-5.119062013213403262e+00
-5.128157386466025258e+00
-5.150273449239517909e+00
-5.147191280249412415e+00
-5.131692870959941644e+00
-5.133866625067465606e+00
-5.161137689669848427e+00
-5.170161621339129709e+00
-5.141716599854311731e+00
-5.403272851330902959e+00
-5.436820706683451299e+00
-5.482600844042647914e+00
-5.519188113362790027e+00
-5.070572006309202351e+00
-5.416489974080324288e+00
-5.438375987552301005e+00
-5.372393488397785077e+00
-5.336418546813407993e+00
-5.395448375420525799e+00
-5.161395317983884290e+00
-5.434911556907742636e+00
-5.452383010388687445e+00
-5.419993501444513306e+00
-5.128370154611051390e+00
-5.508743673967738452e+00
-5.556819317336532116e+00
-5.727304943707387075e+00
-5.425026456873639269e+00
-5.527030871365496090e+00
-5.703547625596888437e+00
-5.526073448452757830e+00
-5.550897557626312206e+00
-5.482069886083352550e+00
-5.536501089066940828e+00
-5.570426313403321394e+00
-5.718101175357602095e+00
-5.484450282368366736e+00
-5.474249388980884312e+00
-5.543936333746556144e+00
-5.592992534487394529e+00
-5.452003128479048222e+00
-5.484904709533025446e+00
-5.503856600726726001e+00
-5.548888652605598715e+00
-5.587866963835034007e+00
-5.669179704425427069e+00
-5.660756143248918626e+00
-5.752745408590084431e+00
-5.750660640706736437e+00
-5.653961794659437601e+00
-5.647957076315770486e+00
-5.639813311534111584e+00
-5.639725584287115900e+00
-5.649044482431210490e+00
-5.675345165259253477e+00
-5.634643888568652059e+00
-5.677531664092322572e+00
-5.634813111971268107e+00
-5.687531598340019201e+00
-5.627155591996082507e+00
-5.656165668730793072e+00
-5.755772295819254758e+00
-5.648515484274671650e+00
-5.635979250823972997e+00
-5.645351030408535031e+00
-5.660240658221948884e+00
-5.643952181094175735e+00
-5.638103103052898746e+00
-5.639844944285548500e+00
-5.631503198024566004e+00
-5.638788506131991340e+00
-5.661540241590774514e+00
-5.648605031866457793e+00
-5.666260406625777790e+00
-5.656769131183138732e+00
-5.732616873545724800e+00
-5.719137871468722878e+00
-5.738694145814535297e+00
-5.659622955207127326e+00
-5.709578362757662617e+00
-5.704501335679232454e+00
-5.718628193615675315e+00
-5.708475261208152851e+00
-5.690730556060637824e+00
-5.517239168711959962e+00
-5.585911479822373238e+00
-5.541918313860784373e+00
-5.569126456885928000e+00
-5.515622795166400749e+00
-5.548268092209111657e+00
-5.517325522023972084e+00
-5.574311939233029811e+00
-5.637867313689278959e+00
-5.527391971616941291e+00
-5.482073631243133072e+00
-5.520907645433354993e+00
-5.539068825535896856e+00
-5.504720893328365783e+00
-5.486762246190031611e+00
-5.544383062018967578e+00
-5.493157337685484087e+00
-5.550360328561506407e+00
-5.536226505180957602e+00
-5.601428681163345580e+00
-5.556744461307482119e+00
-5.549714737135250431e+00
-5.524125296346910297e+00
-5.545162871594821574e+00
-4.740008750082899347e+00
-4.671516871391564685e+00
-4.607316412140467499e+00
-4.823525523841802887e+00
-4.792199097848105716e+00
-4.748194402829900795e+00
-5.063323500089200735e+00
-5.072510281939315746e+00
-5.041203644393061012e+00
-5.099576530140815578e+00
-4.691860479912730142e+00
-4.683621941037666936e+00
-4.635241058429719452e+00
-4.696882560005871454e+00
-4.774319453493043319e+00
-4.663777294673601581e+00
-4.648265497004774538e+00
-4.630808351988211058e+00
-4.630902110496921686e+00
-4.739315125341951429e+00
-4.634251646967506133e+00
-4.625071575338068897e+00
-4.608815770736036654e+00
-4.722379310655884233e+00
-4.711818203338090427e+00
-4.742407282932223467e+00
-5.506971546031480536e+00
-5.457913457133503066e+00
-5.393819913990534509e+00
-5.522057423733065740e+00
-5.671487716863961914e+00
-5.722510565185591425e+00
-5.602964279345732379e+00
-5.154456239753013591e+00
-5.225159969290498196e+00
-5.249538405502843119e+00
-5.760170666813785978e+00
-5.774836581368285593e+00
-5.782673851863294523e+00
-5.737487055884275655e+00
-5.769716302429517718e+00
-5.549026413760847376e+00
-5.524718068260074944e+00
-5.554551949621723494e+00
-5.534114226476233966e+00
-5.550083170873429950e+00
-5.670127167337237317e+00
-5.737070337005568454e+00
-5.301274069113400600e+00
-5.244583967974432603e+00
-5.282512469356198892e+00
-5.312457388212994402e+00
-5.344196507284821429e+00
-5.525577827047666979e+00
-5.312249563123362606e+00
-5.355583683988147214e+00
-5.366014368929172385e+00
-5.357647650425580110e+00
-5.352191934078193825e+00
-5.319125844756769972e+00
-5.332873170400028506e+00
-5.317182377893507450e+00
-5.327635664197168275e+00
-4.723760908461393626e+00
-4.740104476414041201e+00
-4.716185398666648432e+00
-4.726209992822044015e+00
-4.738244053470479500e+00
-4.730846686810344259e+00
-4.714112939568797955e+00
-4.728964676315356996e+00
-4.741040200001029881e+00
-4.726277337691483282e+00
-4.738194396843416811e+00
-4.701825379690593998e+00
-4.697922091821443047e+00
-4.719349391751939571e+00
-4.696593349393600292e+00
-4.710536735463527691e+00
-4.696652691356829834e+00
-4.689902347856375719e+00
-4.697431148450602834e+00
-5.206214616967527853e+00
-5.128537962952200324e+00
-5.140071145857864288e+00
-5.122413076834651413e+00
-5.159092341148312499e+00
-5.178576781270808560e+00
-5.192622515977412867e+00
-5.155472977943982293e+00
-5.166539069207413348e+00
-5.394595405198288063e+00
-5.350265608566603603e+00
-5.337436909742164559e+00
-5.337985739100835403e+00
-5.297962021005072408e+00
-5.409550004887306862e+00
-5.395519066527362462e+00
-5.329583376079463974e+00
-5.295211286033087106e+00
-5.101314592789536029e+00
-5.271588655610257135e+00
-5.240124366212047136e+00
-5.350658719571748989e+00
-5.309801174520197620e+00
-4.878219138196219440e+00
-4.854801747340546925e+00
-4.854215601047133788e+00
-4.865778681753137214e+00
-4.867848221644649698e+00
-4.769248923243931237e+00
-4.699573526424321024e+00
-4.716723346581066956e+00
-4.873961524321847705e+00
-4.869561898876163752e+00
-4.955318030897466031e+00
-5.271051014170064164e+00
-4.922522854384976831e+00
-5.276486470157424336e+00
-5.283304489651505342e+00
-5.208196169340166826e+00
-5.162186350804170765e+00
-4.909681844002080631e+00
-5.210172155204798372e+00
-4.966360338998969226e+00
-5.352275020854463605e+00
-4.953746443922886655e+00
-4.902711580426092119e+00
-5.321882316835874427e+00
-4.949442475931228103e+00
-4.939092366367470177e+00
-4.964365183477266186e+00
-5.259918413677399762e+00
-5.248162914984977334e+00
-5.261074551878625272e+00
-5.232795525881014598e+00
-5.141693932375059006e+00
-5.248351657376232104e+00
-5.249931746672271693e+00
-5.230527256762304233e+00
-5.239524002558276550e+00
-5.126285350960307241e+00
-5.086514185479324546e+00
-5.140840043989848951e+00
-5.143442814021104148e+00
-5.162876047721353778e+00
-5.126847897087995598e+00
-5.259711264455481761e+00
-5.237970618348134266e+00
-5.113818334571575086e+00
-5.145856714745694838e+00
-5.120492838574321581e+00
-5.559514206099780864e+00
-5.559382252598355834e+00
-5.575640880193942550e+00
-5.567606131096769495e+00
-5.579608710750708411e+00
-5.560603768098570043e+00
-5.543500400721161014e+00
-5.564750043525706680e+00
-4.743293129425705246e+00
-4.747620375816387295e+00
-5.085030773950765415e+00
-4.718196482330011321e+00
-4.689281649336945357e+00
-4.723086283701316113e+00
-4.625638667165597795e+00
-4.690479624609269926e+00
-5.681017132032986083e+00
-5.649034767600362272e+00
-5.517944013578792273e+00
-5.568880695966227812e+00
-5.543737536260699983e+00
-5.519953041463802279e+00
-5.548297017604671311e+00
-5.626727764819097644e+00
-5.689148062140136020e+00
-5.672954375155164541e+00
-5.673927947088627022e+00
-5.636485140274447581e+00
-5.650317133236094413e+00
-5.635985789573338955e+00
-5.639194574239105862e+00
-4.766540981094298246e+00
-4.764769423934341219e+00
-4.740799439219141931e+00
-4.740349743506127034e+00
-4.742358647461061949e+00
-4.724901149144966617e+00
-4.740831756177441569e+00
-4.742163757441478111e+00
-4.789104695935050948e+00
-4.786567356340474255e+00
-4.809256841922726622e+00
-4.780647238060845794e+00
-4.789231830937073831e+00
-4.730299931797138591e+00
-4.749039273729080968e+00
-4.826500963127299038e+00
-4.710203717329573436e+00
-4.825932800449522553e+00
-4.844761819456087970e+00
-4.815632650573480333e+00
-4.818458686701919902e+00
-4.759208123121605460e+00
-4.798153258465619686e+00
-4.810893618979108055e+00
-4.791826256162234898e+00
-4.777339084940200209e+00
-4.800748081891486052e+00
-4.828030494771707204e+00
-4.824014020882164466e+00
-4.811227217152117319e+00
-4.827858756303196941e+00
-4.835212599365302566e+00
-4.804601620419273189e+00
-4.818004713010548556e+00
-4.831425332507055970e+00
-4.832022223373304115e+00
-4.860106706334518023e+00
-5.072693293441878915e+00
-5.080424301090232575e+00
-5.070165460218387210e+00
-5.060301227641599731e+00
-5.068919579111484275e+00
-5.088037514483733759e+00
-5.297072717941477826e+00
-5.294447670670020756e+00
-5.290322987346631756e+00
-5.286807461909048378e+00
-5.292759792019917420e+00
-5.292693416254831362e+00
-5.289320228760712617e+00
-5.290596491443396943e+00
-5.287409360687850501e+00
-5.286858064824592418e+00
