-5.442804302912285230e+00
-5.395839280492333856e+00
-5.326731708626268436e+00
-5.142340695414137741e+00
-5.469425161170752503e+00
-5.471892508600021188e+00
-5.511688818510373622e+00
-5.489212355153742173e+00
-5.506064916997710057e+00
-5.516756383324069368e+00
-5.514506222183508832e+00
-5.477489444724314538e+00
-5.110802759522541372e+00
-5.138539338758754127e+00
-5.126146876770445004e+00
-5.126934200612240922e+00
-5.150828805603396177e+00
-5.145966925889356780e+00
-5.146875577864562956e+00
-5.128758552656212721e+00
-5.158887836458492693e+00
-5.164917531012171104e+00
-5.132178712414115829e+00
-5.404206741149724991e+00
-5.438515510141589182e+00
-5.483766303697897193e+00
-5.521730028742037888e+00
-5.074930258412932105e+00
-5.409962477495489530e+00
-5.437297510613672280e+00
-5.375932353071523728e+00
-5.337500061009409436e+00
-5.390644369235663369e+00
-5.159454077330455135e+00
-5.435280180213492685e+00
-5.451587698289258377e+00
-5.424184480563130073e+00
-5.131654970928609671e+00
-5.510353431750334430e+00
-5.559330119307250406e+00
-5.729112158325105675e+00
-5.429330270702247496e+00
-5.532235643868183672e+00
-5.704345287307881485e+00
-5.532020061194443450e+00
-5.553831867064625172e+00
-5.483737545215952913e+00
-5.539848897862327703e+00
-5.572346984858280727e+00
-5.720472260243161244e+00
-5.487629963302881109e+00
-5.472545434996327174e+00
-5.545802475935146525e+00
-5.595315653310666271e+00
-5.460154895827331600e+00
-5.488598784690259080e+00
-5.509884441215664452e+00
-5.551131267415996717e+00
-5.588314763163277910e+00
-5.668449204157191446e+00
-5.667250412105964585e+00
-5.752962033924383434e+00
-5.751436213744936410e+00
-5.655838306858148812e+00
-5.648952292106726780e+00
-5.638957224885440489e+00
-5.634275040494888920e+00
-5.650474723724601134e+00
-5.676325617965142456e+00
-5.641106070233830039e+00
-5.678182190663844331e+00
-5.630394633629592249e+00
-5.689455720736313005e+00
-5.627276921027056567e+00
-5.657330929127404318e+00
-5.754819723039420687e+00
-5.647877812542181353e+00
-5.636052574753000144e+00
-5.645952273750080685e+00
-5.659278101227672941e+00
-5.643929870770888257e+00
-5.639169421881295996e+00
-5.639045702343631561e+00
-5.630401034145535277e+00
-5.645965089143420101e+00
-5.662094343146670816e+00
-5.645563118830536631e+00
-5.669885823967740990e+00
-5.657674214405680857e+00
-5.737427830299339782e+00
-5.722491197130523233e+00
-5.740046681209857837e+00
-5.662782437507829947e+00
-5.712303843388425229e+00
-5.706693687083770783e+00
-5.721439318721544431e+00
-5.710668697320929077e+00
-5.693258989525872060e+00
-5.517517560726433956e+00
-5.591577465388782642e+00
-5.541852978463737145e+00
-5.570973179764827421e+00
-5.515663686465036797e+00
-5.548183766238729220e+00
-5.517144306882022065e+00
-5.576329878694233244e+00
-5.640845420544054356e+00
-5.528109664180700378e+00
-5.480884379407012119e+00
-5.523767313071177298e+00
-5.538051813184404537e+00
-5.504254752647800508e+00
-5.487090759807335516e+00
-5.545640107384866013e+00
-5.490834431692285023e+00
-5.550092661523947868e+00
-5.536469706114885092e+00
-5.600873285894201636e+00
-5.558336859142179343e+00
-5.549083118156798555e+00
-5.528893392684813612e+00
-5.547361013362216653e+00
-4.734938664424120702e+00
-4.659284633954569266e+00
-4.613410389973169323e+00
-4.829221486337899272e+00
-4.781620869738125279e+00
-4.730628343431190430e+00
-5.064939369200332386e+00
-5.073200908870498793e+00
-5.043884134501682937e+00
-5.102082144810919040e+00
-4.737505006200455782e+00
-4.765151095976785989e+00
-4.668210366072213624e+00
-4.680441641149376331e+00
-4.774729317016744190e+00
-4.638173633019977871e+00
-4.639146083416626709e+00
-4.611451522256689195e+00
-4.620248582572513918e+00
-4.729487967362575596e+00
-4.612230875596462276e+00
-4.615995182062465396e+00
-4.598802131299832396e+00
-4.710014803399475092e+00
-4.710427779440622409e+00
-4.738919967672636346e+00
-5.503860178650008095e+00
-5.453136264540372480e+00
-5.389949122325139008e+00
-5.517870822364669081e+00
-5.671901129570741773e+00
-5.722993284107271705e+00
-5.602317130232473907e+00
-5.142979891702470496e+00
-5.215838215070984774e+00
-5.240020709559674472e+00
-5.763406370992457894e+00
-5.777346784206609520e+00
-5.782227761717089187e+00
-5.740902359202648242e+00
-5.772410755490911427e+00
-5.547067516711261526e+00
-5.524160076952591147e+00
-5.553447378544055013e+00
-5.533637000397531480e+00
-5.551642146075359108e+00
-5.669975704951199624e+00
-5.739223920427418690e+00
-5.293326987312083176e+00
-5.236595697589383924e+00
-5.282325061287214574e+00
-5.309159440297140264e+00
-5.340233927364803179e+00
-5.523357390231112163e+00
-5.307944147922667888e+00
-5.348214270132503501e+00
-5.359298371554957363e+00
-5.351144633063819711e+00
-5.343641903326126652e+00
-5.313127080456029994e+00
-5.326269272599225779e+00
-5.313670108245974077e+00
-5.322409920657865001e+00
-4.701028334292770339e+00
-4.725897260212141404e+00
-4.698283241646910469e+00
-4.707878657229191965e+00
-4.717602300200452348e+00
-4.711274936210189779e+00
-4.696865675059680001e+00
-4.714216751220932089e+00
-4.724919428365988772e+00
-4.709710082526235020e+00
-4.720997881679970476e+00
-4.687234267404727817e+00
-4.684143854689648556e+00
-4.709414056083613076e+00
-4.677339335136139198e+00
-4.689168389845217000e+00
-4.680451829316350398e+00
-4.672980163506817775e+00
-4.682613875787357216e+00
-5.201437856988360586e+00
-5.132087339100585233e+00
-5.151504940747044792e+00
-5.140791026576172484e+00
-5.176673317375743544e+00
-5.173878341932563352e+00
-5.191115948823886050e+00
-5.160702328962727847e+00
-5.166807773627924760e+00
-5.393415857701771898e+00
-5.346119183797825691e+00
-5.330694465513437841e+00
-5.331401669752983352e+00
-5.290180918077731498e+00
-5.406243165245178339e+00
-5.393645141112134667e+00
-5.329717845277156307e+00
-5.295011645682597745e+00
-5.109506664797930142e+00
-5.271712556444049014e+00
-5.245264738240376090e+00
-5.351175454403602316e+00
-5.312547208317238479e+00
-4.868917712942943510e+00
-4.841455981430125455e+00
-4.841939729115931179e+00
-4.868572175081028242e+00
-4.861234131975664674e+00
-4.750674301375031661e+00
-4.658171006983938156e+00
-4.690203229040766253e+00
-4.863427697424325125e+00
-4.861536032684808717e+00
-4.955155457946732511e+00
-5.272120450134544001e+00
-4.928051186424470487e+00
-5.282519256057041979e+00
-5.281800954987667218e+00
-5.206319636553346619e+00
-5.166609387375988405e+00
-4.918311266967851481e+00
-5.208062775402931166e+00
-4.968095432233000430e+00
-5.348160926703930507e+00
-4.942294729894092242e+00
-4.890392315132263690e+00
-5.319781192932471647e+00
-4.937256857188086379e+00
-4.924030284524151035e+00
-4.954078971001163012e+00
-5.258711310128692418e+00
-5.243411576156504772e+00
-5.251080485942442699e+00
-5.229225433920590582e+00
-5.140281263929575850e+00
-5.245298297695439871e+00
-5.243727953180171930e+00
-5.221943282974769396e+00
-5.246317696266376451e+00
-5.138589665275223872e+00
-5.076471394533364823e+00
-5.144319444702189159e+00
-5.145075236207137692e+00
-5.167601774653361346e+00
-5.127933697722827588e+00
-5.269163656150851693e+00
-5.233874293073178308e+00
-5.110960558412553034e+00
-5.147092569945026952e+00
-5.113692790474451577e+00
-5.555150926797554511e+00
-5.549979864752806691e+00
-5.578129419485093443e+00
-5.568526770891160105e+00
-5.572821707306537142e+00
-5.570740856188856505e+00
-5.525271335292151420e+00
-5.563026485770737217e+00
-4.729982764870224621e+00
-4.745299845172044506e+00
-5.084888387001460508e+00
-4.717160625040363264e+00
-4.740681912913436769e+00
-4.773250525284245427e+00
-4.724561036263078329e+00
-4.754957510412022970e+00
-5.678097369458304122e+00
-5.645906330028434006e+00
-5.519132043666017395e+00
-5.572548783100280900e+00
-5.541543407328129334e+00
-5.511355985774679667e+00
-5.540503500831402306e+00
-5.621400048912679637e+00
-5.698532188110389640e+00
-5.679353121239623547e+00
-5.680237419092485140e+00
-5.638231620734085681e+00
-5.650888049884639663e+00
-5.638942438696680881e+00
-5.634329907007217919e+00
-4.761778484119208343e+00
-4.749759200226560729e+00
-4.716287399825601412e+00
-4.726173037860223580e+00
-4.727355913049995806e+00
-4.710724422268316225e+00
-4.722371463117364776e+00
-4.741285509860457381e+00
-4.776291656656456830e+00
-4.789653839939621349e+00
-4.798044512095672509e+00
-4.779043210106191708e+00
-4.779162830162680287e+00
-4.718399160622251287e+00
-4.733388561079912016e+00
-4.816482287852699606e+00
-4.695771117114958315e+00
-4.811378514851667454e+00
-4.831126875795804132e+00
-4.808594546440696504e+00
-4.805020758303272466e+00
-4.745516393322658288e+00
-4.778254514480414272e+00
-4.789373610978264750e+00
-4.782696152680869339e+00
-4.760159524712357815e+00
-4.792074582522798387e+00
-4.812074443965230763e+00
-4.813665237550193154e+00
-4.801855868710159569e+00
-4.822785082911833499e+00
-4.814821092885374298e+00
-4.790828592378124640e+00
-4.798905690933860768e+00
-4.817396832636125836e+00
-4.816911925462208366e+00
-4.863812817325858795e+00
-5.063544649834513578e+00
-5.067838030348770673e+00
-5.056486215515744398e+00
-5.047787910020971047e+00
-5.056494721320527574e+00
-5.070811805116691495e+00
-5.279929808989866302e+00
-5.279570758835957278e+00
-5.266077371039130206e+00
-5.269381727849022035e+00
-5.276958295158561185e+00
-5.278091819467894297e+00
-5.274089721835122369e+00
-5.273674180250743859e+00
-5.271588472021935701e+00
-5.268191527134556296e+00
