-5.435438834880550019e+00
-5.389594750146864399e+00
-5.323129169120996096e+00
-5.134510786826703921e+00
-5.463131636368899535e+00
-5.463159087420813798e+00
-5.503696619026418269e+00
-5.481304455878905912e+00
-5.497818180524270737e+00
-5.509387629253643226e+00
-5.506076979427493967e+00
-5.469783001776184150e+00
-5.109105061272817494e+00
-5.133984216063549155e+00
-5.122288006402630600e+00
-5.130299737377854719e+00
-5.142815296984681872e+00
-5.140205624754932145e+00
-5.130000112384058397e+00
-5.130745783024198481e+00
-5.153479739866567044e+00
-5.159745881380013444e+00
-5.132504806987147283e+00
-5.396304452081326808e+00
-5.428007888004747095e+00
-5.473677591726009872e+00
-5.510576589640361789e+00
-5.064773724090980700e+00
-5.409040422261115033e+00
-5.429794849029912385e+00
-5.363992446961033167e+00
-5.324935477040239284e+00
-5.387410356575125014e+00
-5.159443821826332766e+00
-5.425174126337738656e+00
-5.443701985161979451e+00
-5.413566924257109392e+00
-5.119988701354095895e+00
-5.501824971271115139e+00
-5.551856953471097533e+00
-5.721185232286861932e+00
-5.420128316220282905e+00
-5.522824262926739003e+00
-5.696001911857608846e+00
-5.519740556313815993e+00
-5.544253118718048157e+00
-5.477203598881341229e+00
-5.531157141507164532e+00
-5.565634349190259123e+00
-5.712414475998384589e+00
-5.479957592653786236e+00
-5.468989803854716669e+00
-5.536561407938541457e+00
-5.588380220333594828e+00
-5.446300899328120337e+00
-5.478107482644180237e+00
-5.498307653674997297e+00
-5.542845927506537151e+00
-5.582754849835213307e+00
-5.660798395881617928e+00
-5.652390451579640818e+00
-5.746447525122610145e+00
-5.744649898448098035e+00
-5.646718780753352540e+00
-5.641906119223500937e+00
-5.635255306352013882e+00
-5.632310153509218154e+00
-5.643530905295807365e+00
-5.668215605799015400e+00
-5.632300547289091242e+00
-5.670943361443659292e+00
-5.626780450135484557e+00
-5.681614822659959430e+00
-5.619523255719826693e+00
-5.650501233066323792e+00
-5.749031715222082006e+00
-5.639337441405536389e+00
-5.627430162909860201e+00
-5.636954173223444720e+00
-5.650687660257253775e+00
-5.636089881333287366e+00
-5.630234432434600755e+00
-5.631779400597065610e+00
-5.623346472217049197e+00
-5.630978775699144734e+00
-5.655996690372081304e+00
-5.640951667456536534e+00
-5.659023304377009289e+00
-5.649714377663032749e+00
-5.732253936866825050e+00
-5.717282172697179199e+00
-5.734836437626876560e+00
-5.659367855086366639e+00
-5.706107853027472920e+00
-5.702737037773436768e+00
-5.714567012706320170e+00
-5.704426863782988022e+00
-5.687624152581955528e+00
-5.512723695300357107e+00
-5.578503958469254620e+00
-5.533125460681516117e+00
-5.564414282577456738e+00
-5.509655323337853794e+00
-5.544057618497341799e+00
-5.513131220750345562e+00
-5.568419941070999357e+00
-5.630463113141039422e+00
-5.521530318515433855e+00
-5.473585688128666860e+00
-5.515641622800872668e+00
-5.531544358266664574e+00
-5.499350444986540687e+00
-5.479139207445351545e+00
-5.538712183671484546e+00
-5.486161724603418222e+00
-5.542546541273146943e+00
-5.531426647417721831e+00
-5.596805974436184883e+00
-5.549096939598525680e+00
-5.543698461935820276e+00
-5.517134429924831274e+00
-5.536229555181649609e+00
-4.740500639266373106e+00
-4.666791225959896039e+00
-4.617530569106807370e+00
-4.821338127286550979e+00
-4.785818380963612562e+00
-4.741965746231973533e+00
-5.070153670959374637e+00
-5.067912506040030962e+00
-5.039179702223092860e+00
-5.093649491849459032e+00
-4.715723953298084581e+00
-4.708120991430305047e+00
-4.638072978322938411e+00
-4.691473213421327948e+00
-4.778558372680107524e+00
-4.665074920882060994e+00
-4.658015074953553381e+00
-4.634046362305231703e+00
-4.624264468592624411e+00
-4.734105226851320403e+00
-4.638027545697628540e+00
-4.624879816211569405e+00
-4.599830828469582578e+00
-4.720919004798608931e+00
-4.713543893026620246e+00
-4.741819639541073883e+00
-5.495546153415210355e+00
-5.446331291758043314e+00
-5.387015321269857715e+00
-5.512319226170236952e+00
-5.664828152837146469e+00
-5.715821462761578431e+00
-5.594347530762319387e+00
-5.150908883260087556e+00
-5.217325541229340224e+00
-5.231318181364244424e+00
-5.759837618817614135e+00
-5.773368255944349769e+00
-5.778696389442693260e+00
-5.737391272048234292e+00
-5.766353043898553743e+00
-5.539668187182226866e+00
-5.515684978014108175e+00
-5.545903090337360730e+00
-5.522660365419193695e+00
-5.540350442337178549e+00
-5.659995534173991594e+00
-5.731143470500226655e+00
-5.287387887614296567e+00
-5.231902822173071677e+00
-5.280856845018295331e+00
-5.301711558886534448e+00
-5.332245641510001022e+00
-5.514286503786546056e+00
-5.296852572778502299e+00
-5.336876786424019414e+00
-5.348318850192430141e+00
-5.342598981557984850e+00
-5.334996406682261494e+00
-5.304013671984275646e+00
-5.315228074745050435e+00
-5.303031380472199352e+00
-5.311419197962175431e+00
-4.716573006371956645e+00
-4.735455857764502952e+00
-4.709775657336204624e+00
-4.717012684569352743e+00
-4.732188026232386768e+00
-4.731348050047185616e+00
-4.711833055496700950e+00
-4.729447459287710487e+00
-4.738630934407000339e+00
-4.722789489703831833e+00
-4.733474494229014340e+00
-4.693879451368952793e+00
-4.695707402329542646e+00
-4.718097068471180933e+00
-4.689364548946484135e+00
-4.702856441820487454e+00
-4.692162907322384946e+00
-4.684075970876638628e+00
-4.698000480823954383e+00
-5.197231152046558833e+00
-5.137109620737914994e+00
-5.151750514348105270e+00
-5.134701542591784573e+00
-5.171453497741088867e+00
-5.169179027122239312e+00
-5.197906197069856127e+00
-5.170481878129701947e+00
-5.161815443037600204e+00
-5.381924741879439367e+00
-5.340267573029887416e+00
-5.325581964248072175e+00
-5.324039216550644049e+00
-5.280270269063633393e+00
-5.397820266727407557e+00
-5.382100740525017635e+00
-5.321772347482427890e+00
-5.292858456338183082e+00
-5.101743443196745886e+00
-5.261767080737027591e+00
-5.235095906922421882e+00
-5.341996759059529865e+00
-5.303319347043281340e+00
-4.875976801872232258e+00
-4.851297549542122667e+00
-4.855206720315450752e+00
-4.866230996577749046e+00
-4.868136170426136111e+00
-4.778732465330208790e+00
-4.705645280076822701e+00
-4.728034165074552320e+00
-4.877445689386118666e+00
-4.871930817707433192e+00
-4.951337628995898577e+00
-5.266078026483839380e+00
-4.915202066537051273e+00
-5.270989047533556793e+00
-5.279662068105190897e+00
-5.199152029199666458e+00
-5.156990180686328529e+00
-4.908789168610843134e+00
-5.205702504934450303e+00
-4.958406158627054694e+00
-5.341384188762475560e+00
-4.950590238211784566e+00
-4.898348963110491283e+00
-5.312677559481296719e+00
-4.940546212919595170e+00
-4.932666443740719053e+00
-4.959418278272814895e+00
-5.246581185502774858e+00
-5.238250334127881658e+00
-5.249930985522068383e+00
-5.224231389134311954e+00
-5.142552716812003766e+00
-5.256964462794843307e+00
-5.256275483376562363e+00
-5.239021668941047594e+00
-5.248501721123718156e+00
-5.115734764668047774e+00
-5.075281506447354651e+00
-5.139423940831479243e+00
-5.134207099452988921e+00
-5.157745284350287562e+00
-5.129578387237953230e+00
-5.264285149170005340e+00
-5.243275636623370595e+00
-5.107816899154927093e+00
-5.139508540587558016e+00
-5.114589575651073083e+00
-5.551135701258420596e+00
-5.550699372788680641e+00
-5.574064068984642795e+00
-5.562385311649973296e+00
-5.572527936443442798e+00
-5.544046294470247105e+00
-5.530208536220783344e+00
-5.564914104873821543e+00
-4.737338795388161827e+00
-4.747316689883692931e+00
-5.084227835059524025e+00
-4.714820162448768670e+00
-4.712852594393057259e+00
-4.737489818621688720e+00
-4.645338842251675260e+00
-4.702552139523512587e+00
-5.674815853200755100e+00
-5.646098260658991563e+00
-5.515677103301658057e+00
-5.559279745707863540e+00
-5.537577231288485891e+00
-5.510393255757271902e+00
-5.538606194959807105e+00
-5.622921048252405463e+00
-5.686305200084354361e+00
-5.666731383190400706e+00
-5.668003945982031944e+00
-5.631183683019711950e+00
-5.645769437952319336e+00
-5.632799097720180725e+00
-5.637990565098126794e+00
-4.761760341058195678e+00
-4.757017205985851760e+00
-4.728568191442106716e+00
-4.737796309371271164e+00
-4.736127666072516895e+00
-4.728203065922722992e+00
-4.733396107419678422e+00
-4.744971044624827883e+00
-4.794931672520853283e+00
-4.796946111962436810e+00
-4.801809958047310367e+00
-4.786125144607371595e+00
-4.796834186861640426e+00
-4.728668147343721095e+00
-4.744035004442079817e+00
-4.823929563265149767e+00
-4.705174288267341076e+00
-4.824949543111610950e+00
-4.847219763258894254e+00
-4.815777295768213229e+00
-4.825939817920585462e+00
-4.754718605692146660e+00
-4.783796646124331531e+00
-4.804814011349198388e+00
-4.794152115268320635e+00
-4.773485914361063287e+00
-4.800170190675886239e+00
-4.820902865166375229e+00
-4.820656990885943571e+00
-4.810424234264127463e+00
-4.818392533973522518e+00
-4.827692320743484089e+00
-4.800414092795453946e+00
-4.818414762817527119e+00
-4.827825725153725323e+00
-4.838458022185388785e+00
-4.848197201240633802e+00
-5.104076638664849952e+00
-5.108475387261389500e+00
-5.102821523429938111e+00
-5.096955938977159484e+00
-5.102151116969943168e+00
-5.109822851008691380e+00
-5.310523313321102279e+00
-5.306436684794586078e+00
-5.301990880190809108e+00
-5.300275068645538212e+00
-5.307210283431513353e+00
-5.306909604740804198e+00
-5.301492162153158993e+00
-5.304653274795585460e+00
-5.299836866467058094e+00
-5.301648538935538113e+00
