1.088336497858550871e+02
9.296508764974402084e+01
1.165002214485301550e+02
9.388456305772879773e+01
1.169331056274685778e+02
1.235119129064323857e+02
1.000441773060966142e+02
1.206028567257853723e+02
1.141962066862103171e+02
9.301776539250728604e+01
1.207478995576879583e+02
1.071804149081217190e+02
8.395813405998036671e+01
1.133440621829795418e+02
1.120151034054746901e+02
1.193458943484072563e+02
1.099178199574519255e+02
1.234976415433304595e+02
9.189136754388033523e+01
1.201193253247136283e+02
1.151674509114316862e+02
1.194528551683738726e+02
1.301733792967542342e+02
8.339185820689226603e+01
9.808333615074997169e+01
1.137699568100630358e+02
1.229451192580075656e+02
1.035454479859318440e+02
9.800222786358837368e+01
1.075582416065060016e+02
1.175469758033233489e+02
9.727807413964573868e+01
1.302246666717835808e+02
1.192055160103240468e+02
1.059049598988640071e+02
1.018862017275370988e+02
1.132911996195616808e+02
1.008280824087109409e+02
1.155320023684546840e+02
1.063846983830549533e+02
1.077983304660221364e+02
1.224383556689969765e+02
1.145761599441381833e+02
1.072198375794124985e+02
9.871532090793026271e+01
1.029627799827315329e+02
1.115738730700891495e+02
1.091012173928844362e+02
1.000456579005267201e+02
1.048445702103298771e+02
1.252658061536826182e+02
1.173640286255723879e+02
9.355368188803423379e+01
1.204199421816323365e+02
1.151527845090067643e+02
1.115543739931990643e+02
9.475903569739870136e+01
1.137768900443325890e+02
1.216544189432188432e+02
1.146027692917379568e+02
1.204041304600605287e+02
1.087877317904356858e+02
1.154135774205795286e+02
1.094234829458623750e+02
9.676344387723169405e+01
1.046099791981833675e+02
1.183826267815810809e+02
1.047968176078987881e+02
1.036414541136081056e+02
1.410989551823102204e+02
1.125401299212125963e+02
1.046966695478465113e+02
9.821402973942871029e+01
8.808715150382896297e+01
1.061165561138305407e+02
1.066308380539571488e+02
9.781947554149468260e+01
1.143415247404792865e+02
1.256826020668263055e+02
1.128438250517726829e+02
9.898850637559563381e+01
9.798355586894801661e+01
1.055557507593165809e+02
1.110188551486921114e+02
1.248863824946230636e+02
9.808756137091133098e+01
1.175602640168611828e+02
1.155748124794663028e+02
1.101758294561812193e+02
1.027984817530460191e+02
1.030360091940936371e+02
1.097283635356349834e+02
1.160218448830705711e+02
9.245450553888129264e+01
1.105062858302845683e+02
5.908229643050113822e+01
1.000114453479115753e+02
1.352880346183504514e+02
9.369068082923277530e+01
1.118640517765637554e+02
1.013534102044693981e+02
1.090863189367028667e+02
1.022564081429442950e+02
9.756342619233529945e+01
1.181729810899120565e+02
9.668976163672405733e+01
1.169618648447521139e+02
1.210728962290391451e+02
1.018096420729234239e+02
1.015495494234700402e+02
9.663557137537510755e+01
9.768289997972674144e+01
9.904376296281054692e+01
1.272796246750440901e+02
1.160607572497896172e+02
1.080806468500411341e+02
1.108695965707861717e+02
1.080255187071398524e+02
1.092962893298036988e+02
1.000735564692428312e+02
1.195613047639586597e+02
1.059354350499928614e+02
9.412389877875209265e+01
1.144776054783791182e+02
1.093938566497502762e+02
1.006457832672027024e+02
1.305778911554811543e+02
1.058479661564158363e+02
1.128426903262952976e+02
1.071668109584942101e+02
8.130084935072767394e+01
1.293895543628650273e+02
1.182115526389304847e+02
1.059017231081191426e+02
9.920217476344691931e+01
1.264102490525765461e+02
1.086258961282279216e+02
9.768025867304328358e+01
1.178284342906321314e+02
1.051229821515476317e+02
1.012112995262125708e+02
1.052708578314106092e+02
1.283702771942935215e+02
8.557713337348762650e+01
1.284669230045520578e+02
8.597662316961744011e+01
1.237984961443537202e+02
1.094018747095431650e+02
1.242065381953907206e+02
1.181727476783961777e+02
9.652385194782836209e+01
1.013432246359366644e+02
1.148191300595440083e+02
1.128575061007552165e+02
9.858441388452865795e+01
1.197311178079283849e+02
1.088886692736514163e+02
1.058710900168143070e+02
8.398608904414709286e+01
1.229309102932563462e+02
9.699630850401419480e+01
1.170613915230007933e+02
1.232201246025413468e+02
1.216837562995913800e+02
9.937844443641529324e+01
1.193360210048013954e+02
1.082614802892358057e+02
9.499781730461771190e+01
1.136208025316799706e+02
1.041050084782710741e+02
1.045711382332746808e+02
1.087375234607351615e+02
9.866281596485362115e+01
1.146127899260113026e+02
1.240524369566745264e+02
1.022728306915087444e+02
1.022898601812202060e+02
1.081259174637332023e+02
1.032749344152150570e+02
1.377056904267141704e+02
9.826730042293654321e+01
1.088528669878455872e+02
1.216353550939027883e+02
8.671621162216987955e+01
9.814869900399146729e+01
1.306936787022857231e+02
1.130513174137854691e+02
9.495114812320447584e+01
1.167170498229778417e+02
1.082474629717186474e+02
1.089631614290668722e+02
8.925002884759329902e+01
1.289206767811069483e+02
1.062477365184254978e+02
1.092064586277115836e+02
1.067208755362475330e+02
1.054142491939014974e+02
1.196470345419725874e+02
1.092925703237287678e+02
1.173624056484827491e+02
1.033308718963335764e+02
1.106996091800398432e+02
1.013819149734292182e+02
1.168719504417827721e+02
1.048239400637382772e+02
9.995412190894099069e+01
1.212222101536855234e+02
1.000899349503503970e+02
1.137775706305533987e+02
1.114723007025781527e+02
1.149207756955935338e+02
1.168320125354358936e+02
9.489264513507087884e+01
1.035392718736429316e+02
9.297397694682791780e+01
1.170430754650504213e+02
1.165629580199158681e+02
1.014576702479561447e+02
1.125820214781816588e+02
1.131107886992559912e+02
1.056414460838925891e+02
1.026417994794261972e+02
1.264574261352934883e+02
1.077455754918466511e+02
1.135892506956454611e+02
9.860283664185823227e+01
9.543580629959086536e+01
1.297084240011099325e+02
9.538417532344739413e+01
1.028224715550698676e+02
1.319262965656395750e+02
1.054852120650776186e+02
1.117713463884533240e+02
1.382449542290794113e+02
9.557242827452304823e+01
9.997759968018536370e+01
1.010536940554882648e+02
1.044437580544735482e+02
9.832891859244874411e+01
9.714088656908923269e+01
1.404314646205627923e+02
1.006578462091411978e+02
1.072053560961894902e+02
1.069485528657661888e+02
1.010178510041460527e+02
1.033283019841493484e+02
9.384455018730497500e+01
1.252330511474492738e+02
1.162297528364225343e+02
1.088535613687827777e+02
1.082091902700175723e+02
1.013897005016684005e+02
1.092406242081838172e+02
1.129357057509712234e+02
1.075543181911738486e+02
1.025634536089829112e+02
9.668620945996994465e+01
1.005965569463621136e+02
1.114218966038353358e+02
1.009074832876842578e+02
1.118626799029055263e+02
1.143020710689772699e+02
1.160201792531730973e+02
1.008836119160041704e+02
1.056300133613589054e+02
1.095686312362548449e+02
1.119018946095427651e+02
1.113724610683748750e+02
1.161723763607219837e+02
1.028942673015493199e+02
1.157689981896282916e+02
1.123830081439849664e+02
1.038908545340432710e+02
8.878340466848146662e+01
1.071251849613279887e+02
9.729701168034621617e+01
1.163581001046137970e+02
1.129962728328334975e+02
1.140780213532632814e+02
1.094111933393963767e+02
1.148280966504195817e+02
1.023891660149508880e+02
1.016345378015239760e+02
1.231940472507939575e+02
1.092832652092754131e+02
1.083917008696129045e+02
1.095284311120107361e+02
1.014434578980656170e+02
1.156043232096050417e+02
1.009602005140552734e+02
1.122511776415430234e+02
1.156239294201677268e+02
1.044779436706635067e+02
1.072243880153259568e+02
1.147350588220475487e+02
1.138733272186845937e+02
1.117722397571954787e+02
1.049293447838781788e+02
1.123654833418779049e+02
1.055532361745963357e+02
1.103749203335928826e+02
1.181744917659863461e+02
1.051126192006905882e+02
1.049554420961930958e+02
1.057716500271427265e+02
1.185753545420922990e+02
1.072023104558809337e+02
1.153091395973642506e+02
1.074661194406361631e+02
1.017358583191526691e+02
1.127985033593384543e+02
1.040423635159191917e+02
1.195751743933139295e+02
9.765738936772851275e+01
1.060850663864688670e+02
1.146671830991617043e+02
1.192570429291244380e+02
1.348481603289100121e+02
1.080762075468362582e+02
9.486075600539781760e+01
1.053804895076178383e+02
1.057222014563746342e+02
1.037476983129482022e+02
1.099061662546261431e+02
1.123857245784658971e+02
9.711020143862509713e+01
1.000695239237205811e+02
1.418750034141019114e+02
9.355836548969521971e+01
1.121752424912246795e+02
1.070334803024825732e+02
9.058752628607493307e+01
1.360636836880252645e+02
9.040998374066859355e+01
1.084961160042207950e+02
9.976467745893602057e+01
1.121510208427093005e+02
1.113677312003424618e+02
1.130984941437336175e+02
9.938066566360747345e+01
1.038272819223085293e+02
9.994384176459580260e+01
1.058805479743521971e+02
1.297614621694693540e+02
1.136516713335430921e+02
1.222161842531242968e+02
1.158264320740549778e+02
1.023305768558381743e+02
1.101774328048095413e+02
8.349829761864583588e+01
1.186935058275312116e+02
1.119800351901233597e+02
1.034965107380149760e+02
1.115247747197262242e+02
1.124622744042060134e+02
1.049840824880166252e+02
1.126098544963145400e+02
9.831490306493864750e+01
1.181230239895338912e+02
1.071636913412463201e+02
9.635586871717372048e+01
1.146219783741507570e+02
1.198601921820743854e+02
9.151796665207304216e+01
1.096808517928292019e+02
1.059004911186343634e+02
9.895412196860117149e+01
1.035071933644160822e+02
1.101097088934626953e+02
1.100209447579167801e+02
1.208567335833739520e+02
1.113680400534649948e+02
1.180885527447033496e+02
1.094157072200384277e+02
1.057004302865372267e+02
1.156977528569233016e+02
1.095296870441649020e+02
9.557673651393449177e+01
1.189925742294068272e+02
1.014137551643613051e+02
1.199573639558795719e+02
1.007243229345991580e+02
1.121013511007105734e+02
9.787663783516761384e+01
1.030685251375224141e+02
1.100025103455901672e+02
1.167027798350934233e+02
1.310255165214573765e+02
9.846458171544395555e+01
9.774817871249371137e+01
1.176476241196056520e+02
1.063332757783240226e+02
1.105442220608450725e+02
1.060848961812517786e+02
9.737718525298758721e+01
1.192372420503823207e+02
1.017939686031566140e+02
1.101427650867974535e+02
1.173518155501896842e+02
9.697583866478743175e+01
1.184339782511592034e+02
1.100853928990391495e+02
9.529803673076163761e+01
1.170987207065683862e+02
1.031413895843894721e+02
1.164970709565918128e+02
1.158719421010329853e+02
1.080143977674501059e+02
1.202745966772437072e+02
1.007899438787610791e+02
1.071312656771299885e+02
1.058175309129492803e+02
1.136476698389287208e+02
1.078082866392995527e+02
1.006492848512303482e+02
1.260052786960552567e+02
1.093415387393424396e+02
9.706590859620817469e+01
1.118245648721259471e+02
1.103141776719686362e+02
1.130536448821047770e+02
1.244091101020222538e+02
1.109304082199721080e+02
1.021890143647838016e+02
9.720733837625597573e+01
1.053670779233906103e+02
1.113238477539815534e+02
1.033091283945253736e+02
1.150641048477900625e+02
1.078908540966150724e+02
1.042212472594751205e+02
1.150147376843484750e+02
1.089550967800773407e+02
8.556358146879817639e+01
1.007457716435068420e+02
1.298011066532935729e+02
1.095506337371747918e+02
1.145008263100604751e+02
1.140041911364753275e+02
1.020507974512027687e+02
9.547538573942283335e+01
1.166967932593583726e+02
1.232622932995062968e+02
1.064265350314754102e+02
9.489325837093339544e+01
1.271636039519791268e+02
1.136569227729863627e+02
1.052635180397425785e+02
1.094516284905601680e+02
1.045889987205930538e+02
1.211073061265778961e+02
1.090051223201234762e+02
9.273537948144075926e+01
1.116288063682234082e+02
1.113910660280181588e+02
8.767995725220943370e+01
1.053677593936532872e+02
1.105641008987208807e+02
1.155183254856492283e+02
8.928818554094758042e+01
1.296585252815591787e+02
1.019011353018923245e+02
1.184301817039135614e+02
9.925419032102061578e+01
1.011750325688268219e+02
1.033998191113455647e+02
1.032259908650147793e+02
1.329178987776568306e+02
1.066314087626607261e+02
1.260130478751680982e+02
9.262317851773266852e+01
1.127884700351677338e+02
1.103089832904281877e+02
1.060848839916189235e+02
1.071336974389440400e+02
1.082368237130160082e+02
1.216438897666591146e+02
1.034530718449865532e+02
1.097737173162577875e+02
1.088503841686679294e+02
1.290814342187163390e+02
1.024230904569533465e+02
1.019648881448958377e+02
1.178180250880608355e+02
1.063972266307668235e+02
1.169793834086746642e+02
1.073096616486563164e+02
1.023042479009081518e+02
9.334330572328805431e+01
1.256555305592869018e+02
1.030894692547132934e+02
1.162087142870242928e+02
1.061690419135245236e+02
1.250940641721019375e+02
1.079281839985836626e+02
9.664101265950095865e+01
1.003445295977362406e+02
1.081819560531908309e+02
1.180464473482283267e+02
1.232975896041706392e+02
1.044456506859282712e+02
1.035622612242751615e+02
9.289989393298834841e+01
1.082457381664828517e+02
1.177966003940967994e+02
1.160846211999675575e+02
1.052200887928759272e+02
1.148664789570009646e+02
1.116578444330246356e+02
1.124191688087976218e+02
1.070204049429341637e+02
1.038446996753036871e+02
1.262317159852052555e+02
1.133497102351241352e+02
9.501839686810156138e+01
1.117197103766905002e+02
1.116407898601516848e+02
1.102944657736380094e+02
1.247551506180499956e+02
1.033919502788450586e+02
1.022592505616857750e+02
1.042135819899549745e+02
9.413280745926175541e+01
1.088410388556903854e+02
1.338168309397442499e+02
1.083520419467689067e+02
1.120242892718602974e+02
1.116454995561215213e+02
1.238698372983756428e+02
9.043386219094020362e+01
1.083899456956414298e+02
1.051947489722065967e+02
1.091209753121265322e+02
1.101046156318314218e+02
1.169962266115404503e+02
1.278894361747980639e+02
1.237922524606621124e+02
1.010779572974654457e+02
1.008331368269641928e+02
9.646076114392333523e+01
9.900768613864204326e+01
9.105196051911477184e+01
9.283063697344694276e+01
1.201452463365656769e+02
1.153847027779746384e+02
1.243266537424225788e+02
1.082206144299106541e+02
1.114491142025933641e+02
8.106484502417622195e+01
1.040877979888529836e+02
1.231727753795726983e+02
1.076739708851884529e+02
1.230525861117943123e+02
1.018231493381514667e+02
1.207881726526215118e+02
9.819848490765369320e+01
1.111407944336810374e+02
1.114332515128927525e+02
1.124513575818216395e+02
1.102810062012087542e+02
1.027614060911105867e+02
1.165054138798315364e+02
1.018247002333620088e+02
1.065216762697390038e+02
1.179520057400563360e+02
1.221440657881632319e+02
1.227516913869270638e+02
9.042175123543455584e+01
1.094051039473944513e+02
1.201153633202055744e+02
1.091275810007361713e+02
1.043260718180022764e+02
1.188640929390803791e+02
9.497772769983114927e+01
1.237122831364550990e+02
1.129154974678901624e+02
9.428323511005325486e+01
1.011454614956234508e+02
1.294014114481252591e+02
1.088203877170594183e+02
1.006299654203246661e+02
1.170639155883299054e+02
1.006886036771603301e+02
1.255065118325980791e+02
1.175950485215928722e+02
1.077098495200289534e+02
1.220889422862262848e+02
1.071160693420832075e+02
1.152783544331457080e+02
1.077394378440151712e+02
1.000150953219316108e+02
1.073327472980672752e+02
1.181191652513896315e+02
1.172074249448262151e+02
1.042746743087847676e+02
1.175045731249173571e+02
8.252403028481299430e+01
1.049220728011677437e+02
1.259955923971967024e+02
1.015164677494410057e+02
1.177477239268405640e+02
1.095736354880279890e+02
1.124600096926907753e+02
1.059760989010582080e+02
1.088295831497229642e+02
1.043447304988540481e+02
1.005740179471907396e+02
1.055260803639249900e+02
1.090169487850814249e+02
1.115861612504755271e+02
1.376101422893121367e+02
1.096487389802811094e+02
9.424223129568818536e+01
9.193533770024160390e+01
1.001509530642726560e+02
9.790988317211206038e+01
1.176325471469104116e+02
1.107682951095936801e+02
9.735925316373379701e+01
1.297125168786316181e+02
9.873541341614078704e+01
1.116722964332054033e+02
1.144753274815861346e+02
1.122462125233466708e+02
1.115843727673597243e+02
1.115990600770558103e+02
1.080173275805599928e+02
1.165490776483113819e+02
1.114367604470095046e+02
1.224036268052336993e+02
1.006460913743101742e+02
9.533244881797456571e+01
1.077404872858825797e+02
9.421344076313478411e+01
1.314675244683815833e+02
1.257775959293286832e+02
1.085014983681464145e+02
8.991118978707281428e+01
1.211545640782928359e+02
1.074613400880634941e+02
1.024353883211261973e+02
1.049259109201758946e+02
1.039183931208623051e+02
1.177697441950984114e+02
1.119028001165406891e+02
1.029532491256860425e+02
1.149595619498007721e+02
1.099176061791892067e+02
1.050771269309556999e+02
1.121445588299004328e+02
1.172367947522498355e+02
1.058446531150958094e+02
1.104386794658972235e+02
1.004148141983549323e+02
1.052409062323892925e+02
1.178187077078291054e+02
9.310160069275163153e+01
1.201428450685506846e+02
9.479242387995346064e+01
1.237240583957490117e+02
8.680822964492132598e+01
1.285620879000261425e+02
1.017592084747676608e+02
1.204574438703627095e+02
1.089220207230602568e+02
9.931737822622903877e+01
1.159294118008472623e+02
1.102510758319603212e+02
1.177647367465685022e+02
1.284578329211640835e+02
1.000201893476920958e+02
1.043176019969948385e+02
1.167899598719689465e+02
9.397898790818277348e+01
1.124443305364556664e+02
9.658825294571035158e+01
1.093249446347293343e+02
1.101726485892999250e+02
1.124823063841065078e+02
1.258571174432814672e+02
1.083676822899908387e+02
9.771816315589968838e+01
1.023970498924603589e+02
1.073919014085299892e+02
1.061948321141974390e+02
1.112724690682264992e+02
1.099389680084269258e+02
1.035249819206176340e+02
1.016609164174009408e+02
1.223632176676013756e+02
1.050146997919161151e+02
1.102218278173068740e+02
1.177534149297665778e+02
1.102368383780690380e+02
1.123827919549601404e+02
1.012320072939813969e+02
1.113654431239969540e+02
1.093673236052477193e+02
9.617006655515967850e+01
1.094388173489795264e+02
9.268900178057680250e+01
1.309184658298071326e+02
1.437341559733993392e+02
9.663907375454529358e+01
8.924356018090179532e+01
1.135464577970356714e+02
9.216546901083309251e+01
1.176590606053456867e+02
1.174189229281328153e+02
1.005242746724596969e+02
1.166425451988978779e+02
1.117209873790536960e+02
1.037013980193676588e+02
1.124710198361267857e+02
9.471181085086024609e+01
1.059230346754073224e+02
1.268035381338594902e+02
1.199820008249403713e+02
1.214270374534526979e+02
1.048501150715135850e+02
1.100445995520909008e+02
9.562259240137233007e+01
9.527955392906349630e+01
1.126420049444485159e+02
1.284297288209181147e+02
1.083994516173091540e+02
1.202606593984894943e+02
1.112907292959174299e+02
1.007023193832740731e+02
9.211182231907777407e+01
1.141595185863955351e+02
1.195963545866541295e+02
1.188794914902419748e+02
1.131972139254398115e+02
1.045737165906993908e+02
8.580600318774800428e+01
9.464655118591262806e+01
1.097120180524749316e+02
1.145376499195349709e+02
1.150194648020618047e+02
1.256670590820762641e+02
9.962294336849524257e+01
1.112194575492534625e+02
1.124499891073949982e+02
9.862755949154653479e+01
1.166950216722132581e+02
1.163422858597595422e+02
1.092626729776971217e+02
1.128089730422310737e+02
1.131053481863649921e+02
1.097226149912823701e+02
1.048385577757594547e+02
1.067666858314927651e+02
1.112599597481238902e+02
1.095668849076541420e+02
1.267676282597515609e+02
1.212847443432474392e+02
9.768925131175974741e+01
8.978868861377938515e+01
1.246073816126144038e+02
1.067370465940998514e+02
1.150342574286053008e+02
8.942478097507634516e+01
1.091636942162692776e+02
1.074539251569933356e+02
8.880115882338652966e+01
9.329092639659180008e+01
1.306265551987926870e+02
1.175061928479122457e+02
1.100679755798071113e+02
1.145999300581445794e+02
1.230292711302139708e+02
9.882462280432207535e+01
1.032491675557158004e+02
1.088960624995446835e+02
1.019999214259886884e+02
1.224497245940491439e+02
1.116834283384002191e+02
1.206938780191429146e+02
9.475606829219142924e+01
1.067935261965399008e+02
1.081856770413117914e+02
1.139812911644901448e+02
1.218683255501774880e+02
9.190816610924137819e+01
1.057514109283442139e+02
1.001159970683959273e+02
1.181617106123463401e+02
1.162777789880119172e+02
1.001626841747950323e+02
1.042025267209555750e+02
1.217223600735937339e+02
1.356489379440013181e+02
1.044073709688579754e+02
9.718804752153765492e+01
8.867532218394202914e+01
1.012332014881415887e+02
1.091431833873176345e+02
1.131436840415131826e+02
1.240799297886757273e+02
1.154951307397164868e+02
9.419098593939865793e+01
1.063686611956246963e+02
9.811134502618708098e+01
1.136258549076565600e+02
1.256562300268260941e+02
1.041641024334023058e+02
1.091006978458467671e+02
9.148420054695425563e+01
1.165698303676235952e+02
1.049650231632413124e+02
9.324468431198904739e+01
1.322900688693010807e+02
1.167615571701512351e+02
9.576798757512412408e+01
1.182848580850581754e+02
1.124587540890480568e+02
1.027369091572834634e+02
1.148388454960063569e+02
1.114943184724891552e+02
1.098696668187639176e+02
1.074425629594678071e+02
8.913635320538647022e+01
1.114482074493238457e+02
1.228926969558745270e+02
1.128264859316091417e+02
1.285496642630376414e+02
1.048049890156136001e+02
8.580664349024085880e+01
1.083486441058431495e+02
1.126510067054219064e+02
1.155806382493425559e+02
1.040752134127446169e+02
1.101646819933535681e+02
1.105200286855253182e+02
8.400726095604976251e+01
1.061904612531693743e+02
1.382870261180186731e+02
1.125364197006732638e+02
1.078673641438181079e+02
1.054698408747878631e+02
1.077549126254501459e+02
1.222015724071731455e+02
9.950266838311183903e+01
1.154681698391640623e+02
1.007345370218619820e+02
1.077514505758510097e+02
1.163070936395741484e+02
1.143422430933443508e+02
1.026489892574175116e+02
1.080032668572057020e+02
1.111090364900672256e+02
1.035965534228571698e+02
1.058428686936343297e+02
1.087961464490213501e+02
1.054404667157076716e+02
1.216456838461513712e+02
1.010962976482405082e+02
1.126871659686643454e+02
1.121302502430943235e+02
1.151599168562942026e+02
9.865837014511795644e+01
1.037752536113723068e+02
1.151266930644048188e+02
1.124866350655738643e+02
1.021029398831486361e+02
1.136461065713533429e+02
1.102955339578841034e+02
1.210162250829345538e+02
1.004175886601437071e+02
1.083896637192756316e+02
1.332846462832710017e+02
9.974819528668062674e+01
1.170163933182490865e+02
1.025375692575110662e+02
1.132367481831059166e+02
9.162678830205176439e+01
1.151297069672518916e+02
1.033039801404966198e+02
1.265233577718838092e+02
1.157120469097014563e+02
1.067790892078782576e+02
1.189222632292978119e+02
9.703183698743454499e+01
9.927594008920075908e+01
1.170998737382703325e+02
1.050544494735781882e+02
1.421171413580933915e+02
9.058725890128411606e+01
1.064526498511724526e+02
1.287400805776987056e+02
8.584028085593898538e+01
1.081687946554527429e+02
1.051691768633600361e+02
1.019188973105949856e+02
1.135694135156849285e+02
1.106900027157597606e+02
1.161819439933844507e+02
1.126452241149402766e+02
1.115068960229512385e+02
1.041790737528269375e+02
1.228241661812655110e+02
1.062197739942861574e+02
9.613917663045351958e+01
1.076100844283183449e+02
1.366879833843202050e+02
9.426171442974639092e+01
1.072270111174190674e+02
1.058405869286835781e+02
1.001922438168795395e+02
1.046724480119484326e+02
1.388957732499133328e+02
1.119447075629485795e+02
1.001649510109716346e+02
1.061894393886835672e+02
9.887308724494677392e+01
1.134108360615699098e+02
1.144100863551907423e+02
1.199730820586691920e+02
1.030744767194193940e+02
1.247657920569680101e+02
8.224083866982527979e+01
1.225477074131769086e+02
1.128304610146851985e+02
1.040873381918432869e+02
1.021329606547603248e+02
1.139925367864639867e+02
1.159406775148825091e+02
9.435300834456320729e+01
1.060521464569206387e+02
1.195756408109588591e+02
9.964799327392000805e+01
1.167385713740314088e+02
1.055754334418139564e+02
1.095589121238038075e+02
1.077905143690921932e+02
1.160214933822447989e+02
1.296115362372188429e+02
9.941529385720245671e+01
8.665106146367035933e+01
1.010449008569165414e+02
1.214782265856203480e+02
1.181568714935349647e+02
9.626632470828070609e+01
1.289902964110849837e+02
1.145094876104028856e+02
1.100249624454305604e+02
1.127189193203570596e+02
9.491684805398047331e+01
1.234978602003427000e+02
1.193844012438897693e+02
1.015904026254910661e+02
1.227252134941799113e+02
1.215190438637655603e+02
1.010326290321809495e+02
9.589929479759625508e+01
9.980055774888521114e+01
1.146241148513605737e+02
9.783625687064112242e+01
9.020021204873580700e+01
1.213090250879007783e+02
1.190279232043872355e+02
1.072829788180547013e+02
1.191225124059544243e+02
1.058643893144234625e+02
1.084908689815902818e+02
9.766004548240465510e+01
1.060757502126939755e+02
1.105056688043279820e+02
1.264167902870529474e+02
1.110733179563421373e+02
1.120880116722053117e+02
1.021420889408393862e+02
9.368896792520570216e+01
1.104967928398311159e+02
1.270744783941763245e+02
1.319386845593733995e+02
9.461942908587437273e+01
9.258776831589766232e+01
1.252428705866728222e+02
1.045008659261026054e+02
9.925900428721628543e+01
1.166852367794707135e+02
9.146011994185093386e+01
1.220261587355301600e+02
1.328531836535962611e+02
1.043505677994671572e+02
9.472713518336634309e+01
1.101898815558385252e+02
8.984867658156818493e+01
1.264025567576873073e+02
1.068634251388509853e+02
1.169382661531991232e+02
1.035369728547319568e+02
1.144551747064957823e+02
1.027740730920284591e+02
1.108164659081561467e+02
1.185588866113481856e+02
9.991683021387395058e+01
1.114800794005794558e+02
9.811340704800109336e+01
1.177483555934221044e+02
1.075332733728002381e+02
9.879845385829558779e+01
1.137099574158235100e+02
1.218078588082294402e+02
9.966978984265759323e+01
1.191895600791548588e+02
1.020434453550456340e+02
1.175699096216435180e+02
1.124914208136468545e+02
1.074210833993014234e+02
9.408035750724667423e+01
1.126944075663014218e+02
1.122702880387446385e+02
9.699215659360710617e+01
1.114941210188495120e+02
9.699492233045253897e+01
1.090494012797985306e+02
1.196437145446657837e+02
1.191722334087810111e+02
9.231173369012937258e+01
1.144435040496959459e+02
1.092952994398024487e+02
1.108758769767649852e+02
1.175552192390819357e+02
1.112217698055284387e+02
1.310347354663153112e+02
1.033529599433476989e+02
1.087739346450725577e+02
9.557849944704619816e+01
1.084561908634779570e+02
1.061742583214668798e+02
9.979980636403774952e+01
1.198984640870782528e+02
9.788840254844897970e+01
1.084648084980020712e+02
1.309514061487663241e+02
1.012759276719225028e+02
1.100511582183407029e+02
1.206634565653145614e+02
1.028851451983331060e+02
1.059705756659468676e+02
1.166449045829893549e+02
1.009101351868037852e+02
1.117086482957624156e+02
1.113941351471250982e+02
9.852966765608249489e+01
1.094522461604297376e+02
1.188603031132774817e+02
1.064129593680472112e+02
1.146060039470009855e+02
1.152634107032234425e+02
8.759889049003595574e+01
9.343814852908158741e+01
1.152528578576405209e+02
1.322609458722317015e+02
1.198871267474895177e+02
1.122287454537249261e+02
9.785743285624742782e+01
1.096793442165777748e+02
1.012349928332090485e+02
1.151233417486814261e+02
1.157917539973007592e+02
1.127906681771436581e+02
1.141813027487683456e+02
1.144525371591895890e+02
9.313988526463859330e+01
1.043885789490119720e+02
9.600353006702844993e+01
1.087368188614758537e+02
1.368510870561885895e+02
9.354497589806769042e+01
1.033281736098838053e+02
1.081235646163284514e+02
8.808186223223175659e+01
9.803019178294516678e+01
1.079834153263475116e+02
1.179895404411851985e+02
1.279378923917920901e+02
1.085111577139318229e+02
1.166715265964898975e+02
1.008941687104744602e+02
1.236957395182650146e+02
1.094767997477207473e+02
1.072059661875467782e+02
9.564970987959019055e+01
1.192847317422175593e+02
1.238420235472705997e+02
1.019141849346826518e+02
1.113938213678876821e+02
8.688076935928958733e+01
1.084072461000803571e+02
1.216360823400144966e+02
1.091514083591610103e+02
1.145109113985536879e+02
1.060353936016568355e+02
1.034342441446496395e+02
9.958649249281342009e+01
1.122984960531340306e+02
9.680827974410931347e+01
1.014912914667019095e+02
1.263215895351513325e+02
1.172528869733693995e+02
9.838774671848753428e+01
9.727099745446602697e+01
1.155340414232124857e+02
1.227108886438444699e+02
1.078145915540418116e+02
1.149134969966892044e+02
9.865333910069112733e+01
1.186846689305533431e+02
1.193786996372509179e+02
9.117583304647784814e+01
1.168906429412285206e+02
9.892537700380724175e+01
1.024756708315660347e+02
9.765978000443772089e+01
1.038542918781432292e+02
1.136594402000409616e+02
1.302981687200536669e+02
1.076043961875941193e+02
1.037634828020289319e+02
1.133232584463495272e+02
1.109069680935146636e+02
1.196907521623856212e+02
9.823966126802956467e+01
1.073165964101904990e+02
1.292919917781933066e+02
8.942409602618565145e+01
1.036880382884863110e+02
1.060387058240231397e+02
1.227498474428136461e+02
1.222881126958143625e+02
1.072129282258621998e+02
1.060378641417872529e+02
1.149250354706841364e+02
1.179949374539095999e+02
1.124467737095792046e+02
1.321196722908368031e+02
8.872504354683454153e+01
1.176575428906199505e+02
1.153733404765532669e+02
9.744535944918740711e+01
1.046856757057328480e+02
1.097290860868212548e+02
1.119630220847867861e+02
1.141418717255493505e+02
1.011559955118990217e+02
9.985532017080964806e+01
9.920380082477115025e+01
1.280500082420453225e+02
1.015694847079312382e+02
1.130371432847263407e+02
1.058493841390213674e+02
1.069363300548185407e+02
1.059561122703848781e+02
1.050525968755230508e+02
9.546345772779854144e+01
1.150660212560368478e+02
1.223134150552241692e+02
1.095159002982944827e+02
8.596771146834014132e+01
1.149507713372333910e+02
1.239779907641325281e+02
1.029639164470895736e+02
1.231188995332746003e+02
1.041902041761270823e+02
1.109645565430048606e+02
1.107769624885941795e+02
1.151611803004450962e+02
1.198307103888853646e+02
9.896269586040789079e+01
1.003457473405144356e+02
1.104505090923069872e+02
1.176991609134587549e+02
9.798403224269462441e+01
1.098608730436586285e+02
1.135963908745442552e+02
9.915762893864595640e+01
1.196726068847603983e+02
9.299977191703612789e+01
1.301562988753498757e+02
1.078614350295882645e+02
1.123743455880600237e+02
1.034480098560739094e+02
1.067691201992372356e+02
9.559766027641947517e+01
1.054505155041247804e+02
1.174170769070084646e+02
1.067719282188076875e+02
1.272974825821598586e+02
1.025436088169691686e+02
1.012674410829312137e+02
1.038459584588484006e+02
1.159740900720319843e+02
1.099273055578826614e+02
1.076796378101503109e+02
1.169812830322510706e+02
1.165074695928727238e+02
1.251425321414799186e+02
1.009307844116729171e+02
1.023287693944794512e+02
1.010901464246569077e+02
1.081661473494781092e+02
1.090274464225580999e+02
1.055697731054023052e+02
1.255896702341136546e+02
1.024233179676916450e+02
1.035734862579895434e+02
1.084273332020113116e+02
1.201760958233906251e+02
9.861237416964105762e+01
1.073421398776708031e+02
1.389579538523325084e+02
9.350227170914558883e+01
9.184068445493831234e+01
9.770846395514060134e+01
1.150694568854674742e+02
1.207836686236454682e+02
1.039564333152158468e+02
1.147494084306544977e+02
1.076039063620926157e+02
9.787044637163521088e+01
1.015575460928373275e+02
1.222794238969969172e+02
1.062230340036712306e+02
1.303007839051951748e+02
9.397922893162487412e+01
1.145832781301132712e+02
1.080571267150896375e+02
9.721624126612695704e+01
1.133227602794015070e+02
9.941919693285204573e+01
1.018576724127209019e+02
1.153577653335144362e+02
1.095011940854874268e+02
1.162274827798562029e+02
1.200053565752874363e+02
1.173324075599336282e+02
9.667590681495214255e+01
1.039430175179634261e+02
1.204842347606880395e+02
9.676483761210036505e+01
1.355761178837224179e+02
1.098616686206863875e+02
1.062317737115611891e+02
1.093342274882143812e+02
1.094123936161771411e+02
9.965734128426460359e+01
1.004570212212784952e+02
1.085721954447377868e+02
1.287636967494467797e+02
9.600175483390361819e+01
1.007724070740533335e+02
1.118416112486407030e+02
1.181161338820351148e+02
1.185361867871535537e+02
1.091183116331586120e+02
1.088335249220899215e+02
1.068132633149232049e+02
1.036331464561965561e+02
9.600499482143911223e+01
1.087287670215214348e+02
1.315163868924806536e+02
9.070205730080833462e+01
9.193189030598560407e+01
1.049119350911475692e+02
1.406172961916449253e+02
1.145774861423711428e+02
1.026131513048692199e+02
1.518248315324685791e+02
9.273086677357404994e+01
9.144000859341073806e+01
1.087329227527849440e+02
9.899407049348153009e+01
1.073303865244046307e+02
1.095999920910267775e+02
9.681266982082807715e+01
1.042479800323069412e+02
1.029140466925110360e+02
1.289435741741912409e+02
1.098225741917802765e+02
1.124699874915719278e+02
1.017774925680006959e+02
1.025733056556265126e+02
1.001039355164993339e+02
1.227109342202909659e+02
1.156659074622402414e+02
1.122934267802662589e+02
1.059982833736130203e+02
8.877592021614493945e+01
1.334158726596398026e+02
1.138679499385984286e+02
1.002719356989321682e+02
1.146888286385162417e+02
1.093779089366062038e+02
1.035701133527866062e+02
1.056345640001682398e+02
1.092223336596330654e+02
1.107416621484458545e+02
1.177673682977829230e+02
1.033355515525870203e+02
1.052019228436803786e+02
9.859232009365157978e+01
1.112312475894129591e+02
1.105085081976787222e+02
1.247509980109040129e+02
1.192434478834334612e+02
1.041788011412413368e+02
1.031422178743489724e+02
1.085151997877390500e+02
1.189276218548329069e+02
1.003682056860152016e+02
1.163947660858190005e+02
1.209835487934489180e+02
1.043999094154460039e+02
1.022390187999289424e+02
1.148484052227401833e+02
1.097446385607953943e+02
1.043107252108433443e+02
1.095679286921647417e+02
1.150754596065973487e+02
9.885074951610434368e+01
1.038583017515219638e+02
1.097500039439697446e+02
1.025356151072246149e+02
1.375491816166938008e+02
1.003003466266730612e+02
1.000186699431822035e+02
1.104033344102264351e+02
9.262588352720901241e+01
1.207228083309091176e+02
1.129845309351336198e+02
1.149200537723425271e+02
1.119830718679574915e+02
1.157632921366794960e+02
9.710137750800612366e+01
1.007095076147764274e+02
9.846938798119927583e+01
1.314355614786826152e+02
1.029122012305147109e+02
1.019349302622984936e+02
9.407968635836434146e+01
1.007821163544509773e+02
1.203057727971521302e+02
1.357032127630798755e+02
9.524328185782174216e+01
9.960455876294386712e+01
1.149184283594676828e+02
1.062511664142907506e+02
9.834552396056895418e+01
9.677051566090617030e+01
1.326697542734514457e+02
9.877411116224453735e+01
1.214376491487240060e+02
9.753330711010114840e+01
1.221066188447969267e+02
1.227574000195955932e+02
9.334973087570975281e+01
1.187376040343203130e+02
1.111417169962722937e+02
9.986570750732379054e+01
1.157681899361348599e+02
9.772654543318546416e+01
1.111863210055083613e+02
1.100102386747566641e+02
1.212331482563235738e+02
1.162988902145119283e+02
1.206739001997093510e+02
1.044592316271558445e+02
1.102081288022877317e+02
1.030455744010392607e+02
1.050189565815916524e+02
1.135126993144413632e+02
1.020798708001140227e+02
1.438165121552795824e+02
1.036176634928014550e+02
9.784702250891703557e+01
1.070042950359086404e+02
9.892492104806891007e+01
9.264931245639390056e+01
1.146198136217336554e+02
1.251481821787894972e+02
1.444838508707084657e+02
1.031177709899633470e+02
1.024143773192247693e+02
1.057590297624982298e+02
9.517470178902271982e+01
9.514881789233547238e+01
1.126833408435587387e+02
1.215992887696302205e+02
9.913760370579379355e+01
1.082141743638115230e+02
1.058951064767183112e+02
1.077670765615617796e+02
1.163476829978227869e+02
1.059308212847127493e+02
1.131069494581207664e+02
1.083217470805737150e+02
1.147375532126919353e+02
9.576822642930271456e+01
9.444714565566492581e+01
1.133778286474088901e+02
9.721326066177815051e+01
1.136734533292774074e+02
1.075892298101252749e+02
1.081593203869736755e+02
1.085263339818620381e+02
1.126633736201426643e+02
1.058226854713814049e+02
9.214790360224053245e+01
1.149648685105450596e+02
1.432995846423343096e+02
1.202255613318142480e+02
1.060346215057683139e+02
8.331019897936107554e+01
1.052753657500270208e+02
1.029709936812218984e+02
1.009075739932090130e+02
1.212514049786434924e+02
1.096495819462443961e+02
1.140086911490591035e+02
8.570709807008594794e+01
1.164152037800054131e+02
8.484000389812837284e+01
9.858135062739319210e+01
1.249288649590347973e+02
1.302026992869301978e+02
1.042752512120730444e+02
1.131985827952333921e+02
1.140158928275246240e+02
1.074236917472488244e+02
1.215907467443010574e+02
9.405387125963645190e+01
1.049017315304147360e+02
1.114687867627008728e+02
1.119054346601732703e+02
9.466973831360103020e+01
9.368282421192165543e+01
1.054413567443100419e+02
1.058949376102079611e+02
1.416403471970586736e+02
1.048145551505344173e+02
1.306812390072794585e+02
1.035533999088879398e+02
9.583876201402402728e+01
1.215878247990395664e+02
1.025496491416777332e+02
9.947200495842245971e+01
9.804306105539838256e+01
1.053288467773444950e+02
1.223942251205777438e+02
1.057844079026648814e+02
1.200274702718062514e+02
1.036549142250682678e+02
1.058102677501776299e+02
1.091963046426169370e+02
1.207955329132692839e+02
9.237039953512064017e+01
1.050313539330573036e+02
1.185785796079624532e+02
1.104862150326153909e+02
1.153060117854580824e+02
1.025744720795826908e+02
1.091456911788123847e+02
1.187616209766657676e+02
1.004408017514061413e+02
1.021829846109789912e+02
1.225312227922851065e+02
1.305465738016982016e+02
1.125536629281867391e+02
9.863035198279715132e+01
8.841006891575595716e+01
1.221615017148315872e+02
1.194142911388836978e+02
1.167940612035599202e+02
9.658307125346988187e+01
8.810124708433589547e+01
1.082634940655651121e+02
1.133916349062140938e+02
9.623310806640779447e+01
1.263043205799832691e+02
1.190356200875133226e+02
1.050452299136106831e+02
9.636985406691344735e+01
1.007364210789164645e+02
9.446961456095134224e+01
1.183030162838884820e+02
1.069824732601728527e+02
1.170424596207540020e+02
1.160763054794143443e+02
9.491383434719308809e+01
1.012700344085052393e+02
1.122298494619573290e+02
1.152240757310298704e+02
1.313210446444704189e+02
8.711220350563300485e+01
9.707534707937698215e+01
1.123708043163708794e+02
1.141220534171244196e+02
8.944358476326198115e+01
1.265597000156606242e+02
9.309826692551054350e+01
1.131519478118578093e+02
9.724613499896648250e+01
1.177717775572868533e+02
1.217449296624051271e+02
1.088123275465531350e+02
9.748025038353425487e+01
1.073886595265888957e+02
1.131987460580158142e+02
1.013273708972845384e+02
1.083017486412190067e+02
9.409200274039662304e+01
1.408492080490982516e+02
1.157560900573439540e+02
1.119674683542021114e+02
1.375719354042997509e+02
1.101730137294785408e+02
8.434958234576664893e+01
9.271594689853520777e+01
1.067132017011450529e+02
1.200065569817489006e+02
1.091969769721113579e+02
1.032484774323003478e+02
1.132519511903653040e+02
9.523949189044959951e+01
1.149302409878193600e+02
1.163304608470886592e+02
1.018254778846867765e+02
1.044128298300036306e+02
8.987531051060493326e+01
1.181786099309110512e+02
1.110613688391421618e+02
1.112488187871798431e+02
9.469426157443575676e+01
1.232608527947859329e+02
1.045298504098456220e+02
1.212796325616701694e+02
1.233684612756116081e+02
9.923291571656261567e+01
1.021455226435487305e+02
1.020838902726100059e+02
9.181036064029147781e+01
9.917247110335038940e+01
1.183944256628466576e+02
1.041151939977360854e+02
1.116990570929558686e+02
1.089125643287954119e+02
8.867027592590132201e+01
1.129816421856293118e+02
1.255994203593329814e+02
1.139747082014075232e+02
9.341205166407335980e+01
1.153785339366853151e+02
1.002997431021836547e+02
1.099379366953954218e+02
1.057665011583974888e+02
1.374145927021444606e+02
9.357273444103230986e+01
1.057542785896055193e+02
1.085045156004373439e+02
1.127114618095527874e+02
1.062525962266803674e+02
1.082000226700421308e+02
1.102690536633695189e+02
1.168958000679411100e+02
1.185030797021245661e+02
1.005447751254982762e+02
1.024536789676878072e+02
1.079535398282311149e+02
1.129636948953040019e+02
1.034736843599186358e+02
1.201751539062221354e+02
1.037690556390633105e+02
1.067979236313383353e+02
1.165645616655027936e+02
1.024179153050674245e+02
9.528042900054016684e+01
1.098085568648099581e+02
1.214424177015949056e+02
1.091310892157402890e+02
1.021826345423478131e+02
1.076348361663597473e+02
1.129844593165835818e+02
1.112522896761291520e+02
1.312405098797094070e+02
8.957236837287177877e+01
1.336705732233415631e+02
1.042937484765061953e+02
1.080910092746555762e+02
1.014215773568795527e+02
1.026665026820824522e+02
1.030543555622588201e+02
1.102774290876850216e+02
1.182893365367194320e+02
1.055637369790014048e+02
9.930248524416516887e+01
1.083188635380497971e+02
1.042430618840371608e+02
1.033038571843462137e+02
1.335583053636354407e+02
1.370484596110327971e+02
1.032089121894648684e+02
1.062857868850856846e+02
1.060671490529647656e+02
1.020345402418434446e+02
9.446892013494026230e+01
1.120675814511441928e+02
8.386308992294279108e+01
9.143055972666549280e+01
1.310662667237414780e+02
1.074306698404104168e+02
1.165518843258310824e+02
1.194915420519181879e+02
1.082571739295913744e+02
1.032886932294197493e+02
1.105381394465573948e+02
1.225231516531646179e+02
1.076113561012535911e+02
1.043220817624053041e+02
8.695790080929975829e+01
1.363641784184614494e+02
1.173357295818421164e+02
1.033277701306304266e+02
1.031296376252791305e+02
1.016368393228421638e+02
1.204226623909843426e+02
1.204276672986031969e+02
1.183601771232788593e+02
1.094766005718641395e+02
1.010640848669075638e+02
1.084432286957025724e+02
1.239035111851524960e+02
1.155194382561689821e+02
9.665301635546042291e+01
9.367994295979191577e+01
1.099668112126376371e+02
1.334904213891880147e+02
8.787093713751697521e+01
1.067754360120984529e+02
1.287362018105936556e+02
1.334255146058082175e+02
1.007403700709586900e+02
1.030126768388532241e+02
1.167991464266288375e+02
1.137288245520485219e+02
1.209774768429730614e+02
9.261103536699638994e+01
1.040407087305127618e+02
1.044230692015055979e+02
1.152240856006067133e+02
1.211545072406651968e+02
9.594038188559190417e+01
1.138352815577069777e+02
1.077879629932533305e+02
9.822542042297180842e+01
1.359535141567336893e+02
1.035093073226837248e+02
9.178953623434311737e+01
1.062821719914769147e+02
1.101493724634507601e+02
1.056759272059625800e+02
1.090436696420889717e+02
1.239719716866241868e+02
1.094060992936814074e+02
1.025822741614776987e+02
1.117685376077204609e+02
1.049842566344804027e+02
1.010066187739314643e+02
9.912549828456825196e+01
1.143546494329614518e+02
1.035431081249665795e+02
9.870687277477748012e+01
1.214244723867010833e+02
1.128561851498688071e+02
1.023114820185844991e+02
1.242402828669826960e+02
1.025258890672070891e+02
1.122098634396678563e+02
1.163581953960807027e+02
9.962698176146822959e+01
1.204158445116705280e+02
1.219285515817405638e+02
9.992270473992519442e+01
1.001742725445819673e+02
1.139069765999011565e+02
9.896413626367368011e+01
8.726233623176574383e+01
1.165628786312459368e+02
1.028845398442584127e+02
1.175268829427175064e+02
9.824080581589446126e+01
1.311106346194179366e+02
1.037560907269090080e+02
1.040294351161039259e+02
9.558206841493660022e+01
1.045561517121686990e+02
1.049655916863763849e+02
1.283068676393425847e+02
1.007096888386177511e+02
9.789815920520730685e+01
1.077860045731433587e+02
1.139897625701608632e+02
1.281500042003038971e+02
1.060448634859635462e+02
9.389194258816627325e+01
1.080871572502990574e+02
1.062582425777099502e+02
1.138937552886480375e+02
1.028402676840774745e+02
1.319354541992511543e+02
1.111124588754480840e+02
1.094640621210548943e+02
9.898887436744043100e+01
9.807731946141237245e+01
1.259005562751444813e+02
1.014080821639566921e+02
1.042147703766915043e+02
1.135660582382527366e+02
9.875517559291149894e+01
1.128097967393305510e+02
1.238309198596041938e+02
1.144702476541940257e+02
8.768477287874500803e+01
9.554898246514883908e+01
1.075594444188788827e+02
1.310195953448427417e+02
8.439170394710545509e+01
1.109275471654274838e+02
5.741278340582348960e+01
1.451511290951707736e+02
1.005923914322613939e+02
1.140925023537883050e+02
1.141284977573959623e+02
1.105220153702413910e+02
1.149516220057117977e+02
1.044137285904538857e+02
1.053480128121040593e+02
1.066681257613419405e+02
9.842917981115844839e+01
1.219585945863541241e+02
1.015356550017405226e+02
1.018982998766464760e+02
1.066491884954803027e+02
1.228333508901635298e+02
1.073656709259120845e+02
1.116453521576741679e+02
1.109619671798198652e+02
9.882469135396870286e+01
1.124181908298780996e+02
1.148513692222607432e+02
9.514661435845643211e+01
9.420551789562249212e+01
1.399820250616649275e+02
1.282618547489431080e+02
1.251664167634377520e+02
1.103563657108671663e+02
1.204612313658439149e+02
1.011933616527916655e+02
1.207494188660830901e+02
1.097276722429429014e+02
9.952823313423327534e+01
1.065425588870275675e+02
1.026622773725105873e+02
1.180900274568646324e+02
1.308660426794351679e+02
1.025435003021148930e+02
1.041522670301876303e+02
1.007530013661413477e+02
1.089000025941207355e+02
1.077935629185875683e+02
9.718581829273949779e+01
1.274295989520780239e+02
1.028240250298359655e+02
1.191475179687894723e+02
1.009195474790148239e+02
1.055805405854758163e+02
1.034817909629811226e+02
1.134511539085324046e+02
1.122447124389669426e+02
1.061234859744666181e+02
1.064583060770060712e+02
1.140359904767477417e+02
1.029335426623254648e+02
1.225136283760474498e+02
1.093150028080954144e+02
9.502959037644427553e+01
1.121206500054407371e+02
1.132502497172676783e+02
1.264671108641975650e+02
1.310058371950399021e+02
1.024818789852566852e+02
1.122370718795584992e+02
1.165885667537505270e+02
1.081784373616668802e+02
1.208438811869059748e+02
1.048279333743533215e+02
9.168697685092516281e+01
1.081514359746101661e+02
9.904203517452639005e+01
1.038037904541963030e+02
1.443569730913855267e+02
9.076313284313584973e+01
1.323344438916990669e+02
8.990630223767105633e+01
1.238967979057220816e+02
1.003721987573864141e+02
1.114665442260887716e+02
1.129992908029229284e+02
1.077989373972572338e+02
1.041119615247013286e+02
1.276409960845904834e+02
9.972074502070546487e+01
1.007086095000776993e+02
1.114696742387309882e+02
1.100836239372198406e+02
1.119870895608988803e+02
1.170173427410571492e+02
8.570514195117759471e+01
1.186642790592345733e+02
1.501763046315258521e+02
1.006908992425689888e+02
1.077465046285883830e+02
9.532417447123256693e+01
8.690223109701170756e+01
1.163745498950780899e+02
1.224796071167362186e+02
1.091483235475532467e+02
1.010020056882589188e+02
1.066892195967327694e+02
9.995849505420558501e+01
1.180086952072044539e+02
1.106409125174770480e+02
1.128630784442714088e+02
9.099926142515643335e+01
1.011037057707715690e+02
1.152635745512564256e+02
1.258067388058193217e+02
1.196696975329302859e+02
9.659177806470719929e+01
1.251954513894089018e+02
1.083036810280918729e+02
9.533887534282582976e+01
1.116092736110344106e+02
9.331817713913561363e+01
1.116710859064977228e+02
1.075708633919141022e+02
1.036372962326129539e+02
1.070589533969538252e+02
1.044685165798248079e+02
1.217134988127759669e+02
1.322934820607488291e+02
8.499356322656380769e+01
1.206016599566258947e+02
1.243955427179399891e+02
1.116467880141368312e+02
8.755972247779115492e+01
9.177527828247794162e+01
1.143131312547277361e+02
1.023887801701988565e+02
1.033297299525209212e+02
9.817252247817475563e+01
1.236337510624084786e+02
1.042809450535259828e+02
1.041005859227629742e+02
9.993000007463274414e+01
1.141064201258416375e+02
1.098695475779322237e+02
9.656808913109152570e+01
1.072636730806192702e+02
1.076494310721156467e+02
1.067979684932044933e+02
1.161054220085785573e+02
1.196688968021960875e+02
9.839705140169220954e+01
9.861682919938120051e+01
1.014640894713392072e+02
1.158612618093954296e+02
1.174296081964915572e+02
1.186824645051365792e+02
1.141450357234003263e+02
1.084618762739608258e+02
1.070184319273587761e+02
8.340056398900298973e+01
1.289497863371347535e+02
1.111314965853363645e+02
1.182310336011110792e+02
1.012836847308164465e+02
1.022425224831373498e+02
1.163146174821033867e+02
9.557674635119560946e+01
9.401433274534454654e+01
1.358374480173694963e+02
1.136434505752057760e+02
1.168552065125196009e+02
9.805518540077525813e+01
1.033330754759836481e+02
1.287219122632032509e+02
1.046864835768522113e+02
1.019853344089800515e+02
8.332800562713572390e+01
1.097007043835349691e+02
9.831523830681008747e+01
1.350210501282186328e+02
1.045562963708317739e+02
1.151660879454029924e+02
9.827161675763220217e+01
1.211511403209990334e+02
1.156292615661313476e+02
9.985482032302422795e+01
1.031199343302418896e+02
1.137220596642215611e+02
1.002853875169957263e+02
1.004718969332943033e+02
1.160484048122600882e+02
1.302355491061466921e+02
1.085841510676849708e+02
1.018128756997391662e+02
1.002727960106209935e+02
1.322854045158388772e+02
1.127231526450324282e+02
1.084512365073162812e+02
8.537368524816798754e+01
1.069456227883196391e+02
9.784171083542730685e+01
1.085831796844363026e+02
1.113647353606448576e+02
1.304617540355687879e+02
9.728404075934126638e+01
1.101577099880726394e+02
1.019236154705832860e+02
9.586660251776386588e+01
1.025806052763392842e+02
1.090381674181816152e+02
1.191748749056132226e+02
1.322642086179193370e+02
1.034190338965851339e+02
1.044718761294536478e+02
8.361318872343136377e+01
1.004201724635041728e+02
1.161420191622403735e+02
1.089365149318330594e+02
9.713719726508715269e+01
1.140842211511949102e+02
1.182448490776923080e+02
1.070118293923473232e+02
1.135107488285569275e+02
9.970239482482320170e+01
1.193158123111302444e+02
1.141621703952836668e+02
1.014842397878039577e+02
9.814421377969335936e+01
9.771921299736514754e+01
9.831970627925203132e+01
1.060352070695460895e+02
9.526807244505356209e+01
1.003590645208874435e+02
1.047695125068625401e+02
1.175222871711196007e+02
1.280033927211327125e+02
1.114036971555179463e+02
1.072380554704024433e+02
1.127046515927674051e+02
9.722044573380320287e+01
1.209275314211366066e+02
1.050140014344953272e+02
1.024452497567632037e+02
1.092776672965929237e+02
1.044243521627435598e+02
1.072702807346311999e+02
1.144565183343981971e+02
1.030529673880736112e+02
1.061743891809133657e+02
1.098645247033165759e+02
1.157641844083969715e+02
1.076746785302151750e+02
1.074563964450926079e+02
1.043971553388305864e+02
1.163492819847456019e+02
1.163190625920642987e+02
9.737443991348858674e+01
1.101879211547463058e+02
1.031879656853362519e+02
1.118486169912606982e+02
1.098281287837549627e+02
1.272576005509523469e+02
1.111026289901500377e+02
9.568884479539840981e+01
1.112296659508387506e+02
1.004394015212347284e+02
9.489437857396038112e+01
1.149966960890286032e+02
1.116992783091825032e+02
1.038155976728237704e+02
1.161021820775177815e+02
1.137985067079611383e+02
9.616680354199648662e+01
1.131433359757663624e+02
1.173488551408184009e+02
9.753267059785633819e+01
1.069929130445280947e+02
1.098607811283330733e+02
1.156942551685726102e+02
1.061659195598705168e+02
1.185217942234673529e+02
1.360811295170134940e+02
1.085999175141236464e+02
1.069568499856655563e+02
1.032960408510261061e+02
9.234026507356473701e+01
1.054927761721294672e+02
1.022670792944471287e+02
8.268677143596329415e+01
9.572329941332930048e+01
1.445786056441039875e+02
1.075664332163796644e+02
1.067587158488148589e+02
1.023765952587107648e+02
1.094477318945235425e+02
1.251971720205437464e+02
1.098491231739163112e+02
1.011147561633540022e+02
1.077586321606002571e+02
1.138536868376838385e+02
1.096619828134955981e+02
9.494695283730246160e+01
1.072907073509597495e+02
1.107171732384161515e+02
1.202012018985468416e+02
9.757883278492752765e+01
1.107101196560430907e+02
1.065135322276443048e+02
1.140415240523094695e+02
1.132273172377403228e+02
1.133563365683605610e+02
1.115266016096992985e+02
1.111972452013276182e+02
1.234593268313030450e+02
1.037540032329392403e+02
1.004175195486149050e+02
1.043759483680111657e+02
1.095889949380207185e+02
1.192567627582728136e+02
1.134590895135728204e+02
1.089708310107099152e+02
1.021035304824291927e+02
1.019382624310970158e+02
9.638753107783820440e+01
1.097558553056669126e+02
1.108420134268711479e+02
1.088335931582882381e+02
1.189150183262483012e+02
1.110690742258117893e+02
1.091704634136234517e+02
1.045633279515895282e+02
1.007733988484855985e+02
1.167596546654702223e+02
1.132458061101324347e+02
1.107010905566313141e+02
1.008240453431934895e+02
1.130040066273983541e+02
1.048832979959854583e+02
1.013361069659409850e+02
1.289108790422363597e+02
1.078242066300082200e+02
1.087088943152458000e+02
1.014043704842355282e+02
1.360907008710842092e+02
1.117479581450824071e+02
1.008751375351659334e+02
9.670666234691343277e+01
1.070719849280403508e+02
1.024892621813664988e+02
1.136442959754725877e+02
1.103945905296886281e+02
1.002807490360213762e+02
1.223406909393745394e+02
1.100629496213629892e+02
1.095545677354696465e+02
1.135193534932740533e+02
1.030244453742739665e+02
1.224760942189015651e+02
9.593633499754446348e+01
1.231358521180341654e+02
1.018258227605537058e+02
9.600958977808565464e+01
1.109552372215485576e+02
1.045188672522908320e+02
1.208962212568709589e+02
1.087915451688825215e+02
8.607559976938283341e+01
1.160309910149485972e+02
1.208508924554648445e+02
1.032144190500381171e+02
1.211413146154320941e+02
1.226831922720704000e+02
9.465554374289266093e+01
1.264515902499921793e+02
8.619843248219004295e+01
9.280660997858947781e+01
1.294054508493379956e+02
1.032262104519132890e+02
1.108595152069592444e+02
1.093383083573169046e+02
1.067813212388512767e+02
1.008179616638629881e+02
1.234186989946219626e+02
1.033687896432608966e+02
1.234835695796043780e+02
1.042310374918444040e+02
1.328695248425903799e+02
1.079167165375214523e+02
1.076579072339659291e+02
1.088377698577434955e+02
9.379507824028104324e+01
1.001433702373393828e+02
1.161567309239464265e+02
8.956184770823952590e+01
1.161094834074032036e+02
1.192697085727128155e+02
1.134052468792496029e+02
9.922501098276640619e+01
1.174789120010225787e+02
9.955867101370461114e+01
1.146203103540388355e+02
1.138342708342397742e+02
1.154838412377632011e+02
1.017101643241068274e+02
1.111006762322246004e+02
9.809331231869568057e+01
1.158774564577533255e+02
1.209280602084402716e+02
1.194771133886632555e+02
9.463497087250340201e+01
9.664682173518441743e+01
1.041456803322269593e+02
1.109701722594263487e+02
1.124799426488743990e+02
1.311399599831514990e+02
1.039285095360622506e+02
1.178451744140313053e+02
9.519026551249667989e+01
1.033656028473785824e+02
1.025898085897317600e+02
1.377942627443125048e+02
9.841592721549888267e+01
1.217520961344642672e+02
1.145188596526261051e+02
1.223884873385559189e+02
9.315761890351816987e+01
1.035796014604874102e+02
1.201171183663219182e+02
1.022230622475081816e+02
1.155705691151001702e+02
8.959712196231313897e+01
9.476566074240430737e+01
1.003432117450409038e+02
9.722143378401491987e+01
1.079908555395521432e+02
1.337984823006378008e+02
1.133578101582792499e+02
1.207607983160688434e+02
9.747947451306693267e+01
1.056035366180541075e+02
9.385933198713341596e+01
1.185896574574989728e+02
1.188815199571436949e+02
1.253336755805209464e+02
1.101819363289620668e+02
1.019216473151824118e+02
1.115150451075452906e+02
1.096284694560690127e+02
9.280515999148573769e+01
1.276793589990547986e+02
1.072153506448775886e+02
1.081712775598673630e+02
1.078192897186769699e+02
9.284482755511936602e+01
1.122590196830388578e+02
1.222579172800518421e+02
1.263414012207680486e+02
1.016542474016103057e+02
1.097496533339566298e+02
9.563875940858636682e+01
8.453028787296494784e+01
1.094731868267699610e+02
1.173344752446102461e+02
9.962310402674366117e+01
1.007799194706491619e+02
1.270436696910398382e+02
1.036860866702647996e+02
1.239284828842075825e+02
1.020530144840599007e+02
1.073930320585899807e+02
1.009705913899927907e+02
1.088443008496885653e+02
1.134540885973336941e+02
1.019240260576731458e+02
1.091916856169106751e+02
1.021294825148533221e+02
1.205406838407062367e+02
1.130282637457297170e+02
1.047382170924646658e+02
1.060896620512341144e+02
1.029139516846247062e+02
1.085968302645085828e+02
9.124132315195194565e+01
9.725374943065442324e+01
1.148744472562943741e+02
1.053449804385551118e+02
1.198911322724388526e+02
1.219690034083530463e+02
1.069668105216057086e+02
1.158634627259533261e+02
9.893179261084165432e+01
1.210160895106236438e+02
1.081478097029241212e+02
1.032542422983059822e+02
1.339616465842277080e+02
1.153243338662115605e+02
1.001977995366189162e+02
1.034785481557843667e+02
1.009953144299696106e+02
9.379075894447156259e+01
1.175294055252911249e+02
1.064513865844827194e+02
1.086616567594072364e+02
9.719790990699142696e+01
1.178884268144808232e+02
1.073604732063982681e+02
1.065117282412828388e+02
9.490523531331203344e+01
1.163973912355162526e+02
1.107388339742870471e+02
1.248720409503346218e+02
9.873449079684920093e+01
1.177927659047592783e+02
9.979564235246580495e+01
1.168563796031731528e+02
9.748982135263887017e+01
1.072898512133799613e+02
1.161206659372010108e+02
8.833837573844446922e+01
1.205561493450254176e+02
1.143270726643452235e+02
1.108501607801153028e+02
1.241487845937719214e+02
1.002276677820615021e+02
1.235376542768392767e+02
1.152719971806870234e+02
1.111663995757148342e+02
9.718594900877336329e+01
1.058417132399374765e+02
1.008492602254472530e+02
1.114535996706903092e+02
1.084737305100420599e+02
1.016360888104369025e+02
9.974462183404722282e+01
1.159971700386607836e+02
1.055125915863907835e+02
1.233172793318651514e+02
1.237159227797055934e+02
1.086857642509323369e+02
1.054120877409485928e+02
1.399101261881287428e+02
8.549070388206808957e+01
9.461734020080359642e+01
1.265411638895848228e+02
9.824974375871580889e+01
1.051633420455986965e+02
1.045207559073948715e+02
1.100563775573859147e+02
1.121052328851061617e+02
1.172831310999690260e+02
1.074588947332285187e+02
1.086334639821592134e+02
1.017145657414983049e+02
1.209704630695674581e+02
9.758450287943324497e+01
1.147640581577592513e+02
1.057405616984887899e+02
1.040145457848828414e+02
1.076873276337916110e+02
9.452080375074774565e+01
1.302495936182499179e+02
1.035995983127478013e+02
1.043427498023965398e+02
1.349292326730003424e+02
1.042824547667514992e+02
9.910860307955678650e+01
1.314847883682993199e+02
1.333919113601930917e+02
9.428594896383519597e+01
9.956473322041195217e+01
1.005908215808587300e+02
1.067258780348687992e+02
9.869276337786277509e+01
1.221513267830377458e+02
1.039239047507771971e+02
1.204499051848070934e+02
1.073733214262947229e+02
1.200238894564235324e+02
1.188916748989560830e+02
1.169259035795290913e+02
1.059861374836119552e+02
8.596217313222075518e+01
1.285188491928018948e+02
1.163138833869262641e+02
1.012236695728855267e+02
9.584591113053764388e+01
1.145348685772620172e+02
9.644035379411170084e+01
1.153179826634541030e+02
1.081005160362199717e+02
1.032344694904332556e+02
1.045796823635267572e+02
1.127565222196471666e+02
1.130346564035529298e+02
1.425474538761876602e+02
1.042465566992475630e+02
1.027819656369524637e+02
9.374871220479927558e+01
1.060809715888680813e+02
1.000266864407977607e+02
1.301622436029009293e+02
9.286253025604347044e+01
1.060625906722718099e+02
1.169342765395477812e+02
9.648122020116862529e+01
1.151052313097939788e+02
1.194038257594296226e+02
1.106523565195256253e+02
1.038152544937662896e+02
1.130125770697404874e+02
1.142300235085873794e+02
1.084644594897188057e+02
1.066588539308774131e+02
1.114379465921730343e+02
1.185230360486129229e+02
1.006931421973415439e+02
1.072942085937759202e+02
1.245158565161555941e+02
9.423685453263080092e+01
1.001336116582774736e+02
1.042100036159931875e+02
1.100736887384648810e+02
1.194512808062880396e+02
1.018436469722145148e+02
1.160610058863260434e+02
1.167693119505172064e+02
1.149153851061521578e+02
8.051745712060292703e+01
1.055019730659640089e+02
1.191090213682309980e+02
1.174497308626251311e+02
1.093211482960220735e+02
1.098840309003155511e+02
9.522892697722363664e+01
1.013018957053922691e+02
1.007477572300627742e+02
1.228891466342512757e+02
1.000809594624411858e+02
1.178715265441493898e+02
1.104636853629971824e+02
1.086660989824978429e+02
1.232068044881849147e+02
1.320704743292582748e+02
8.517397843806610069e+01
9.148312014971189399e+01
1.008635928868003901e+02
9.867645970245031606e+01
1.050393835128537603e+02
1.126675674001745335e+02
1.291410940269679770e+02
1.077987527086076085e+02
1.034309231434752689e+02
9.887156090156292976e+01
1.151047764918884724e+02
1.067254541044510319e+02
1.171429750534998107e+02
1.109793397184661217e+02
9.978145505120802738e+01
1.066689365412707815e+02
9.722607999296734249e+01
1.251634055700662174e+02
1.315845769416573319e+02
1.125238591403891206e+02
1.063802422558393772e+02
8.620721335827725795e+01
1.149025486692958253e+02
9.804571404045341865e+01
1.260939117684314965e+02
9.823529646872813714e+01
1.054207278188616925e+02
1.110595602686375969e+02
1.024436888164147206e+02
1.139744605586901116e+02
1.025595324079496180e+02
1.072386420959798272e+02
1.065362688229886601e+02
1.095517757880960090e+02
1.178596344623722700e+02
1.121075981143148681e+02
9.532208208087675416e+01
1.212576091260956588e+02
1.075669988773729528e+02
1.096960080695100856e+02
1.235903623558135109e+02
1.083248920125603121e+02
9.871855431681751725e+01
1.017208795443338971e+02
1.160706352506972934e+02
8.909238877320672145e+01
1.010778130594550817e+02
1.104414590884452707e+02
1.345386493234498744e+02
1.075893109634995852e+02
1.188544096841300046e+02
9.792311443173497310e+01
9.886826086012780479e+01
1.284148202151264684e+02
1.069150193999457343e+02
1.255261525883214802e+02
1.061891787247156316e+02
1.095449380187562127e+02
1.059326185647877026e+02
1.091433185308714968e+02
9.644169842887565380e+01
1.242969223216741739e+02
1.113658489389546844e+02
9.851294147945498025e+01
1.084359237838553724e+02
1.068010600984863032e+02
1.053130185999335851e+02
1.048184260494829232e+02
1.031998455538567043e+02
9.671244489074345552e+01
1.244979892971151827e+02
1.182837919652280902e+02
1.046068509303406699e+02
1.059794410967328844e+02
1.083245859991119033e+02
1.140230686211438069e+02
9.551777905584360440e+01
1.015636882397205056e+02
1.048633467250631810e+02
1.242832055939136779e+02
1.162825405921542625e+02
1.097200396564737730e+02
1.224260650406988447e+02
8.973450003852173040e+01
1.131207644355492619e+02
1.043979488656218422e+02
1.134675040209999253e+02
1.097126666456641857e+02
1.302894126695537693e+02
1.128655801050985303e+02
1.004178019441505256e+02
9.441223920501118982e+01
1.087828668564682175e+02
1.093938852176021186e+02
1.153945927148924540e+02
1.083708500573181084e+02
1.229802773865644525e+02
1.095873899069826507e+02
1.109093396991087275e+02
1.040935272294246232e+02
1.100112997108979442e+02
1.080235067898699839e+02
1.094536561182491141e+02
1.136858358247345251e+02
1.171763535715247571e+02
1.000617160627174513e+02
1.083391637413704416e+02
1.246235811739543067e+02
1.069022264058306178e+02
1.084541906215543747e+02
1.060792488233021800e+02
9.012013631186752605e+01
1.158592740768306015e+02
1.153471418642520092e+02
1.141864925893773233e+02
1.128749839956013261e+02
1.110948854821394605e+02
1.152647073527364370e+02
1.067197223583901859e+02
1.061566225791552256e+02
1.160196627031546655e+02
1.015130831488447001e+02
9.382370171696958039e+01
1.101339260400385172e+02
1.153379951042191607e+02
1.165533697014768251e+02
1.172392788864727322e+02
1.039656487714549229e+02
9.294226439868938883e+01
1.033146052556612489e+02
1.040732316836877942e+02
9.707228174583822522e+01
1.277945750094448130e+02
1.121889119425405710e+02
1.077406608986533030e+02
1.044583567518538842e+02
1.050725928850543340e+02
1.154305307543754111e+02
1.072632116759457261e+02
1.151071768994439424e+02
1.138207251656963166e+02
1.088768225579586471e+02
9.458196890625514186e+01
1.037592134906573023e+02
1.077368050640733657e+02
1.097513467672710590e+02
1.113299791688578324e+02
9.719185469303985769e+01
1.249101596350582639e+02
1.041192274637894997e+02
1.264327523826928967e+02
1.202565775700219177e+02
1.036307927693690800e+02
9.757742685109806757e+01
1.001153477727746122e+02
1.131620051140067744e+02
1.020426414673415252e+02
1.138310645127034633e+02
1.112833501571626726e+02
1.216916827922581490e+02
1.158955626648754134e+02
1.081722723251064622e+02
1.109632627459917131e+02
1.052977577298888718e+02
1.018326310297903774e+02
1.117668838713055237e+02
1.185583362410416299e+02
1.051338780839810312e+02
1.063412906630716321e+02
1.139849107703771978e+02
1.066983348737609134e+02
1.199766636378201667e+02
1.037678188030324833e+02
1.232482341327339981e+02
8.973284957292034392e+01
9.733786679711107581e+01
1.098923904953060315e+02
1.267064574272846329e+02
9.347394605007204405e+01
1.155179037748154229e+02
1.007287765481419655e+02
1.107237115498369491e+02
1.087776923929324937e+02
1.012763351145360389e+02
1.205640587367438172e+02
9.085183178831107398e+01
9.841435630990939387e+01
1.210149095871425118e+02
1.277806958623446150e+02
1.133069947441888274e+02
1.059479896593482664e+02
8.772598142638211982e+01
1.155410742076354040e+02
1.025823974880157863e+02
1.054865610852068727e+02
1.027975100848578194e+02
9.474260511844558152e+01
1.158805903630391043e+02
1.053675647862115596e+02
1.280524555720438116e+02
8.282816866861502092e+01
1.369524788667445705e+02
1.061570807056508272e+02
1.110929090260972458e+02
1.176654094231001011e+02
1.025129170031495534e+02
1.152535805941062819e+02
9.341767818269700285e+01
1.070972180376457032e+02
1.192488977808343407e+02
9.844878969315709583e+01
1.221900079420258578e+02
1.130355772115947275e+02
1.200941956588208370e+02
1.006618692101508259e+02
1.105660307450586259e+02
1.032216743010201441e+02
1.113499600806013490e+02
1.097394443503935690e+02
1.151028427852776304e+02
1.045732444249101434e+02
1.053376096855845390e+02
1.103790462984854486e+02
1.151510628984429019e+02
1.053256958903247664e+02
1.175106859282027756e+02
1.164422909530074861e+02
9.385539000370235385e+01
1.084466492885906490e+02
1.249685009461098986e+02
9.348983774617998677e+01
9.806513563278242884e+01
9.672804914448707336e+01
1.224155104828247147e+02
1.108934910433060850e+02
1.005346587342515505e+02
1.104245225275700051e+02
1.090276197345284004e+02
1.054791365183612015e+02
1.204279200838258390e+02
1.083191988868884152e+02
1.008112009022615467e+02
1.252343662134752975e+02
1.070045003315559882e+02
9.874183548066996252e+01
1.156456550969088539e+02
1.208350735260598015e+02
9.967696039071009295e+01
1.033798297289983736e+02
1.203678883351250306e+02
1.039599609461922824e+02
1.069270032996617203e+02
9.481954027598892765e+01
1.370116149053219772e+02
8.955843190944992216e+01
1.085911920238125958e+02
1.235145091340732506e+02
1.092617228602725987e+02
9.364433839477251809e+01
1.290727113037016238e+02
1.159434044455799011e+02
1.115941449342522560e+02
1.040119419423804459e+02
1.277723819353560373e+02
1.119635283193267128e+02
1.005867322877448373e+02
1.003269625108950720e+02
1.182290303322520231e+02
8.747632914317597397e+01
1.069883744814591040e+02
1.179313076414551062e+02
1.083172517183841137e+02
1.164865050445247903e+02
1.000218401905984109e+02
1.198849432618533086e+02
1.081977089789976816e+02
1.047636579991297197e+02
1.227129999198140808e+02
1.025668280507523633e+02
1.123246134033223029e+02
1.178628153375645127e+02
1.069817267927573710e+02
1.127258611928189538e+02
9.980718006219312599e+01
1.049995676651798959e+02
1.048095271591471942e+02
9.503934067717680989e+01
1.297379819699870893e+02
1.039719523416381577e+02
1.168053430493430653e+02
1.084818549376007013e+02
1.132554671394696300e+02
1.146110334639952555e+02
1.000700573392345660e+02
1.300432127334429424e+02
1.010082254174851499e+02
1.154442218126530122e+02
9.379078412838673273e+01
1.121716725914530315e+02
1.127690152428398704e+02
1.171627156643020840e+02
1.099670755668243771e+02
1.101659900901416620e+02
1.275562723642437817e+02
1.075546260820139537e+02
9.109240056921299811e+01
9.519713744896340302e+01
1.198555246159431533e+02
1.168875797901394549e+02
1.009700067881682912e+02
1.083509574885437274e+02
1.122538294996442261e+02
1.131521474994099776e+02
1.010918804974182450e+02
1.193947246655507968e+02
1.120190836872158542e+02
9.739885608785148463e+01
9.676258190765923928e+01
1.024698705203406064e+02
1.217621580804984802e+02
1.233459091444272531e+02
1.106740224707773024e+02
1.097224665300765452e+02
1.041339657673617722e+02
1.249858766037825148e+02
1.053935513220468749e+02
9.916549648712648946e+01
1.106034740048183096e+02
1.163956659750263896e+02
1.092059046592648741e+02
9.978483556585803171e+01
9.699212439453859247e+01
1.210508313319677853e+02
1.048819143258826045e+02
1.052389320794509899e+02
1.101483343583445986e+02
1.309449195177882359e+02
1.150149808015570443e+02
1.121621018663322360e+02
9.403721175603465099e+01
9.587086022829073784e+01
1.047108021232486550e+02
9.800651461020834176e+01
1.003327759879510523e+02
1.001047956310695071e+02
1.069486427061984131e+02
1.012739340815155771e+02
1.421774809298713080e+02
1.056705133293756660e+02
1.066508828905495960e+02
1.235517179146033584e+02
9.704526122790139198e+01
1.150143256075838281e+02
1.053477763668751095e+02
1.145479470111705638e+02
9.636480737244586692e+01
1.113432193222503344e+02
1.071107005238144581e+02
1.089687246749491578e+02
1.182329239843218858e+02
1.138120633868607001e+02
1.148759067919846046e+02
9.736696319101305619e+01
1.224461599002101764e+02
8.607674844763636202e+01
1.150350690692635567e+02
1.065126941374099943e+02
1.045360592139585236e+02
1.224881005496222457e+02
1.093680261360316024e+02
1.047104311772618246e+02
1.110519598283388802e+02
1.164898105599027218e+02
1.107593190953367781e+02
1.042370676404805607e+02
1.180564068208693840e+02
1.191793929303383521e+02
9.022784189987272896e+01
1.064876570260991571e+02
1.066899374598819747e+02
1.150231413598346251e+02
1.000822247640693945e+02
1.260759307255747501e+02
1.099746910132167841e+02
1.074646970074921342e+02
1.179596239789405558e+02
9.668652217646661029e+01
1.124285180684240260e+02
1.483437587780100841e+02
8.631507617964670942e+01
8.264863064791791203e+01
1.223053775691921885e+02
1.096436213725781812e+02
1.299251330520589249e+02
9.560694648791120187e+01
1.026619270949628060e+02
1.281152177402001939e+02
8.267377222799105141e+01
1.269783153893616685e+02
9.141030761426031859e+01
1.049024484425783612e+02
9.823511266111691498e+01
1.027852007301158466e+02
9.987972338381618442e+01
1.089291978382533870e+02
1.106441702259313331e+02
1.204885889250948168e+02
1.116675642261537149e+02
9.166065904329546754e+01
1.032302076862950315e+02
1.098969454172033977e+02
1.206305441714691966e+02
1.153008707026701529e+02
1.125287868019984217e+02
1.048976238782672539e+02
1.215811686557651683e+02
1.068759789329365759e+02
1.173433534189739191e+02
1.144836262840989747e+02
1.106802758799774722e+02
8.849449605130799057e+01
1.165939773488127003e+02
1.070461526173122877e+02
1.057257667284262510e+02
9.634694430942073495e+01
9.762119697204404645e+01
1.308048814065329282e+02
9.926077705307415044e+01
1.209697823263635996e+02
1.299653316181763500e+02
9.880026271070600785e+01
1.146285737845353623e+02
9.873140405540878817e+01
1.037214418167052514e+02
1.062793807988962129e+02
1.232787008029492597e+02
1.104326528752968386e+02
1.118885729289641944e+02
1.003061667986497412e+02
1.103731924890993383e+02
1.298686989171853554e+02
1.132711562227617463e+02
1.088690356563639057e+02
9.451685333510579312e+01
1.021368409780943551e+02
1.461424173673025564e+02
1.072078917448930895e+02
8.909374014028236388e+01
9.312076018633086960e+01
1.150790127062441002e+02
1.250100398573713960e+02
1.272664172776435976e+02
1.009211072974500070e+02
1.343498578890167607e+02
1.082588771412840032e+02
6.350492016367537218e+01
1.129693685444419629e+02
1.199479345085916293e+02
1.059905717247316090e+02
1.017217281411179499e+02
1.045278208103187723e+02
1.091704398753968661e+02
1.030994092031921241e+02
1.088112621850596895e+02
1.267286075087821615e+02
1.129875582305681974e+02
1.102688756362248625e+02
1.024410043778615744e+02
1.193448930594155968e+02
9.896928010859802782e+01
1.109199613627434076e+02
1.097296725604752083e+02
9.716736578838364835e+01
1.118872961189234587e+02
1.103525103742158251e+02
1.088538706836326782e+02
1.129091579040903355e+02
9.392624337545821334e+01
1.249945623819698142e+02
1.024616049330788883e+02
9.703946827012232745e+01
8.911582312925105498e+01
1.051268926638326064e+02
1.200055080027806298e+02
1.248017301868706852e+02
1.103697241059790457e+02
1.118651522878129043e+02
1.132587679215892820e+02
1.065204499870857688e+02
9.245714413586675562e+01
1.125069903962632765e+02
1.198345816750513819e+02
1.149745345508769958e+02
1.169595161406733581e+02
9.364790850780748599e+01
1.191747852933269911e+02
1.019531438697618455e+02
1.041090310549357270e+02
1.118356942979530544e+02
1.023228330810147924e+02
1.058516040070850579e+02
1.022579887002547849e+02
1.105299821031526477e+02
1.237701432573628466e+02
1.106790381493788971e+02
1.051413632839556414e+02
1.246162322626907866e+02
1.089091068360182675e+02
1.015100842052164580e+02
1.052829062659593404e+02
9.922746852454578459e+01
1.253792652160972665e+02
1.170215499858935431e+02
9.576681217769039733e+01
1.124545409355765742e+02
1.044854688767397022e+02
9.122358210726412153e+01
1.020832754959138668e+02
1.232492173218525693e+02
1.054853296262454307e+02
1.143797617436833889e+02
1.165364294790171584e+02
1.128272301920270309e+02
9.910428049258713656e+01
1.276541478853684737e+02
1.093028587045736941e+02
9.984317207823194451e+01
1.074623791178454439e+02
1.060229458193243488e+02
1.213456050642010524e+02
1.044163325619396119e+02
1.324335557650621809e+02
1.247012160315957630e+02
1.068975774067626077e+02
1.058407378883225078e+02
1.083492995894960131e+02
9.600005564497044475e+01
1.151173621287479847e+02
1.103997774197870427e+02
9.603994062487019789e+01
1.254742027592375706e+02
1.041801184665555979e+02
1.118537727490194698e+02
1.052488114070448120e+02
1.010600685598899986e+02
1.151215897327789008e+02
1.133071669069698828e+02
1.021869966076095579e+02
1.166964933432094824e+02
1.080980578679706241e+02
9.848065138670934004e+01
1.083799463104623726e+02
1.166454238415207101e+02
1.317626084584061914e+02
1.004689629103092301e+02
1.020070225990919539e+02
