-5.442020841479582316e+00
-5.394948390936775695e+00
-5.324513246372786668e+00
-5.137930755499313662e+00
-5.464719091023546582e+00
-5.468393956742085393e+00
-5.507776369989029419e+00
-5.485314940338235523e+00
-5.502643594590800546e+00
-5.515958230152181230e+00
-5.510742323945167165e+00
-5.473852038564135825e+00
-5.116674076269303484e+00
-5.137272047940437680e+00
-5.121924508365072626e+00
-5.131102484341921510e+00
-5.146352619321168831e+00
-5.141865370836942617e+00
-5.128095576955582935e+00
-5.132318072109771201e+00
-5.160526718475963115e+00
-5.162047274765218852e+00
-5.135108575353716454e+00
-5.399786395000110595e+00
-5.436091157775160276e+00
-5.480485157240377880e+00
-5.518019837526504823e+00
-5.066638031487843641e+00
-5.414743977762596749e+00
-5.436996323745689530e+00
-5.370586850143800994e+00
-5.331850021635667680e+00
-5.393309279693342617e+00
-5.161317361891871514e+00
-5.432743199424810321e+00
-5.450729143975161506e+00
-5.418912785262940623e+00
-5.124083768962008456e+00
-5.507899520424715867e+00
-5.554827593394575658e+00
-5.725994760899195235e+00
-5.425225369563417388e+00
-5.525818982731498963e+00
-5.701527163083702554e+00
-5.525019702030752988e+00
-5.549219185886105521e+00
-5.480502951005814971e+00
-5.535740557451734212e+00
-5.568808467943428653e+00
-5.716576084205278185e+00
-5.483597401931679549e+00
-5.473099077941926183e+00
-5.540344076559676978e+00
-5.591133250220227779e+00
-5.449257191472463902e+00
-5.483507855640147532e+00
-5.503513850789216733e+00
-5.546066029561884214e+00
-5.585637442050312096e+00
-5.666384813389513830e+00
-5.656544142953617182e+00
-5.750547464328303882e+00
-5.748339751885999327e+00
-5.651125556677624395e+00
-5.645170386317765576e+00
-5.631593767526418048e+00
-5.632443630977994609e+00
-5.645818087664035367e+00
-5.672058051946643253e+00
-5.624557629988045981e+00
-5.673459088648568738e+00
-5.630668685469991885e+00
-5.683951315535444415e+00
-5.623918109963265799e+00
-5.652691098116291002e+00
-5.753356938322793823e+00
-5.645814124601144179e+00
-5.632519537533599241e+00
-5.641781607029343171e+00
-5.656894613830333540e+00
-5.640458669869302000e+00
-5.635025555702855016e+00
-5.635326325690768634e+00
-5.628126349373105519e+00
-5.636235794637295626e+00
-5.658012944519924758e+00
-5.644923392916823879e+00
-5.661118364679699866e+00
-5.650228867743043892e+00
-5.732548730234903189e+00
-5.719474457744815332e+00
-5.738780948583512398e+00
-5.658502246096543509e+00
-5.708636314399753608e+00
-5.705402814201251616e+00
-5.718794112414492758e+00
-5.707724253965940520e+00
-5.689598451319456629e+00
-5.521559579022445874e+00
-5.583685648818422997e+00
-5.540187849009131860e+00
-5.571330638219715858e+00
-5.518542994132762836e+00
-5.552877403914861176e+00
-5.519318876911493810e+00
-5.575553981468851283e+00
-5.635165988200854237e+00
-5.530380745489906325e+00
-5.484131810729130585e+00
-5.525731821553955925e+00
-5.542308238105226437e+00
-5.502466652515496826e+00
-5.488432767862752470e+00
-5.545672004765787477e+00
-5.491855216523833683e+00
-5.549076102399637556e+00
-5.538193941010130850e+00
-5.603071720745798068e+00
-5.554951890094402600e+00
-5.550298111774175425e+00
-5.525779978225549449e+00
-5.544718948049674800e+00
-4.746796900979858513e+00
-4.664959204359544032e+00
-4.623340360272838012e+00
-4.826107348159878185e+00
-4.791581439858948244e+00
-4.748091215611348836e+00
-5.063867093400641117e+00
-5.068637534739273143e+00
-5.036871724087624180e+00
-5.096433586716776709e+00
-4.703426754575859903e+00
-4.691761154321990368e+00
-4.613866716860398398e+00
-4.690851753231675580e+00
-4.782311164946431603e+00
-4.659311272727321374e+00
-4.652055504536918740e+00
-4.631032403702324274e+00
-4.622955877974984418e+00
-4.736886564736786376e+00
-4.635979060928804962e+00
-4.624280705204840025e+00
-4.614519386825554292e+00
-4.724023888859647968e+00
-4.716474720687898525e+00
-4.747416283596409770e+00
-5.503387638832909268e+00
-5.452061310257393600e+00
-5.390025044933293152e+00
-5.517641337407277469e+00
-5.667622838829196930e+00
-5.719026585481489455e+00
-5.598610622021476857e+00
-5.152299850135729109e+00
-5.216243011242207572e+00
-5.240828489287800984e+00
-5.758908783020935118e+00
-5.773914870126779952e+00
-5.781776488416495496e+00
-5.735407650246649780e+00
-5.768325441790345565e+00
-5.546659634958283291e+00
-5.522801695440930025e+00
-5.551709647232474509e+00
-5.530149371588136908e+00
-5.545924891543260848e+00
-5.665574262741656320e+00
-5.733793991903837650e+00
-5.293584226314139940e+00
-5.237339161078986116e+00
-5.275734414485272694e+00
-5.305364266279606333e+00
-5.330810599298422936e+00
-5.520857589384197794e+00
-5.300558847598173529e+00
-5.341909652049367629e+00
-5.353621457142624607e+00
-5.346175399163821673e+00
-5.339577533637283047e+00
-5.308483632401174823e+00
-5.320130552125262646e+00
-5.306644131098325445e+00
-5.314290329532443735e+00
-4.721778520131112877e+00
-4.738450298188614518e+00
-4.717118001271431105e+00
-4.724431252767054445e+00
-4.738223535692304367e+00
-4.729496612900098818e+00
-4.711831457764753317e+00
-4.724544863735646416e+00
-4.737947010731923037e+00
-4.724358710969702280e+00
-4.736422039443692000e+00
-4.699263942236052927e+00
-4.693472301051945017e+00
-4.710187838355754053e+00
-4.691572082086183926e+00
-4.706289358940363599e+00
-4.690406723589327420e+00
-4.685555625761919529e+00
-4.696909050233988303e+00
-5.198993333520736115e+00
-5.131478908267528283e+00
-5.145233202420133267e+00
-5.126214136344068528e+00
-5.160339370923928470e+00
-5.171141775849658728e+00
-5.192178362362589006e+00
-5.160957960383581344e+00
-5.162678063288240082e+00
-5.389888986716861119e+00
-5.345671209441682947e+00
-5.330506735797404083e+00
-5.332107538183378459e+00
-5.286998507596013752e+00
-5.403022967075842509e+00
-5.389104999461771683e+00
-5.326631588037201048e+00
-5.294874905422250144e+00
-5.103713912572525935e+00
-5.266634205575508432e+00
-5.237101706184660976e+00
-5.347470887785928717e+00
-5.307571488578988195e+00
-4.882280527485824528e+00
-4.857593535791726147e+00
-4.859663340150447652e+00
-4.871465295982250865e+00
-4.873548448080342155e+00
-4.773364640898773104e+00
-4.719233288761524925e+00
-4.733026871872447749e+00
-4.879697067125019494e+00
-4.876493288226095402e+00
-4.951897239642620185e+00
-5.268107038461796954e+00
-4.921602227126222751e+00
-5.274470982993458179e+00
-5.281695627046850028e+00
-5.203682157975895173e+00
-5.155558045166286796e+00
-4.909833940966921162e+00
-5.201387673966259229e+00
-4.962341291093588680e+00
-5.346579124910970648e+00
-4.948630235292717394e+00
-4.898623557695207964e+00
-5.317705786189687700e+00
-4.940571332195458965e+00
-4.934643533033718832e+00
-4.958781818010362663e+00
-5.251897908023085648e+00
-5.238755633417680357e+00
-5.250370769793752501e+00
-5.227010887507886672e+00
-5.141743531225285047e+00
-5.249485691519154784e+00
-5.248984929956121981e+00
-5.229766649109456544e+00
-5.235857613592352244e+00
-5.118588024533098135e+00
-5.075941651433257817e+00
-5.141186682662794993e+00
-5.140991276782892250e+00
-5.160122428979621922e+00
-5.122991719364730301e+00
-5.259305529484088026e+00
-5.233364498521249075e+00
-5.108920496812253020e+00
-5.143701408450599644e+00
-5.117120990081113874e+00
-5.562077276589567632e+00
-5.555248614067072488e+00
-5.576861923343754412e+00
-5.563688623773356490e+00
-5.576013008273731586e+00
-5.559242022821615947e+00
-5.542599711842070676e+00
-5.568472804443722168e+00
-4.744530522712711473e+00
-4.755545002565783719e+00
-5.084291352403988107e+00
-4.720770622229147229e+00
-4.685842103391242297e+00
-4.744028098086596756e+00
-4.627731889851843583e+00
-4.699633740321912612e+00
-5.681403927196595482e+00
-5.648452090679061399e+00
-5.516945655840127749e+00
-5.568743806770920735e+00
-5.541259476300406384e+00
-5.515845376709975767e+00
-5.543339581442765507e+00
-5.619950054027050612e+00
-5.689540434102775990e+00
-5.672129873155129509e+00
-5.673135873920229777e+00
-5.634805630672290455e+00
-5.650945743032647961e+00
-5.635630872466920849e+00
-5.638938170041889464e+00
-4.767590544956575194e+00
-4.765551919876408249e+00
-4.734092324392728202e+00
-4.739049275649556137e+00
-4.744276743233407423e+00
-4.725373951095411584e+00
-4.739366086694189129e+00
-4.746155025158178553e+00
-4.797317773812590502e+00
-4.798509839409811129e+00
-4.813025981058631331e+00
-4.780232830913602626e+00
-4.793841602089614184e+00
-4.738344807779950152e+00
-4.752729724556934876e+00
-4.820299962343287170e+00
-4.709503114147755021e+00
-4.822153336524087841e+00
-4.844946830669218940e+00
-4.817988117612545196e+00
-4.820018326948328102e+00
-4.756780305041822032e+00
-4.786648944191835398e+00
-4.810840760861447407e+00
-4.793406473129736334e+00
-4.778785016284159859e+00
-4.805903548939143732e+00
-4.830176097590467954e+00
-4.825395570674499091e+00
-4.808898791095270298e+00
-4.821714299780462731e+00
-4.832987476539480909e+00
-4.802922337832464805e+00
-4.817164460293854589e+00
-4.834640333978111215e+00
-4.832178945527655145e+00
-4.851270296860230147e+00
-5.078815808093684936e+00
-5.092754268881604318e+00
-5.077610500809541350e+00
-5.076891813735388226e+00
-5.074629219740917740e+00
-5.092861891644713701e+00
-5.292401371638612240e+00
-5.287593768013879370e+00
-5.285178886190326608e+00
-5.282588880375904239e+00
-5.289372980271391356e+00
-5.288308005711419568e+00
-5.285027687446937961e+00
-5.287331994672783253e+00
-5.282535533713145881e+00
-5.282865444071613403e+00
