-5.441650927855396169e+00
-5.396694033541283630e+00
-5.326130053505532480e+00
-5.138276820540847112e+00
-5.468413742523850374e+00
-5.469694030067794088e+00
-5.509087369064285866e+00
-5.486361238875573143e+00
-5.503303936036028965e+00
-5.515759420524897649e+00
-5.511781037114420911e+00
-5.475997899011071368e+00
-5.116406620718525033e+00
-5.135809243217347664e+00
-5.121210004816128425e+00
-5.131997197804850863e+00
-5.149881603562979748e+00
-5.140169225160851063e+00
-5.129785659431018274e+00
-5.133096604428270204e+00
-5.156177504286554303e+00
-5.161594092626196506e+00
-5.133645502498189295e+00
-5.405283253494330253e+00
-5.438348933535102070e+00
-5.481591077020914859e+00
-5.518228584480621812e+00
-5.064945544862799132e+00
-5.417814848424987062e+00
-5.439250109517955956e+00
-5.373946102277354697e+00
-5.336684308691657996e+00
-5.396317008796894577e+00
-5.160397965770139095e+00
-5.433774692462017164e+00
-5.451118580336022923e+00
-5.422441970882002416e+00
-5.122832030334594222e+00
-5.502373073018287819e+00
-5.549452861765406197e+00
-5.722150400901616862e+00
-5.419428743075656030e+00
-5.521981912957769190e+00
-5.698168398594170014e+00
-5.518991827137575967e+00
-5.545013912493864439e+00
-5.477123018752767969e+00
-5.529949204456543477e+00
-5.565197903221934084e+00
-5.712398062148917433e+00
-5.480402447898668150e+00
-5.468832367475963352e+00
-5.537203085016678017e+00
-5.587528498694132928e+00
-5.445708587763380848e+00
-5.477692712770090289e+00
-5.497052268485131954e+00
-5.542347604959544149e+00
-5.581630992127097457e+00
-5.661990953928471626e+00
-5.652389749093821081e+00
-5.745951575560190427e+00
-5.743462186171763406e+00
-5.646605281129914111e+00
-5.641031327625759317e+00
-5.633758417963877108e+00
-5.633120727925508220e+00
-5.642237070228806495e+00
-5.667637660361552143e+00
-5.627182145848227179e+00
-5.670681082667796247e+00
-5.625971710832794237e+00
-5.681800495378098503e+00
-5.619923710040201748e+00
-5.648931123993457426e+00
-5.749126905566217971e+00
-5.641240035285700394e+00
-5.629519176426255989e+00
-5.638842363131644220e+00
-5.653275744623420529e+00
-5.638893024164071122e+00
-5.630620382250150158e+00
-5.633226631254947492e+00
-5.624118256900021429e+00
-5.632447399487348072e+00
-5.655886032673741681e+00
-5.641011807906126663e+00
-5.659078525673201909e+00
-5.649234758001917101e+00
-5.727267176410687277e+00
-5.714574586016061275e+00
-5.735039918377004220e+00
-5.653602793654365577e+00
-5.704024783195149162e+00
-5.700285823218863790e+00
-5.714176890260399766e+00
-5.703761013649359946e+00
-5.685232368890814847e+00
-5.512333868992949526e+00
-5.578711046432353271e+00
-5.534584779279475342e+00
-5.563673779388318863e+00
-5.509581640392831048e+00
-5.544347206441270437e+00
-5.512635884399579744e+00
-5.567591931374483494e+00
-5.631390040266787800e+00
-5.517251774504863704e+00
-5.471606305572616513e+00
-5.510806028712970317e+00
-5.528416355084829981e+00
-5.499881172323098255e+00
-5.478322860777010028e+00
-5.536418857197796584e+00
-5.483358383702483962e+00
-5.543561994998392528e+00
-5.530324237470007454e+00
-5.596704229580288903e+00
-5.550207564503770286e+00
-5.545152991841373336e+00
-5.515360916821967940e+00
-5.539119144839719233e+00
-4.737231574690134117e+00
-4.667059185921006659e+00
-4.615412928932048686e+00
-4.826010217781585787e+00
-4.789614455188224262e+00
-4.745286500099005877e+00
-5.065326893712826184e+00
-5.073778341750108112e+00
-5.042396370501937675e+00
-5.102569990467945793e+00
-4.711921987626834785e+00
-4.707378281901145378e+00
-4.632412371555155062e+00
-4.698571764193242295e+00
-4.781886377931140686e+00
-4.659407940015993788e+00
-4.651890946732803123e+00
-4.627337432618213064e+00
-4.627053546333176115e+00
-4.741813052504625148e+00
-4.637314632953175142e+00
-4.625269516371165679e+00
-4.614169189344047517e+00
-4.726057938988776463e+00
-4.712392288806211305e+00
-4.747591133006100250e+00
-5.500684456403119427e+00
-5.453697219642419824e+00
-5.390468427551530439e+00
-5.516085524867990308e+00
-5.665401733303855103e+00
-5.716181011727126560e+00
-5.595951900702224258e+00
-5.150343604218930338e+00
-5.216631261438233302e+00
-5.241383333817896784e+00
-5.754685091042813561e+00
-5.770257963118138989e+00
-5.779336824239480919e+00
-5.730362592772734409e+00
-5.764663563754683473e+00
-5.545039712371399254e+00
-5.521880177526597322e+00
-5.550453045046661593e+00
-5.528460868369577064e+00
-5.545446347699733103e+00
-5.662385580786012618e+00
-5.729861949143730371e+00
-5.296847478907017681e+00
-5.237638015638657940e+00
-5.282339934971579609e+00
-5.306187501905505144e+00
-5.336173367693067604e+00
-5.519024767647744412e+00
-5.305275635264440126e+00
-5.345323240808999898e+00
-5.356254830702784631e+00
-5.348584508012148575e+00
-5.342490931172796387e+00
-5.312843057765300081e+00
-5.325943457227965361e+00
-5.309622921995457823e+00
-5.320467977120094893e+00
-4.719424681975334934e+00
-4.736095430917733218e+00
-4.710608984010142386e+00
-4.720709938866931132e+00
-4.732079795213577356e+00
-4.727876141483033479e+00
-4.709534872480450218e+00
-4.726053471627519542e+00
-4.737744697727797494e+00
-4.723859899384849292e+00
-4.733230326761974638e+00
-4.696935354904260507e+00
-4.689540773082758740e+00
-4.714263843258605924e+00
-4.696005770861860107e+00
-4.704980229278977077e+00
-4.690017719154297993e+00
-4.682745217852520625e+00
-4.695202106190569324e+00
-5.200951413667123546e+00
-5.136111791371671842e+00
-5.152265744812628334e+00
-5.134589654571665385e+00
-5.169610683518309990e+00
-5.173661436651136647e+00
-5.198674446786993641e+00
-5.165352310861821117e+00
-5.167270369025401600e+00
-5.389398651535456608e+00
-5.345526251609042490e+00
-5.329503025921148662e+00
-5.331223402251286991e+00
-5.288554489748972465e+00
-5.402926888473945866e+00
-5.389101737944844928e+00
-5.327006822572514899e+00
-5.296070311691909893e+00
-5.103379210873142391e+00
-5.267778439892906839e+00
-5.237759326504360935e+00
-5.347891164087303473e+00
-5.306941423617875131e+00
-4.879773578217911911e+00
-4.853906381630343603e+00
-4.856226227942075369e+00
-4.864033992330238476e+00
-4.870811982806414697e+00
-4.773996630409473418e+00
-4.710064235324818327e+00
-4.723508729595014444e+00
-4.874540468454194198e+00
-4.870420232275536776e+00
-4.950063859883990780e+00
-5.268618223961095026e+00
-4.917357118704794416e+00
-5.274252145331756125e+00
-5.281282356600977224e+00
-5.204279194421882693e+00
-5.160579763668882158e+00
-4.905953954027558517e+00
-5.207698154053599815e+00
-4.960999748367986406e+00
-5.346300849842609892e+00
-4.945575521403059227e+00
-4.896347608216387037e+00
-5.317996300039193436e+00
-4.941251059611463603e+00
-4.930160885213122235e+00
-4.959293435118501847e+00
-5.252633896999717500e+00
-5.241194350915644229e+00
-5.253850453494988137e+00
-5.229433973188521989e+00
-5.139600538254207152e+00
-5.254850215533982905e+00
-5.257766682918878054e+00
-5.241860466355282355e+00
-5.251817006754991191e+00
-5.119316090815701159e+00
-5.075168819614962246e+00
-5.142956742617396770e+00
-5.138256331601968263e+00
-5.160535597547409203e+00
-5.128344188040360407e+00
-5.265271821723041867e+00
-5.243957343381965508e+00
-5.113524615011540320e+00
-5.142190042817714080e+00
-5.117604708756329224e+00
-5.553549527747244419e+00
-5.552410520313119768e+00
-5.570753629060200218e+00
-5.558384078205179435e+00
-5.571949810376287893e+00
-5.552995185572367376e+00
-5.536650780226554325e+00
-5.559148874167764376e+00
-4.741634757982719606e+00
-4.756311414836277507e+00
-5.088327664411178120e+00
-4.718428931672439042e+00
-4.696702651637037818e+00
-4.740444346947985998e+00
-4.601729626961168051e+00
-4.714268401208173032e+00
-5.676937724640397143e+00
-5.642580964560990786e+00
-5.511727238844954968e+00
-5.561546257478535260e+00
-5.538518354862521420e+00
-5.510651901490609461e+00
-5.538989288775335140e+00
-5.624504136523944098e+00
-5.685883861186559862e+00
-5.667124163865386421e+00
-5.668198399532597520e+00
-5.629749128150332460e+00
-5.644780087750526754e+00
-5.630821383979712103e+00
-5.637819745114389214e+00
-4.763339053585749383e+00
-4.763180878456475753e+00
-4.732213125706845602e+00
-4.732763700468727741e+00
-4.740842303100119004e+00
-4.722815853045628565e+00
-4.738477380784170911e+00
-4.744798204103343409e+00
-4.785553224842196585e+00
-4.794515108171886197e+00
-4.806994031866358874e+00
-4.784116677729414846e+00
-4.789930313366181025e+00
-4.728256110776063892e+00
-4.744128444735802752e+00
-4.823823660648162814e+00
-4.703954108969244707e+00
-4.821249548349860525e+00
-4.843662997425646211e+00
-4.810564452596832297e+00
-4.820393415828355010e+00
-4.751723076848609395e+00
-4.787978380691750857e+00
-4.809002784322808033e+00
-4.792155558297805484e+00
-4.774539295635371161e+00
-4.796741053232103091e+00
-4.825284920510955367e+00
-4.824111725754254287e+00
-4.807834412102779176e+00
-4.825124414910415993e+00
-4.831106748718236865e+00
-4.799540286708204206e+00
-4.814315878247620972e+00
-4.830731803380300171e+00
-4.831005495089298662e+00
-4.853258140314549607e+00
-5.094359205795886858e+00
-5.100552259228962271e+00
-5.094597044201419678e+00
-5.088006383077539496e+00
-5.093255613177225527e+00
-5.101184456885284213e+00
-5.304517926050538179e+00
-5.301362579608138503e+00
-5.298344571067412190e+00
-5.295410769167769871e+00
-5.301145776505807206e+00
-5.301436092244081522e+00
-5.296193166375434913e+00
-5.299073684578052834e+00
-5.294803047489665460e+00
-5.296911901106062359e+00
