-5.440566640685505106e+00
-5.396184652110433966e+00
-5.333441456441413209e+00
-5.153655344525727600e+00
-5.465617743060283473e+00
-5.463183256330173876e+00
-5.505617083913391774e+00
-5.479704538616520182e+00
-5.500904182513059126e+00
-5.513463010161345323e+00
-5.509816499709779158e+00
-5.469748049366940812e+00
-5.131601034426101826e+00
-5.148962120826973354e+00
-5.129295620530871957e+00
-5.145841914710993059e+00
-5.163242437449309108e+00
-5.152282779966375514e+00
-5.151026364464304841e+00
-5.134451423238918011e+00
-5.166687904001803666e+00
-5.177890169092840722e+00
-5.131812518015360425e+00
-5.398857528434516162e+00
-5.439245147168189298e+00
-5.482756888525955219e+00
-5.517238170805371489e+00
-5.080569295383980055e+00
-5.412471340277846821e+00
-5.434745206038948062e+00
-5.366456102922911420e+00
-5.326728662172879325e+00
-5.390482461883689069e+00
-5.172859351945207962e+00
-5.433235658639059551e+00
-5.453275913996049162e+00
-5.420048447726286689e+00
-5.126719184327314771e+00
-5.513611450651240808e+00
-5.559885842633501163e+00
-5.731317970823465835e+00
-5.434290271245080461e+00
-5.531432575200999402e+00
-5.704557260153828580e+00
-5.529944329983039530e+00
-5.552387820400982221e+00
-5.480616637025300442e+00
-5.533904647067683591e+00
-5.576155659246906815e+00
-5.721879624615448634e+00
-5.487569230382402630e+00
-5.475744801515085136e+00
-5.550690935889302402e+00
-5.597418078223661553e+00
-5.455663024483222046e+00
-5.492316125125106474e+00
-5.510512721557257798e+00
-5.553436906099181947e+00
-5.587926698766447764e+00
-5.664717329035068083e+00
-5.655190342025727013e+00
-5.746923038095912872e+00
-5.745198022848628128e+00
-5.655111005814934977e+00
-5.647382332114916359e+00
-5.631827821187171956e+00
-5.629606134558145847e+00
-5.651604434227236240e+00
-5.673499110820054092e+00
-5.625297986754099533e+00
-5.677588548116624168e+00
-5.630777025519908108e+00
-5.682834596280864403e+00
-5.626432408689761466e+00
-5.657087860581937910e+00
-5.749352957544655141e+00
-5.642740922296949790e+00
-5.631021227839585030e+00
-5.642668831454705547e+00
-5.654157210540231127e+00
-5.639931237394150365e+00
-5.634409754358155276e+00
-5.635606397138630541e+00
-5.627172598599920583e+00
-5.632810125616428465e+00
-5.656912906482639336e+00
-5.643907496253120826e+00
-5.658836334288385395e+00
-5.646459891629850070e+00
-5.738765010208275008e+00
-5.725604310271199537e+00
-5.742819111766125140e+00
-5.663883910403050059e+00
-5.713623045014655233e+00
-5.710543081900307349e+00
-5.723612920040985763e+00
-5.711143477653488176e+00
-5.694231461897498292e+00
-5.527112205864540329e+00
-5.590361387379749303e+00
-5.541630604364740975e+00
-5.576029194808107547e+00
-5.523198029786853702e+00
-5.558245777881645644e+00
-5.528765045577085147e+00
-5.582230249429620983e+00
-5.640606803982322504e+00
-5.507706016200981658e+00
-5.468935382301527426e+00
-5.507968530841733212e+00
-5.525588226706228845e+00
-5.501946817530448008e+00
-5.486970510251906852e+00
-5.550301899059265409e+00
-5.491618183104356454e+00
-5.552310964228887258e+00
-5.547347995952474520e+00
-5.610350098061866575e+00
-5.554997020315139089e+00
-5.552194041772209765e+00
-5.508571181805073103e+00
-5.544209130113662454e+00
-4.728966143637905795e+00
-4.648109331107706410e+00
-4.594304685886424267e+00
-4.819201381529401473e+00
-4.780902648778678099e+00
-4.731335498322915889e+00
-5.075546573015540019e+00
-5.086032658376320015e+00
-5.053910017214533923e+00
-5.116018748934268778e+00
-4.773230985491351497e+00
-4.766200949322643154e+00
-4.729502825361219465e+00
-4.658138673941149221e+00
-4.755319259586313407e+00
-4.662910592991618586e+00
-4.647541759493333480e+00
-4.626890135764095469e+00
-4.627172065674950652e+00
-4.716609071054332247e+00
-4.633022556706026585e+00
-4.620235597782134995e+00
-4.612374433062456980e+00
-4.714437728928010607e+00
-4.706986027922508420e+00
-4.732561302590513108e+00
-5.504005768839320467e+00
-5.453710970905206956e+00
-5.392120952463944406e+00
-5.516118963118356255e+00
-5.675253352436250509e+00
-5.724347792204290464e+00
-5.608076002376844116e+00
-5.147278603716740619e+00
-5.217809253655232737e+00
-5.241038181850777633e+00
-5.765508440894294040e+00
-5.780718368403857887e+00
-5.786131878889007929e+00
-5.741005746131771836e+00
-5.775043622736002469e+00
-5.541310055601875284e+00
-5.520533336580640160e+00
-5.549073881864692304e+00
-5.524057683562075383e+00
-5.548047618011278992e+00
-5.672169582545528499e+00
-5.739539448925853549e+00
-5.306056938011727730e+00
-5.238213109728921957e+00
-5.293450371481834615e+00
-5.318351192251944859e+00
-5.341341793035734753e+00
-5.516705328408076703e+00
-5.310454831716842961e+00
-5.348185717503037395e+00
-5.357597552640303462e+00
-5.350220935267310907e+00
-5.345717217512251374e+00
-5.313363303405917115e+00
-5.325088959970994296e+00
-5.314895523937413380e+00
-5.321795137211534410e+00
-4.725565637833834209e+00
-4.730670940208992370e+00
-4.718835611559495824e+00
-4.714097410467941174e+00
-4.731262498096588054e+00
-4.721934827633849530e+00
-4.706836027864466310e+00
-4.726899884217317549e+00
-4.733830317537353949e+00
-4.715853601853539523e+00
-4.731249350853045321e+00
-4.688233985502717971e+00
-4.692033544442634430e+00
-4.717119090315574859e+00
-4.691608219677076974e+00
-4.705532016192666589e+00
-4.692105850630372110e+00
-4.675859741106881629e+00
-4.702255954752366129e+00
-5.209277098899191216e+00
-5.131344425119407582e+00
-5.146081758002914341e+00
-5.142340241626857100e+00
-5.173199398322418041e+00
-5.184858206833303562e+00
-5.207798125237812492e+00
-5.165804519668451888e+00
-5.180814356195886816e+00
-5.390769017061823654e+00
-5.348784928911316072e+00
-5.331196635347484225e+00
-5.332558326191822573e+00
-5.289159928319156379e+00
-5.403529698917685309e+00
-5.394430189360878813e+00
-5.326962616987049870e+00
-5.302507739598748771e+00
-5.111449751773354144e+00
-5.269517218889295584e+00
-5.241554555281751071e+00
-5.348901527236383124e+00
-5.307309238497454729e+00
-4.882894159580448701e+00
-4.859500871104283526e+00
-4.854252778365519383e+00
-4.877912297107759088e+00
-4.874325588580021851e+00
-4.786511046479243525e+00
-4.707053732734447493e+00
-4.738431065903571771e+00
-4.886134916241007708e+00
-4.877022547541670860e+00
-4.957867515440507411e+00
-5.265751344851281601e+00
-4.914490704030874291e+00
-5.277875649914125944e+00
-5.282481441483340312e+00
-5.211966176772040882e+00
-5.161519942010025730e+00
-4.912437146539252453e+00
-5.212283476039175412e+00
-4.957381686198442772e+00
-5.347505314510343055e+00
-4.943253312479784611e+00
-4.892230322430083156e+00
-5.317997288157214619e+00
-4.933282424853096870e+00
-4.925493835373240259e+00
-4.955316461771510639e+00
-5.252656407478981215e+00
-5.241040931187759710e+00
-5.251155896444259064e+00
-5.229950879826595234e+00
-5.144813240648890229e+00
-5.264734413802915292e+00
-5.261167292730076994e+00
-5.247164233876510764e+00
-5.235618461314657246e+00
-5.115379891777498855e+00
-5.096008515596927246e+00
-5.154603587109858331e+00
-5.151562156630703271e+00
-5.165022255572036869e+00
-5.135650795949565861e+00
-5.268897341643834054e+00
-5.236700312701474402e+00
-5.124453051579182628e+00
-5.152491666548350224e+00
-5.117522088026651872e+00
-5.555064137717206307e+00
-5.570804857793005382e+00
-5.565705897700950366e+00
-5.562754435640256290e+00
-5.581971014662647335e+00
-5.567672217958618219e+00
-5.547681006785384561e+00
-5.563631378990549159e+00
-4.737559636469186763e+00
-4.740519491664685781e+00
-5.104095879128185409e+00
-4.709255520542581230e+00
-4.792759550859178930e+00
-4.837043943190827200e+00
-4.817582489766089715e+00
-4.787198544292754043e+00
-5.685425457281178652e+00
-5.644717190472891666e+00
-5.495171641028451681e+00
-5.556365191046556795e+00
-5.537739827836063000e+00
-5.499070300858221572e+00
-5.529486062930290657e+00
-5.613050739913461484e+00
-5.696455333708728475e+00
-5.676480024209543451e+00
-5.677616564588277903e+00
-5.639601764881862600e+00
-5.656285377867872555e+00
-5.643217892724612383e+00
-5.650590622883231440e+00
-4.745679942896776637e+00
-4.752078118096536130e+00
-4.732491199606403853e+00
-4.734458613660524229e+00
-4.737783822001109257e+00
-4.704969789542494674e+00
-4.713926359231665586e+00
-4.723919215538629146e+00
-4.794628596771733697e+00
-4.781839885598489381e+00
-4.781030608113019831e+00
-4.771486672903116677e+00
-4.782208461503545394e+00
-4.735712762832529954e+00
-4.734226937182407724e+00
-4.813772380538356543e+00
-4.697177101700950708e+00
-4.817830343805366233e+00
-4.835917117060165360e+00
-4.819796560818844888e+00
-4.787245149733124094e+00
-4.745384275950578434e+00
-4.777982368594031470e+00
-4.792605758105471736e+00
-4.794300578699821180e+00
-4.759823519812335313e+00
-4.785818391069126321e+00
-4.822251284508693558e+00
-4.829632046524757527e+00
-4.803120615737399568e+00
-4.812657523213118793e+00
-4.826464166438262815e+00
-4.788244487583938280e+00
-4.815342959986317339e+00
-4.810642453998962509e+00
-4.828061049784933445e+00
-4.851747494915006342e+00
-5.114507922140439256e+00
-5.117170897065959068e+00
-5.115828083969317319e+00
-5.107851804876609059e+00
-5.112513925424725159e+00
-5.119943146923568555e+00
-5.298674245707889696e+00
-5.295115608691904896e+00
-5.292145657803036585e+00
-5.289063697368994177e+00
-5.294755578445806243e+00
-5.298042348064069706e+00
-5.291101510815084730e+00
-5.292701199059688832e+00
-5.288933047655533848e+00
-5.289654656057759752e+00
