-5.431048076780933265e+00
-5.384891782865849130e+00
-5.313777711710127249e+00
-5.121991201145700501e+00
-5.453159605836641610e+00
-5.455868830348454601e+00
-5.494719219238343833e+00
-5.471420067322861236e+00
-5.490162669798616335e+00
-5.504392521005957661e+00
-5.499493333438532083e+00
-5.459820940645731646e+00
-5.110549879837268605e+00
-5.112174599858030355e+00
-5.110324599149422831e+00
-5.123497195504308266e+00
-5.147840485799022758e+00
-5.134430372656821007e+00
-5.116754072615550264e+00
-5.128251566794950200e+00
-5.142109497071560398e+00
-5.154414099519538439e+00
-5.119518961939481194e+00
-5.388699377702865334e+00
-5.424619843126358809e+00
-5.467121024776569804e+00
-5.501965073370978843e+00
-5.039706659366163244e+00
-5.404655444771233164e+00
-5.426952000738141102e+00
-5.356413144271598981e+00
-5.311787579381491042e+00
-5.378485860909774985e+00
-5.153402613037312285e+00
-5.419463028529918347e+00
-5.435963107354140789e+00
-5.405823105674442353e+00
-5.116860296242225381e+00
-5.488612059919017128e+00
-5.533530070278730228e+00
-5.709417314766041862e+00
-5.407984817516164888e+00
-5.507639615078502970e+00
-5.683184179727811980e+00
-5.504297845619848140e+00
-5.533816445936693640e+00
-5.463830714069692007e+00
-5.516260380066419167e+00
-5.555745134792561934e+00
-5.700887395808841518e+00
-5.468408329934577594e+00
-5.454228529043309237e+00
-5.526718436735919227e+00
-5.578349711823042512e+00
-5.431492570061250191e+00
-5.465470660051421348e+00
-5.486318187699340321e+00
-5.532150320259700216e+00
-5.569913230670076487e+00
-5.650720988468274975e+00
-5.636816952159144023e+00
-5.736763317531137218e+00
-5.735134301186571193e+00
-5.634852668723618230e+00
-5.631133802845920577e+00
-5.617991609700434985e+00
-5.612545023771233765e+00
-5.631853158586489272e+00
-5.658581092031895743e+00
-5.616107595516957041e+00
-5.658252940925756924e+00
-5.614758132104435084e+00
-5.672670625224947472e+00
-5.606139956394685875e+00
-5.639121904279031483e+00
-5.739741682164705594e+00
-5.630336795403696470e+00
-5.615971388130431841e+00
-5.626809075792874815e+00
-5.641460610153890443e+00
-5.622704190643058375e+00
-5.618339938311572190e+00
-5.617059383559434238e+00
-5.613902434557012100e+00
-5.619280790875018639e+00
-5.644084116585845301e+00
-5.631876507989409752e+00
-5.645645974238535203e+00
-5.635365488662178457e+00
-5.718826290436840765e+00
-5.705669665374876409e+00
-5.722681773472202416e+00
-5.646358722940211017e+00
-5.694480594531512452e+00
-5.691434542900431381e+00
-5.703693117222744746e+00
-5.693163160600516193e+00
-5.675904637079638881e+00
-5.491632389173615181e+00
-5.557641381426875249e+00
-5.512550957471280988e+00
-5.543572929104331415e+00
-5.492174252964180603e+00
-5.525908840956904378e+00
-5.490320886648322407e+00
-5.547660546527680481e+00
-5.613941675469975578e+00
-5.498598781042074002e+00
-5.450467651748124531e+00
-5.487662676893324765e+00
-5.507637177239151249e+00
-5.486588810778575187e+00
-5.456558108271536867e+00
-5.518267332118628410e+00
-5.462321177414740880e+00
-5.520243968689168668e+00
-5.510917533086662878e+00
-5.575894396500841843e+00
-5.526339093834314653e+00
-5.520245101170316637e+00
-5.494657099308230208e+00
-5.513882528820866824e+00
-4.732432220053127914e+00
-4.647516283611097698e+00
-4.580091077312747672e+00
-4.816708609805226970e+00
-4.779736913450144620e+00
-4.746500991534668756e+00
-5.063156998917441420e+00
-5.079316230479435035e+00
-5.043271436844461775e+00
-5.109088012182321670e+00
-4.781120720437859184e+00
-4.747114341379978342e+00
-4.681161156833241854e+00
-4.694270956458203692e+00
-4.759900391452604573e+00
-4.677214606281461684e+00
-4.658226780918913512e+00
-4.648869021003537050e+00
-4.629324819318356710e+00
-4.726742398981742532e+00
-4.640160142100335783e+00
-4.617121372642952970e+00
-4.613592383259809360e+00
-4.720213357704101220e+00
-4.717452121441463753e+00
-4.739801451192025894e+00
-5.484109669126294051e+00
-5.437686748274944470e+00
-5.375345481239790502e+00
-5.500362520152012102e+00
-5.649500314164013659e+00
-5.702269912247554196e+00
-5.580234359494677499e+00
-5.142543235169086735e+00
-5.192897745331131354e+00
-5.215211134100200319e+00
-5.747960058901841585e+00
-5.762154280371452053e+00
-5.767432489915370830e+00
-5.724109510879842766e+00
-5.756162881091754002e+00
-5.531957416103902681e+00
-5.508924942358697230e+00
-5.537826973506120964e+00
-5.511636242376303230e+00
-5.531965731549282062e+00
-5.647846699677847582e+00
-5.719020703225188740e+00
-5.283554960821319924e+00
-5.223772799521743337e+00
-5.280513305482028130e+00
-5.297966283761358142e+00
-5.322046615434576466e+00
-5.505710906896468693e+00
-5.288934025850730691e+00
-5.322337294978266797e+00
-5.334066029941176623e+00
-5.327331825422551681e+00
-5.321170673582596322e+00
-5.295622304202028729e+00
-5.308997682754468705e+00
-5.293263177193956892e+00
-5.300821981112630255e+00
-4.714908926476135242e+00
-4.741448759033462856e+00
-4.717064028420062449e+00
-4.722915385294736978e+00
-4.738777319348946193e+00
-4.728514317456108174e+00
-4.715764125826201081e+00
-4.733126549674417483e+00
-4.736928754958055876e+00
-4.723836207659022790e+00
-4.734166986916506836e+00
-4.696138018361890154e+00
-4.707896023678127762e+00
-4.732065080925772271e+00
-4.720233333517621865e+00
-4.717146578807260404e+00
-4.707482551132241788e+00
-4.692921453229352835e+00
-4.716087240087882826e+00
-5.187263426215511508e+00
-5.149929173245076264e+00
-5.161562810102040544e+00
-5.150908168889397842e+00
-5.180162088860572389e+00
-5.158960502224267053e+00
-5.204851831988978716e+00
-5.166687650403895660e+00
-5.147483122426200985e+00
-5.371963328655368741e+00
-5.325587530424841454e+00
-5.309030098664861086e+00
-5.307750679791271686e+00
-5.270040956175172653e+00
-5.384790822249013509e+00
-5.372383909003794145e+00
-5.307777995974727325e+00
-5.289212420235701373e+00
-5.103138953242313924e+00
-5.258103816348848270e+00
-5.232520748477043071e+00
-5.339190489454919586e+00
-5.299747765578993963e+00
-4.887158026648927844e+00
-4.860294915667155102e+00
-4.866927735632236462e+00
-4.881253085446438433e+00
-4.879548200732974905e+00
-4.797299465781580174e+00
-4.765088291656735642e+00
-4.761936716377823231e+00
-4.891705639566414909e+00
-4.891059624221734126e+00
-4.948147548160898523e+00
-5.256820452122846987e+00
-4.911991668319193316e+00
-5.254855217567931724e+00
-5.263744686171087039e+00
-5.185888121523666072e+00
-5.135816793208542563e+00
-4.900620034267014979e+00
-5.187238257048458756e+00
-4.951804034736522198e+00
-5.325820568818011580e+00
-4.938376271823078589e+00
-4.896680635996145448e+00
-5.299852252889631465e+00
-4.929804060848991476e+00
-4.924777046099165112e+00
-4.951933761906220255e+00
-5.235704495168346462e+00
-5.224966447107028955e+00
-5.227770921173094720e+00
-5.208644405114900344e+00
-5.135376522202800942e+00
-5.240336888849711272e+00
-5.237799654835010976e+00
-5.228862695227747714e+00
-5.217930900792073778e+00
-5.104113464771498521e+00
-5.063922774286377937e+00
-5.134532954829539975e+00
-5.133306157144410520e+00
-5.144916427321509111e+00
-5.121850015157639824e+00
-5.249493326402141946e+00
-5.220614703469577123e+00
-5.105077040661655907e+00
-5.138198814484462140e+00
-5.109491598692011749e+00
-5.541748481105857493e+00
-5.543914680318794197e+00
-5.559193668662689269e+00
-5.541269411328778816e+00
-5.559017094678655013e+00
-5.545393038537115515e+00
-5.519810605139537252e+00
-5.546853734458738749e+00
-4.738131681437877774e+00
-4.757781710905804928e+00
-5.100324124382520807e+00
-4.714863209267649680e+00
-4.784851811889265782e+00
-4.811580110093518492e+00
-4.864285976721531846e+00
-4.784155777035495660e+00
-5.667286911424274543e+00
-5.634137546312302014e+00
-5.492655921182683088e+00
-5.543670523100344916e+00
-5.526293911081809895e+00
-5.490071625683679457e+00
-5.521897307339024508e+00
-5.607690617460888483e+00
-5.675220842608871052e+00
-5.654990964538317400e+00
-5.655950706478625634e+00
-5.621673600988675190e+00
-5.638926356862703493e+00
-5.623531057434760783e+00
-5.633814652009906609e+00
-4.753464377098200799e+00
-4.760073799672626116e+00
-4.728444533713258124e+00
-4.736721933716809829e+00
-4.738889080717656022e+00
-4.722266278964175612e+00
-4.730685247690022521e+00
-4.737312114436685206e+00
-4.761914745353521106e+00
-4.774894099421192806e+00
-4.781184606257024683e+00
-4.755926881869594780e+00
-4.767409679158698843e+00
-4.740909589560627246e+00
-4.752439936683172661e+00
-4.813908027701841341e+00
-4.699654043764670774e+00
-4.815116513831132039e+00
-4.841002853508355130e+00
-4.789200372691421848e+00
-4.800718585332017341e+00
-4.751024708867664259e+00
-4.775804958501540298e+00
-4.792226573098398390e+00
-4.781233942521953217e+00
-4.762569336862013891e+00
-4.797060904533811510e+00
-4.820478932634017610e+00
-4.808521336447387995e+00
-4.801299496320945437e+00
-4.816420870505648821e+00
-4.822445635947063991e+00
-4.801113219148991362e+00
-4.803720290941749127e+00
-4.821746365216045049e+00
-4.827222990496927046e+00
-4.833897545457272571e+00
-5.112207127271131135e+00
-5.121308237612722358e+00
-5.114548045770724194e+00
-5.110792265641177501e+00
-5.112141536659923879e+00
-5.118754060761048663e+00
-5.274890344425812394e+00
-5.272323203142069481e+00
-5.272926712668052573e+00
-5.268297983277286711e+00
-5.272365353633615470e+00
-5.273431723739536281e+00
-5.268717746638676758e+00
-5.270380970744048099e+00
-5.265922611691491895e+00
-5.268304184579373661e+00
