-5.438836075495232514e+00
-5.393295204926399578e+00
-5.322003608933161267e+00
-5.139427427528804770e+00
-5.465408731721419500e+00
-5.467873219062782120e+00
-5.507999897408917711e+00
-5.486433913735964119e+00
-5.502247870858049339e+00
-5.513641492490506835e+00
-5.510276730127796618e+00
-5.473919462628805910e+00
-5.116770599584240742e+00
-5.133810384822246498e+00
-5.123061721055444551e+00
-5.127557567825059337e+00
-5.146733200120889862e+00
-5.140804173455608250e+00
-5.128629989000867084e+00
-5.132958972059377345e+00
-5.155412968818053443e+00
-5.164171347363092579e+00
-5.136279170605834388e+00
-5.399991593390859101e+00
-5.434053987214905845e+00
-5.480216600792584991e+00
-5.517708737250458739e+00
-5.064292438854200107e+00
-5.415722857817754310e+00
-5.435881333038778962e+00
-5.369060560203068988e+00
-5.331179738708967442e+00
-5.392409504053930824e+00
-5.158373016884676865e+00
-5.433745459795400023e+00
-5.450801456301798353e+00
-5.418286316380175549e+00
-5.123594322724164485e+00
-5.505912746877434039e+00
-5.554709669226907565e+00
-5.727124279242642224e+00
-5.425090391553514024e+00
-5.527546852589096282e+00
-5.702833196646863279e+00
-5.524992329998629437e+00
-5.550270388387034792e+00
-5.481199957735674033e+00
-5.535295493041402004e+00
-5.570007255433205628e+00
-5.718083370202162286e+00
-5.484819625142946187e+00
-5.474549179068798566e+00
-5.542018406459575885e+00
-5.592893807269581075e+00
-5.449486533231753249e+00
-5.483749433481502678e+00
-5.501577669250671931e+00
-5.548589361506254924e+00
-5.586465605069404816e+00
-5.667186815750665296e+00
-5.659106008219209727e+00
-5.751744848699724244e+00
-5.749866813298064372e+00
-5.651440839200515320e+00
-5.646196606613909985e+00
-5.637707208284830074e+00
-5.635910536490354339e+00
-5.647135647095336886e+00
-5.672926547601448100e+00
-5.630234054455631743e+00
-5.675576709123215657e+00
-5.630794944488612508e+00
-5.686241933494652123e+00
-5.625376518567267503e+00
-5.654124803056111759e+00
-5.754350628609802065e+00
-5.646531320703376267e+00
-5.633150881921818787e+00
-5.642303709865757355e+00
-5.658297372049996277e+00
-5.640517423749140669e+00
-5.635851007341225127e+00
-5.636382264959770794e+00
-5.629094412390748481e+00
-5.637196685740270219e+00
-5.659601282127604271e+00
-5.646021419103313121e+00
-5.665456442644108748e+00
-5.654309054246897226e+00
-5.732780391997438052e+00
-5.719415693209242590e+00
-5.738198822841903635e+00
-5.660247914731521668e+00
-5.709985950080044503e+00
-5.705236866412219499e+00
-5.719119050222784217e+00
-5.708560937096309296e+00
-5.690519955417869369e+00
-5.516979010959986773e+00
-5.585524534232504834e+00
-5.538849698017284773e+00
-5.568091826180863180e+00
-5.514808059952333252e+00
-5.548769189267392044e+00
-5.515541155901804160e+00
-5.573050572116938106e+00
-5.637293180982754670e+00
-5.525556911254122738e+00
-5.480441405027566049e+00
-5.517567117498802354e+00
-5.535532766096950219e+00
-5.502641498317915492e+00
-5.483054193366712958e+00
-5.542525947060685354e+00
-5.488393503718766553e+00
-5.547535725363472281e+00
-5.534547456817355382e+00
-5.600005250179221683e+00
-5.553905142168166442e+00
-5.548165768765544570e+00
-5.519644828093440481e+00
-5.542879555460741514e+00
-4.742061068929889878e+00
-4.665409851481519432e+00
-4.615591488375399898e+00
-4.822616054408364938e+00
-4.787207492938192921e+00
-4.747701210330591337e+00
-5.058519038504600829e+00
-5.068445678967419710e+00
-5.034434486128265718e+00
-5.096981219759840975e+00
-4.713193215904780686e+00
-4.696640350818968912e+00
-4.636945530946444904e+00
-4.699806427092106276e+00
-4.776594759332311924e+00
-4.657123985831125523e+00
-4.651261822936877621e+00
-4.627395014480266688e+00
-4.626225056191118234e+00
-4.742945683956595992e+00
-4.635637358981008482e+00
-4.625626987250353928e+00
-4.605372241242840836e+00
-4.722115256403370154e+00
-4.712599837667408309e+00
-4.741367117362657702e+00
-5.502750462494424788e+00
-5.453788471132366311e+00
-5.388847426328946533e+00
-5.517048633599062946e+00
-5.670233002575399084e+00
-5.721327940865627681e+00
-5.600533381496791918e+00
-5.147819285118345967e+00
-5.218025288341682000e+00
-5.240906549205779363e+00
-5.760962400156572905e+00
-5.775463714008796323e+00
-5.782801922416356710e+00
-5.738246504279012505e+00
-5.770120466262487646e+00
-5.545636795680705333e+00
-5.522298258312053676e+00
-5.551533375982861784e+00
-5.530099766086436830e+00
-5.546210487315003768e+00
-5.667376364996032478e+00
-5.735358675377163706e+00
-5.293480397524628067e+00
-5.238592594172851946e+00
-5.275539342623924099e+00
-5.306796332213369993e+00
-5.336465723282950435e+00
-5.520730243750811006e+00
-5.306651758538757591e+00
-5.347823870339662555e+00
-5.358955911400130390e+00
-5.352036949567132496e+00
-5.346100333722587195e+00
-5.312232966396972955e+00
-5.325689279838049295e+00
-5.309449105503326827e+00
-5.318782092726923594e+00
-4.718950250761916543e+00
-4.738377587987038453e+00
-4.713953418811714258e+00
-4.723946607735381775e+00
-4.734799582014077579e+00
-4.727668430807774769e+00
-4.709816293299908807e+00
-4.726936416258589624e+00
-4.737841984805826634e+00
-4.725745801449247274e+00
-4.734963530735615045e+00
-4.697323034572472800e+00
-4.692656055049351238e+00
-4.712502460957374240e+00
-4.689021507354045326e+00
-4.705130519913429232e+00
-4.686220824369268456e+00
-4.683870034321663489e+00
-4.696829181122366137e+00
-5.199763515693737403e+00
-5.131049854150042222e+00
-5.142690203852612996e+00
-5.128272149460962659e+00
-5.160582295076665105e+00
-5.173954949337560727e+00
-5.191122532483015917e+00
-5.159163891720185191e+00
-5.163186177839026669e+00
-5.390144043711889488e+00
-5.346422600231186095e+00
-5.332247278320139117e+00
-5.334181922591865188e+00
-5.292006823141500504e+00
-5.404271216833779867e+00
-5.390057242744497046e+00
-5.327613555316742300e+00
-5.294017147614719754e+00
-5.097071052179594552e+00
-5.264601653259838088e+00
-5.234973586330853301e+00
-5.345915947547907443e+00
-5.306960240587675237e+00
-4.874902257102045944e+00
-4.848085379917527860e+00
-4.851505441499945448e+00
-4.863751724909317176e+00
-4.863004887735137949e+00
-4.762092505920658247e+00
-4.692565959702827527e+00
-4.712294106388593917e+00
-4.872826581829174053e+00
-4.866162958022810514e+00
-4.946989416449492971e+00
-5.265944841765049844e+00
-4.913138621259251160e+00
-5.272157102707617504e+00
-5.279529117377778746e+00
-5.198077481024433233e+00
-5.155042248447880837e+00
-4.897665869943416794e+00
-5.202820894744799141e+00
-4.958819740740772808e+00
-5.348210763156759029e+00
-4.949190081762666615e+00
-4.895827610763757498e+00
-5.317399693911467828e+00
-4.941349536063960102e+00
-4.932399145708597388e+00
-4.956757337771424687e+00
-5.252835332969887361e+00
-5.241282562891426799e+00
-5.255730322987104408e+00
-5.225194352371914874e+00
-5.136495987570246058e+00
-5.246267127843720068e+00
-5.245031732833854932e+00
-5.229184017652019456e+00
-5.237202439458147119e+00
-5.119976396670566920e+00
-5.080082546877297212e+00
-5.139556222215723835e+00
-5.139099243126911354e+00
-5.160645431648060111e+00
-5.121986099610702503e+00
-5.259998903600899389e+00
-5.234910018292752376e+00
-5.109516635882147106e+00
-5.144573442365884652e+00
-5.118795526238972826e+00
-5.557479142686602813e+00
-5.555281198550706456e+00
-5.574387933832198883e+00
-5.564189118000779644e+00
-5.572816149812955366e+00
-5.565766054254269513e+00
-5.538700249023110977e+00
-5.564066674709914118e+00
-4.739553417516604306e+00
-4.743960357045599707e+00
-5.080734521301653928e+00
-4.710641758711074267e+00
-4.709264088262438364e+00
-4.727518544592296479e+00
-4.613752503447081210e+00
-4.709464971656002419e+00
-5.676629273017216981e+00
-5.645207731891264125e+00
-5.518585745888808347e+00
-5.564678090423404555e+00
-5.540392028409205416e+00
-5.513557352188322547e+00
-5.542517449108788519e+00
-5.624318065940089539e+00
-5.690674313137345841e+00
-5.672419622483706902e+00
-5.673713576898109068e+00
-5.635047881554895000e+00
-5.650023907173832072e+00
-5.636578481914422234e+00
-5.631444072631829556e+00
-4.764075013346626974e+00
-4.764755908288908159e+00
-4.735162315106459907e+00
-4.739675573633149952e+00
-4.739318431852647784e+00
-4.727402322464371309e+00
-4.739936625013113414e+00
-4.747676299953095480e+00
-4.792604549121104895e+00
-4.792947951589738409e+00
-4.811960308646325402e+00
-4.781625456041725286e+00
-4.790735511036177563e+00
-4.735510269343254031e+00
-4.743981073810226157e+00
-4.819241836554445158e+00
-4.703177387883659577e+00
-4.820552643775656954e+00
-4.841075443665029177e+00
-4.815658510740526310e+00
-4.816585061777001187e+00
-4.754095623142917226e+00
-4.789602813165311446e+00
-4.810177229546684252e+00
-4.792674757176275335e+00
-4.774834895043668759e+00
-4.798676304062261977e+00
-4.824720694483770167e+00
-4.820368992734061386e+00
-4.804793682523400555e+00
-4.822387933013361661e+00
-4.831354662528961619e+00
-4.802858457954850557e+00
-4.811344098726981322e+00
-4.830429866272545780e+00
-4.829157820940202406e+00
-4.848196480246089735e+00
-5.067498986846117326e+00
-5.073554713593307675e+00
-5.060057775131416413e+00
-5.055182534635044966e+00
-5.061356609072342749e+00
-5.076640268832345981e+00
-5.296907915715300952e+00
-5.292995113019279607e+00
-5.287675273367851148e+00
-5.285410276662819484e+00
-5.293752711298067126e+00
-5.292284298695951072e+00
-5.289299740608601752e+00
-5.290715808395195729e+00
-5.286442865499671129e+00
-5.286431942981826282e+00
