-5.431488999066297119e+00
-5.385911814056570712e+00
-5.323961596870484314e+00
-5.130532338012058879e+00
-5.456074659232482915e+00
-5.458616431163953564e+00
-5.497130527868447025e+00
-5.476217578643924888e+00
-5.492662392775780056e+00
-5.505743245238137185e+00
-5.500960494966184555e+00
-5.465508696280585887e+00
-5.108004531971661599e+00
-5.126660861387833279e+00
-5.115309887191107130e+00
-5.136854388266871574e+00
-5.141199798795596188e+00
-5.134610417241800562e+00
-5.126418703331850679e+00
-5.130083423552095567e+00
-5.147730500930959074e+00
-5.155587474717071572e+00
-5.127304095241061788e+00
-5.390520506146230240e+00
-5.423584170644711655e+00
-5.467656829181953171e+00
-5.505628467948628035e+00
-5.061534798531985402e+00
-5.407000914952249992e+00
-5.426579207424764739e+00
-5.361533102976493659e+00
-5.325197722278074863e+00
-5.381934819152824900e+00
-5.157281796651474792e+00
-5.420693773253851155e+00
-5.438696723855049875e+00
-5.407571925847280525e+00
-5.113486224695896532e+00
-5.497915154164456197e+00
-5.547661505353304712e+00
-5.718469852305196888e+00
-5.420523339182513389e+00
-5.518554447220253678e+00
-5.694834031073225944e+00
-5.517258758578882372e+00
-5.543619631985173157e+00
-5.475271775064757485e+00
-5.528506835959754895e+00
-5.563164842693963053e+00
-5.708564033289801110e+00
-5.477209333594160512e+00
-5.466726668492943197e+00
-5.534412116189787234e+00
-5.585200567542406347e+00
-5.444209793788341578e+00
-5.476834201372861699e+00
-5.495163601183786106e+00
-5.540141117206244026e+00
-5.581282976357397452e+00
-5.661007855802523636e+00
-5.651621924798103436e+00
-5.746249501346192723e+00
-5.743345556773856941e+00
-5.646702520935856562e+00
-5.639834455721127959e+00
-5.630292140363166276e+00
-5.630635369466062912e+00
-5.642226653949288462e+00
-5.667485688508101305e+00
-5.624589437495762567e+00
-5.669534815200330868e+00
-5.624724893756965827e+00
-5.678367158930443637e+00
-5.620174104015395855e+00
-5.648470996681913547e+00
-5.749756210595556638e+00
-5.640584726170482455e+00
-5.628570880423504619e+00
-5.638066707034195879e+00
-5.651052982709485306e+00
-5.637570216844198789e+00
-5.630180916484883724e+00
-5.631757397175265467e+00
-5.623516491071054446e+00
-5.632215089944629938e+00
-5.654339614573840045e+00
-5.639807937989986364e+00
-5.655729601795943751e+00
-5.646098692411264608e+00
-5.728265621792589357e+00
-5.714796745016995416e+00
-5.734370142150557292e+00
-5.656281643456265940e+00
-5.702745219974366897e+00
-5.701673276588115513e+00
-5.712894096989851178e+00
-5.703302530177936980e+00
-5.685769078409421695e+00
-5.505476963362322174e+00
-5.573629869513363033e+00
-5.527681336129167455e+00
-5.554933088674635755e+00
-5.502161611955348697e+00
-5.534994822394391001e+00
-5.506030114284134136e+00
-5.561624683335367081e+00
-5.625965764038925343e+00
-5.509644004920195570e+00
-5.465259280336479897e+00
-5.502298682896363147e+00
-5.519064887657938456e+00
-5.497861384523164752e+00
-5.472911800939238347e+00
-5.530469090792854203e+00
-5.479279638696879395e+00
-5.535527113061000648e+00
-5.523556482489861530e+00
-5.588319366437824343e+00
-5.544489472456830548e+00
-5.539199171119019383e+00
-5.511722619406137724e+00
-5.533739030706975370e+00
-4.734153966366299038e+00
-4.662144892136184104e+00
-4.618575685014217669e+00
-4.823908097635754011e+00
-4.780420809225209844e+00
-4.741438037681542816e+00
-5.063734051824939186e+00
-5.062165394285703890e+00
-5.036233589694482760e+00
-5.091692323644484652e+00
-4.797189543431684022e+00
-4.816528761369317735e+00
-4.759946626319533358e+00
-4.693841369336338332e+00
-4.782353700998622337e+00
-4.661338197815044992e+00
-4.657497240853874843e+00
-4.634272430037869483e+00
-4.617869201092269726e+00
-4.727122145358522154e+00
-4.638746757143987764e+00
-4.629820128678400870e+00
-4.602035140109657085e+00
-4.719165577170316261e+00
-4.706656161405728511e+00
-4.743813810258312280e+00
-5.490631514708947947e+00
-5.443295569641795950e+00
-5.388965962201116788e+00
-5.507383365533438102e+00
-5.662512129486604096e+00
-5.712747864332370362e+00
-5.593860437639876615e+00
-5.153604262107469580e+00
-5.219407126982130940e+00
-5.231625989381006647e+00
-5.756213260608656235e+00
-5.770617375564673246e+00
-5.778248662761985344e+00
-5.733582988870223218e+00
-5.762453732860240763e+00
-5.535764043532345191e+00
-5.512260745113708893e+00
-5.540828723971730874e+00
-5.518688165881090235e+00
-5.535807828820991539e+00
-5.658384789173812379e+00
-5.726404284528004318e+00
-5.283626587767669136e+00
-5.233871495361489323e+00
-5.273808937321295964e+00
-5.295065675000553362e+00
-5.324222758273419842e+00
-5.510816690909098980e+00
-5.290089020180632318e+00
-5.329082989237919676e+00
-5.340682978257921043e+00
-5.335231092825605259e+00
-5.328533277988111827e+00
-5.303212385101420345e+00
-5.312210702729199596e+00
-5.301395305758602738e+00
-5.310255132335787387e+00
-4.717956414676680588e+00
-4.739985260623615027e+00
-4.712813563897872093e+00
-4.720393198152581959e+00
-4.736651281835513316e+00
-4.736002192329086924e+00
-4.709732378467178293e+00
-4.735515667212064628e+00
-4.745973489443944260e+00
-4.726909619041367527e+00
-4.734433743992204846e+00
-4.693037377027364343e+00
-4.699126981602731234e+00
-4.717029446108217172e+00
-4.691202382441810315e+00
-4.698658539036627779e+00
-4.694172983548025258e+00
-4.686545276573372831e+00
-4.699703539455486911e+00
-5.193107383370580088e+00
-5.132243799617124402e+00
-5.148093493723148839e+00
-5.136307604264038318e+00
-5.166108772301910790e+00
-5.168436761505049937e+00
-5.188392039501906083e+00
-5.161289100754861359e+00
-5.161033567869642624e+00
-5.379145193909755207e+00
-5.337405918551345607e+00
-5.322527170493057014e+00
-5.321900174666290617e+00
-5.276053350730411040e+00
-5.394402801274702064e+00
-5.377792515393487349e+00
-5.319815168048823928e+00
-5.289731625121845582e+00
-5.097973225733132274e+00
-5.258742249071254093e+00
-5.235966580211142585e+00
-5.339909096911311437e+00
-5.299670378376730717e+00
-4.876982420821365238e+00
-4.850376840163181491e+00
-4.852556033878545172e+00
-4.869164996390180633e+00
-4.872416076960718989e+00
-4.779101519969572998e+00
-4.716242323890082133e+00
-4.733358598015175112e+00
-4.875837736053163951e+00
-4.869492888851935319e+00
-4.952464864597422078e+00
-5.270338398038436623e+00
-4.918640184951246219e+00
-5.271338686807840013e+00
-5.279852622496934877e+00
-5.197354954751157052e+00
-5.150652568832404299e+00
-4.905519501463643017e+00
-5.195781139794858561e+00
-4.954980110785639269e+00
-5.338991161606024605e+00
-4.945295595905494501e+00
-4.897981360745863100e+00
-5.313120502322265182e+00
-4.936884196027866878e+00
-4.930370200235774547e+00
-4.957497957357102081e+00
-5.238081746730384403e+00
-5.233812032136217596e+00
-5.246377200268196539e+00
-5.219048773668299113e+00
-5.142798783525341477e+00
-5.251281090581808364e+00
-5.249699758431809471e+00
-5.227719394525274232e+00
-5.219122574240221191e+00
-5.114288370347089163e+00
-5.072386746422324677e+00
-5.131368981815064956e+00
-5.128438813295714382e+00
-5.154310645788587664e+00
-5.123571631142114668e+00
-5.260351362559099186e+00
-5.225262718316251664e+00
-5.105477422892984229e+00
-5.137415294855479431e+00
-5.112018208024737831e+00
-5.546497175254579304e+00
-5.544591715774935814e+00
-5.568371774430881160e+00
-5.554083145110841002e+00
-5.562708245352157022e+00
-5.554717102646095306e+00
-5.527391671462641654e+00
-5.553776253073928970e+00
-4.736813893998995439e+00
-4.743984248138672477e+00
-5.083419375613628333e+00
-4.725214479433225812e+00
-4.812788173619549248e+00
-4.826664220582228104e+00
-4.653412382365249123e+00
-4.789027979275079616e+00
-5.672887906256117496e+00
-5.643650672846454164e+00
-5.509796808458019335e+00
-5.556454915057114974e+00
-5.536748872333506100e+00
-5.502535492922525862e+00
-5.530922678632745892e+00
-5.615771459686770051e+00
-5.685199686057041291e+00
-5.665291450690931541e+00
-5.666473521133774227e+00
-5.630488897370598878e+00
-5.644896520953312624e+00
-5.632286534759795238e+00
-5.635731341788521753e+00
-4.768491491301556806e+00
-4.757979549443293266e+00
-4.724696140497454344e+00
-4.731463428703531093e+00
-4.736426147869709169e+00
-4.729670983804176387e+00
-4.738136486151758753e+00
-4.740038400348098868e+00
-4.807213311864932059e+00
-4.806826301588653649e+00
-4.815162283437573798e+00
-4.790172524668768972e+00
-4.807086434696206112e+00
-4.733792941436781199e+00
-4.741680498319341908e+00
-4.820370887161877782e+00
-4.702662745823198875e+00
-4.826219342752471775e+00
-4.849792359345579840e+00
-4.818609967726017018e+00
-4.831989697636418946e+00
-4.764331364011984427e+00
-4.779065503781573021e+00
-4.806270679816956104e+00
-4.796190768211071820e+00
-4.780710414272483888e+00
-4.802170885437151426e+00
-4.832065331956279408e+00
-4.826163463012201227e+00
-4.802030532833869714e+00
-4.810014451146557235e+00
-4.830536407879444383e+00
-4.802933053211412506e+00
-4.813698184678907310e+00
-4.831422471120427886e+00
-4.836324091790536350e+00
-4.841398835255280808e+00
-5.107502940985734874e+00
-5.112030997732198934e+00
-5.105025037176237568e+00
-5.100635479295031693e+00
-5.104456643964607743e+00
-5.112338654417954764e+00
-5.287296473983142064e+00
-5.284210202043947646e+00
-5.281926593259770542e+00
-5.278130807069658204e+00
-5.284203641480377023e+00
-5.285171300559841079e+00
-5.279419452696919812e+00
-5.281581735205115535e+00
-5.278281626879484989e+00
-5.279504346321645336e+00
