-5.340927779740862746e+00
-5.299051510009882726e+00
-5.237723689268047877e+00
-5.064404028501972022e+00
-5.364685792389074059e+00
-5.363088018699783355e+00
-5.399231145006124777e+00
-5.383398043603925487e+00
-5.395629214843856936e+00
-5.407660213473155508e+00
-5.401568448507380715e+00
-5.366416830242205727e+00
-5.048581243282459496e+00
-5.066965502621234130e+00
-5.049511666558060163e+00
-5.051172027155640620e+00
-5.081021908349933724e+00
-5.075722597148808468e+00
-5.060664615729740134e+00
-5.057228442740799856e+00
-5.081482732565718585e+00
-5.098765997734810540e+00
-5.068770675562456418e+00
-5.301422452478344205e+00
-5.335055369205100817e+00
-5.373897697000353801e+00
-5.407844477801077687e+00
-4.996569788423810721e+00
-5.314006417937208404e+00
-5.336978127440785258e+00
-5.277318611325681808e+00
-5.239650704579330132e+00
-5.296730815460858111e+00
-5.091017329940624059e+00
-5.336187886363910060e+00
-5.350612223911051402e+00
-5.319560519211528948e+00
-5.056063618457556252e+00
-5.377022604170399234e+00
-5.420023874408727238e+00
-5.572771488385513727e+00
-5.304527518440618650e+00
-5.393724356287554755e+00
-5.552213821126199100e+00
-5.393542119222059839e+00
-5.418982364734539203e+00
-5.358472671720944547e+00
-5.406321969549896522e+00
-5.435059114124985769e+00
-5.562100308539774218e+00
-5.356355826057880520e+00
-5.345339639989378000e+00
-5.406284365840832606e+00
-5.451456348538332719e+00
-5.324570136851257907e+00
-5.355065156899674328e+00
-5.370965330242428060e+00
-5.412319022068107444e+00
-5.449524426269650945e+00
-5.520613234218016530e+00
-5.510204531265080696e+00
-5.597522172387954242e+00
-5.594194834819776752e+00
-5.505099752483203268e+00
-5.500638530653970903e+00
-5.492491789700453708e+00
-5.490975779145808922e+00
-5.500958956224599739e+00
-5.525246544212979671e+00
-5.485978800200498995e+00
-5.528056855991419383e+00
-5.486203190046293088e+00
-5.534989010353030814e+00
-5.482383895074579350e+00
-5.506906222609850410e+00
-5.601596834176690187e+00
-5.504492790782200551e+00
-5.492682051154067935e+00
-5.500867636826934692e+00
-5.515659554645842455e+00
-5.500634045657936788e+00
-5.494299018528276513e+00
-5.494064037509547305e+00
-5.489171383105920121e+00
-5.494171099140693570e+00
-5.512456391480375473e+00
-5.501913553037309335e+00
-5.518287953077135377e+00
-5.508150006448054192e+00
-5.575071401720983921e+00
-5.563977834774621378e+00
-5.590667912703970899e+00
-5.505973390763726272e+00
-5.554983970955755801e+00
-5.552499725450872781e+00
-5.566697203597518850e+00
-5.558178353303641295e+00
-5.539092383181349000e+00
-5.385042422729202194e+00
-5.446933584067760847e+00
-5.404131785202016758e+00
-5.431235704229101735e+00
-5.380272637043370665e+00
-5.410333433524704638e+00
-5.382199203191041725e+00
-5.437186296674830110e+00
-5.488471001120643677e+00
-5.396413388102508257e+00
-5.357359068465716412e+00
-5.394047820028308848e+00
-5.410870702428245416e+00
-5.375936285592789687e+00
-5.358167046372355635e+00
-5.411371044704318400e+00
-5.362926328115807273e+00
-5.411705362505544237e+00
-5.398381015095330859e+00
-5.459531563267498555e+00
-5.419062293947852105e+00
-5.413519670131903716e+00
-5.394108796347282464e+00
-5.411975683212337351e+00
-4.742980625626750601e+00
-4.675197487556498999e+00
-4.629121735612070410e+00
-4.809769360947306893e+00
-4.779257742460278457e+00
-4.750194864534257988e+00
-4.986428440406914575e+00
-4.991567201786029528e+00
-4.969391433277201564e+00
-5.020432233968967317e+00
-4.652779005728073791e+00
-4.658890579631496998e+00
-4.586013991359245701e+00
-4.698821509114134543e+00
-4.775298144759989150e+00
-4.665152630661752120e+00
-4.662099312791499806e+00
-4.637947564060826977e+00
-4.640252329341214121e+00
-4.747969828193557618e+00
-4.644351113062693770e+00
-4.632057198745225257e+00
-4.621619998030187304e+00
-4.727816778444370982e+00
-4.718572203379890695e+00
-4.739739160445023636e+00
-5.398406046648317691e+00
-5.356824315618893273e+00
-5.301155647065037613e+00
-5.411816766235287623e+00
-5.521376290303915191e+00
-5.567260390461297170e+00
-5.460515822146469134e+00
-5.112291213584392757e+00
-5.171661402547951703e+00
-5.183393983866903199e+00
-5.600563904721563624e+00
-5.616032818537671112e+00
-5.628461249675426714e+00
-5.576781640018145580e+00
-5.608554701069403237e+00
-5.433844415743115164e+00
-5.414954711797259179e+00
-5.439728438762336360e+00
-5.422278724080033641e+00
-5.436503783701038373e+00
-5.522308457474463417e+00
-5.581996554115851161e+00
-5.197060690547967710e+00
-5.185608538685540836e+00
-5.183369615251267604e+00
-5.208984450715665737e+00
-5.235542097558265162e+00
-5.414158061116298271e+00
-5.223867706166769764e+00
-5.255384024024233547e+00
-5.263696552811278018e+00
-5.257070637802618407e+00
-5.251858321198525026e+00
-5.229102609746359320e+00
-5.239476591071172251e+00
-5.226461045457437393e+00
-5.233752886865954856e+00
-4.731853009817785782e+00
-4.747563209540924589e+00
-4.727078217279534478e+00
-4.734065320771462915e+00
-4.737857434473437657e+00
-4.736621154811547107e+00
-4.722791148941714034e+00
-4.734654242735500063e+00
-4.746950142810400841e+00
-4.734021184369145097e+00
-4.743572103916396721e+00
-4.707584081414570853e+00
-4.700406503517567280e+00
-4.717600237442749034e+00
-4.696350269305302305e+00
-4.710359472012033422e+00
-4.697559334700726730e+00
-4.696995039263891947e+00
-4.698212636389269115e+00
-5.129637561552623737e+00
-5.058660927562548260e+00
-5.077523135216721606e+00
-5.067344915327700150e+00
-5.089782066712166930e+00
-5.107124854357030230e+00
-5.117503854885502967e+00
-5.089386866394380426e+00
-5.100956851270692205e+00
-5.302150245987585997e+00
-5.266975566987571966e+00
-5.257258436190510587e+00
-5.255975660554221385e+00
-5.207874761254050355e+00
-5.316865379221719756e+00
-5.304870751605859525e+00
-5.246644257621360552e+00
-5.221446924048911420e+00
-5.057510292291055087e+00
-5.194198000215498823e+00
-5.170382338246574783e+00
-5.270119311069827006e+00
-5.236019036885555700e+00
-4.877395820129821757e+00
-4.855015687163295901e+00
-4.855183880234521965e+00
-4.861049007307512326e+00
-4.863103920009686831e+00
-4.757863202944283110e+00
-4.695913992543669480e+00
-4.719567705452293538e+00
-4.872799296326335572e+00
-4.871795867816811842e+00
-4.945047247562649240e+00
-5.200541128489154730e+00
-4.915280764732449015e+00
-5.204563928113618232e+00
-5.214338059496543387e+00
-5.130744352052873047e+00
-5.091915826822837055e+00
-4.897738397640987174e+00
-5.127876572964963131e+00
-4.956570859439587196e+00
-5.266961728328415582e+00
-4.945849677789909471e+00
-4.899816704121031208e+00
-5.242952900616704603e+00
-4.935890054726253418e+00
-4.928516494522780178e+00
-4.953075507588517112e+00
-5.175876269318722578e+00
-5.166781074458015155e+00
-5.174263410968682031e+00
-5.152731472305878135e+00
-5.073148037915340858e+00
-5.172472085704442613e+00
-5.169245536954016451e+00
-5.154983021867229454e+00
-5.158961826924246985e+00
-5.049163473072824537e+00
-5.013593965478778003e+00
-5.067893269560929781e+00
-5.070637861404396318e+00
-5.090547982654052284e+00
-5.057656169592614326e+00
-5.180720394340578849e+00
-5.157358444142765563e+00
-5.047683359124060409e+00
-5.075767981439142318e+00
-5.052375914376992405e+00
-5.426667533327784732e+00
-5.421454116274222912e+00
-5.440003987287511222e+00
-5.426080022966687011e+00
-5.437669642127173297e+00
-5.419692431732133997e+00
-5.403892001341221274e+00
-5.428864298411961720e+00
-4.744429682915429325e+00
-4.755641913856822889e+00
-5.007928273526713880e+00
-4.720407556107968361e+00
-4.677419679959765375e+00
-4.701162308227336162e+00
-4.636587200969804812e+00
-4.666604249291913753e+00
-5.532355249252837837e+00
-5.505001760646199394e+00
-5.385450195691277031e+00
-5.431713899942575807e+00
-5.410643792761471893e+00
-5.381793580012908862e+00
-5.411053736546155513e+00
-5.485981635647603660e+00
-5.541680353350977306e+00
-5.524790510671348187e+00
-5.526089755423639005e+00
-5.491508057044955038e+00
-5.504324086998190424e+00
-5.491956044936173065e+00
-5.495051676922398265e+00
-4.771403271458756201e+00
-4.768613639991730935e+00
-4.743957928419806791e+00
-4.747769393775407742e+00
-4.749351286253217452e+00
-4.733694189426390864e+00
-4.748984360378111447e+00
-4.755826370583799978e+00
-4.787954216730038404e+00
-4.789082626128639220e+00
-4.803668174863663154e+00
-4.782254858781282536e+00
-4.787550529523413978e+00
-4.741844020734189868e+00
-4.759848734266857839e+00
-4.824386027805394050e+00
-4.716171877242132382e+00
-4.830539444442546682e+00
-4.842864487606414414e+00
-4.813820662152067165e+00
-4.819453415357361159e+00
-4.768921271266601813e+00
-4.792019591249751187e+00
-4.809785189326692745e+00
-4.801522015008973909e+00
-4.781744146593106315e+00
-4.802675906537740680e+00
-4.825575385449816679e+00
-4.829164737330713386e+00
-4.814683375175889068e+00
-4.829782022338743985e+00
-4.837425191345490205e+00
-4.802021032278836365e+00
-4.824615866321759761e+00
-4.831226066293404564e+00
-4.835914156997136892e+00
-4.857852373641900812e+00
-4.966744256141303104e+00
-4.970771458918313179e+00
-4.965059278748359617e+00
-4.959962205519498291e+00
-4.964309545122868705e+00
-4.971240196012933765e+00
-5.163604585811397918e+00
-5.160710389361860884e+00
-5.158816352402319616e+00
-5.153783480329796163e+00
-5.160460122541767447e+00
-5.161111342231622601e+00
-5.156903218785198639e+00
-5.157702154655049220e+00
-5.155162816950679350e+00
-5.155740385761354183e+00
