-5.074234286615834755e+00
-5.080371121211231689e+00
-5.637903592043324252e+00
-5.320801868002756230e+00
-5.316747385000018866e+00
-5.272479207816644475e+00
-5.380767446167806334e+00
-5.193992363841765325e+00
-5.210330121807441373e+00
-5.233399311109287133e+00
-5.379095706306936009e+00
-5.252744138100121418e+00
-5.286851167413339603e+00
-5.388441570926039148e+00
-5.228598513461769848e+00
-5.237570806532792389e+00
-5.397754449344995820e+00
-5.347982599490306299e+00
-5.334660804880655860e+00
-5.352343573474840355e+00
-5.269564904112950643e+00
-5.280431516200081887e+00
-5.212604751449002372e+00
-5.325592518119283802e+00
-5.413322948041942695e+00
-5.356075824281401054e+00
-5.557805045840767733e+00
-5.382669029466706334e+00
-5.393772555818817871e+00
-5.250581835557313504e+00
-5.227329821339628424e+00
-5.284982248166580021e+00
-5.401300423678610407e+00
-5.345492134364073777e+00
-5.345964402553235573e+00
-5.185916618618493068e+00
-5.208516892937419485e+00
-5.477865078217802441e+00
-5.471663539173719393e+00
-5.535060771442221750e+00
-5.101518306164369854e+00
-5.203232333726913517e+00
-5.618631192763604787e+00
-5.467325126080003983e+00
-5.089133660175658491e+00
-5.219708612185830710e+00
-5.596596400558156326e+00
-5.185038850328743898e+00
-5.478254143381542818e+00
-5.052278723779892289e+00
-5.456309108572974687e+00
-5.457060846832064271e+00
-5.163693538576027642e+00
-5.530015353117289756e+00
-4.963003398749588513e+00
-5.406307062060117019e+00
-5.434544565038566866e+00
-5.471942708758149365e+00
-5.406453294566098577e+00
-5.426263673274898558e+00
-5.433784615424271713e+00
-5.626595274803171343e+00
-5.625517128349695639e+00
-5.624956548772064302e+00
-5.425816847015499711e+00
-5.498735937098143900e+00
-5.482077789459442130e+00
-5.459022816777353349e+00
-5.614334363554094764e+00
-5.495340546867891085e+00
-5.467924957045385170e+00
-5.477598609383991679e+00
-5.469156994381769721e+00
-5.521933448816176870e+00
-5.414128744524189685e+00
-5.466633841155311480e+00
-5.476569205285726660e+00
-5.495244075059772193e+00
-5.491984786051277823e+00
-5.128124060482365465e+00
-5.414111923363708279e+00
-5.472540999036660914e+00
-5.436298324615777666e+00
-5.508828330310469923e+00
-5.486189558873129535e+00
-5.507804539264487431e+00
-4.990996839489235448e+00
-5.507270617555736436e+00
-5.502565742318881625e+00
-5.075722721034390261e+00
-5.497944649070277912e+00
-5.426937348851185838e+00
-5.420480926992926385e+00
-5.485551853589155868e+00
-5.029565035483591906e+00
-4.860174111214840664e+00
-5.629847026673147070e+00
-5.472659454844043481e+00
-5.458453658201392500e+00
-5.399248325503464230e+00
-5.473692172039115178e+00
-5.097753419470556047e+00
-5.489214876867191784e+00
-5.456392012660392865e+00
-5.494107653194141072e+00
-5.624305846668798736e+00
-5.492481061697651157e+00
-5.449937920181388229e+00
-5.498369144400806263e+00
-5.537147303198117321e+00
-5.457855999808678860e+00
-5.451089008384873758e+00
-5.472252379325137639e+00
-5.624387735010782485e+00
-5.524842032111486390e+00
-5.449642675807981895e+00
-5.614701822952974375e+00
-5.443661386689585768e+00
-5.455769114816981791e+00
-5.529676048184094306e+00
-5.463877684315023409e+00
-5.456384980067418233e+00
-5.459979126515997372e+00
-5.616033264715549755e+00
-5.626733299195559646e+00
-5.416827563863956030e+00
-5.456180098725520011e+00
-5.447299694530816971e+00
-5.464311919091644931e+00
-5.406789887072919853e+00
-5.334154266563328584e+00
-5.421151793775055516e+00
-5.547377225154604297e+00
-5.530101735613779823e+00
-5.461372728693877576e+00
-5.453212957979421738e+00
-5.568790315666473312e+00
-5.495449354923565899e+00
-5.282089853859995188e+00
-5.412936197803777993e+00
-5.426993487326935650e+00
-5.476409015482432530e+00
-5.568373637225055184e+00
-5.439059224649724911e+00
-5.493413965258929998e+00
-5.432910824264199690e+00
-5.564214259732971790e+00
-5.619559814504056838e+00
-5.427816897036086274e+00
-5.425345751776299075e+00
-5.493475808608400790e+00
-5.489530095876174798e+00
-5.462929416113888159e+00
-5.467598436328211520e+00
-5.223924170461775596e+00
-5.254282216087661439e+00
-5.421878105906863254e+00
-5.472293248502016816e+00
-5.294646218734928134e+00
-5.243307453095405357e+00
-5.412797356936247084e+00
-5.548559177021500588e+00
-5.451485836952968178e+00
-5.488053461984990555e+00
-5.477776585964678979e+00
-5.257288572699017060e+00
-5.456709797495665093e+00
-5.026598846179489044e+00
-5.420611504673346737e+00
-5.099261579989037507e+00
-5.208376399234294851e+00
-5.456648246671541358e+00
-5.498270279535494964e+00
-5.494930312342164669e+00
-5.439793937291596215e+00
-5.115425775867363356e+00
-5.622372391402740810e+00
-5.457570149195262843e+00
-5.100626013468470887e+00
-5.564613103150817253e+00
-5.442405469106638805e+00
-5.434778795777318372e+00
-5.485565587469253934e+00
-5.460525889416975254e+00
-5.610198295393462153e+00
-5.413030003478164431e+00
-5.175298293110031089e+00
-5.063671274930895194e+00
-5.469381283552161577e+00
-5.430174633186841682e+00
-5.487933857329461595e+00
-5.438800269979674695e+00
-5.464180366221073726e+00
-5.461030914820607762e+00
-5.575734761931227190e+00
-5.632231440660309119e+00
-5.454340805823124860e+00
-5.487890177847212669e+00
-5.449205890141290531e+00
-5.554446995294124001e+00
-5.481032154348293162e+00
-5.636331806032711000e+00
-5.123711632573923147e+00
-5.469961523489129007e+00
-5.242116944921355604e+00
-5.437332050452190479e+00
-5.489361679921439752e+00
-5.486674868127924043e+00
-5.492929997029087907e+00
-5.497405481050468445e+00
-5.317952388455249313e+00
-5.477963698956921590e+00
-5.618482627655590811e+00
-5.503532031422074589e+00
-5.434802223156830259e+00
-5.366932216887159157e+00
-5.471162971187514046e+00
-5.476307748949884591e+00
-5.406164134224094475e+00
-5.453251855800268721e+00
-5.172470756579671480e+00
-5.464307652952480332e+00
-5.482250359083186808e+00
-5.576609199483084645e+00
-5.180964837259622868e+00
-5.464524259670200834e+00
-5.569284907900388326e+00
-5.475183461018906961e+00
-5.482305508696139640e+00
-5.192892765435772162e+00
-5.477064674795879107e+00
-5.482380181574295186e+00
-5.560045194545757852e+00
-5.496186584229057814e+00
-5.489690890122047584e+00
-5.559086606507121608e+00
-5.486090649107177697e+00
-5.439214448623787668e+00
-5.044789297309392850e+00
-5.630167981158294310e+00
-5.434180883506994242e+00
-5.442803300319178028e+00
-5.201956141394415312e+00
-5.457696879686189995e+00
-5.463726836946013243e+00
-4.983148507551411477e+00
-5.442921187557950624e+00
-5.475478350578574904e+00
-5.487867607386513136e+00
-5.451603734374710797e+00
-5.488401618390885695e+00
-5.509148115501492526e+00
-5.443775413303240995e+00
-5.625882420961254127e+00
-5.501356398078514509e+00
-5.520473742965196884e+00
-5.461545740977773455e+00
-5.495401077914468857e+00
-5.110512631581441312e+00
-5.145823542742427925e+00
-5.500165692437779974e+00
-5.483927728481755359e+00
-5.604466529212927206e+00
-5.442747842599488628e+00
-5.427351547579152502e+00
-5.541774392555903539e+00
-5.609200240866530685e+00
-5.044029178646895595e+00
-5.555857838394821613e+00
-5.467396317277164464e+00
-5.430056538137030486e+00
-5.412497267595948180e+00
-5.477416124621032445e+00
-5.043221515676266975e+00
-5.084582742016192647e+00
-5.514999437955420802e+00
-5.471280413725842173e+00
-5.557109370500823431e+00
-5.486931844205794384e+00
-5.604628120887793941e+00
-5.464966637243459324e+00
-5.066244524592923959e+00
-5.470897421474488098e+00
-5.544721762866037906e+00
-5.472023575282861430e+00
-5.401613636514416505e+00
-5.473533925673274680e+00
-5.475687838050317779e+00
-5.490268295112762154e+00
-5.556830768579435365e+00
-5.158892160276409733e+00
-5.436490001510533965e+00
-5.457954884381520877e+00
-5.177425032363891511e+00
-5.625885570809288971e+00
-5.564325456130510439e+00
-5.515897850779356126e+00
-5.449950276412987904e+00
-5.049891149224308151e+00
-5.614766123660958286e+00
-5.465628613931510671e+00
-5.429840548747008278e+00
-5.455442967374479757e+00
-5.434623998397554168e+00
-5.464202962536837127e+00
-5.458884418425288487e+00
-5.477704640898526378e+00
-5.168076629525486965e+00
-5.456838662336560120e+00
-5.536215677007599645e+00
-5.444646258479537870e+00
-5.493722500689890431e+00
-5.092231466059728540e+00
-5.617224375584399354e+00
-5.547439614744069658e+00
-5.507008077797601153e+00
-5.551751186648814063e+00
-5.051200510840131663e+00
-5.470288956730318120e+00
-5.624980660820819267e+00
-5.460246959447717430e+00
-5.207728070726294511e+00
-5.478203599539210877e+00
-5.462910950576661762e+00
-5.612308457019933527e+00
-5.216585504037750454e+00
-5.471354597324310731e+00
-5.542991841663829966e+00
-5.515087345670127483e+00
-5.612118532575197882e+00
-5.220285451372813412e+00
-4.952582844927957417e+00
-5.488860940181512937e+00
-5.414495871829494433e+00
-5.427373607941575528e+00
-5.619771978682085667e+00
-5.538991420492543227e+00
-5.288296462319650004e+00
-5.497948410611137149e+00
-5.505520167954071731e+00
-5.202884313143000483e+00
-5.475621171723553893e+00
-5.545793437199336928e+00
-5.432005308427460655e+00
-5.499141141111781650e+00
-5.609597220248104144e+00
-5.597337518487795371e+00
-5.477902436509917372e+00
-5.495207217088978524e+00
-5.047069102951679653e+00
-5.490001572490822213e+00
-5.033259666619568584e+00
-5.095098664831319901e+00
-5.535139977964841584e+00
-5.480812457481455624e+00
-5.471456216718275201e+00
-5.502327434034826936e+00
-5.480496365446345663e+00
-5.565137882659134227e+00
-5.183401492040279557e+00
-5.492896379794310668e+00
-5.153418196924893557e+00
-5.521840911967501597e+00
-5.473498490596157673e+00
-5.437786377691124606e+00
-5.479938226539540658e+00
-5.443075832932430913e+00
-5.462383785897181099e+00
-5.465729555114156035e+00
-5.500548478429075239e+00
-5.503059413976196801e+00
-5.468188154693406133e+00
-5.625395019878537184e+00
-5.497832355176909935e+00
-4.976097833868667664e+00
-5.160990840579159133e+00
-5.212260185082550734e+00
-5.231753199265345877e+00
-5.530294005521657397e+00
-5.110759817383130788e+00
-5.558898160791700072e+00
-5.569515386793136180e+00
-5.477971479800524790e+00
-5.442123425243879709e+00
-5.172287550488493757e+00
-5.143406043624244361e+00
-5.505631620286009387e+00
-5.444358200832025929e+00
-5.101963010781156882e+00
-5.456951057054673093e+00
-5.325931658591367857e+00
-5.460349323575606206e+00
-5.611280556437998612e+00
-5.503071728317154410e+00
-5.462334456286620288e+00
-5.515373878760311044e+00
-5.432673363105378073e+00
-5.104726253639019440e+00
-5.470609344113914752e+00
-5.586956397749672121e+00
-5.467050126075700511e+00
-5.443496285839682258e+00
-5.519499093103344300e+00
-5.485294586738694633e+00
-5.481756950948566853e+00
-5.468364699518478034e+00
-5.472432191719360794e+00
-5.252134556313992064e+00
-5.126926215454042257e+00
-5.144667493732955954e+00
-4.973865444141510217e+00
-5.467425115226047794e+00
-5.493835472482328619e+00
-5.434646777738506351e+00
-5.490156681888037404e+00
-5.154252025402794146e+00
-5.467360588936538868e+00
-5.097891854679692969e+00
-5.481841777229057300e+00
-5.436891831985692036e+00
-5.534253233777737258e+00
-5.292085539048470899e+00
-5.513585621237036882e+00
-5.532527372985788894e+00
-5.214144936224904825e+00
-5.489452116538399373e+00
-5.448307833521442767e+00
-5.232532149451025738e+00
-5.462358128657426981e+00
-5.455985717138076119e+00
-5.474391562282388435e+00
-5.565936592576548492e+00
-5.494269604301937449e+00
-5.206704885039648900e+00
-5.538320526724317183e+00
-5.607162052671247565e+00
-5.492661889467720826e+00
-5.460988081798894278e+00
-5.612751384661414988e+00
-5.225303894628006596e+00
-5.123930451624701732e+00
-5.085449105423293759e+00
-5.484493793208816470e+00
-5.511714119247941746e+00
-5.468658041392485458e+00
-5.482095067626054252e+00
-5.213379506998140123e+00
-5.194892497393531094e+00
-5.388740624034448423e+00
-5.657026151903494338e+00
-5.419086617135203454e+00
-5.434922290134803546e+00
-5.214831881599111263e+00
-5.192157486737500882e+00
-5.305026267380953620e+00
-5.166561801168376711e+00
-5.198639952492102090e+00
-5.197334091855820404e+00
-5.152866051403913517e+00
-5.226340642971137207e+00
-5.346759152994889241e+00
-5.584731276713552184e+00
-5.083398838987491786e+00
-5.439514601707226227e+00
-5.428590864440340447e+00
-5.350534604487841683e+00
-5.315720397598880709e+00
-5.434904308275712026e+00
-5.332822141349954137e+00
-5.189647779033974118e+00
-5.386752507033532922e+00
-5.690621201397845219e+00
-5.198641139246864995e+00
-5.442205887739286041e+00
-4.943762826844991132e+00
-5.161920237607438011e+00
-5.344730589763206474e+00
-5.311324154266702458e+00
-5.378251761574825096e+00
-5.278505872807659927e+00
-5.418162693130263996e+00
-5.198202426694757960e+00
-5.013330094072509624e+00
-5.332652046155108572e+00
-5.319993770974120295e+00
-5.690633420790675245e+00
-5.306586029180065722e+00
-5.641210412536824315e+00
-5.319995549691981296e+00
-5.432645101134323973e+00
-4.539169752091896548e+00
-5.295280210726660997e+00
-5.400658172821753311e+00
-5.152865992342291257e+00
-5.165941296903137747e+00
-5.679466529732999369e+00
-5.610341593540577598e+00
-4.689097131226767523e+00
-5.137008536688379756e+00
-5.214707470653725530e+00
-5.314028798833384748e+00
-5.379936869621565698e+00
-4.996259144913564931e+00
-5.378253237307906609e+00
-5.196657598118280319e+00
-5.189647393612346171e+00
-5.185869171900145957e+00
-5.313295489214279854e+00
-4.777933003310664617e+00
-5.378251184753623626e+00
-5.528101334690759927e+00
-5.014143417079385046e+00
-5.320906527493014515e+00
-5.355756261664443407e+00
-5.307337436356531768e+00
-5.196754229833242533e+00
-5.297494015740177531e+00
-5.316199482761601480e+00
-5.295282330376808844e+00
-5.386722940097422807e+00
-5.379798972209564489e+00
-5.188333550119406112e+00
-5.412533466648170588e+00
-4.972615191196019246e+00
-5.399330543262549575e+00
-5.198641527998960399e+00
-5.679466712420704333e+00
-5.083399703606430897e+00
-5.300927973753873701e+00
-5.093718125831084187e+00
-5.071596757388551424e+00
-4.689093517889308949e+00
-5.326604030039063353e+00
-5.361916851640672554e+00
-5.074752337503785959e+00
-5.184579568453544063e+00
-4.421518198473252781e+00
-5.286291229541452807e+00
-5.409644243657876217e+00
-4.806696014993054433e+00
-5.082905536160922111e+00
-5.184578555422457491e+00
-5.166561605397205881e+00
-5.166561568863616394e+00
-5.197054191973418114e+00
-5.370055943760871031e+00
-5.349362285334898992e+00
-5.068169685417167614e+00
-4.699165770905431749e+00
-5.170933032207837066e+00
-5.177420540144725081e+00
-5.610319746328884527e+00
-5.311001246799844644e+00
-5.315862306034928153e+00
-5.189646926276191508e+00
-5.412524003055217747e+00
-5.506255604555521543e+00
-5.307337330204944692e+00
-5.185868295240226189e+00
-5.324937960984283514e+00
-5.624703268896437791e+00
-5.381026528681124077e+00
-5.195294333312037161e+00
-5.101422172565788671e+00
-5.624710352050594331e+00
-5.394325910205148844e+00
-5.349928021164497061e+00
-5.194893094224164898e+00
-5.584733210231195066e+00
-5.073104691699555246e+00
-4.960579641027710984e+00
-5.186756405920523783e+00
-5.367145642492753055e+00
-5.196656968461212500e+00
-4.816837317513794403e+00
-5.385267651216167906e+00
-4.828906949883162270e+00
-5.263750135500548488e+00
-5.236747554464773913e+00
-5.434871351111823401e+00
-5.290289775468439259e+00
-4.606307673359219201e+00
-5.399329910389171872e+00
-4.716463469705026057e+00
-5.314040595359884378e+00
-4.995838442103382349e+00
-5.366712191581286540e+00
-5.350761104903981824e+00
-5.039541955348204816e+00
-5.277866503443481960e+00
-5.189645773821740526e+00
-5.409614935114177570e+00
-5.350567145990584805e+00
-4.870371373156798356e+00
-5.166562056607744147e+00
-5.349930012538917978e+00
-5.047802968444608851e+00
-5.399604629209184381e+00
-5.203543201918806815e+00
-5.152869325678515189e+00
-5.197054382489471713e+00
-5.171856058839930270e+00
-5.233294101592526282e+00
-5.087125601741259828e+00
-4.459755441072900339e+00
-5.049844939002438693e+00
-5.679468231767858200e+00
-5.300930084082470906e+00
-5.197054304710743367e+00
-5.182950805796015636e+00
-5.203542561124396393e+00
-5.198202125881232760e+00
-5.419136526944467569e+00
-5.381256418331173741e+00
-5.346531708853296649e+00
-5.350760086402192250e+00
-5.528106516858143138e+00
-5.188334736013231918e+00
-5.356444878154456468e+00
-5.189647864421664814e+00
-5.327201494134663484e+00
-5.609511054261526297e+00
-5.434948505899577675e+00
-5.300083691371568761e+00
-5.346440664538241627e+00
-5.389898922125841096e+00
-5.324918301452341574e+00
-5.666698565781027597e+00
-4.498491369569081577e+00
-5.029150054425130634e+00
-5.337575690068136147e+00
-5.184434673396203230e+00
-5.165937026251922859e+00
-5.196884912956464930e+00
-5.184577841682147969e+00
-5.640196150450064394e+00
-5.300926732726821022e+00
-5.412533246814986043e+00
-5.159919407415976877e+00
-5.376791488047636847e+00
-5.300580676681509118e+00
-5.354396497272932542e+00
-5.159913769949596052e+00
-5.164552486750888960e+00
-5.093048144655820231e+00
-4.963246305637729172e+00
-5.363759259586744932e+00
-5.381283717636487829e+00
-5.346424680905538906e+00
-5.550306158050053895e+00
-5.157250849185272656e+00
-5.396260605155765333e+00
-5.285279023171574941e+00
-5.350761345834975202e+00
-5.310623258000917168e+00
-4.770143079356059523e+00
-5.442204687989274703e+00
-5.188334509796422189e+00
-5.186757275726436411e+00
-5.214838670377631935e+00
-4.561663446803340349e+00
-5.277511146944295461e+00
-5.333242376295543430e+00
-5.295285404064823176e+00
-5.300086363587383609e+00
-5.388806728381649869e+00
-5.259411419809729260e+00
-5.185864747087652660e+00
-5.100170021919504748e+00
-4.941505761433321098e+00
-5.141949315570061074e+00
-5.293388568141855544e+00
-5.189316097778742254e+00
-5.198640862993540779e+00
-5.394318970059546636e+00
-5.610343651307479362e+00
-5.381026084647226426e+00
-5.367067887656025604e+00
-5.076115902347744679e+00
-4.955456303747443059e+00
-5.250937854701207996e+00
-4.973401928170893882e+00
-5.138427819810414299e+00
-5.187518960617401476e+00
-5.157196454791897366e+00
-5.096949375545532845e+00
-5.066507994258378389e+00
-5.146597422763059093e+00
-5.341336301315342538e+00
-5.320903677340673710e+00
-5.278467249005244000e+00
-5.146333320112951526e+00
-5.131497427631986241e+00
-5.624701298485629053e+00
-5.176361020235713539e+00
-5.143630677365476522e+00
-5.251434172349579654e+00
-5.409630410946631329e+00
-5.293479727914530919e+00
-5.131000866154233897e+00
-5.349929341517241532e+00
-4.431493486410730043e+00
-5.443695617738695702e+00
-5.043520491407222472e+00
-5.624699184658553008e+00
-5.189646586025359554e+00
-5.188333946683194142e+00
-5.397892958687492637e+00
-5.335975335153912980e+00
-5.690638974641715642e+00
-5.023749678197335200e+00
-5.214832849046239893e+00
-5.300928021480222796e+00
-5.060639392861515873e+00
-5.194998867052815328e+00
-4.856584803973072795e+00
-5.217061664393757958e+00
-5.217062242897601010e+00
-5.184511633649732332e+00
-5.241726822446763023e+00
-5.346154594752266398e+00
-5.396390016193509886e+00
-5.356436681597357641e+00
-5.186758100367896418e+00
-5.200006347478803193e+00
-5.378255205587435306e+00
-5.195294445708890763e+00
-5.309469745964445764e+00
-5.334151756131475075e+00
-5.412903410885934186e+00
-5.067414630830842981e+00
-5.331376488342302267e+00
-5.350762627847884367e+00
-4.596499759671890395e+00
-5.294894522878502485e+00
-5.324098936428683260e+00
-5.350759916422835438e+00
-5.314001803575554739e+00
-5.363493532213479575e+00
-5.171240263945954041e+00
-5.324937543007759011e+00
-5.346440776755366997e+00
-5.340952843927266436e+00
-5.028042147254145000e+00
-4.826354155854746253e+00
-5.048158478811832772e+00
-5.073955181230057399e+00
-4.960400799476920142e+00
-4.867593347924443314e+00
-4.807132773511030521e+00
-5.036890907337574497e+00
-5.153237557068643504e+00
-5.061944574207251968e+00
-5.163049175073465058e+00
-4.802972071266609966e+00
-5.017885094721179939e+00
-4.893911844423335822e+00
-4.987217000986278848e+00
-4.856590200396142976e+00
-4.910449261637102936e+00
-5.139434300969877967e+00
-4.857507829053663073e+00
-4.948110084943263765e+00
-4.976090816646856041e+00
-5.201376422674676370e+00
-5.011662898141527656e+00
-4.873222605146170672e+00
-5.260247473509631178e+00
-4.942782749969771849e+00
-4.918883472077959063e+00
-5.061900741750026356e+00
-4.865441878419849431e+00
-4.905093404799469425e+00
-4.731541115582838408e+00
-5.092344390923983610e+00
-5.125453977638350977e+00
-5.107694782973027259e+00
-5.065724982333655646e+00
-5.141094716643622498e+00
-5.119113839096589125e+00
-5.249199243764974376e+00
-4.839339938941713548e+00
-4.986527677165843997e+00
-4.941883389618594080e+00
-5.015737887153691510e+00
-4.905352347652900846e+00
-5.099165157221638545e+00
-5.218545887048064991e+00
-5.107432467556558109e+00
-4.865960962600493822e+00
-4.858226446039337176e+00
-4.973658762356414798e+00
-5.142604098237439914e+00
-5.082089789245394229e+00
-5.065490901755129727e+00
-4.977103325227680841e+00
-5.064643057054912134e+00
-5.018718892342775462e+00
-4.867339871481745739e+00
-5.059600742343503654e+00
-5.304970412739179686e+00
-4.475279136606634012e+00
-5.561744681168995896e+00
-5.597342584528843368e+00
-5.306400102512671246e+00
-5.674438506849238451e+00
-5.514579541805241902e+00
-5.674438943752302400e+00
-5.547928582651896257e+00
-5.581166556807954038e+00
-5.547997487001570249e+00
-4.743431922428349878e+00
-5.547987730131481499e+00
-5.574248628026516883e+00
-5.675224150781112087e+00
-5.574024080645254564e+00
-5.306558754648035503e+00
-5.577851930642655276e+00
-5.569734747002155650e+00
-5.295315232713833531e+00
-5.551832411539429302e+00
-4.909726683572436912e+00
-5.574059705402343745e+00
-5.563996008871675336e+00
-5.561698832436841933e+00
-5.237649744143308084e+00
-5.597481504377004313e+00
-5.686566070917966620e+00
-5.209604188347803699e+00
-5.514382359570276115e+00
-5.572672243090871724e+00
-5.333965849649757729e+00
-5.353949808876093286e+00
-5.569686843548391941e+00
-5.552324502404509587e+00
-5.579415991398005481e+00
-5.577994548309402667e+00
-5.269427264802327038e+00
-4.554129236010684423e+00
-5.557551144668758880e+00
-5.582881134548679292e+00
-5.597535896384681742e+00
-5.597502016528260960e+00
-5.597895612265773480e+00
-5.423517454557243767e+00
-5.568159829747512113e+00
-5.587642701616249319e+00
-4.259213634112701818e+00
-4.430569810925561569e+00
-4.744313515604884124e+00
-5.426615813711467062e+00
-5.353949846000014112e+00
-4.742425551472504885e+00
-5.261948780889568411e+00
-5.665625433742492056e+00
-5.460866693283981554e+00
-5.561669000681145114e+00
-4.943395121417119675e+00
-5.333957873620489565e+00
-5.255596646619475010e+00
-5.557723034724794786e+00
-5.334173876577198214e+00
-5.563960378165762499e+00
-5.304924395518280100e+00
-5.578520294270703062e+00
-5.581893771103736412e+00
-5.273361173141873692e+00
-5.578478737671240140e+00
-5.597460249312754321e+00
-5.568201227416104793e+00
-5.581218811970222404e+00
-4.453390674542036187e+00
-5.552280324225789876e+00
-5.579360033699164667e+00
-5.574019532173323022e+00
-5.335310562644764332e+00
-5.686492272000412740e+00
-5.401118693320349884e+00
-5.579442588634741185e+00
-5.686542951020562064e+00
-5.680049056249215411e+00
-5.447041955421335402e+00
-5.650963437208568863e+00
-5.688583110333540915e+00
-5.315380812597290117e+00
-5.355546621367492932e+00
-5.597477905702133327e+00
-5.353953481172514017e+00
-5.597518576588385919e+00
-5.593796946639648660e+00
-5.571458529096132928e+00
-5.345020072590571658e+00
-4.978828455533752084e+00
-5.562431783299703447e+00
-5.663632047304894890e+00
-5.581235515202061848e+00
-5.029381338132451695e+00
-5.562226476619816395e+00
-5.575989714928461183e+00
-5.579370042571580868e+00
-5.315390744477674900e+00
-5.535802351932147758e+00
-5.054334032273010813e+00
-5.568124438107084906e+00
-5.580578034609154692e+00
-5.665636717519357823e+00
-5.566194985724102651e+00
-5.581188585343790365e+00
-5.688515420000075373e+00
-5.488390968321316343e+00
-5.571515349350799617e+00
-5.593758750001558866e+00
-5.581228278622212713e+00
-5.547909424574307025e+00
-5.276063038017590578e+00
-5.571357011279157057e+00
-5.686516372932183927e+00
-5.557790175915865660e+00
-5.674452771252291861e+00
-5.256346301674302168e+00
-5.573986470867939857e+00
-5.371956381048077489e+00
-5.551304652039079635e+00
-5.563919519099819411e+00
-5.580604651802192784e+00
-5.686677222689771938e+00
-5.350604324176044813e+00
-5.333998607679300896e+00
-5.680004513675827482e+00
-5.582564392781125484e+00
-5.679068038257223172e+00
-5.557439266974825820e+00
-5.547872985822039027e+00
-5.345031473216528717e+00
-5.560727396007238532e+00
-4.161585833565558445e+00
-5.597546664137654560e+00
-5.569593312785522166e+00
-5.677423313482523604e+00
-5.334017701868426720e+00
-5.576055431517842997e+00
-5.563891899414417530e+00
-5.560742055474290346e+00
-5.237471188942938838e+00
-4.159252006601367846e+00
-5.543854003628047700e+00
-5.552289462227636641e+00
-5.568179442492535713e+00
-5.549592605616702201e+00
-5.582651463156593330e+00
-5.047405277749134278e+00
-5.552304166091034610e+00
-5.564017378020627014e+00
-5.561675447553075635e+00
-5.597748760953422220e+00
-5.304882209913788671e+00
-5.677439101671411414e+00
-5.306479102326736808e+00
-4.976695355300042145e+00
-5.543139915039470011e+00
-4.288094039066442598e+00
-5.564626528850296516e+00
-5.569136993974581173e+00
-5.345035058601553146e+00
-5.227419840772637549e+00
-5.677467928981085876e+00
-5.333989324480962857e+00
-5.560894748497609896e+00
-5.315425853008696855e+00
-5.597372622271071130e+00
-5.579050574251927408e+00
-5.579379182973091211e+00
-5.587656745188566809e+00
-5.313365680049219719e+00
-3.979880751369230030e+00
-3.665649280806141164e+00
-3.340628529176024486e+00
-3.665649280806141164e+00
-2.549999185919646916e+00
-3.795529859042747312e+00
-3.665649280806141164e+00
-4.034181365408159969e+00
-3.316899144011381750e+00
-3.380007854154843727e+00
-3.318214450229129309e+00
-4.035220927357306309e+00
-4.013892876843856428e+00
-3.801767344061245613e+00
-3.978717354756534874e+00
-4.010651829978924887e+00
-3.080589153415222103e+00
-3.665649280806141164e+00
-3.118353397619828993e+00
-3.968589162267922799e+00
-3.316963036465271131e+00
-3.665649280806141164e+00
-3.637246733639419638e+00
-4.096571270397612707e+00
-3.665649280806141164e+00
-4.023766783793591983e+00
-3.839138866177715492e+00
-4.128822114964720846e+00
-3.864635779981349550e+00
-3.889913125831780949e+00
-3.974256911776834489e+00
-3.973084708113654884e+00
-3.676160253639196185e+00
-3.665481787026879879e+00
-3.472582595879157186e+00
-4.780452583262028377e+00
-4.933894317368825000e+00
-5.120205154969217354e+00
-4.902365334137266828e+00
-4.644463833540956266e+00
-4.961619486991284411e+00
-4.734081969920215904e+00
-5.142386360563363290e+00
-4.594529298253386074e+00
-4.880231674264360109e+00
-4.793573636641156988e+00
-5.183884020652304692e+00
-4.920988203938190253e+00
-4.756732408062990913e+00
-4.847800204320257045e+00
-5.064678400437594874e+00
-5.163125174830895503e+00
-5.205216371486812044e+00
-5.010004900846670495e+00
-4.799914607425501245e+00
-5.011981703767696139e+00
-5.055145024520449226e+00
-5.098228134756373819e+00
-5.173570707836740112e+00
-5.008102736544421063e+00
-4.689737935579277206e+00
-5.161473195138936099e+00
-5.105208353788219355e+00
-5.121262779009917665e+00
-5.369861289896193490e+00
-5.126239262789368034e+00
-4.833249751237189251e+00
-4.925273687427525360e+00
-5.312661417068611058e+00
-5.420910436477138994e+00
-5.041917107850370172e+00
-4.747451982534185433e+00
-5.195522824422334374e+00
-4.949424441682595877e+00
-5.102686776285719539e+00
-4.927884733799231753e+00
-5.081901630829309902e+00
-4.886035509750832340e+00
-4.834218278162030202e+00
-5.468140152830920364e+00
-4.867448908330287871e+00
-4.688345651605844822e+00
-5.280714799165651563e+00
-5.269317976977473172e+00
-5.099231542005218998e+00
-5.167209434304171012e+00
-4.760119163044151058e+00
-4.824657154473325882e+00
-4.570235654110859080e+00
-4.819480409980729796e+00
-4.569464241649169978e+00
-4.678385588728510847e+00
-5.148848904363696022e+00
-4.748643068102804676e+00
-4.746042228128990459e+00
-4.824877781446837766e+00
-4.876021240412280022e+00
-2.885986968465251934e+00
5.516815323992170228e-01
-2.376187867249460517e+00
-1.540974955696686521e+00
-2.719029454967532899e+00
-2.750993536168465869e+00
-8.748406327939477478e-01
-1.405946784195914789e+00
-3.525164230730000181e+00
-1.998165373755470764e+00
-2.748694280821398106e+00
-2.257316427935548209e+00
-3.716595846139732373e+00
-2.836982281339597733e+00
-3.238581586591312345e+00
-2.750374470517463976e+00
-3.633423473899461964e+00
-2.066802423839606551e+00
-1.960608791886734315e+00
-3.746852450539990276e+00
-1.566675760601432987e+00
-4.009555851153180583e+00
-2.086112082113563027e+00
-2.345381618936374757e+00
-3.377254215042479135e+00
-3.682081881335967921e+00
-3.016274623677505762e+00
-2.658554336531089302e+00
-2.374582418806058914e+00
-3.308677896325011414e+00
-2.975473928947184987e+00
-2.682565544621330567e+00
-3.564163065288161736e+00
-2.948539499536682484e+00
-2.867656822189664556e+00
-2.910693786706377129e+00
-3.065605815585660920e+00
-2.549033491368235538e+00
-3.456018680553695877e+00
-2.758995546775654173e+00
-3.789804007876906855e+00
-3.556105065660369657e+00
-3.250298674097546581e+00
-2.026972928317874345e+00
-3.162814408191948257e+00
-3.449094834981522251e+00
-3.278193158478813096e+00
-3.219816461340474945e+00
-2.986618533811962628e+00
-1.260029236536215347e+00
-2.504071213178297839e+00
-2.966505987711695269e+00
-2.657386959021477590e+00
-3.653759426717825942e+00
-3.079777380281163435e+00
-3.322207349580667657e+00
-4.050887644313209357e+00
-2.884249627987711229e+00
-3.572991692767102379e+00
-2.662328288151286859e+00
-3.464119477771546940e+00
-2.394263344811637939e+00
-1.756093464023792627e+00
-4.538206112298050598e+00
-2.331350042866818573e+00
-3.597024990545529377e+00
-1.318849168950928519e+00
-3.631925741173326116e+00
-3.500081718147143306e+00
-2.718755183668593922e+00
-3.425987412954255351e+00
-3.605000947691284985e+00
-2.766670009032845989e+00
-4.134687315558613463e+00
-4.671417754740061490e+00
-4.372823640363193043e+00
-4.038634229155943167e+00
-4.724207174880025839e+00
-4.161028201672050564e+00
-4.103658267411282701e+00
-4.012402120931787941e+00
-4.398527172615404268e+00
-4.229624240145628988e+00
-4.859400826613733848e+00
-4.478244121769150432e+00
-4.390185333096285447e+00
-4.481987804014811339e+00
-4.118607253551311409e+00
-4.341943565515517633e+00
-4.787476895998260318e+00
-4.262493100773528276e+00
-4.389938177252722618e+00
-4.214574793608323766e+00
-4.478732920383920124e+00
-4.091427961924767764e+00
-4.788225731361483106e+00
-4.965657457663978036e+00
-4.102160610442959765e+00
-4.619849346085867836e+00
-4.776906592897518955e+00
-4.934602780740667605e+00
-4.321594897069923391e+00
-4.797622937250813457e+00
-4.505110482345554779e+00
-4.090781924589627749e+00
-4.137986159201709313e+00
-4.177760176814826032e+00
-4.548448222547412989e+00
-4.490675229777214561e+00
-4.462442797213771684e+00
-4.230989485498631630e+00
-4.165324823158353951e+00
-4.226390931297519415e+00
-4.554043864837871602e+00
-4.188393573017417992e+00
-4.738314531319147704e+00
-4.801589280583622887e+00
-4.629957807474517573e+00
-4.255319714130621378e+00
-4.767664426604097727e+00
-4.871129074700488282e+00
-4.173340949246385101e+00
-4.718180718342229518e+00
-4.203322148792138613e+00
-4.162827761541851856e+00
-4.749142224954076674e+00
-4.434895464310470992e+00
-4.883161502779747920e+00
-4.742669181509901577e+00
-4.450825849783734967e+00
-4.222058330308045448e+00
-4.542245457932342134e+00
-4.231042241170588802e+00
-4.469951800194819747e+00
-4.347231343356998678e+00
-4.504393707285946569e+00
-4.420817393805135609e+00
-4.415746317120063047e+00
-4.059117482089174445e+00
-4.234817520266382473e+00
-4.386583733209955760e+00
-4.282697852936737881e+00
-4.286959783354897802e+00
-5.029205899556409953e+00
-4.423669235437366787e+00
-4.183581254221245160e+00
-4.375360202922205843e+00
-3.583304314149344805e+00
-3.582062334843904239e+00
-3.371756663526650488e+00
-3.942560929072218112e+00
-3.640911945299764696e+00
-3.036134141497859762e+00
-2.932134252211788361e+00
-3.691106417304833798e+00
-3.991138454456498952e+00
-3.985632077262488693e+00
-3.071449320001315098e+00
-3.775205247848512080e+00
-3.772006641021931728e+00
-3.666551613994425640e+00
-3.063648551626509065e+00
-5.046099637552825534e+00
-4.356767677130867433e+00
-4.386657778786367423e+00
-4.810989809566488695e+00
-4.733493587424177029e+00
-4.579556224617105542e+00
-3.007349626122594266e+00
-3.761591346524531421e+00
-3.283740059015670010e+00
-3.310450837547345149e+00
-3.636976025493215303e+00
-3.492615435656178935e+00
-3.681175325417456179e+00
-3.510862630727037192e+00
-3.014566191140300777e+00
-3.571879380888373756e+00
-3.528927387756158662e+00
-3.714463893065305999e+00
-3.337143188832661700e+00
-2.912953695790493125e+00
-3.021939330436339777e+00
-3.275402869409698603e+00
-2.922245034567154676e+00
-3.162416668629419725e+00
-3.807794713435366241e+00
-3.560380478972762663e+00
-3.199000627950947973e+00
-3.380973074482823915e+00
-2.695235501695141256e+00
-2.908657690712594057e+00
-2.938749259665296876e+00
-3.502149310391018844e+00
-3.731638470902548743e+00
-3.177217049316972020e+00
-3.110195182153173921e+00
-3.508328034622778091e+00
-2.802676512628976546e+00
-3.234768933201510155e+00
-3.409461395452652699e+00
-3.557330906605550513e+00
-2.973302123918983408e+00
-3.334583765357873375e+00
-3.564568898034103039e+00
-3.574880929097024929e+00
-2.878800563063863560e+00
-3.151320184912396183e+00
-2.882824156679689942e+00
-3.640973098569908029e+00
-3.575066623023728685e+00
-3.687776740878955906e+00
-3.441970915986514168e+00
-2.952993632475326979e+00
-3.245184014266244699e+00
-3.175594466178849551e+00
-3.753425794600445453e+00
-3.519821654006133560e+00
-2.598155648859258093e+00
-3.714158571958251720e+00
-3.325251068535325594e+00
-2.875626717753625439e+00
-3.451366557735350504e+00
-2.968651114508017663e+00
-3.024941129781925753e+00
-3.600992282174542147e+00
-3.627956040768057555e+00
-3.070957190842450224e+00
-3.564103035243477269e+00
-3.369221816753542154e+00
-3.050365295518921105e+00
-3.423320510566432606e+00
-3.489628566785000441e+00
-3.662740196890925226e+00
-2.920525874742871508e+00
-3.440147431603943762e+00
-3.352059778423252645e+00
-3.720422733363606405e+00
-3.239649056779987824e+00
-3.709569291154550363e+00
-3.554869896103221016e+00
-3.309142456702438562e+00
-3.353168070520669453e+00
-2.935720569724773021e+00
-4.704389758883460004e+00
-4.527238347593618428e+00
-3.954325719747967760e+00
-4.120298251963088632e+00
-4.349028386435135118e+00
-4.077640100266342493e+00
-4.565553550686439976e+00
-4.701389791065594181e+00
-4.353370445680742051e+00
-4.217629705539892804e+00
-4.720893111524128827e+00
-4.512007609775293027e+00
-4.143604164543400969e+00
-4.434168737040322661e+00
-4.489354722964044697e+00
-3.965096219465403582e+00
-3.332443638075770487e+00
-4.143739942121829500e+00
-4.529382357663565450e+00
-4.625603149218592058e+00
-4.551611348425640635e+00
-4.513191198928478975e+00
-4.087122565275791430e+00
-4.796633544020304285e+00
-4.349039536836122544e+00
-4.216882305159193045e+00
-4.443805626984480561e+00
-4.148957584423802913e+00
-4.682046598767325207e+00
-4.188555750789361376e+00
-4.207891040666120297e+00
-4.072035342523483870e+00
-3.914677395191098697e+00
-4.654617241151407292e+00
-4.562404574859434625e+00
-4.629713590221769870e+00
-4.486060314617172473e+00
-4.625795745561845251e+00
-4.353501455083658378e+00
-4.688557473788229402e+00
-4.189823133412995837e+00
-4.423351457602436199e+00
-4.354571490065458406e+00
-4.282088169549586709e+00
-4.388789500058559057e+00
-4.211066280288825681e+00
-4.374167726928880562e+00
-4.554394485881442023e+00
-4.380008207557474442e+00
-4.435791340920683723e+00
-4.509446486381009755e+00
-4.381317877033229280e+00
-4.601093542881388387e+00
-4.624813426719056153e+00
-4.628660758823140320e+00
-4.422067635478199144e+00
-4.534951177426544078e+00
-4.628284431644857477e+00
-4.394504042957914969e+00
-4.459238348474181102e+00
-4.553506449412282109e+00
-4.204693050491492556e+00
-4.535707883550394115e+00
-4.315117157501081380e+00
-4.437303717147043081e+00
-4.496791365373153049e+00
-4.527051729435381588e+00
-4.754857967595875756e+00
-4.449166963658255369e+00
-4.598159887708392013e+00
-4.466958904765499838e+00
-4.388019818851693010e+00
-4.503668582679186017e+00
-4.448543401178481460e+00
-4.364867047533979694e+00
-2.497919631778465988e+00
-2.523062361063061143e+00
-1.047162597510277182e+00
-1.431886609807167421e+00
-3.925293131810744462e+00
-2.643666999368834869e+00
