-5.435479682018299563e+00
-5.388378712590150776e+00
-5.317767879702809175e+00
-5.131997581977354450e+00
-5.458830771228811329e+00
-5.462480890125950062e+00
-5.501076095360455831e+00
-5.477867871206481887e+00
-5.496483622691901161e+00
-5.510070296269901746e+00
-5.505163573634943575e+00
-5.467497382583409227e+00
-5.117659693552810474e+00
-5.129459644211312508e+00
-5.115884751333583225e+00
-5.131328497703145253e+00
-5.148070448913370178e+00
-5.140130134257820949e+00
-5.124588533936424994e+00
-5.127210800157312676e+00
-5.151518787473089667e+00
-5.161531142995513299e+00
-5.126919120605519353e+00
-5.395250481479107130e+00
-5.431452461583762492e+00
-5.473539085555907846e+00
-5.510076236260414539e+00
-5.056128890769418405e+00
-5.409205339030783044e+00
-5.432801629279717659e+00
-5.365735280855737699e+00
-5.325851578154649602e+00
-5.386725611165515737e+00
-5.159494768121077435e+00
-5.427001572134826368e+00
-5.444711790171075094e+00
-5.412333241862908650e+00
-5.119608340781690359e+00
-5.506759514856801374e+00
-5.553950522130706169e+00
-5.726429891323920884e+00
-5.425005703773560839e+00
-5.525800310791644243e+00
-5.701257621844366241e+00
-5.523307257736718157e+00
-5.547743633950086739e+00
-5.478312238869876616e+00
-5.533339579342600345e+00
-5.568643366357594715e+00
-5.717200804709274387e+00
-5.483507713321492893e+00
-5.472484783210537884e+00
-5.541067620096916890e+00
-5.590977915702224799e+00
-5.450220216719780630e+00
-5.484070932894968387e+00
-5.503824842153731467e+00
-5.546810149048703842e+00
-5.584783399685537830e+00
-5.665207305486386069e+00
-5.655275901207307498e+00
-5.750463989210430782e+00
-5.748373378965626834e+00
-5.651050768804969593e+00
-5.645075156913227588e+00
-5.633326229593392576e+00
-5.631337550713959139e+00
-5.645899887018138941e+00
-5.671705755584065756e+00
-5.628200780127475156e+00
-5.672990814255519432e+00
-5.629466452714963154e+00
-5.684063909688616967e+00
-5.622640225287940829e+00
-5.653217433570729256e+00
-5.753363828562222615e+00
-5.644694440125013202e+00
-5.631218968359328336e+00
-5.640588719960847541e+00
-5.655619617068784244e+00
-5.639632076171039010e+00
-5.633915842196747015e+00
-5.634258567185811195e+00
-5.627276099629206385e+00
-5.634067131654857619e+00
-5.657663897659830354e+00
-5.644756056444721892e+00
-5.659996035700082473e+00
-5.650332048581211630e+00
-5.733664929380228870e+00
-5.719483180968841118e+00
-5.737129546329684082e+00
-5.660286931991486803e+00
-5.708934653742643306e+00
-5.705271045009912001e+00
-5.717695311658196111e+00
-5.707077487658036574e+00
-5.689699966482526960e+00
-5.516817496061401371e+00
-5.582137221513866265e+00
-5.538272478789179054e+00
-5.568895631193722551e+00
-5.515347553758295440e+00
-5.550059674117056474e+00
-5.517728833432834712e+00
-5.573982706527823794e+00
-5.637079400640303106e+00
-5.526080471614891465e+00
-5.477422962944679341e+00
-5.515981811459871764e+00
-5.534542258963632833e+00
-5.501126132538499469e+00
-5.483104660950314901e+00
-5.543842550846318495e+00
-5.488317223317729088e+00
-5.546911106291979365e+00
-5.536469722454093301e+00
-5.601615176758481418e+00
-5.552457808934365247e+00
-5.548622715379473824e+00
-5.522228636115731781e+00
-5.540007041106314034e+00
-4.737713493120621067e+00
-4.659452376225459602e+00
-4.607629618810426209e+00
-4.825387928149774019e+00
-4.786523926474962387e+00
-4.744291580842498135e+00
-5.066555241381522912e+00
-5.076210343038818351e+00
-5.042848088333662382e+00
-5.103032607804378173e+00
-4.750379680420501849e+00
-4.737963066612016938e+00
-4.668339930092600731e+00
-4.691941650849332568e+00
-4.777149841571580957e+00
-4.662070243382433254e+00
-4.651214232631715184e+00
-4.631722628951666643e+00
-4.625499796982088796e+00
-4.729179017804375107e+00
-4.635050209238955610e+00
-4.615604846824824747e+00
-4.611516476117149210e+00
-4.718364254723843132e+00
-4.709551968359526164e+00
-4.746270800407291546e+00
-5.493163473892374249e+00
-5.444186791838927064e+00
-5.382719934317114152e+00
-5.510454815742829915e+00
-5.669281452171681224e+00
-5.720164683410859929e+00
-5.600212279588162367e+00
-5.149819300533557076e+00
-5.209935737167285197e+00
-5.231918846820194702e+00
-5.760598912555311202e+00
-5.774930561167466614e+00
-5.781107028706180984e+00
-5.737245883812811087e+00
-5.769132172947845305e+00
-5.540579354594849626e+00
-5.515811904205349059e+00
-5.544873248942880473e+00
-5.521830507684255984e+00
-5.540599898003630841e+00
-5.665430365911714894e+00
-5.733533146421113891e+00
-5.294444499868907528e+00
-5.229976687987139883e+00
-5.282696071053981868e+00
-5.309429588018801383e+00
-5.332402007951956513e+00
-5.512635579401437447e+00
-5.295750722873988181e+00
-5.339623631396464454e+00
-5.349407881123457997e+00
-5.342056479683588321e+00
-5.336490717638272763e+00
-5.306293959550115069e+00
-5.315173511554015739e+00
-5.303489553348982533e+00
-5.311356363156171767e+00
-4.720773333983537157e+00
-4.738411749606218137e+00
-4.712344610632432484e+00
-4.720745114993874836e+00
-4.732947865596679016e+00
-4.725838883902373944e+00
-4.708890964571087245e+00
-4.724708481851696895e+00
-4.734092373665079734e+00
-4.719741512735289746e+00
-4.733400670284017231e+00
-4.696367486011443049e+00
-4.698171351722693956e+00
-4.718052605248247211e+00
-4.697301020993634779e+00
-4.707715868374396706e+00
-4.697919765487993615e+00
-4.684055271611254234e+00
-4.698430414265457600e+00
-5.200885428581448977e+00
-5.132853664029391361e+00
-5.151234891718774023e+00
-5.133290995877081819e+00
-5.166751133586455325e+00
-5.172947675436331494e+00
-5.201060901660460978e+00
-5.165189474918971513e+00
-5.165985661708230481e+00
-5.383298507915614373e+00
-5.339251002289167936e+00
-5.323581175653850472e+00
-5.324437904684530487e+00
-5.281022516399013433e+00
-5.396761033669842611e+00
-5.384067573989823607e+00
-5.323065116201179947e+00
-5.295526841188434197e+00
-5.106566868662131498e+00
-5.264716988667097475e+00
-5.236413728826351033e+00
-5.345281172496109789e+00
-5.304230563308127699e+00
-4.882776399913155707e+00
-4.855310477830102833e+00
-4.860108261886963099e+00
-4.871132411499976556e+00
-4.872149940513922139e+00
-4.774685690300355390e+00
-4.713569403701378668e+00
-4.730290745038893796e+00
-4.878917742673573699e+00
-4.875939240407015873e+00
-4.949772088773442213e+00
-5.264096604365370524e+00
-4.918758753753888158e+00
-5.272340161088174604e+00
-5.278746033212557975e+00
-5.204724556675646596e+00
-5.160029659469719476e+00
-4.911330044485499258e+00
-5.202615104814937830e+00
-4.960423212147640371e+00
-5.340420962947053596e+00
-4.945772098875390377e+00
-4.898922336359115448e+00
-5.311948054498317973e+00
-4.937997147754103366e+00
-4.931727558009192158e+00
-4.957871469531513142e+00
-5.249660841968331937e+00
-5.236543045590662082e+00
-5.249437785329828188e+00
-5.223224115353728436e+00
-5.140898519259705424e+00
-5.250041678863530237e+00
-5.252916767398376763e+00
-5.233143206054369223e+00
-5.235344118506048083e+00
-5.114829640497958962e+00
-5.071205603470417600e+00
-5.136545030269804357e+00
-5.138229340221165842e+00
-5.152978532532243250e+00
-5.121051543142646878e+00
-5.255093695867358861e+00
-5.230401674258781775e+00
-5.109306870920564236e+00
-5.141501013904680839e+00
-5.111868457568252033e+00
-5.559765012194011646e+00
-5.559197434976857366e+00
-5.574953811826637740e+00
-5.562268582962535568e+00
-5.576967824768964910e+00
-5.567759941969946169e+00
-5.538548245896726563e+00
-5.567135033423709523e+00
-4.735808512953919802e+00
-4.751922244224710212e+00
-5.093510006835590964e+00
-4.715814116208065343e+00
-4.760628238461396933e+00
-4.793987417677079144e+00
-4.759918190093198831e+00
-4.754031321009517086e+00
-5.680619725331330194e+00
-5.648283603939890263e+00
-5.511427916102620728e+00
-5.565003570464169158e+00
-5.540610766613675686e+00
-5.510638919083644005e+00
-5.541729711684611814e+00
-5.622941000553708157e+00
-5.688482037677697889e+00
-5.670106298738961215e+00
-5.671146838463289264e+00
-5.634944104982920976e+00
-5.651409924957080833e+00
-5.635814796014024353e+00
-5.641634782063935205e+00
-4.761635781447554727e+00
-4.756717660059233133e+00
-4.732557859563873315e+00
-4.735155973915394334e+00
-4.741678528294943185e+00
-4.721720158244028909e+00
-4.732975899720977431e+00
-4.740328382943186369e+00
-4.787702456974294307e+00
-4.794511130560902501e+00
-4.807257125850476598e+00
-4.783278967531542136e+00
-4.790030828266895746e+00
-4.728416238641321989e+00
-4.747152209535972389e+00
-4.811965715243297304e+00
-4.702935627205483193e+00
-4.822334758509216890e+00
-4.846231132930595820e+00
-4.816985699931162657e+00
-4.814640529745783937e+00
-4.752169576971591702e+00
-4.780749433895965517e+00
-4.805384744247849227e+00
-4.790429696512831903e+00
-4.769513770240930484e+00
-4.798414421729886747e+00
-4.828359913281627058e+00
-4.818649603848706775e+00
-4.803366955242210246e+00
-4.817931222963008686e+00
-4.831080507607735441e+00
-4.801811634110258353e+00
-4.812721197554319374e+00
-4.827549145364809391e+00
-4.823156945229270853e+00
-4.849246852354382575e+00
-5.096246912089314129e+00
-5.100607828037471592e+00
-5.094013483146654586e+00
-5.088298358550590095e+00
-5.092269536170067390e+00
-5.100684056984267301e+00
-5.286772255153342925e+00
-5.283054189285286029e+00
-5.282499324206852087e+00
-5.277728277578116689e+00
-5.282813687999805552e+00
-5.283806629584934633e+00
-5.279154125688983790e+00
-5.280908167634486006e+00
-5.276891423743979459e+00
-5.278856379501959850e+00
