-5.187080576265476139e+00
-5.196363623915249086e+00
-5.798095246763066868e+00
-5.392959000731229580e+00
-5.389725789603977191e+00
-5.316196852012663676e+00
-5.470692373574591372e+00
-5.213404446702168293e+00
-5.240803284384023542e+00
-5.275697684685791700e+00
-5.472982223625147746e+00
-5.344659914163218062e+00
-5.329516524646384923e+00
-5.464208501714238331e+00
-5.273575940032238840e+00
-5.294382516993854537e+00
-5.519576708482859750e+00
-5.441280434775439545e+00
-5.445234777297477180e+00
-5.458815313639803435e+00
-5.346682088450233294e+00
-5.338355459357547517e+00
-5.286895970159914526e+00
-5.371171055860448185e+00
-5.490081185559870569e+00
-5.442403688610367496e+00
-5.695595004936730099e+00
-5.470510201869291045e+00
-5.488031496018115796e+00
-5.280916584132850033e+00
-5.266080065291037116e+00
-5.335968697635340874e+00
-5.485723931548392329e+00
-5.465730384700861144e+00
-5.412241601166993377e+00
-5.258702177705631087e+00
-5.260852305010058849e+00
-5.606946827077092799e+00
-5.564314928877870159e+00
-5.649967361533476229e+00
-5.208458044415473331e+00
-5.286420677971927162e+00
-5.768297369187056489e+00
-5.584571020914061101e+00
-5.112660550982818464e+00
-5.223917334061169093e+00
-5.741190661046154275e+00
-5.191737823489837034e+00
-5.574427029631467079e+00
-5.135931549120051898e+00
-5.563060474944675704e+00
-5.594196040591125296e+00
-5.260117757107654946e+00
-5.634781593373991981e+00
-5.055788210355387058e+00
-5.519026065869916842e+00
-5.510271775474376632e+00
-5.582285693610650412e+00
-5.515972867965786008e+00
-5.530784750758636292e+00
-5.544855849766518574e+00
-5.778620017929188890e+00
-5.779470090015018435e+00
-5.783197756525115807e+00
-5.529085874173313542e+00
-5.613807009035455486e+00
-5.587572576558130777e+00
-5.590964986562211969e+00
-5.779593946613492683e+00
-5.601427547803199403e+00
-5.546680940780703395e+00
-5.578731408562896732e+00
-5.579398080732484999e+00
-5.651701655234172783e+00
-5.542750846000372711e+00
-5.564708872722328614e+00
-5.590439542363311531e+00
-5.597904564530296945e+00
-5.584094940760148340e+00
-5.142443969512353164e+00
-5.527627371391965916e+00
-5.590684642687782535e+00
-5.570816263586029216e+00
-5.627780849888473824e+00
-5.587368686591710265e+00
-5.647859743500958984e+00
-5.084150277196650691e+00
-5.598504502508117930e+00
-5.617956441180120386e+00
-5.097698939444192945e+00
-5.612827916095929126e+00
-5.555096213538390337e+00
-5.543387832833239770e+00
-5.589534904252437819e+00
-5.095225668303738686e+00
-4.925393095026921131e+00
-5.782678940610100682e+00
-5.595212734625169659e+00
-5.591516044181196854e+00
-5.520918050336219629e+00
-5.569434391891736169e+00
-5.182059690055930368e+00
-5.610810976362412106e+00
-5.544425711192638495e+00
-5.622282901540301303e+00
-5.783024535307965230e+00
-5.590631093594639722e+00
-5.565600630715404229e+00
-5.613587437663404955e+00
-5.648126195859854981e+00
-5.592857519169148972e+00
-5.550188517928243748e+00
-5.602474841503349623e+00
-5.774935567756479315e+00
-5.657908759667125587e+00
-5.545232042303621434e+00
-5.782564842344041445e+00
-5.561921057886233477e+00
-5.582987387308198102e+00
-5.634164011669944294e+00
-5.554360975371762876e+00
-5.558602188834263380e+00
-5.575858239878632716e+00
-5.764226835387767700e+00
-5.778484910439628308e+00
-5.532248545901524928e+00
-5.586539461092794312e+00
-5.519787077086363958e+00
-5.573081899556580510e+00
-5.432639215450492109e+00
-5.444749227190015084e+00
-5.529425888578893833e+00
-5.670533574862099080e+00
-5.650121947048230453e+00
-5.593054155656214554e+00
-5.588003483615556100e+00
-5.696451728253198787e+00
-5.587989526823957220e+00
-5.378417210505835655e+00
-5.532435963050262195e+00
-5.541969870016290045e+00
-5.611834613951418582e+00
-5.698474664849237037e+00
-5.544059204459848011e+00
-5.596247835089790179e+00
-5.542730482779414380e+00
-5.695777190774504284e+00
-5.780742367199885656e+00
-5.539021057339398091e+00
-5.543306747649672239e+00
-5.602364066941778908e+00
-5.576499748227348618e+00
-5.559940604782149798e+00
-5.591961901648619282e+00
-5.336114382851653737e+00
-5.258076014019771094e+00
-5.536411089017635234e+00
-5.597421073940658687e+00
-5.296114131704967143e+00
-5.276365063192819171e+00
-5.523566148876293269e+00
-5.691257283429430380e+00
-5.559689827144421059e+00
-5.633244882725249703e+00
-5.569648281134455203e+00
-5.350781177329221094e+00
-5.581873240544670267e+00
-5.113286950903168204e+00
-5.537719804856764405e+00
-5.109265773379956244e+00
-5.321762738258851044e+00
-5.554821631469140542e+00
-5.619143724108025317e+00
-5.595958766972456644e+00
-5.573433270900091330e+00
-5.135844052145224659e+00
-5.773172875883915367e+00
-5.571396570489903333e+00
-5.201220064623575112e+00
-5.687061959130524258e+00
-5.552524265658062674e+00
-5.571735093651856374e+00
-5.610820804902306058e+00
-5.567465476889397635e+00
-5.755831774031600290e+00
-5.521668003735594965e+00
-5.244557023610416202e+00
-5.108982687106755627e+00
-5.586404761191568369e+00
-5.546915269570170004e+00
-5.575451878313710807e+00
-5.517225594968655500e+00
-5.558934364183271803e+00
-5.565091527388364767e+00
-5.706974700754359198e+00
-5.789739145296236345e+00
-5.588381804479833015e+00
-5.610671700899317216e+00
-5.569064191462877567e+00
-5.691924960048106996e+00
-5.601464291022618447e+00
-5.798106714264155137e+00
-5.226604102448137112e+00
-5.608825193357659167e+00
-5.261968267700211754e+00
-5.567267077539331588e+00
-5.594141492428756024e+00
-5.585939747410100686e+00
-5.589835183069282287e+00
-5.610284984669278607e+00
-5.375906988816713472e+00
-5.596615794289761858e+00
-5.769946836648134791e+00
-5.600392552810560254e+00
-5.562665382525723068e+00
-5.441974557335375273e+00
-5.606246884776528994e+00
-5.569598000474182520e+00
-5.523418388852146421e+00
-5.544106461979430911e+00
-5.286260533473628342e+00
-5.555497626650363507e+00
-5.598621707468137032e+00
-5.708483413019274977e+00
-5.257178280469550380e+00
-5.555574573616302914e+00
-5.697198119752215462e+00
-5.572154912148123529e+00
-5.572173220430316931e+00
-5.305976797172260895e+00
-5.602462215361174280e+00
-5.578604129857350991e+00
-5.708710744634378997e+00
-5.613254319956805460e+00
-5.608990362262161966e+00
-5.684125124219337799e+00
-5.607650300498305818e+00
-5.566773213151635424e+00
-5.066188268882148904e+00
-5.791993023157401943e+00
-5.518584369142471857e+00
-5.552308826599447578e+00
-5.306483156878768703e+00
-5.557663110871572165e+00
-5.589497566587001032e+00
-4.994330799462211701e+00
-5.564821389922132155e+00
-5.559052864657954451e+00
-5.580164009602649244e+00
-5.573815588866641413e+00
-5.600890381816384433e+00
-5.615518120375632805e+00
-5.531125532710268189e+00
-5.781862847137187345e+00
-5.619911111696781703e+00
-5.650828182337972017e+00
-5.595676123037057970e+00
-5.610558299316696917e+00
-5.129284288888928067e+00
-5.150523375570892348e+00
-5.610552547885911956e+00
-5.583103362412725978e+00
-5.750396230238803419e+00
-5.555220902355499035e+00
-5.523783951290997862e+00
-5.674125069052977643e+00
-5.775601604508156406e+00
-5.057933007447855012e+00
-5.692529487384062392e+00
-5.587378100695215011e+00
-5.537430271145370675e+00
-5.535183811256037423e+00
-5.577579600648228109e+00
-5.134449654177241307e+00
-5.090251432049722524e+00
-5.633194135433339689e+00
-5.562000566910133337e+00
-5.707275612005792809e+00
-5.608234516680973947e+00
-5.770052737667803022e+00
-5.596053125950604112e+00
-5.115552766325846434e+00
-5.563455991466130790e+00
-5.716020104927268086e+00
-5.553304552920608650e+00
-5.513496028443229058e+00
-5.607449761350661532e+00
-5.588698417060969703e+00
-5.581976501817324632e+00
-5.678114320030217321e+00
-5.162520424995522106e+00
-5.571898807074354032e+00
-5.588740987096204371e+00
-5.275665416769738769e+00
-5.788147504077244321e+00
-5.690111188874966253e+00
-5.614225116264532467e+00
-5.581045499950068489e+00
-5.079255876224302746e+00
-5.764187393452296249e+00
-5.590138918370591625e+00
-5.560495569530109705e+00
-5.538630648032546233e+00
-5.521968517327954018e+00
-5.570987829868763619e+00
-5.587429514503441830e+00
-5.583091985235594912e+00
-5.259346136366803925e+00
-5.558816889846056597e+00
-5.646979445265807307e+00
-5.567198920639184756e+00
-5.593980090213294787e+00
-5.136204325745103105e+00
-5.780111713566294718e+00
-5.676654405166607908e+00
-5.611286670922386755e+00
-5.692482009392371367e+00
-5.065048121567493844e+00
-5.605761259992473100e+00
-5.777650488420069230e+00
-5.588252921179386767e+00
-5.297605847410817859e+00
-5.565317796213204105e+00
-5.602213502339346007e+00
-5.776492749327291953e+00
-5.306781029968256291e+00
-5.600883096477303980e+00
-5.664591840890774499e+00
-5.617272856676299497e+00
-5.774286412034801863e+00
-5.223818702948285875e+00
-4.970827491282710398e+00
-5.584977100989845233e+00
-5.542647145889494809e+00
-5.540704354740745075e+00
-5.776861294259314938e+00
-5.668614475770118233e+00
-5.332774789237199720e+00
-5.598365144465576648e+00
-5.604023387411241508e+00
-5.229017606208775426e+00
-5.572153868874079485e+00
-5.669029927863486584e+00
-5.560373260535273587e+00
-5.615868341092109084e+00
-5.774470894437164326e+00
-5.765361989143957366e+00
-5.565991437860859037e+00
-5.602750841994457609e+00
-5.057060995368856560e+00
-5.599841963478029427e+00
-5.041794639270361422e+00
-5.109192063088833002e+00
-5.673069787581907164e+00
-5.577750342832613839e+00
-5.582435606577084819e+00
-5.605400706333777627e+00
-5.595587044615837335e+00
-5.690987141568852437e+00
-5.227756020889356314e+00
-5.620384911177118248e+00
-5.163650895962584642e+00
-5.621630681733846835e+00
-5.591896969578614041e+00
-5.536123926550605923e+00
-5.586092039380204710e+00
-5.577494505895621124e+00
-5.572963603362146578e+00
-5.603409830389393775e+00
-5.624623483145788860e+00
-5.638930800875085581e+00
-5.599158131545497241e+00
-5.781690668975864256e+00
-5.593103027142011463e+00
-5.008326266003281013e+00
-5.267379732844157836e+00
-5.266224144077057190e+00
-5.343803692634729430e+00
-5.654967740209354332e+00
-5.210713288517495378e+00
-5.695402090503010939e+00
-5.693598291392403254e+00
-5.563804668259262343e+00
-5.570314593771694689e+00
-5.212140791288413233e+00
-5.245640729828059179e+00
-5.619723924066772902e+00
-5.569037617867324208e+00
-5.191981720773820363e+00
-5.532818664942475984e+00
-5.433095723748389005e+00
-5.553598451346126730e+00
-5.759468565141292018e+00
-5.617748605978984955e+00
-5.595180262451609821e+00
-5.632181547691847534e+00
-5.561150495503308200e+00
-5.191435866128678356e+00
-5.601250041049708805e+00
-5.756738294751688301e+00
-5.572076400370082894e+00
-5.556994236423922651e+00
-5.632036483821996953e+00
-5.611620530266995921e+00
-5.598299510306413040e+00
-5.556164868335427443e+00
-5.541372273594185494e+00
-5.365928322765187275e+00
-5.135336911874135879e+00
-5.178270931077413763e+00
-5.057163623379033801e+00
-5.578298489711048802e+00
-5.623998087514263666e+00
-5.563567189183858730e+00
-5.628508680695337496e+00
-5.161776141664513595e+00
-5.607712622614655196e+00
-5.122170855818517055e+00
-5.585796486061081367e+00
-5.566039955757109858e+00
-5.657494187079397996e+00
-5.389260378332996204e+00
-5.655774670098318246e+00
-5.656194476179603470e+00
-5.303287829699046441e+00
-5.609331415935380427e+00
-5.531262452971895449e+00
-5.323482000526803759e+00
-5.591630203880906258e+00
-5.584055351594890304e+00
-5.600288928695445811e+00
-5.685184801895740492e+00
-5.602250466346390567e+00
-5.322572295092728112e+00
-5.669816657367012347e+00
-5.752242701306179207e+00
-5.619486086283386861e+00
-5.592811023141266880e+00
-5.765084589118964153e+00
-5.329274563355628658e+00
-5.181791556977617397e+00
-5.085442848736524191e+00
-5.571385777240334569e+00
-5.619408599226584755e+00
-5.579473429813301522e+00
-5.596366128338966739e+00
-5.215515142969302964e+00
-5.192665983761526327e+00
-5.394322994620705636e+00
-5.828525829202664710e+00
-5.421648304815831487e+00
-5.438517309784280940e+00
-5.201374673678832217e+00
-5.171863938876812838e+00
-5.305368045928029908e+00
-5.170294414695054463e+00
-5.200072627286952631e+00
-5.205833591587597731e+00
-5.151931886114667236e+00
-5.219550119178535397e+00
-5.348107354667928526e+00
-5.755619165438188745e+00
-5.081624585750933676e+00
-5.437672689440410601e+00
-5.432747084415360028e+00
-5.350856350026191421e+00
-5.318559807322247757e+00
-5.438503497241418572e+00
-5.333533814566772335e+00
-5.189560288598473292e+00
-5.389242702931961837e+00
-5.858659860546469034e+00
-5.200073519777937747e+00
-5.614402758563861617e+00
-4.943379174740827331e+00
-5.167070875168736421e+00
-5.350021416250212880e+00
-5.314669014440531747e+00
-5.377302881613001517e+00
-5.284196785317028855e+00
-5.530787245714336109e+00
-5.190399721492544138e+00
-5.011168338739415695e+00
-5.330096633466622436e+00
-5.318479118167779518e+00
-5.858673164623296792e+00
-5.308988755858729647e+00
-5.791604082826368405e+00
-5.318481683033396301e+00
-5.429471316527807012e+00
-4.542731551242667365e+00
-5.291753760588445488e+00
-5.401269747856938253e+00
-5.151932256331730464e+00
-5.165210564944133331e+00
-5.838361306312536136e+00
-5.769143155085965091e+00
-4.651547650456676841e+00
-5.143906065519153081e+00
-5.214498556722706013e+00
-5.317928745683447644e+00
-5.470648444665909160e+00
-4.997126068356197770e+00
-5.377304322322546071e+00
-5.193843029254723298e+00
-5.189559827535104475e+00
-5.189137610650526256e+00
-5.309823318486332155e+00
-4.783330623378589053e+00
-5.377302332728292278e+00
-5.702665687088583013e+00
-5.011988929103967649e+00
-5.314550416238615682e+00
-5.358364833527861748e+00
-5.298008537876500057e+00
-5.194337264457430159e+00
-5.293426272057870641e+00
-5.307758544105213083e+00
-5.291755590702575951e+00
-5.389212486001885516e+00
-5.470612865745904330e+00
-5.194550361589607590e+00
-5.416121249828192319e+00
-4.977959788411797426e+00
-5.404282041202521647e+00
-5.200073939729057848e+00
-5.838361174360239048e+00
-5.081625811929654013e+00
-5.303159523647319240e+00
-5.095772086782869970e+00
-5.078245238243351167e+00
-4.651545044330426926e+00
-5.326502833022115801e+00
-5.365017001758921822e+00
-5.092744724674193257e+00
-5.174624619992430397e+00
-4.407247314878984135e+00
-5.281738552604575254e+00
-5.412024326510383787e+00
-4.818379820096840405e+00
-5.078764201237465414e+00
-5.174623148631819269e+00
-5.170294671340013082e+00
-5.170294405513285341e+00
-5.198989309421702565e+00
-5.365252132119224804e+00
-5.357713596083896412e+00
-5.072237090506092727e+00
-4.706262843736853441e+00
-5.175692133955180019e+00
-5.175791663876742277e+00
-5.769119683027689405e+00
-5.300669333010851858e+00
-5.318711430589984523e+00
-5.189559188807387535e+00
-5.416111851733839799e+00
-5.670399794306809405e+00
-5.298008127875472262e+00
-5.189137434511722269e+00
-5.318096135439375871e+00
-5.763859218224975045e+00
-5.380500032527819165e+00
-5.202726450157260096e+00
-5.095263628936797851e+00
-5.763867370490477704e+00
-5.393136104432114664e+00
-5.349102584546687744e+00
-5.192666665910613766e+00
-5.755621250050305449e+00
-5.068326703942068079e+00
-4.958012895129151332e+00
-5.187554221204517368e+00
-5.365741219923433114e+00
-5.193842319795382245e+00
-4.826225871162667325e+00
-5.378041165561656456e+00
-4.826096245879792690e+00
-5.277916562102173970e+00
-5.230059176248583519e+00
-5.438478003008794914e+00
-5.279500009752864820e+00
-4.654367073128462984e+00
-5.404281267182913240e+00
-4.733866999530100372e+00
-5.317944395053138429e+00
-4.972692119688840506e+00
-5.365218683325807980e+00
-5.348136231240549598e+00
-5.043157120914670166e+00
-5.264887473428603748e+00
-5.189557438844580872e+00
-5.411999955867140777e+00
-5.350886514786860282e+00
-4.879859630242903812e+00
-5.170295406309371344e+00
-5.349104473947280169e+00
-5.051742646688971661e+00
-5.404721151519566114e+00
-5.208593234112685266e+00
-5.151935234019616061e+00
-5.198989707483852030e+00
-5.167634316048578036e+00
-5.235477788995749115e+00
-5.086232602179028284e+00
-4.454062195759295406e+00
-5.056565660627581060e+00
-5.838362656489946012e+00
-5.303161574663454836e+00
-5.198989320095765088e+00
-5.189371897983825477e+00
-5.208598982869279581e+00
-5.190399584072868500e+00
-5.421698479202313514e+00
-5.387225473154872546e+00
-5.347882184853479437e+00
-5.348135333884813214e+00
-5.702670792328821570e+00
-5.194551687443308197e+00
-5.361629207286643606e+00
-5.189560215425751188e+00
-5.322373398031555070e+00
-5.785135192010399940e+00
-5.438535756980174440e+00
-5.290479736877792938e+00
-5.344200720196630172e+00
-5.389039336358530718e+00
-5.318075055184644739e+00
-5.827439916637337625e+00
-4.491038488306859477e+00
-5.021124379250101022e+00
-5.332508310849751965e+00
-5.178561420067145704e+00
-5.165203828982971146e+00
-5.204522462100895197e+00
-5.174622164655721335e+00
-5.778874651176407973e+00
-5.303158335754458719e+00
-5.416121183656833260e+00
-5.153054351610737882e+00
-5.373093861185459730e+00
-5.306982883178129384e+00
-5.354006435429434774e+00
-5.153048517607405898e+00
-5.168889560146477713e+00
-5.082827409086189796e+00
-4.964455068887635214e+00
-5.371247239598436529e+00
-5.387253276915048517e+00
-5.347776354683200672e+00
-5.727692942236005003e+00
-5.155925176726482206e+00
-5.405212272249213967e+00
-5.296587434631843117e+00
-5.348136394565015550e+00
-5.306174715093551875e+00
-4.870767120652943483e+00
-5.614401496448318873e+00
-5.194551209757385379e+00
-5.187555264531510169e+00
-5.201381187440246023e+00
-4.621985857560927613e+00
-5.276076674281049428e+00
-5.334423702509289100e+00
-5.291758997570303436e+00
-5.290482314871652214e+00
-5.390773656214359555e+00
-5.245750809819330840e+00
-5.189139516041411326e+00
-5.105472141325953395e+00
-4.940207232472007881e+00
-5.141429857149449667e+00
-5.282404710566903638e+00
-5.191235907966908592e+00
-5.200073240865492608e+00
-5.393131968267592669e+00
-5.769144961763597479e+00
-5.380499357954342976e+00
-5.365655686407921010e+00
-5.074593644801132619e+00
-4.935203916626115905e+00
-5.232389181808607681e+00
-4.978734430848979819e+00
-5.135515998636686064e+00
-5.184785550314134461e+00
-5.155880951875349893e+00
-5.088348645884714472e+00
-5.070666571785825028e+00
-5.137104101244223564e+00
-5.350828689839164376e+00
-5.314548305251222793e+00
-5.263803181130335851e+00
-5.151400951762167502e+00
-5.129448890848467002e+00
-5.763857987967858421e+00
-5.180792096725415519e+00
-5.147043934590231018e+00
-5.235336328999937727e+00
-5.412013104188738488e+00
-5.281337554714927052e+00
-5.130202429839704870e+00
-5.349103890104867531e+00
-4.502608776294604986e+00
-5.448295658915439432e+00
-4.982105631032461623e+00
-5.763855262161031057e+00
-5.189558734792237615e+00
-5.194550581713899717e+00
-5.405408491563444606e+00
-5.335470775361491391e+00
-5.858678788887620392e+00
-5.029971473208882493e+00
-5.201375561772720424e+00
-5.303159469692681149e+00
-5.061260982267788755e+00
-5.191953843452221662e+00
-4.857134939940679352e+00
-5.210726919387226097e+00
-5.210727720156671516e+00
-5.166269913662995705e+00
-5.252621683722824564e+00
-5.342148379011651294e+00
-5.405342549929897267e+00
-5.361620242475527043e+00
-5.187556418940864944e+00
-5.204410205381047483e+00
-5.377306376249908482e+00
-5.202726531572502644e+00
-5.305735492994950953e+00
-5.337374851647938456e+00
-5.418498033184533824e+00
-5.075631841191301952e+00
-5.334429241641472252e+00
-5.348137636821292062e+00
-4.586691224334797923e+00
-5.294067699232498647e+00
-5.322885838401678171e+00
-5.348134900912000056e+00
-5.317892074069017205e+00
-5.365488032440756783e+00
-5.171374977820263119e+00
-5.318095497431398755e+00
-5.344200296476048884e+00
-5.352455915319550783e+00
-5.119711095990020944e+00
-4.829950962596086583e+00
-5.062334513957180704e+00
-5.078536998396936397e+00
-4.960443019593353320e+00
-4.875469772312971628e+00
-4.812986426978607568e+00
-5.058532046716401886e+00
-5.256362667032840719e+00
-5.066136481836625904e+00
-5.262119017485106021e+00
-4.810448795982347647e+00
-5.029774088873884885e+00
-4.896784589344371774e+00
-5.081812107297380976e+00
-4.863925254764007278e+00
-4.914762794053989303e+00
-5.161898414674734425e+00
-4.862108604676791401e+00
-4.971641613554831807e+00
-5.007708737963497470e+00
-5.274526535558704765e+00
-5.049282305669134274e+00
-4.878557986111096589e+00
-5.345291672832905405e+00
-4.950291290746698714e+00
-4.927369495507577746e+00
-5.079455619319926285e+00
-4.868227450351533037e+00
-4.918388015677757963e+00
-4.740804312089009542e+00
-5.136548210806849646e+00
-5.162386440783726549e+00
-5.200486674114870311e+00
-5.081617684922679956e+00
-5.165055559594551760e+00
-5.161476230580762881e+00
-5.250266360309772118e+00
-4.838872124658726293e+00
-5.014596325992813242e+00
-4.965836088784442381e+00
-5.070260964932930214e+00
-4.944726775282683562e+00
-5.119642625840553407e+00
-5.238699949257176414e+00
-5.128632736591174357e+00
-4.868311245249572927e+00
-4.866053091918042917e+00
-4.987651369202903417e+00
-5.154559920489535152e+00
-5.091596838364337962e+00
-5.085633524863181876e+00
-4.987206635609255478e+00
-5.163396443356925047e+00
-5.020981079299929206e+00
-4.872701179456836229e+00
-5.062662868764389756e+00
-5.298059276609634161e+00
-4.469909387818020718e+00
-5.644114972249673734e+00
-5.672602596374614947e+00
-5.301172282203888919e+00
-5.834250885451642610e+00
-5.603376313092076622e+00
-5.834249812639250798e+00
-5.638699702413778603e+00
-5.672244506983518342e+00
-5.638761892921738905e+00
-4.749261196566939347e+00
-5.638717560174477228e+00
-5.629724387869995184e+00
-5.832315448869440644e+00
-5.738104197784839045e+00
-5.301341592568493688e+00
-5.640715633939168860e+00
-5.648052063183929050e+00
-5.295001308810685536e+00
-5.634357323748175439e+00
-4.958810995442076042e+00
-5.738109436412262454e+00
-5.637488673700779884e+00
-5.644137170477783627e+00
-5.238229163078935713e+00
-5.672645828296839277e+00
-5.839049225254225206e+00
-5.209907242573792452e+00
-5.603058351538412474e+00
-5.736119838099136281e+00
-5.333804199027194493e+00
-5.356074018810467408e+00
-5.647816058805507744e+00
-5.642062480298171145e+00
-5.651159273364018354e+00
-5.640830051880674212e+00
-5.418487663476210692e+00
-4.455683448313404682e+00
-5.643151048601121822e+00
-5.737095996822227484e+00
-5.672611285953378157e+00
-5.672609986463047704e+00
-5.664649784042514291e+00
-5.569445061343061276e+00
-5.733007790371241974e+00
-5.670465347955008895e+00
-4.295647152334463925e+00
-4.432878581166375120e+00
-4.750076855016217792e+00
-5.492597554937709958e+00
-5.356067692514234757e+00
-4.748209155268997783e+00
-5.261845663479127744e+00
-5.825205814637572033e+00
-5.556046529782973309e+00
-5.644141685464404645e+00
-4.992392415516540005e+00
-5.333794090057149440e+00
-5.275058957709826579e+00
-5.613805859401820975e+00
-5.337994986516898521e+00
-5.637498560609713216e+00
-5.298018079337873054e+00
-5.642833883183481447e+00
-5.744560871497482957e+00
-5.258782095986545890e+00
-5.642714286828431902e+00
-5.672652445219489969e+00
-5.733050376037706286e+00
-5.672217409099070018e+00
-4.447163609014167740e+00
-5.642049989360188533e+00
-5.651170996517208778e+00
-5.738079133741687876e+00
-5.340749949905880811e+00
-5.833370221708837455e+00
-5.522600783740404751e+00
-5.651166403132164007e+00
-5.839021578177892913e+00
-5.831853303231847363e+00
-5.527322658282634471e+00
-5.814675871371355775e+00
-5.838265825123871267e+00
-5.317997367155811617e+00
-5.359141491298615279e+00
-5.672635932840557338e+00
-5.356074597029342854e+00
-5.672582571939407181e+00
-5.677238706622212305e+00
-5.737117597721096196e+00
-5.342034364732271001e+00
-5.045231308333343101e+00
-5.636461268522289458e+00
-5.825424439050768122e+00
-5.672279397128568768e+00
-5.152696923603642176e+00
-5.636341515215460340e+00
-5.737914797448287807e+00
-5.651156000448207095e+00
-5.307280237432264514e+00
-5.633587957207343955e+00
-5.111800161022078903e+00
-5.733000472161670302e+00
-5.740938077909350845e+00
-5.825217871039625628e+00
-5.614217068513005948e+00
-5.672199276696764159e+00
-5.838178319675410677e+00
-5.562487634897992805e+00
-5.737150741264378517e+00
-5.677297522448640166e+00
-5.672180380287912271e+00
-5.638677377927585610e+00
-5.349197538764957294e+00
-5.641991316409468382e+00
-5.833422883400550596e+00
-5.643008618833746937e+00
-5.834261082269746268e+00
-5.275763867736089630e+00
-5.738058303311166952e+00
-5.375982820087953584e+00
-5.633665245156815438e+00
-5.637416230377303883e+00
-5.740959948479484432e+00
-5.839136202707170931e+00
-5.355146982004327150e+00
-5.333837690348827820e+00
-5.831809214969568167e+00
-5.740984356612469419e+00
-5.833515232063772871e+00
-5.613628065343831075e+00
-5.638617635593820232e+00
-5.342043084258056851e+00
-5.625958539178552265e+00
-4.150053609875718585e+00
-5.672609445321974420e+00
-5.648083321163404058e+00
-5.834798743654789455e+00
-5.333854906109957383e+00
-5.737987002900911016e+00
-5.637443357852816028e+00
-5.626002320995259431e+00
-5.238089576549526782e+00
-4.147610012356888198e+00
-5.712439619821815917e+00
-5.642062460190476969e+00
-5.733030495259999526e+00
-5.654838127483660770e+00
-5.741064570789192523e+00
-5.171607681594144523e+00
-5.642064182179012732e+00
-5.637461785764938504e+00
-5.644131581726131053e+00
-5.664593884337552510e+00
-5.297980541239327046e+00
-5.834814103942418839e+00
-5.301256801456351475e+00
-5.032920517214903633e+00
-5.634448429470686470e+00
-4.328093547823509191e+00
-5.628868687640046886e+00
-5.647286997131300446e+00
-5.342050186930803690e+00
-5.230301583707016810e+00
-5.834837607960718486e+00
-5.333829283161565016e+00
-5.626087823831864121e+00
-5.318049745287960484e+00
-5.672561296516851925e+00
-5.739396265464541180e+00
-5.651108316082090077e+00
-5.670456354747146932e+00
-5.303950182905917465e+00
-3.957535483046234592e+00
-3.753580825581781966e+00
-3.330960824489167305e+00
-3.753580825581781966e+00
-2.603729346177658943e+00
-3.757227050608851648e+00
-3.753580825581781966e+00
-3.986677604694150112e+00
-3.290403261302986770e+00
-3.376723127706880323e+00
-3.278749476605913316e+00
-4.024601616789460934e+00
-4.002164286921961356e+00
-3.789027602725285160e+00
-3.972052323251266337e+00
-3.966307141706613137e+00
-3.063578531247714842e+00
-3.753580825581781966e+00
-3.097614751980395820e+00
-3.947731327524742539e+00
-3.291464509991181675e+00
-3.753580825581781966e+00
-3.592227646418563403e+00
-4.089795186621066669e+00
-3.753580825581781966e+00
-4.008040420600622156e+00
-3.807784222284619879e+00
-4.123268250447936545e+00
-3.823737132931746885e+00
-3.849243924362132141e+00
-3.975959033330262571e+00
-3.964668115027642159e+00
-3.649248458204497947e+00
-3.612937383648564094e+00
-3.461300174757888648e+00
-4.890184867567836768e+00
-5.005112707325741539e+00
-5.194660968789892586e+00
-4.994434868615181600e+00
-4.767156667605132903e+00
-5.040488491272925309e+00
-4.853814385392543507e+00
-5.232019263804847498e+00
-4.732620038032323784e+00
-4.950177875226337676e+00
-4.887502463399086672e+00
-5.249325001220243259e+00
-4.996906964240814375e+00
-4.866207422164040786e+00
-4.906644231821071678e+00
-5.147138742036898584e+00
-5.235461957967026514e+00
-5.289661792192251966e+00
-5.043731489688980218e+00
-4.918483588093397252e+00
-5.086639081286859820e+00
-5.127697203762052958e+00
-5.147696175975505106e+00
-5.260597207948597642e+00
-5.078718532971875810e+00
-4.764451965067026507e+00
-5.241820462080307941e+00
-5.207449403885250128e+00
-5.223377405149156161e+00
-5.489858214382297597e+00
-5.232076861110315669e+00
-4.957061741106745245e+00
-5.007003317611800064e+00
-5.442894200916165381e+00
-5.551304225665005809e+00
-5.173819304299352773e+00
-4.861653805167508224e+00
-5.299313172256039373e+00
-5.043707502617173155e+00
-5.183441085531307557e+00
-5.042888264877959159e+00
-5.210858611041625288e+00
-5.006432277762378646e+00
-4.900770228624136138e+00
-5.602476929476558176e+00
-4.992952089545077854e+00
-4.731558630306673230e+00
-5.406369901161175662e+00
-5.388450681945687215e+00
-5.229380260044503181e+00
-5.275142941892668524e+00
-4.769374446967994174e+00
-4.823771080045479387e+00
-4.568706463384085481e+00
-4.820594222015398778e+00
-4.567843339853268958e+00
-4.679132850211135342e+00
-5.202795232484200838e+00
-4.747444669847671328e+00
-4.744152728098308458e+00
-4.828145844897648864e+00
-4.881541292005657340e+00
-2.862507154638514351e+00
-5.274133939581884256e+00
-2.303116527881897913e+00
-1.533082118739622413e+00
-2.862450325896146897e+00
-2.719366223268075977e+00
-7.779437880080048995e-01
-1.232052916635327344e+00
-3.519677880563952588e+00
-2.012107287852517246e+00
-2.629687668384748989e+00
-2.307468972691901321e+00
-3.865826175387219177e+00
-2.841633998480995960e+00
-3.198710818050895188e+00
-2.809606393649441536e+00
-3.664910945609999526e+00
-2.055698318902497768e+00
-1.956897231319816299e+00
-3.782880653937271909e+00
-1.547290753536749053e+00
-3.963177638023261284e+00
-1.953070710002259958e+00
-2.113243724752715380e+00
-3.395528129812836138e+00
-3.604959827338187317e+00
-2.992138147981531215e+00
-2.719779679911037196e+00
-2.372347121210316878e+00
-3.382150643709309179e+00
-2.930266790005744415e+00
-2.755207056291322676e+00
-3.597813419117678713e+00
-2.885253863021506326e+00
-2.899635386431447248e+00
-2.874555064852239106e+00
-2.985504420668594339e+00
-2.581742222232622286e+00
-3.425483207930040130e+00
-2.755968846863448452e+00
-3.845087587068003021e+00
-3.621707764317106282e+00
-3.240027174984119629e+00
-2.187181408061130927e+00
-3.173949621381304098e+00
-3.393103128987123185e+00
-3.254632277145572683e+00
-3.246303343684945553e+00
-3.045515057872898446e+00
-1.348268797043622458e+00
-2.569834577683055787e+00
-2.972338379597457614e+00
-2.712430589213887355e+00
-3.571489346003844378e+00
-2.948879947238998600e+00
-3.306844267718310970e+00
-3.926948196450131601e+00
-2.986176994647647298e+00
-3.772891115369097381e+00
-2.573887236225063546e+00
-3.441162319929374824e+00
-2.388402612596320918e+00
-1.846566238189180753e+00
-4.511512429896008314e+00
-2.211786613285473102e+00
-3.552099234069240108e+00
-1.192557207999010993e+00
-3.661768027617388732e+00
-3.523159584978079462e+00
-2.666986471073687248e+00
-3.370811307985813077e+00
-3.647507377620271107e+00
-2.773629429201869279e+00
-4.172731132401857224e+00
-4.679042042739707696e+00
-4.448823316545349016e+00
-4.084084583276013980e+00
-4.750830074119491542e+00
-4.202168855497506073e+00
-4.153863194112508594e+00
-4.027215589622338499e+00
-4.409434652350331163e+00
-4.264774207888222257e+00
-4.902086727355428941e+00
-4.480615378428214335e+00
-4.432313428927732168e+00
-4.490852049566163906e+00
-4.171460020983439598e+00
-4.364398474651177473e+00
-4.804828620533496242e+00
-4.303111294623342076e+00
-4.409356983559661991e+00
-4.240154444625864549e+00
-4.491972238980000753e+00
-4.134623556628216789e+00
-4.817176286837896448e+00
-5.008202255433872097e+00
-4.147857146693147534e+00
-4.616154335049396096e+00
-4.781506791237601917e+00
-4.991206015972407428e+00
-4.359942859848038310e+00
-4.840264134217910907e+00
-4.516452753138127996e+00
-4.155384402031384816e+00
-4.193733917335888073e+00
-4.216606298473674741e+00
-4.533282848282288668e+00
-4.486291117222294567e+00
-4.452105075314858773e+00
-4.273697626814146666e+00
-4.215980028167988003e+00
-4.269262811416362879e+00
-4.542869238444220414e+00
-4.245709788046752031e+00
-4.774610840902879794e+00
-4.793478546635402182e+00
-4.625849472756454084e+00
-4.283864344585803785e+00
-4.771834360916451523e+00
-4.885529614479696470e+00
-4.218421885382359626e+00
-4.747384442632135659e+00
-4.262746820210294274e+00
-4.230972121893485927e+00
-4.763293347909775655e+00
-4.468623994603283300e+00
-4.922388195601710592e+00
-4.750896277184599725e+00
-4.469880751494365256e+00
-4.227488837210412242e+00
-4.545538981390606637e+00
-4.260114997703145612e+00
-4.503366771082764508e+00
-4.347544783192184958e+00
-4.531793844377438596e+00
-4.410683128411276854e+00
-4.403731136078632424e+00
-4.096748318219072260e+00
-4.252454951310097542e+00
-4.333888636574972253e+00
-4.310529269714715284e+00
-4.249704267142246472e+00
-5.131411924580758566e+00
-4.430270745657582943e+00
-4.151096182863526884e+00
-4.318112207092176469e+00
-3.462268366979925016e+00
-3.427870117531556016e+00
-3.344296818294653306e+00
-4.110393732176699899e+00
-3.537601216098087864e+00
-3.043740336110794864e+00
-2.850565096000806875e+00
-3.619438196155484455e+00
-4.146942908791105609e+00
-4.129826013442168708e+00
-3.168649879539120917e+00
-3.892147883408913156e+00
-3.705554311857475636e+00
-3.529662348226706214e+00
-3.133983105162271521e+00
-5.022571021079545339e+00
-4.303297383418520639e+00
-4.350260133145579466e+00
-4.784762121863177953e+00
-4.719878193671103617e+00
-4.575761403334816180e+00
-2.917752708125306071e+00
-3.783578099468089651e+00
-3.342833791650589248e+00
-3.365355758958800347e+00
-3.665583499724620165e+00
-3.569446649879149280e+00
-3.616124034713581015e+00
-3.564923741050350259e+00
-3.125908476277489800e+00
-3.613801769478773185e+00
-3.521661197555187695e+00
-3.698628369983343323e+00
-3.162175236313108151e+00
-2.935695892065396162e+00
-3.095155313505897787e+00
-3.256954844486062317e+00
-2.883283393885876400e+00
-3.227360247543749949e+00
-3.735259922599775795e+00
-3.602018884179784664e+00
-3.191582623183509604e+00
-3.370444165469172582e+00
-2.539139194814962419e+00
-2.885583488355326853e+00
-2.940059500165905337e+00
-3.496993746683909166e+00
-3.766160279842496017e+00
-3.116772615313994521e+00
-2.947727022775715078e+00
-3.552220827027553263e+00
-2.893137042895285838e+00
-3.140377061296620642e+00
-3.364144562628665902e+00
-3.572457675181802905e+00
-2.969664161402260305e+00
-3.414670916038684556e+00
-3.594664167461746551e+00
-3.596648197260776669e+00
-2.898061639373283871e+00
-3.165471831953228676e+00
-2.867073566672153184e+00
-3.675074785077680151e+00
-3.630374653101252402e+00
-3.724787340359424714e+00
-3.481381134054455817e+00
-2.925724052840699585e+00
-3.300870868188523044e+00
-3.260918077229525647e+00
-3.778802952027110251e+00
-3.558977989323470315e+00
-2.791945065862975639e+00
-3.764457140040263994e+00
-3.313998383806293191e+00
-2.814506461010557015e+00
-3.477853135991442191e+00
-3.013187830787217525e+00
-2.984681804847525655e+00
-3.664865358335510415e+00
-3.660363191901533586e+00
-2.945131562933114733e+00
-3.619152631761306527e+00
-3.395020186405081741e+00
-2.980657821739645552e+00
-3.441203455096010888e+00
-3.483735330802506081e+00
-3.692984769456226335e+00
-3.015796634075311733e+00
-3.508104873285970537e+00
-3.320853008296150488e+00
-3.778612146947993633e+00
-3.036279433068969080e+00
-3.743171560851505042e+00
-3.373797625296478753e+00
-3.323046350109341240e+00
-3.359125314114603356e+00
-2.868137909799631569e+00
-4.708438807523528169e+00
-4.523588376457984950e+00
-3.974979612212172775e+00
-4.137759282591667365e+00
-4.353318857416909715e+00
-4.078534857454194196e+00
-4.570617628415120315e+00
-4.701087884608737610e+00
-4.377281859647775164e+00
-4.226830180481480959e+00
-4.731028730522244707e+00
-4.518533864305624981e+00
-4.142908493357764677e+00
-4.451664810303352482e+00
-4.498515202894544096e+00
-3.977275489468446334e+00
-3.417020931411540285e+00
-4.145931142522362833e+00
-4.526155738796485473e+00
-4.630927168802807969e+00
-4.557028515980199757e+00
-4.514856791580576179e+00
-4.103784850931972095e+00
-4.831761652862088141e+00
-4.349840491944894971e+00
-4.232671471965837817e+00
-4.442925428178396530e+00
-4.164237805989773555e+00
-4.690804475337920998e+00
-4.168642297104599770e+00
-4.216910638642340281e+00
-4.090198406353982463e+00
-3.929354841571397028e+00
-4.660079335529805356e+00
-4.558883635501413067e+00
-4.621880151597900444e+00
-4.568884983437721203e+00
-4.694560354876413655e+00
-4.440422313169174906e+00
-4.752881945732265301e+00
-4.268167978763989012e+00
-4.470027300622477107e+00
-4.399216382896869781e+00
-4.323995507971442720e+00
-4.452715754830699701e+00
-4.291738216161706809e+00
-4.413149943222475002e+00
-4.607629333381354719e+00
-4.430702647047128906e+00
-4.532456466067294798e+00
-4.568516933378730549e+00
-4.453489112701637609e+00
-4.717269551682983675e+00
-4.691472316317434554e+00
-4.722183088042198662e+00
-4.498712602250908077e+00
-4.555789349615231743e+00
-4.686130575422986055e+00
-4.423350712205534663e+00
-4.511845523460924490e+00
-4.612147786872992761e+00
-4.237421614983249540e+00
-4.591099106099296279e+00
-4.371224015360127169e+00
-4.482785200148359017e+00
-4.539528137265240737e+00
-4.632779832552106569e+00
-4.834620747250999884e+00
-4.502419688650260987e+00
-4.669785103237711787e+00
-4.523368051250000299e+00
-4.430944747099457182e+00
-4.554960872867942712e+00
-4.483565967716025114e+00
-4.445361688299481528e+00
-2.458876304617003683e+00
-2.387723808773895673e+00
-1.058797372585948304e+00
-1.457091264460948832e+00
-3.880803994284664604e+00
-2.492446099940411663e+00
