-5.439132863277746921e+00
-5.391376083363387473e+00
-5.322885427592462193e+00
-5.140329108800862024e+00
-5.464005979625723874e+00
-5.466593536195129666e+00
-5.506842507212933668e+00
-5.482693684073675300e+00
-5.501741629715019677e+00
-5.514642111399413515e+00
-5.509986647859379971e+00
-5.473871415425086262e+00
-5.117791172617573103e+00
-5.131935456634556303e+00
-5.120255731713232450e+00
-5.142945371649172870e+00
-5.148795289465405212e+00
-5.141496821142432339e+00
-5.130140676762698249e+00
-5.131782246826307237e+00
-5.152885376695617303e+00
-5.164057021923744273e+00
-5.131266364497847121e+00
-5.397954754504646679e+00
-5.433933739310315758e+00
-5.477390771378108703e+00
-5.514109776124602291e+00
-5.065274647846531586e+00
-5.411556889029463413e+00
-5.437106475654108984e+00
-5.368693440937675199e+00
-5.326329435724973749e+00
-5.390236586503032612e+00
-5.160264598774367606e+00
-5.429828277811071580e+00
-5.446893303236868711e+00
-5.416407092762567821e+00
-5.123566677104371969e+00
-5.501264519925701535e+00
-5.547769207019291215e+00
-5.721638346103263828e+00
-5.421247274427495100e+00
-5.522672881121120092e+00
-5.697335449638870841e+00
-5.518990719660682664e+00
-5.544824180952632631e+00
-5.476615503751895098e+00
-5.527217151667012551e+00
-5.565956902628352410e+00
-5.712064854786982337e+00
-5.480411459981267441e+00
-5.468121350312188156e+00
-5.537519189557280619e+00
-5.588249489266040371e+00
-5.447756639476867058e+00
-5.479557768766249559e+00
-5.499688867049541408e+00
-5.542203442695623927e+00
-5.582593833361744196e+00
-5.663159603511295437e+00
-5.652517133452220399e+00
-5.748376592453061207e+00
-5.746085889376665534e+00
-5.648178537211583361e+00
-5.642687868277840302e+00
-5.630688324576295756e+00
-5.628713232454083837e+00
-5.643397004004113704e+00
-5.669375612828324584e+00
-5.625724621818513960e+00
-5.671155841935821229e+00
-5.627191669827497300e+00
-5.682026204114859702e+00
-5.619622494043039929e+00
-5.651330202269000402e+00
-5.751194693086564058e+00
-5.642585700440875485e+00
-5.629645305438431002e+00
-5.639294498390857946e+00
-5.654085950255654858e+00
-5.636650575378743255e+00
-5.632414516492434409e+00
-5.631946772016515723e+00
-5.625677070371971844e+00
-5.632429406115460502e+00
-5.655049171238171191e+00
-5.642693338397508640e+00
-5.658519054229415701e+00
-5.649267295270080425e+00
-5.727749951006756213e+00
-5.714646469620699776e+00
-5.733682713038556145e+00
-5.654846487019413281e+00
-5.704285400748729806e+00
-5.700841996370376030e+00
-5.713810568723775241e+00
-5.703192693726007789e+00
-5.685338912161145508e+00
-5.508611957072688803e+00
-5.573594407920583471e+00
-5.532455758437338389e+00
-5.558826178986905120e+00
-5.508797681156153203e+00
-5.542360948304887458e+00
-5.510881273803616587e+00
-5.564120340864949554e+00
-5.629567392376451096e+00
-5.512861250320546525e+00
-5.467651064784869952e+00
-5.506247143304167757e+00
-5.523184204348559945e+00
-5.499283070542130503e+00
-5.473507615227303447e+00
-5.532903853778360137e+00
-5.479202515790166039e+00
-5.539371852918193895e+00
-5.529285028983003336e+00
-5.594433439263513108e+00
-5.545691195424148567e+00
-5.540531044809707595e+00
-5.511241221410827507e+00
-5.533459586556295662e+00
-4.739461137676650004e+00
-4.662395671901001570e+00
-4.603965797773842183e+00
-4.826596696290252453e+00
-4.790196929701775908e+00
-4.745114584972850658e+00
-5.068245910946963306e+00
-5.077387946544656749e+00
-5.041513247644557438e+00
-5.105220030507343409e+00
-4.682551851743130378e+00
-4.673899929205123094e+00
-4.601591887957969362e+00
-4.679507548344916223e+00
-4.768161029919308902e+00
-4.660926472515626529e+00
-4.650351076736733091e+00
-4.634325760267796745e+00
-4.624933524005820473e+00
-4.730683442733882416e+00
-4.638513190729804947e+00
-4.614942711783849738e+00
-4.613491590418137278e+00
-4.722655281927785609e+00
-4.708549565788088032e+00
-4.739756185519526710e+00
-5.497579060949536967e+00
-5.449354783213277820e+00
-5.388734249747229477e+00
-5.514458126342838717e+00
-5.663883239782880885e+00
-5.714762454146722348e+00
-5.594564888486859289e+00
-5.148750762451340890e+00
-5.213700928211347119e+00
-5.237038279766919935e+00
-5.756390909123184407e+00
-5.771112084199952363e+00
-5.778724353284293791e+00
-5.732899190143517565e+00
-5.765072655807495394e+00
-5.544591483607084648e+00
-5.520320447532450103e+00
-5.549605569285880335e+00
-5.526193279875544206e+00
-5.544119565289338247e+00
-5.661625889517122090e+00
-5.730891892084132522e+00
-5.298863961187206151e+00
-5.233510477036607433e+00
-5.283799014590478293e+00
-5.308695071567364643e+00
-5.334946403395630199e+00
-5.518500122699342647e+00
-5.298717344643470106e+00
-5.341471728739567659e+00
-5.352075135076869827e+00
-5.345331707419306078e+00
-5.338957211966067540e+00
-5.311404177917815161e+00
-5.323062256559327743e+00
-5.308979466850875184e+00
-5.316454464337516228e+00
-4.724080466169927384e+00
-4.740309070816428161e+00
-4.716106246364608623e+00
-4.727450109986651938e+00
-4.736362835176824326e+00
-4.727734573461876977e+00
-4.715482996068016242e+00
-4.729004058374240316e+00
-4.736194113649958126e+00
-4.721764560787426568e+00
-4.736906121681878190e+00
-4.697924208580925409e+00
-4.698673466489546868e+00
-4.721290150314430889e+00
-4.698637925118146264e+00
-4.712269537657824081e+00
-4.696389039859412584e+00
-4.693818950323025874e+00
-4.701044510173708169e+00
-5.205136784004441353e+00
-5.136419878325079402e+00
-5.153633077999275613e+00
-5.128797757442614902e+00
-5.170471196487458343e+00
-5.174909680720985783e+00
-5.203229010798020582e+00
-5.166939159218739697e+00
-5.168853350306756411e+00
-5.387914887023860899e+00
-5.342121437648986948e+00
-5.327874912150977416e+00
-5.328323794969493044e+00
-5.285477946136076355e+00
-5.401473331754843343e+00
-5.388310096343984057e+00
-5.326712677994729361e+00
-5.300140767532657726e+00
-5.113021023909598561e+00
-5.270066040054957490e+00
-5.240180831661469085e+00
-5.347733952669011082e+00
-5.307552368558102529e+00
-4.886720866499494775e+00
-4.859765166928745828e+00
-4.869440758476963893e+00
-4.875868988889155098e+00
-4.878939758334906784e+00
-4.782148118309091700e+00
-4.720981634379417535e+00
-4.733560078649529324e+00
-4.884764999521101991e+00
-4.878700923625222785e+00
-4.957335510827348912e+00
-5.273987065689387244e+00
-4.924389668456718994e+00
-5.275992621340678035e+00
-5.277973579863346032e+00
-5.206157018289848004e+00
-5.160623418465615231e+00
-4.913391398163529544e+00
-5.202444977980073659e+00
-4.965714870911458689e+00
-5.342938350471603037e+00
-4.948484122325957024e+00
-4.903523541795569152e+00
-5.315848573798597876e+00
-4.942216713031818642e+00
-4.936323467789831554e+00
-4.963419284983292101e+00
-5.253211420121614239e+00
-5.241260339309976146e+00
-5.247446520118305813e+00
-5.228578269444092541e+00
-5.144039018752275538e+00
-5.246348005975611350e+00
-5.250095002884934914e+00
-5.233058409047359305e+00
-5.236779198886197584e+00
-5.120770849038166261e+00
-5.076946215867581103e+00
-5.144285909538147017e+00
-5.140321541290173712e+00
-5.154437089483331569e+00
-5.126865814060363569e+00
-5.258805549863108553e+00
-5.232397056227161336e+00
-5.110533277945418895e+00
-5.145233324896860694e+00
-5.114245602633456400e+00
-5.554156151262628072e+00
-5.554740165516076189e+00
-5.570167190164566406e+00
-5.557530003329945956e+00
-5.570831350367106083e+00
-5.562065969621779793e+00
-5.536766188517168175e+00
-5.558967377308142943e+00
-4.740108136853828924e+00
-4.753628437053053268e+00
-5.096208318551138206e+00
-4.715501157076345429e+00
-4.656422194896070899e+00
-4.714300867824975150e+00
-4.582604555851738759e+00
-4.676656477284102387e+00
-5.676709989291243375e+00
-5.643514960245218148e+00
-5.508708147245409137e+00
-5.563449598900313653e+00
-5.539910514729726287e+00
-5.506736226855519334e+00
-5.537655889363358064e+00
-5.618035507146258212e+00
-5.686063560260251393e+00
-5.667921522802028100e+00
-5.668927959939946248e+00
-5.631860105440520847e+00
-5.647544536743980714e+00
-5.633081393064096609e+00
-5.637969237270027634e+00
-4.759337866239762960e+00
-4.758907003777502531e+00
-4.735076862273617238e+00
-4.733994466351820307e+00
-4.746895993991802065e+00
-4.722814433955453417e+00
-4.732589850795563713e+00
-4.736951027365528866e+00
-4.776208567968634355e+00
-4.782867833557762793e+00
-4.798922284309646180e+00
-4.772325660163733829e+00
-4.778941157801423145e+00
-4.733399496228242853e+00
-4.746815909180614135e+00
-4.811392901229478269e+00
-4.701245723626527706e+00
-4.822390194960842535e+00
-4.850568095145733061e+00
-4.804827216236128962e+00
-4.810064488697199714e+00
-4.750704389937130401e+00
-4.784768080033960480e+00
-4.803893497340943952e+00
-4.788472821526996270e+00
-4.767860810096001600e+00
-4.804538400822909061e+00
-4.828009808648322299e+00
-4.820529519440731825e+00
-4.808299880750244171e+00
-4.816265434238154342e+00
-4.830148538542304415e+00
-4.801873591221590409e+00
-4.811990000015671676e+00
-4.829868233628199725e+00
-4.828267130961100051e+00
-4.850951502067238685e+00
-5.093051109611124616e+00
-5.097411575618511215e+00
-5.091589827088015774e+00
-5.087362761718577708e+00
-5.089796839868436784e+00
-5.097609586948978588e+00
-5.291447012958510498e+00
-5.286239322929110251e+00
-5.285328450122094956e+00
-5.282244418750592807e+00
-5.287311607548263126e+00
-5.287535180901568488e+00
-5.283501763430550113e+00
-5.285866443704898998e+00
-5.280699056769078581e+00
-5.283340773307719118e+00
