-5.436658538622224590e+00
-5.389957642733528509e+00
-5.322410259260041521e+00
-5.130200803850700986e+00
-5.464095616066172667e+00
-5.465000279631699875e+00
-5.505294171051293262e+00
-5.483342621850895604e+00
-5.501055344363493305e+00
-5.512030574788792769e+00
-5.508317975981444015e+00
-5.470023739210952307e+00
-5.113749031678664458e+00
-5.130413827850079933e+00
-5.112177130425013871e+00
-5.125460027209002511e+00
-5.142979689110537933e+00
-5.137992209403948962e+00
-5.124433229101886589e+00
-5.128605018062537546e+00
-5.150906215839057722e+00
-5.160101442879440725e+00
-5.130011343382404831e+00
-5.399541507483313296e+00
-5.432242420830240448e+00
-5.477853388548631131e+00
-5.515752017648006600e+00
-5.062047599397402564e+00
-5.413483060361746979e+00
-5.434011532949371670e+00
-5.368018024692583268e+00
-5.330710450339529061e+00
-5.390753631028148085e+00
-5.157698580667039678e+00
-5.429667091794816436e+00
-5.447489057778374111e+00
-5.417057372682707594e+00
-5.121567559200387088e+00
-5.507791297936927677e+00
-5.554789240700102049e+00
-5.724436623526423240e+00
-5.423469708082660823e+00
-5.523905815120492946e+00
-5.699315896096194045e+00
-5.522585521766611549e+00
-5.546812314488485995e+00
-5.478653100680616284e+00
-5.532519479445913824e+00
-5.567195600798815036e+00
-5.715569783543686277e+00
-5.481786495595333264e+00
-5.471478560300671035e+00
-5.539445123467714893e+00
-5.589983393722468108e+00
-5.447704420867537145e+00
-5.481142697713403678e+00
-5.500627647064644243e+00
-5.545305686374177867e+00
-5.584171208184780077e+00
-5.662436758316331087e+00
-5.654604690285390589e+00
-5.747354324844334172e+00
-5.745658004868304580e+00
-5.648195095579813696e+00
-5.643218037718976454e+00
-5.633463431142162747e+00
-5.633951971212757037e+00
-5.644506951105247694e+00
-5.669629775432865060e+00
-5.629219015157078232e+00
-5.672368836723768126e+00
-5.628774313231625470e+00
-5.683289129177055976e+00
-5.620699413141423406e+00
-5.651308369692221945e+00
-5.749844958570337283e+00
-5.641029593951377485e+00
-5.629746027804002573e+00
-5.638840964639088682e+00
-5.653286492799336038e+00
-5.638746305968620476e+00
-5.631825721503187054e+00
-5.635556816204977615e+00
-5.625082850522175271e+00
-5.633456447551029811e+00
-5.657629633885406406e+00
-5.643251262050193340e+00
-5.660027246309089044e+00
-5.650895238424904043e+00
-5.732633898068073997e+00
-5.718183105197236493e+00
-5.736436266417254792e+00
-5.660068423292313078e+00
-5.707549560920170073e+00
-5.703497009557815467e+00
-5.716296706602277844e+00
-5.705901525821767351e+00
-5.688659031080933737e+00
-5.516096134057558054e+00
-5.581828390220925584e+00
-5.538842257549012160e+00
-5.568669373048643401e+00
-5.514732389678800750e+00
-5.548394027535926476e+00
-5.514665643045994159e+00
-5.572696456418164246e+00
-5.634381014665008180e+00
-5.525982047750077619e+00
-5.478094768239936130e+00
-5.518551798696075927e+00
-5.535556013245012785e+00
-5.500494389639621673e+00
-5.483333105256896545e+00
-5.542732414824492082e+00
-5.489441783349546355e+00
-5.546808864421278962e+00
-5.533994538119465290e+00
-5.600320006473250345e+00
-5.552913703195436312e+00
-5.548721165426648838e+00
-5.522619410626366410e+00
-5.540767314753645145e+00
-4.736763914105327267e+00
-4.663268939632566834e+00
-4.611198844744805569e+00
-4.817947334883132982e+00
-4.781468685824055598e+00
-4.742460950727066304e+00
-5.056136660783810299e+00
-5.065145373734950773e+00
-5.035025787109987050e+00
-5.094006420814071845e+00
-4.700786722486501645e+00
-4.695457583409231361e+00
-4.633279473873108678e+00
-4.693419326882566800e+00
-4.767877109298575000e+00
-4.656933980828653397e+00
-4.651273410652141393e+00
-4.625644952351853689e+00
-4.621016244976801524e+00
-4.732059084302378871e+00
-4.633031772237984569e+00
-4.619733196654810747e+00
-4.608094867996330279e+00
-4.717099167554914985e+00
-4.707618166520568082e+00
-4.741635905091365011e+00
-5.498739019754599333e+00
-5.449938692354557190e+00
-5.387247979179248247e+00
-5.514637648171210493e+00
-5.667786182430613273e+00
-5.718621252504011210e+00
-5.598152779410361823e+00
-5.147665570952733916e+00
-5.217345111871836139e+00
-5.237560003458590963e+00
-5.760005853344181581e+00
-5.773463844206191631e+00
-5.779636950865807421e+00
-5.738150058225495620e+00
-5.768173255031159741e+00
-5.543224329719932619e+00
-5.520086906359891188e+00
-5.549243730932071017e+00
-5.526915799017989350e+00
-5.545476566758057224e+00
-5.664520745542906077e+00
-5.732567606078299960e+00
-5.288814585803908841e+00
-5.237029300686552702e+00
-5.274897344064323867e+00
-5.299288261968460922e+00
-5.330341171485745377e+00
-5.517828046705447242e+00
-5.298423438920835338e+00
-5.341512907988937187e+00
-5.350571964197162522e+00
-5.342551466580901298e+00
-5.338726609346575280e+00
-5.308497260425251163e+00
-5.323158637041985664e+00
-5.307812815277223706e+00
-5.315992956203842823e+00
-4.717574706531833861e+00
-4.735755762684705772e+00
-4.714824236932027901e+00
-4.722362850458790895e+00
-4.732572167903342120e+00
-4.727090931661751760e+00
-4.711628371793876724e+00
-4.724689599465337508e+00
-4.738296856112484967e+00
-4.722120491894544081e+00
-4.732696207770874075e+00
-4.696149355075367460e+00
-4.688438270640634897e+00
-4.710988193859331652e+00
-4.689195484193911412e+00
-4.701687916213310281e+00
-4.687275751326580142e+00
-4.683348551109923541e+00
-4.694262508229268605e+00
-5.200303462139606481e+00
-5.131001340762334273e+00
-5.141609629644857904e+00
-5.128720890470201077e+00
-5.159899066387024114e+00
-5.169295683511726303e+00
-5.191936148671053353e+00
-5.154663993926106969e+00
-5.167233186576724258e+00
-5.387061900530083491e+00
-5.343409310027956494e+00
-5.330760504738125682e+00
-5.330869309888195851e+00
-5.286786594573212206e+00
-5.401774851000220146e+00
-5.389182096396075927e+00
-5.325899507606397520e+00
-5.295709644833888063e+00
-5.103905349275341230e+00
-5.267548818879705053e+00
-5.238196606825217039e+00
-5.347547462058604317e+00
-5.305487231835793516e+00
-4.882686107792517660e+00
-4.854378064694916617e+00
-4.859497388550461316e+00
-4.868522106831393970e+00
-4.871499644261336748e+00
-4.784763463944827322e+00
-4.721335962357297689e+00
-4.738721270333765112e+00
-4.881517977703944133e+00
-4.878761684470592996e+00
-4.958253712768915911e+00
-5.267714427818469325e+00
-4.919635223689634351e+00
-5.276219754779266857e+00
-5.283787141778685026e+00
-5.204015434209903646e+00
-5.159707133548431912e+00
-4.909485789717643378e+00
-5.205778553761613914e+00
-4.961294117401319426e+00
-5.345859492053959272e+00
-4.947102829266039947e+00
-4.898082030724434155e+00
-5.317043709939677676e+00
-4.940075308349229921e+00
-4.932635738091782684e+00
-4.960719516837499121e+00
-5.253390005482585501e+00
-5.241280679109660667e+00
-5.252612044332095387e+00
-5.229575000459750100e+00
-5.137147810574569817e+00
-5.251917793874282481e+00
-5.252303321788911461e+00
-5.236980346906940476e+00
-5.237027113496270481e+00
-5.119204799238392667e+00
-5.077242728362889146e+00
-5.134300397670141791e+00
-5.135266496308569018e+00
-5.153657336504388731e+00
-5.122077420593171837e+00
-5.260231513785095459e+00
-5.233308571291624745e+00
-5.106401170604542017e+00
-5.139965932615327304e+00
-5.115775359831112645e+00
-5.564393486765032648e+00
-5.564868791307811868e+00
-5.574993206931272205e+00
-5.564910539100027087e+00
-5.583112403418196479e+00
-5.565134584111154581e+00
-5.550402700336142914e+00
-5.567699351311426348e+00
-4.740620008204383673e+00
-4.747307250400241152e+00
-5.081788399274036472e+00
-4.721721216346214334e+00
-4.693992876519748059e+00
-4.731424708579815785e+00
-4.653501886026158552e+00
-4.700069618210239497e+00
-5.681676181060262287e+00
-5.648534132410629738e+00
-5.513556232765643550e+00
-5.563306772597570671e+00
-5.539524507754771676e+00
-5.513582626680548771e+00
-5.543498060255416249e+00
-5.625699810261717282e+00
-5.689770392086024309e+00
-5.670183660730584663e+00
-5.671198286696423452e+00
-5.631144948279664497e+00
-5.646710041843411076e+00
-5.633269477132562209e+00
-5.639827973908307257e+00
-4.766376638105789709e+00
-4.758403762069829845e+00
-4.733645054316901302e+00
-4.736641440269277581e+00
-4.736280277842516817e+00
-4.721619860172126870e+00
-4.733523161665724288e+00
-4.744653249082237956e+00
-4.782257135894524502e+00
-4.788011563754885458e+00
-4.801852449219286001e+00
-4.781404280259428319e+00
-4.789116494752149400e+00
-4.729168334604976209e+00
-4.747924621526518507e+00
-4.830062784367577855e+00
-4.704072668979003780e+00
-4.819304716379454234e+00
-4.840336312331086077e+00
-4.809672769070299836e+00
-4.814315692655770640e+00
-4.756580092565344309e+00
-4.785761307278322718e+00
-4.803708139791865506e+00
-4.791773893596925404e+00
-4.770869136170001745e+00
-4.800756383239860980e+00
-4.822892618963694034e+00
-4.827260336902376991e+00
-4.811920734240477948e+00
-4.823828417711418126e+00
-4.830739638392780755e+00
-4.798281375961483519e+00
-4.812957933823684087e+00
-4.823481956024382455e+00
-4.830941674914118522e+00
-4.856083745584829359e+00
-5.066589347104953234e+00
-5.074360437577163374e+00
-5.062456767169329019e+00
-5.052622590836673311e+00
-5.061836661743549293e+00
-5.081672690035270890e+00
-5.293867493244694522e+00
-5.289600113055628938e+00
-5.286633400375698955e+00
-5.282389143434528478e+00
-5.289465881610340148e+00
-5.289283679664853466e+00
-5.286235841368455368e+00
-5.287963786574430003e+00
-5.283020445600008941e+00
-5.283150993366925618e+00
