9.672332810668622471e+01
9.252907202339861215e+01
1.338078819534323145e+02
1.192784399042932364e+02
1.242448128764677762e+02
8.550426769617349976e+01
1.119410468433729307e+02
1.115186692467335092e+02
1.060921736277617811e+02
1.180666929855598113e+02
1.132241768791681693e+02
9.419714173459222195e+01
1.106974507127870453e+02
1.076942948010963903e+02
9.393021184985134653e+01
1.024694952101971381e+02
1.251447389532485772e+02
1.158495842826344955e+02
1.199830603810985252e+02
1.237411205840844843e+02
9.866937126180941675e+01
1.035393977118891655e+02
1.036685331012264868e+02
1.040405576899443503e+02
9.856001790936130647e+01
1.128435064434277990e+02
1.163013212639490206e+02
9.325862910643547821e+01
1.092073708447341147e+02
1.250379372315405391e+02
1.033053717054859391e+02
9.497036747660074241e+01
1.135276495562817303e+02
1.099189328029873138e+02
1.237201954475828103e+02
1.076309521852497539e+02
1.052375245574145310e+02
1.138493466898053867e+02
1.150923910384322539e+02
9.802149171839435837e+01
9.760799835226967502e+01
1.218736163159005486e+02
1.124693665166263656e+02
1.224555797507874217e+02
9.521713577775790327e+01
1.167382738276529039e+02
9.731664602816320553e+01
1.059993675410953529e+02
1.324925045408738526e+02
6.970214336836995983e+01
1.152047953192441696e+02
9.046103270618395698e+01
1.115395191416465508e+02
1.054637042329752887e+02
1.079367908914511816e+02
9.859817277821289849e+01
1.062990033522900148e+02
1.243189216765184426e+02
1.060590170038660318e+02
1.121142669887823615e+02
1.077762484854458194e+02
1.209961713280495701e+02
9.606170329332449853e+01
1.093017842486258360e+02
1.264968022907288798e+02
9.692231769375592876e+01
1.161314671103452270e+02
1.055993449133584789e+02
1.155800867658322204e+02
1.012479933498667464e+02
9.608607239547498580e+01
1.214831335224155708e+02
1.026825679876661610e+02
1.066200499914192932e+02
1.040198612455805289e+02
1.126473068552889885e+02
1.194748294231488472e+02
1.099516530081413919e+02
1.143614717347583962e+02
9.944055729159657631e+01
1.029687607333785451e+02
1.005982313770934127e+02
1.129206236823136180e+02
1.089293193926067573e+02
1.399372588472006953e+02
8.698572156372567576e+01
1.015160996318238915e+02
9.925481322347751245e+01
1.163838439091748569e+02
8.800345398615459658e+01
1.265441982118403388e+02
1.332664877662290621e+02
9.893257798428196281e+01
9.729904862936020038e+01
5.606306030526324236e+01
8.537448957896035040e+01
1.384303780290237285e+02
1.294806918502053463e+02
8.787620090015174412e+01
1.068216424762873231e+02
1.209604714451146492e+02
9.992572812457459008e+01
1.087551883022563004e+02
1.353076470712439061e+02
8.947008534392834633e+01
9.400965970588603682e+01
1.246535272633972653e+02
1.136629707912375267e+02
1.086085989150645617e+02
1.027249137213265158e+02
9.954502472940596647e+01
1.054411817602467352e+02
1.109103706540498138e+02
9.788474394463287354e+01
1.100920172831066282e+02
1.008462935867782164e+02
1.167624517113463014e+02
1.119423285320734038e+02
1.086536899321932879e+02
1.156141307560469329e+02
1.035180035755417975e+02
1.084515691613974155e+02
1.075108642414009381e+02
1.091265271926329348e+02
1.385010088662929206e+02
1.024963830631890431e+02
1.132044811345975717e+02
8.855422628951234287e+01
1.021104959398862775e+02
1.043468867631180927e+02
1.050513936788969289e+02
9.780525943680640921e+01
9.554083515888689249e+01
1.009294005718999045e+02
1.412011852762250328e+02
1.085136807809240196e+02
1.100021221832436709e+02
1.008484934234319752e+02
1.051071150899062019e+02
1.181455634053328083e+02
1.148773819832733381e+02
1.062496842929548961e+02
1.114728296708455559e+02
1.264635778928151808e+02
1.031525062747007127e+02
1.078702752844360759e+02
1.012227699575590236e+02
1.122217854057631570e+02
1.025129824783905264e+02
1.087732797345981197e+02
1.240104281647932538e+02
1.190838982051555917e+02
8.569354702686345604e+01
1.084190308843257640e+02
9.714907554263149336e+01
1.182073901704240342e+02
1.096404518139948721e+02
1.127088262191980448e+02
1.163080199514654964e+02
1.000223814427069300e+02
1.140285765993597522e+02
1.027862581682128535e+02
1.058314400167106584e+02
1.231128032882420342e+02
9.769225616142146862e+01
1.021307879237179748e+02
9.036360731238013955e+01
1.411986591235952915e+02
9.938630677068402974e+01
9.129662088359702921e+01
1.234623603877175810e+02
1.176182750455099040e+02
1.115601343245055261e+02
8.770003559017200701e+01
1.086596589219683153e+02
1.035376601424904237e+02
1.272014279548318711e+02
1.054810796682673129e+02
1.079336769762959989e+02
1.189104621568259006e+02
1.024023250130723142e+02
1.031829435028679427e+02
1.167973973970741923e+02
1.054669842393808068e+02
1.204278297723610649e+02
1.125955679807033647e+02
1.105580189137951095e+02
1.208520281372554024e+02
9.787406148193250033e+01
1.218022868080343102e+02
1.067963517679312559e+02
9.198966314567152835e+01
1.263893178850516819e+02
1.055588653702528745e+02
1.077358933513759069e+02
1.090696335222901752e+02
1.097085815218692630e+02
1.032081802333847236e+02
1.356724102495807074e+02
9.339131073006112160e+01
9.790477920879854423e+01
1.205058367155885719e+02
1.027956188786935030e+02
1.168719722947486588e+02
1.175331400496025225e+02
9.685843088721173899e+01
1.092284278350098248e+02
1.107674856117044158e+02
8.910640852370188725e+01
1.194892614501099075e+02
1.342038924840119876e+02
9.400801769320936785e+01
1.144519811951666668e+02
9.841701460161169734e+01
9.829122000516002799e+01
1.168647169543113193e+02
1.168318429083685430e+02
1.063405998466721343e+02
1.033297816741237654e+02
9.724417731669068132e+01
1.229197118561082078e+02
1.056976456237577793e+02
1.175293543056569092e+02
1.154845707259907925e+02
9.994641580885827636e+01
1.050648293342094917e+02
9.802906210372097462e+01
1.136106204919273353e+02
1.191552299547485774e+02
1.180530231923531375e+02
1.035348305990441986e+02
1.046869709847567975e+02
1.170583057847485975e+02
1.178517931933024272e+02
9.002238639285127419e+01
1.065398367892523055e+02
1.343004729710046661e+02
8.925636547350445937e+01
9.681805128836884933e+01
1.124399900229978613e+02
1.085123379321981361e+02
1.239212933263386702e+02
1.125715417030387187e+02
1.022016481177385714e+02
9.906597540064076668e+01
1.114645808464080829e+02
1.132119640515367962e+02
1.069436288424585086e+02
1.071412378066388555e+02
1.170984907425800543e+02
1.278033188736668819e+02
9.563841039286324985e+01
1.078043647596656882e+02
1.022296847268116835e+02
1.101183318624221954e+02
1.115710692010038372e+02
1.145586784380918886e+02
1.239377962556059032e+02
9.907088573446064572e+01
1.100545827472457887e+02
9.706396434757257907e+01
1.110422155497045651e+02
1.143081290469466467e+02
1.165454928770948868e+02
1.079836506809230059e+02
1.047760111813901176e+02
1.120638705212504789e+02
1.164424199574952752e+02
9.698784859080708998e+01
1.094267768068788627e+02
1.161010608081493274e+02
1.061643257653968391e+02
1.248140361235314941e+02
9.987211996144755233e+01
9.592851139239989777e+01
1.007375763281573455e+02
1.102548646685542053e+02
9.865049975387250925e+01
1.226001556359332625e+02
1.269864941573838450e+02
9.506971407997129120e+01
9.579673944841452737e+01
1.130892232921727611e+02
1.153505034719993603e+02
9.715271512161655210e+01
1.079680601231387982e+02
1.121124714465782120e+02
1.109457749975979084e+02
9.588971890536110720e+01
1.267365255610987020e+02
1.022902790878799806e+02
1.146169989003008993e+02
9.963049009292109304e+01
1.062351105628657422e+02
1.030977032351920997e+02
1.246019877952604844e+02
1.052155531424759687e+02
1.050571347297745319e+02
1.056130217549582824e+02
1.109843357360696388e+02
1.076666596336722819e+02
9.635511306330306525e+01
1.218880888802498816e+02
1.020592778182047482e+02
1.212096410611988517e+02
1.127743352415719187e+02
1.015212773029385005e+02
1.169980674771879450e+02
1.156663101713322277e+02
9.874493289222442627e+01
1.028734098670012429e+02
1.051742301969095337e+02
1.176128372362456531e+02
1.198081651842237250e+02
9.154094903331193223e+01
1.030860321526609056e+02
9.726765072467256346e+01
1.126691325184965820e+02
1.326745650474622096e+02
9.742770930261418982e+01
1.140117656403057111e+02
1.155874733820837861e+02
8.613323370084248154e+01
1.013262177544899316e+02
1.281983743233994062e+02
1.123370033837139914e+02
1.149036001313790649e+02
1.055446199790604709e+02
9.848486477704902597e+01
1.024642495916396427e+02
1.221758408868692243e+02
1.193013747416054997e+02
8.929729338488807855e+01
1.277505204197951088e+02
1.155373479896074542e+02
9.704111880337168827e+01
1.084979970007288870e+02
1.225758767519579919e+02
1.072929295785296375e+02
1.004749664384019638e+02
1.065187535355427570e+02
1.030813844863796334e+02
1.176039546513934226e+02
1.028517500922439041e+02
1.275822840541187730e+02
1.147175509828793594e+02
1.089999823809212245e+02
1.137587634612586811e+02
8.901750072382618839e+01
1.200747543092316789e+02
9.731070199734267590e+01
1.060732805898685314e+02
1.116371895729061947e+02
1.043383297875504780e+02
1.180731777712758799e+02
1.142608516258005835e+02
1.170654443633880391e+02
1.059227918954946688e+02
1.082176211184442565e+02
1.052817622908257960e+02
1.049897165050354744e+02
8.682128599478591013e+01
9.480706386232870386e+01
1.563508849382776020e+02
1.125376493633252011e+02
1.120814094698581869e+02
9.089448958967543035e+01
9.578658657159598988e+01
1.306596651063879904e+02
1.016542129482442363e+02
1.131671707075634288e+02
1.151001180411812044e+02
1.007725050467993100e+02
1.027299035325800531e+02
1.141047786030272420e+02
1.057475733701610778e+02
1.127137066688510885e+02
1.131408085395132161e+02
1.082335838579337519e+02
1.022373447143433225e+02
1.332135056608687194e+02
9.440371369798697287e+01
1.184438727767831523e+02
9.422143741513421844e+01
1.040333093426301474e+02
1.052165500240442242e+02
1.034683432665465119e+02
1.341257479884959594e+02
1.128418471804137511e+02
9.683415867380760744e+01
1.041155317387584773e+02
1.007328951961718673e+02
1.256811227876376478e+02
1.034489604802576252e+02
1.096446019998228394e+02
1.083353788126626966e+02
1.079148752104113242e+02
1.036817639595579692e+02
1.181756485848920448e+02
1.022060826504770432e+02
1.170755445118237930e+02
9.026064675697033124e+01
1.118654716478808666e+02
1.134478006466506486e+02
1.105595761788851092e+02
9.225935884068515236e+01
1.108718689828198762e+02
1.335549218178054502e+02
1.146874862084394522e+02
9.194914615302297989e+01
1.081142078301268015e+02
1.116326126846852702e+02
9.594720053455677089e+01
1.174567206088028541e+02
1.176543269997770693e+02
1.040255799724474457e+02
1.027120881169755791e+02
9.787243621257614734e+01
1.292836387000207878e+02
1.160687305575395243e+02
1.225992855354111697e+02
9.571679539746121179e+01
1.081700636091939174e+02
8.730817537243392223e+01
1.217297788362475615e+02
1.079451217288319356e+02
1.176364476395524861e+02
9.924121873240109437e+01
1.133802331761160644e+02
1.170892451782196417e+02
1.009924068973397624e+02
1.112293217719114011e+02
9.354072160692315663e+01
1.193279317825387551e+02
1.024926719449440498e+02
1.040120332848147768e+02
1.103541324974817144e+02
1.231018361845945179e+02
9.169274000989143758e+01
1.119882818144248517e+02
1.262567267869725214e+02
1.218260934013812999e+02
1.038254747030368179e+02
1.025556612923797246e+02
9.005602958754859344e+01
1.256456435043281346e+02
1.025453660283870221e+02
1.187899006726374722e+02
1.033959599827759916e+02
1.124477275263244707e+02
1.164978144764475161e+02
1.081006822537333392e+02
1.187333487065539686e+02
1.116979481675865316e+02
1.110204436963911547e+02
9.372899411806190528e+01
1.337828756231366185e+02
1.047959992248615322e+02
8.915552833338158223e+01
1.073674033869499169e+02
1.165474296084988026e+02
1.066300917126324634e+02
1.012714968237202839e+02
1.044354779918443512e+02
1.191674018587395523e+02
9.636150674304111874e+01
1.164202023886484909e+02
1.055862302554181724e+02
1.119806297352642162e+02
1.159791541548335516e+02
1.099819739529829832e+02
1.004052918420334350e+02
9.710892792422612274e+01
8.153391807524288026e+01
1.311111535729177717e+02
1.160904654705863805e+02
1.114284443735680981e+02
1.120022996867117939e+02
1.081372951080236788e+02
1.093319872676310212e+02
1.034887946352973529e+02
1.055974935686892024e+02
1.181887157953618726e+02
1.223695009785542425e+02
1.017777481835574633e+02
1.115848319559761279e+02
1.157191145061978830e+02
1.031253633275495503e+02
1.003487147436979825e+02
1.183618372145167399e+02
1.028221185718351620e+02
1.191054459071407621e+02
1.180752194672002418e+02
1.085020176097031737e+02
1.107695572126157799e+02
9.972882123335512006e+01
1.117604857752757681e+02
1.118376295226627661e+02
1.116004615493184104e+02
1.151272571075745077e+02
1.068349483618407305e+02
1.192697407687933975e+02
1.131216658763184739e+02
9.911797037572637237e+01
1.110386047826477665e+02
1.134906745703809463e+02
9.822619374153200056e+01
1.126411113260047756e+02
1.092860689788961110e+02
9.725616544060363822e+01
1.151246044492452256e+02
1.246456929921736929e+02
9.538245200545622993e+01
1.006502264457077729e+02
9.249027196005495455e+01
1.069819229159273135e+02
1.204780713519630524e+02
1.094991727697173047e+02
1.087239720279222297e+02
1.159328126164403443e+02
1.186267537917380253e+02
1.244836573495297500e+02
1.183628599196254214e+02
1.036096371823864075e+02
1.029254567132464757e+02
8.164205969536523355e+01
9.019425691715595406e+01
1.171680649785716639e+02
1.126021751509381232e+02
1.047224721290262437e+02
1.081687549937273758e+02
1.189804589053649551e+02
1.327186756087892547e+02
9.865297509112311047e+01
1.116475749035883638e+02
1.003872992424375639e+02
1.020533101735559427e+02
1.093351662393034331e+02
1.003689149988412908e+02
1.145357327605563000e+02
1.013267020462154875e+02
1.320051365946252986e+02
1.091184011271499514e+02
9.566651397061779960e+01
1.064452230607840164e+02
1.121716787864014861e+02
1.138602806379725507e+02
1.112477929891535666e+02
1.014924792615095868e+02
1.110253113982816302e+02
1.065251163529638205e+02
1.169467942992054077e+02
1.074232923411348963e+02
1.142924261158032806e+02
1.185096426148093514e+02
9.305702273971161276e+01
1.004710693061879851e+02
1.044701920640930553e+02
9.822636294611584162e+01
1.183979262708396050e+02
1.196593907383746398e+02
1.111737964187870631e+02
1.187106915100660416e+02
9.762060020525706250e+01
1.160874751307768520e+02
1.260842034228772377e+02
1.014362564345539113e+02
9.562646305830187998e+01
1.149359845867737704e+02
9.091876338346780528e+01
1.259616374030060086e+02
1.216988136472358804e+02
1.131467742053125107e+02
1.055293179318138641e+02
1.077639021296456860e+02
1.195494365160290471e+02
1.187980600835853835e+02
9.870811745327466724e+01
1.090144420981960849e+02
8.749970725933856386e+01
1.191528283409973028e+02
1.014052771930137737e+02
1.044642400316688793e+02
1.128224468349815623e+02
1.162920621315654017e+02
1.238308183054294460e+02
9.704577168549081989e+01
1.212654278673774826e+02
1.079329861002242126e+02
1.190576079982162696e+02
8.710517736777276809e+01
9.572445092830834312e+01
1.216593178156062152e+02
9.376065513980688593e+01
1.291694568369225067e+02
9.763819064411798365e+01
1.074871637098262198e+02
1.180940111666739369e+02
1.107403501147075815e+02
1.148219767378481180e+02
1.287715689188078727e+02
9.967363488339991306e+01
1.020432086607006710e+02
7.823740860671794906e+01
1.225303905449018913e+02
1.227073668264314250e+02
1.068619667632017354e+02
9.050453010190405223e+01
9.770309343809189784e+01
1.175898066136005866e+02
1.231602570905505871e+02
1.242934647105305288e+02
1.042074415138374519e+02
9.751190912686750778e+01
1.085763371562300819e+02
1.134167179515423243e+02
1.073600999326143466e+02
1.149801211700639243e+02
1.022488471688261029e+02
1.014021167315692793e+02
9.522768140238531487e+01
1.198154632425768824e+02
1.226956491471900108e+02
1.339182606819013586e+02
1.033802578167655639e+02
1.201886934990529738e+02
1.082614625023078219e+02
1.096732189616907078e+02
1.187494054441161495e+02
1.106917108303007211e+02
9.275729025531536820e+01
1.151510032355983810e+02
1.138751961456618034e+02
1.035634317653515097e+02
1.242639966439950854e+02
1.051784346019244225e+02
9.569519748175196128e+01
1.118468328076823042e+02
1.131374793213169170e+02
1.110148809595329169e+02
1.109905176425496762e+02
1.221935736639984071e+02
9.205398682698908885e+01
1.050348914154461397e+02
1.264985007183756238e+02
1.157352913285400291e+02
1.108051157082186222e+02
1.055817467574802606e+02
1.148318475342541376e+02
1.042088574822771534e+02
1.117794619425223175e+02
1.175950658450533695e+02
1.029862091526164534e+02
1.013112735077754962e+02
1.184573229655735531e+02
8.638830370386099844e+01
1.062319036195521988e+02
9.955527979649956194e+01
1.317679132319151165e+02
1.180777205345467422e+02
9.631661846323386555e+01
1.065129951678198381e+02
1.200773729180966711e+02
1.035796663625301477e+02
1.075181818154987639e+02
1.134274855922956959e+02
9.988830178899365819e+01
1.152097632429362051e+02
1.072541824489319708e+02
1.141193429403024311e+02
1.011762014003964936e+02
1.170045707495859233e+02
1.157900549888136226e+02
1.073822814689007856e+02
1.401304948011286911e+02
1.076438703912076988e+02
8.944892074186356012e+01
9.198070135339473552e+01
1.146309822043884310e+02
9.013589060230283678e+01
9.229440252383967902e+01
1.149876664973134979e+02
1.268350450504596694e+02
1.094957585462438914e+02
9.648151687800914544e+01
1.135270162388633111e+02
1.078600424830298437e+02
1.073255040973239858e+02
1.169137619160237023e+02
9.461155582502733807e+01
1.159165287555815098e+02
1.185595940578273968e+02
1.068586153264244558e+02
1.032658749191510879e+02
1.149920708773226892e+02
1.049657897193454232e+02
1.249496953171277625e+02
9.676866689404866406e+01
1.056860746303476049e+02
1.053234379806856822e+02
1.059897640744509602e+02
1.119038470250306005e+02
1.106617893200725575e+02
1.280147559838133304e+02
1.226420725583176221e+02
9.082168077354413072e+01
9.361343094264007902e+01
1.160924903582904335e+02
1.042857513036572357e+02
1.282119961756430087e+02
9.298364368871609997e+01
1.107034241762592757e+02
9.517953943019895746e+01
1.162862611485707305e+02
1.036064348712452983e+02
1.300375341054291027e+02
1.081227750152718414e+02
1.107427990503996966e+02
1.017012607091987348e+02
1.006010717504552758e+02
1.251400146846618355e+02
1.104099865316250799e+02
1.063689483009799233e+02
1.078370062801832887e+02
1.149741733382856665e+02
1.183203216170449537e+02
1.032288841436443079e+02
1.064470976200260282e+02
1.154998570440874630e+02
1.023530249348404197e+02
1.147913224122296469e+02
1.047323334813666378e+02
1.043180262883390697e+02
8.594497760772082984e+01
1.333391523175101270e+02
1.217940017885362920e+02
9.591590220256952648e+01
1.051659113798940695e+02
1.245560455290622173e+02
1.029449111239480601e+02
1.122789475234541214e+02
1.012618357554825934e+02
1.078969280805411586e+02
1.083590162073020338e+02
1.076774283285105440e+02
1.240011430894343647e+02
9.052816846855658639e+01
1.119348073144109179e+02
1.091203651800489070e+02
1.360813077916039902e+02
1.041463843093427499e+02
1.203320764777302116e+02
8.508398252700429509e+01
9.503643805842889947e+01
1.096526188925090111e+02
1.045050056205838018e+02
1.041419592922035378e+02
1.139998329508923547e+02
1.238970305652902084e+02
9.761944359407362981e+01
9.746755949359243232e+01
1.105006884266037730e+02
1.035176714328715946e+02
1.251594736838286934e+02
9.780881679817161967e+01
9.774954574223772852e+01
9.196550938137052356e+01
1.162859856908039546e+02
1.157359047847361779e+02
1.154419610217809122e+02
1.031428956046869985e+02
1.041623857596447493e+02
9.994025606325308786e+01
1.165963232695111316e+02
1.071760362848328896e+02
1.008247298922202191e+02
1.059383782206206632e+02
1.305294437552467457e+02
9.139673044611055275e+01
1.099316758546830215e+02
1.253701165185273254e+02
1.046591593134731539e+02
9.451194998205234299e+01
1.051778785529728424e+02
9.758643270194045272e+01
9.062397755794324894e+01
9.950864374908077536e+01
1.391057474905844913e+02
9.698866816409579883e+01
1.103784611097264303e+02
1.038963823779776021e+02
1.019896160798487728e+02
1.095516566694420248e+02
1.202085307389836260e+02
1.130708146300460015e+02
9.874919129098772430e+01
1.038987526488437254e+02
1.092255351228136391e+02
1.074909262617346286e+02
1.029709853302864104e+02
1.289296779634094605e+02
1.134919995495203580e+02
1.128567957876117447e+02
9.693047395222379237e+01
1.072488284595082746e+02
1.192058863378218376e+02
1.068913982944822862e+02
1.123630271360758996e+02
1.077117447236040420e+02
9.819847881079921592e+01
1.106139277668355874e+02
1.133296078135166738e+02
1.139472945350344730e+02
1.073540475921024466e+02
9.953100755796722865e+01
1.214158271231367650e+02
1.144706254805987271e+02
1.007594861923048484e+02
1.138460404001771735e+02
1.129683362428604170e+02
1.161592028847248770e+02
9.872434052799214044e+01
1.156621511509804634e+02
1.168622907488057052e+02
9.391900674316136133e+01
1.046367642192004297e+02
1.076499896755930195e+02
1.080305312427024091e+02
1.155061647127475339e+02
1.090046632916563425e+02
1.149097954329185853e+02
1.063333146038430357e+02
1.002631251377265187e+02
1.102855741223629025e+02
1.059937085273142969e+02
1.074184930847642363e+02
1.272533278738059010e+02
1.146140362655591929e+02
9.860659814629127595e+01
1.031863584489164509e+02
1.041087006625867843e+02
9.711828574296377781e+01
1.045671037149404867e+02
1.121797190331789125e+02
1.260682436079877533e+02
1.083370816512641284e+02
1.013802249357128318e+02
1.041581889583693936e+02
9.887379870615764332e+01
1.041995978900367277e+02
1.123342192418468670e+02
1.128836272639251348e+02
1.079800900802409416e+02
1.093219167267610601e+02
1.098394244578773140e+02
1.058709656716471983e+02
1.295254072449654075e+02
9.357394315101669235e+01
1.113448698507479122e+02
1.303733209254382075e+02
9.766325874142731323e+01
1.073804879259136413e+02
1.152814768466690651e+02
1.234788397069591639e+02
1.040211457847821208e+02
1.069339170739931717e+02
1.134345181329441488e+02
1.271232180564227718e+02
1.084962661591131337e+02
9.702107851778227143e+01
1.163365974484720482e+02
9.012406444883512791e+01
1.217753689747881651e+02
1.005751634871701583e+02
1.127765545188996867e+02
1.097918144014040678e+02
1.095074245216840438e+02
1.070136116910629767e+02
1.134994752270723950e+02
1.101139515273972620e+02
1.059035221291397022e+02
1.108126593600368608e+02
9.840187461441911410e+01
1.157610065559446610e+02
9.930191837764027696e+01
1.059612784233805058e+02
1.056515654870336363e+02
1.199424608035714925e+02
9.574869886900467009e+01
1.129160275315130804e+02
1.003708601513540373e+02
9.892469019149498877e+01
1.281034559553127963e+02
1.100430816858159773e+02
1.149390658170818966e+02
1.027978811349821058e+02
1.057093223060181657e+02
1.050235137410901558e+02
1.098547624878626863e+02
1.147137929869058866e+02
1.197788343410734484e+02
1.009078799513681162e+02
1.142063570065378002e+02
1.280584757128539479e+02
1.132898562576368562e+02
1.154946799367775441e+02
1.061735648925273097e+02
1.078768114693054514e+02
9.696235748820069489e+01
1.294851428165053449e+02
1.133594671017383888e+02
1.023770133811197240e+02
1.066828550102568300e+02
1.034286419601384921e+02
1.232869535866943522e+02
1.056524434199555458e+02
1.131971804673670192e+02
9.608014406912199945e+01
1.219745778470771000e+02
1.002088899160879265e+02
1.135211758356824703e+02
1.212202868170815435e+02
1.042673520076308620e+02
1.584062489517603467e+02
9.799212939684015566e+01
1.038997943778113751e+02
9.363734366771259943e+01
8.801670405893436566e+01
1.129994588487532781e+02
1.077591188802414877e+02
9.450594488372026092e+01
1.167949884490644195e+02
1.195571086685459079e+02
1.146534353831584809e+02
1.078234253188755787e+02
1.352196687696961703e+02
1.123601110387578501e+02
9.732587874112289228e+01
1.032031667514561235e+02
1.041935124121250311e+02
9.759583706903882216e+01
1.070084497131375940e+02
9.428377125113217971e+01
1.331635473534983021e+02
1.023336565187842808e+02
1.252880553994702950e+02
1.013352616031489788e+02
9.895834349676444219e+01
1.005302485572846507e+02
7.664349382936993038e+01
1.260726704580966384e+02
1.372198994807442034e+02
1.139920807695791325e+02
1.004938901991091171e+02
1.059253609376523855e+02
9.852093010711433863e+01
1.189291489541525380e+02
1.274041789765025925e+02
9.771838218847908308e+01
1.099923366094605797e+02
1.236924756121925810e+02
9.459217891746014573e+01
1.011521278431078485e+02
1.001255053629023877e+02
1.108946258544456498e+02
1.112807416206655802e+02
1.304974808369840105e+02
8.810330178439973281e+01
9.281771885301893121e+01
1.022432941889299940e+02
1.165987550666077794e+02
1.191646564149400547e+02
1.223698536047466661e+02
1.199917503945657558e+02
1.225811571930576918e+02
1.045603096718025142e+02
8.110779834725408932e+01
1.151134100821415842e+02
1.145034521765436040e+02
1.145449869054717169e+02
9.945246474595575137e+01
1.366516776944037872e+02
1.086047145910510210e+02
8.962733683287622455e+01
1.234039898457614299e+02
1.008503931584637172e+02
1.032091433728849665e+02
1.234002848798007790e+02
1.248786664240301576e+02
1.077199713956863434e+02
9.007624023491337084e+01
1.014436676225646892e+02
1.093645226258165621e+02
1.063325930802399881e+02
1.136470007773567090e+02
1.021388093816758271e+02
1.140087988538251835e+02
1.062469857023387902e+02
1.134497075510048916e+02
1.048343209832905103e+02
1.166538915802626661e+02
1.053840986361333165e+02
1.140820490504290063e+02
1.005284442415758122e+02
1.278950135158827237e+02
1.041225853448942473e+02
1.081961207756499732e+02
1.163997825397196380e+02
1.118384376322814120e+02
1.062959237757077346e+02
1.197273468346313621e+02
1.258835204972970558e+02
9.787161711661356378e+01
9.495029586694626289e+01
9.047115080562528533e+01
1.315789458208711835e+02
1.144588789181551363e+02
1.027273421881595823e+02
1.113557716403668678e+02
1.036568918684509697e+02
9.725522096950291484e+01
1.081774934543363997e+02
1.172553791730263839e+02
1.267139340553480338e+02
1.105417336267643122e+02
9.827385340129498559e+01
9.307469634610484377e+01
9.691934337311717229e+01
9.625061422133292410e+01
1.103982322612652780e+02
9.833089426590093751e+01
1.129653819326587012e+02
1.350109138443258701e+02
9.991605642508316976e+01
1.041790462574813318e+02
1.009168741030020016e+02
1.192498793301795104e+02
1.027764423247225238e+02
1.253443255067159896e+02
9.869225248368965708e+01
1.156968961179669009e+02
1.121559667932565532e+02
1.038839428630287216e+02
1.170043565669006966e+02
1.090957521299538797e+02
1.119287598031702089e+02
1.023240522340255296e+02
1.356475649149951153e+02
8.931564136139618881e+01
1.221413755608671323e+02
1.198888450154445877e+02
1.135443814725669966e+02
1.192568102879322254e+02
9.488352907590835628e+01
1.131827531862391680e+02
1.016675836823709744e+02
1.111543381902774001e+02
1.119363150328270820e+02
1.185965815847140590e+02
9.796064587349017927e+01
1.055604323765006001e+02
1.032902193250683212e+02
1.090470738050839827e+02
1.245408689744507740e+02
1.102187088588744643e+02
1.034079991449903417e+02
1.113301233971238133e+02
1.103491439407522989e+02
1.052044225563144266e+02
9.635873299159092653e+01
1.066701147908795804e+02
1.247751206396447259e+02
1.130302479052306239e+02
1.112124787417583320e+02
1.048489310327614703e+02
1.088915865427052267e+02
1.000049523521506529e+02
9.867118378850568661e+01
1.130583854099096470e+02
1.132721866081868711e+02
1.202035127445925582e+02
1.182588322883266869e+02
1.213829056721297235e+02
9.266692019576049688e+01
1.041933773137200916e+02
1.149943689210294195e+02
1.031930338571175696e+02
1.145299033706600085e+02
9.145009642709173647e+01
1.033517854751990797e+02
9.783750070678848942e+01
1.019104354571888820e+02
1.474276381708529868e+02
1.087804512123350520e+02
1.056722357982104796e+02
1.250759272603159644e+02
1.171051252896311325e+02
1.006270791820438859e+02
1.002363887100209041e+02
1.098362451079623980e+02
1.234219470978374176e+02
9.854911744541067264e+01
1.068258634298311733e+02
1.133652869597269017e+02
1.046433529464811869e+02
1.113402453329644999e+02
1.237670305466828182e+02
1.145869062098973075e+02
1.151269008798702913e+02
9.929238285985593393e+01
1.025789657908705266e+02
1.139493702725790314e+02
1.099281012618763782e+02
1.151682079041504210e+02
1.138115543598528063e+02
1.045124638035834863e+02
1.182612539850906757e+02
1.080070163526059730e+02
1.036844008458485717e+02
1.081856900837461097e+02
1.025607873668542993e+02
1.186404687267261977e+02
1.127197543318033723e+02
1.118518642705241177e+02
1.064154910085686652e+02
1.042425339350830882e+02
7.990636971523842647e+01
9.597118643451686637e+01
1.180290638367781355e+02
1.008752899039146769e+02
1.295356285367873284e+02
1.213041407370622267e+02
1.132660243204113044e+02
9.976796903475543843e+01
9.772403754845558410e+01
1.048690502844410730e+02
1.105863643623664814e+02
1.079277024483336618e+02
9.266926677579759541e+01
1.069935707215363578e+02
9.259408421306852688e+01
1.266243013260456536e+02
9.071110828403743653e+01
1.094183654457634702e+02
1.154109429335049413e+02
1.391281262607881786e+02
9.814311060447175805e+01
1.040542773463839552e+02
1.031398186940438535e+02
9.758838917567203453e+01
1.113131512950843955e+02
1.072713513722250269e+02
1.170632022692914944e+02
1.178115482192480670e+02
1.140688778452694265e+02
1.014712047299147173e+02
1.113003494769454562e+02
1.067255534139853239e+02
1.159113645997806685e+02
1.231628184407111917e+02
9.808240398765794055e+01
1.310497961062353625e+02
1.086983752852825091e+02
1.046166386734668237e+02
1.107140372895073881e+02
1.028714712123880020e+02
1.036897743328917727e+02
1.347676476806605876e+02
1.192691105457182204e+02
1.058068345501614687e+02
1.097930191807012079e+02
1.147772077561839268e+02
1.084300583441923180e+02
1.189046867404255892e+02
1.106788995648315534e+02
9.260463577614204667e+01
1.196864569477607034e+02
1.190705966768191217e+02
1.117789633073014954e+02
9.815790905430419855e+01
1.073423431912655701e+02
1.264710131359449861e+02
1.102133459037513177e+02
1.218392768533965693e+02
9.162517804553625922e+01
1.172352331841048994e+02
1.065347777645425538e+02
1.057092918029277229e+02
1.193529508270988657e+02
9.137840053424285713e+01
1.154722972736944087e+02
9.129369306511455306e+01
1.077619730727201812e+02
1.236536238665999008e+02
1.116024271428594545e+02
1.227589940426685331e+02
9.962545166284878917e+01
1.113770487112510637e+02
9.601822128947210899e+01
1.217169179870850542e+02
9.975278852558093945e+01
8.476558872746196016e+01
1.376147446576198661e+02
1.180868984408052711e+02
1.017149737556406563e+02
9.954189484151690692e+01
1.147816951602926707e+02
1.048059583117528035e+02
1.142605414890064282e+02
1.157885028997976065e+02
9.796100742720585686e+01
1.094577098201587830e+02
1.094271945003545312e+02
1.028321169411195513e+02
1.185706608592874716e+02
1.124912383474700306e+02
1.113625774847427436e+02
1.016172372582099541e+02
1.170926588935526809e+02
1.150208050417925421e+02
1.074199798287837240e+02
1.001083992349799985e+02
1.111720712652447816e+02
1.054179844856526103e+02
1.036903936617595718e+02
1.082949739322988023e+02
1.048106439214281664e+02
1.286373186142046450e+02
1.091238723253573966e+02
1.002704924823380281e+02
1.068629489508441424e+02
1.036702575241299087e+02
9.471304527420664954e+01
1.196527837993057517e+02
1.224510573633966430e+02
9.758009932347306403e+01
1.193698379495234292e+02
1.020475741433629935e+02
1.135557679927221812e+02
1.094586932709147931e+02
1.158082194745134927e+02
1.059921875694212758e+02
1.094756833144073909e+02
1.104873203736283358e+02
1.057250215064519523e+02
1.047830624888108844e+02
1.014826339735837166e+02
1.035219334814494658e+02
1.301350217651344110e+02
1.077645525020526236e+02
1.110578206238362213e+02
1.203493546731835977e+02
9.953044712656031834e+01
1.046764832399113061e+02
1.110852539508035619e+02
8.887307340197871497e+01
1.255536254989609688e+02
1.284486769247174891e+02
1.096957822148176405e+02
1.079295577977557343e+02
1.136555631451720672e+02
9.503755884477257609e+01
9.661404436403512364e+01
1.020374214318409685e+02
1.095574766258695547e+02
1.174887556434347999e+02
1.269883729726750090e+02
1.135344802450809425e+02
1.028080813374509717e+02
1.038033966472046643e+02
1.135009623739535982e+02
1.211194998067939252e+02
1.117672704908272863e+02
1.038919609539376125e+02
9.613077342921245361e+01
1.057403427415123787e+02
1.248721352856853741e+02
1.221206774401426003e+02
1.114057216392275222e+02
9.856971573943039289e+01
1.316720110047880894e+02
1.100100308593622884e+02
9.086376367982479962e+01
1.019210338141699737e+02
1.252693160190315069e+02
8.964300644468376333e+01
1.126406409188014948e+02
1.014388955344045797e+02
1.080222528269686109e+02
1.047324960343050009e+02
1.094283674674287141e+02
1.093794716412793093e+02
8.673739310572867112e+01
9.678330173047213236e+01
1.147106985432315867e+02
1.130327740215918197e+02
1.323426401613464520e+02
1.062614359845023557e+02
1.030399534295718240e+02
1.159936849548597593e+02
1.254949525643751258e+02
1.048305912653404306e+02
1.084412493089150189e+02
9.751256458758997780e+01
1.040039900010316671e+02
1.214618572702282080e+02
1.007273172059026649e+02
1.134819091878199089e+02
1.050488245485170182e+02
1.103106570859473834e+02
1.034291875829153753e+02
1.252493882921372546e+02
9.831051953739687121e+01
1.239371257141638125e+02
1.014477024590540850e+02
9.961188002012734444e+01
1.063974888456327932e+02
1.004180571110751430e+02
1.274007416619982820e+02
1.207469356703829533e+02
1.003863767830124232e+02
1.212313754840840403e+02
9.581711002618845896e+01
1.203095825507001138e+02
1.154575491865586940e+02
1.073881256296934339e+02
8.290079540621465526e+01
1.077672455210206124e+02
1.000746367372797891e+02
1.201787822113082456e+02
1.309486490271900436e+02
1.061932081207875882e+02
1.351705616699646555e+02
1.030710384592860294e+02
1.044847539446644333e+02
9.544596395876817496e+01
1.056910819604604512e+02
1.054412531882699540e+02
1.131415126201217447e+02
9.572105161285573161e+01
1.093318273386343265e+02
1.154028495072749791e+02
9.973401068384629298e+01
1.190322172112252872e+02
1.242362668019640637e+02
8.666284506226354267e+01
1.040786041039653327e+02
1.017618178984523212e+02
1.037208228764707059e+02
1.291717201858700435e+02
1.022930679384745218e+02
1.129779217085619365e+02
1.200556014434686318e+02
1.142612048099616260e+02
1.056058025172881543e+02
1.158620854269623095e+02
1.069171650243064420e+02
9.881689573103422219e+01
9.954069015310118118e+01
1.247526641403225653e+02
1.102215948327135493e+02
1.397865613735128534e+02
1.077440664744066083e+02
1.094769601273691961e+02
8.013091247657946781e+01
1.012118639420448147e+02
1.158143916327036322e+02
9.764782776095547945e+01
1.050368159918766224e+02
1.233113223453333802e+02
9.820866235122906573e+01
1.120092608080627201e+02
1.163505716122477196e+02
1.196486068016604065e+02
8.120636518722443498e+01
1.187335554198833023e+02
1.022374896213722053e+02
1.194687926001251981e+02
1.008487062541879311e+02
1.171028992419645505e+02
9.950266938796659133e+01
1.073890713379028483e+02
1.090961647958941967e+02
1.052440483137292233e+02
1.116591735339259799e+02
1.036080617144428118e+02
1.143597021702032208e+02
1.122042107311546459e+02
1.086993584578400913e+02
1.012293860380714534e+02
1.198167963250589594e+02
1.053120449635461426e+02
1.031511953763809117e+02
1.177266149869077481e+02
1.253174590459294393e+02
9.036880962090809533e+01
1.111626855510533147e+02
1.058338418685934101e+02
1.065296430544025696e+02
1.174437084672817804e+02
1.194712174190440663e+02
1.053196282104520094e+02
1.105507521388250467e+02
1.077350649348832548e+02
1.098553807769033597e+02
1.023861811491225779e+02
9.687916314035724952e+01
1.133563743502731285e+02
1.115738371890339664e+02
1.167787562701183788e+02
1.227276910554265896e+02
9.643959772414052622e+01
1.306477583877331767e+02
1.041783114654148505e+02
8.771253902626190779e+01
1.067480966010992631e+02
1.103529411093890360e+02
1.170959771907969866e+02
1.293616284679440014e+02
1.268769690751271639e+02
8.916043875322564816e+01
9.677517894284572719e+01
1.054702957201533451e+02
1.039077795043459389e+02
9.829808193500808500e+01
1.221951067503987218e+02
8.568424964820549405e+01
1.163529157371248886e+02
9.842082040330464565e+01
1.284988983499370647e+02
1.008134729637299927e+02
1.194640899459966619e+02
1.091554836153590458e+02
1.110801979859110702e+02
1.205317793093815339e+02
9.706341479931526806e+01
1.096583003960268172e+02
1.137373805285835715e+02
1.041252081590116916e+02
1.091481011702274202e+02
9.158518572426572746e+01
1.259804539510802641e+02
1.069898905788985957e+02
1.054755574775795282e+02
9.811588719891631172e+01
1.195971098679082161e+02
1.153363809659496297e+02
1.085947282651609100e+02
9.367782868267840968e+01
1.010148320005810660e+02
9.931262111198071807e+01
1.036037762149165360e+02
1.311999715363591008e+02
1.063314121114399597e+02
9.811016595575023302e+01
9.696305003638272524e+01
1.172471025767105601e+02
1.039691727657635880e+02
1.111450708050296186e+02
1.219041389256366728e+02
1.006968144263986460e+02
1.057560561576403586e+02
9.252247965584376743e+01
1.210154180527630956e+02
1.215920237341091479e+02
1.046713580610131089e+02
1.027749235205313738e+02
1.245063307371941619e+02
1.034854253565509765e+02
9.348130134588940621e+01
1.005014939477120777e+02
1.020454149561999770e+02
1.278495880156753088e+02
8.937366158887276413e+01
1.318697076061325504e+02
1.006617865378833443e+02
1.317887028467958430e+02
9.962301959243397675e+01
9.750109174427616665e+01
1.161849508666220459e+02
1.018976243092250229e+02
1.061666196756875422e+02
1.042168540874321252e+02
9.808224307919245177e+01
1.295779283840668938e+02
1.104993048349779059e+02
1.043641858987630116e+02
1.094233460731470728e+02
8.978818705350327889e+01
1.000055874708422721e+02
1.110510238228750808e+02
1.127773558852781974e+02
1.499266909989479757e+02
1.141361622826854898e+02
7.209812234824960342e+01
8.889575382335236498e+01
7.790307013019010185e+01
1.357397656080520107e+02
9.602665890261435777e+01
1.322151316029412271e+02
1.093058677667788601e+02
1.070985761013163824e+02
1.018221063591039695e+02
1.080024983988941898e+02
1.233076152276542246e+02
1.062644804311964180e+02
1.095165399447741663e+02
1.080930835112483948e+02
1.142579002752915898e+02
1.024921365074653039e+02
1.123876759664521217e+02
1.113513275021222029e+02
1.078605691494446717e+02
1.134343273988374534e+02
1.110867264556245289e+02
1.094395145949999915e+02
9.665974724967774989e+01
1.023430440152542644e+02
1.228416197174180127e+02
1.251727346051637539e+02
1.130234473202733199e+02
9.713477863606451024e+01
1.052921940040096729e+02
1.160602804114644613e+02
9.669152365094497270e+01
1.130762995572230949e+02
1.070052388007921280e+02
1.125366639020656976e+02
9.601889704805481074e+01
1.073828264454991910e+02
1.198444914326797601e+02
9.847002820864726402e+01
1.102167024283711356e+02
9.030217952596368036e+01
1.120131535465637143e+02
1.172431434510076826e+02
1.068418178131412191e+02
1.027548852297300357e+02
1.059014899619502472e+02
9.237470273010974608e+01
1.321908212499236868e+02
9.812001178363287579e+01
1.085044848162200992e+02
1.080674772231259055e+02
1.121273999580085388e+02
1.192752840757736692e+02
1.096615512836153812e+02
1.303760684238886540e+02
9.801340669942163686e+01
1.111686297700125152e+02
8.607857021702704969e+01
1.173512836910867065e+02
9.714353390379500297e+01
8.910230531522047670e+01
1.278372958005763991e+02
1.104151568264861254e+02
1.049745090774236473e+02
1.270254554742336808e+02
1.003216885159125979e+02
9.662185642126227947e+01
1.214886354954265073e+02
9.603511228587336745e+01
1.139573161962447188e+02
1.088727839485337654e+02
1.168944911241805329e+02
9.916103275196854838e+01
1.156628008955461411e+02
1.223642083171613990e+02
1.049654437009095318e+02
9.289165779550896218e+01
1.023445646838147667e+02
1.080478605907892131e+02
9.812846426157305757e+01
9.373808782691338592e+01
1.062377203490967617e+02
1.377779916553934640e+02
1.023360578021882645e+02
1.129130171003482417e+02
1.085157718914528573e+02
9.850172732730563041e+01
1.068117933950816649e+02
1.088386781482485901e+02
1.017882852739418240e+02
1.311343317029153752e+02
1.066405649266714022e+02
9.875346515757425436e+01
1.189564920299532673e+02
1.151154469995079808e+02
1.132117651315795541e+02
1.036003736807111153e+02
1.148770524471647718e+02
1.265160570850719211e+02
1.058963372278391404e+02
9.936366622209922639e+01
1.071361694181305211e+02
1.011666873064219061e+02
1.075623566863303751e+02
1.236109406273439504e+02
9.884909226735975096e+01
9.192112334719057287e+01
1.118806127656007874e+02
1.223753489329207582e+02
1.163055494149649292e+02
1.229907200242793124e+02
1.049894044257720935e+02
1.041081014449415392e+02
1.097590510539989594e+02
1.108901539649106667e+02
1.098868702416983041e+02
1.195571013765006398e+02
1.010286471079324286e+02
1.145425724502841263e+02
9.925393486409306831e+01
1.097050418684406736e+02
1.224594767282061127e+02
1.130097163507670786e+02
1.030047059888246110e+02
9.055623333708651046e+01
1.101267269753172258e+02
1.185711230430833751e+02
9.340598110208840410e+01
1.042535817171492027e+02
1.114211334162849312e+02
1.017974512875762088e+02
1.313334121527411185e+02
1.177776485903166162e+02
8.640878654520516022e+01
1.249084328008906652e+02
9.171291903333097650e+01
9.171399956207589810e+01
9.862282160020293986e+01
1.158725682763167413e+02
1.127014564697984582e+02
1.298629254022384316e+02
8.827586700999617619e+01
1.107777819895966189e+02
9.701809944027458243e+01
1.103394924306078480e+02
1.306265141070150548e+02
1.132123089032867114e+02
9.885650205947406732e+01
1.214114479416991088e+02
1.152665522683849275e+02
1.057742905565020664e+02
1.268197870848162268e+02
1.036459529668048702e+02
1.087435432598040990e+02
1.076536114361899905e+02
1.106509662795624962e+02
1.130994082973620039e+02
1.051678148198506761e+02
1.115183525954008275e+02
1.042885209288678965e+02
1.367777792314656153e+02
1.071944016628177252e+02
1.061799675331349135e+02
1.292023848636709715e+02
1.158030440593107215e+02
1.030094173904192871e+02
1.022225349480782057e+02
9.702300896014803300e+01
1.115602454654650018e+02
1.200639075339457094e+02
1.086878526642870639e+02
1.010154308321842507e+02
1.213734932724394469e+02
1.093219398656445236e+02
1.057857754564504376e+02
1.043266137309871482e+02
1.128502452991324958e+02
9.065511297797876011e+01
1.258618192024829909e+02
1.134769044170552945e+02
1.091799831987164708e+02
1.105857130222612454e+02
1.057148127199169920e+02
1.024212649196473279e+02
1.082017363410255228e+02
1.086317831799812552e+02
1.183349670450396474e+02
9.789807157665207171e+01
1.196993936798436948e+02
1.075427420336345108e+02
1.109697209375819540e+02
1.138443690886735737e+02
1.176633973847973778e+02
1.036559454728152758e+02
1.031083056370628839e+02
1.009364340344001079e+02
9.788803123572643017e+01
1.213075345484018044e+02
1.024586982451810400e+02
1.150257498172754822e+02
9.363070660249582033e+01
1.221960485195725425e+02
1.027159440085647475e+02
1.162631725985191338e+02
1.072448821593236090e+02
1.076887722079571716e+02
1.211732308495381290e+02
9.880511953243821210e+01
1.100878054540840907e+02
1.095015096362532745e+02
9.673248449502662538e+01
1.012087729155078932e+02
1.166857160500811972e+02
1.081396614069307560e+02
1.191070653937970434e+02
1.125806086701385453e+02
1.095256595657141645e+02
1.155026111339550710e+02
1.031759376924127025e+02
1.059479534342764993e+02
1.267798481384611620e+02
9.585930231327436957e+01
9.261755008235621744e+01
1.109745641741096307e+02
9.177810610102248745e+01
8.782704681539061653e+01
1.542437468324040992e+02
1.141036258558803667e+02
1.356425142264513397e+02
9.413039061016215214e+01
1.026465978104750008e+02
9.806416320903288408e+01
1.137010901617249630e+02
1.075995568535852840e+02
1.189854290813456288e+02
9.575299431486611468e+01
1.230465051055895600e+02
9.698131938394443807e+01
9.751333293811833869e+01
1.231337968511134733e+02
1.032160405438485071e+02
9.548599539061551411e+01
1.152930436676404611e+02
1.092341589584932677e+02
1.172345249582578077e+02
1.138345895744159435e+02
1.237068204615171396e+02
8.614272946260255992e+01
1.223410456398232640e+02
1.000509223910097489e+02
1.117066468257659011e+02
9.960745457224957988e+01
9.110067330117186657e+01
1.120107150821560964e+02
8.699542585766387504e+01
1.065838699455562306e+02
1.325893080293639059e+02
1.179416013534925582e+02
8.500268077310590797e+01
1.118616323451556838e+02
8.357953824632144801e+01
7.365224650645434679e+01
9.393043289560598907e+01
1.586174836757116964e+02
1.102423768594752573e+02
1.027868074687977469e+02
1.172707926143578163e+02
9.309818744436914528e+01
1.194192743032071462e+02
1.098780168712507361e+02
1.134414276380661164e+02
1.035555044863510119e+02
1.077752682441177541e+02
1.336410176569389421e+02
9.918181526333496834e+01
1.108054667926968051e+02
9.663244486009425316e+01
1.033767766765038800e+02
1.098623430308590230e+02
1.321266916412901651e+02
1.050809415013884376e+02
1.318230947656082321e+02
1.194592659747508208e+02
1.013450147315523679e+02
1.211495451434588233e+02
1.072503379756981587e+02
1.067748554592917287e+02
1.083229033903714935e+02
1.110363530298606065e+02
1.112607445374171391e+02
1.106954355667556911e+02
1.124191222199962112e+02
1.041423995268724809e+02
1.127203907765154156e+02
9.767772255241382595e+01
1.078834323106232347e+02
1.155903858241010624e+02
1.174527273106189966e+02
1.053018982638859598e+02
1.093766375905404544e+02
1.004548227220390544e+02
9.680514485334452957e+01
1.097604064574118468e+02
9.629030598100433735e+01
1.149877245837184461e+02
1.286020021042192525e+02
1.065694317204545030e+02
1.060220520092401557e+02
9.467809769801270647e+01
9.900895195364898882e+01
1.114493384455172986e+02
1.260470400957159427e+02
1.131776481829008958e+02
1.019323405118146439e+02
1.140161180027342311e+02
9.543005149210650018e+01
1.015476417027767013e+02
1.316592958902014630e+02
1.118232444521017470e+02
1.015072043465979874e+02
1.127430733882226264e+02
1.033136384882471219e+02
1.238168384767901387e+02
1.030232218426160813e+02
1.102050137615668604e+02
1.168166886551001937e+02
9.597171963384099058e+01
1.217863586296326588e+02
1.162717910950941018e+02
1.018725337354626816e+02
1.041744777398319144e+02
1.008792775797297594e+02
1.081018489360763795e+02
1.183729434051172689e+02
1.089765944366095880e+02
1.026061062986778722e+02
1.162366211634562774e+02
9.546165882349225740e+01
1.118524127625124720e+02
1.262053655237785819e+02
1.079174729010520650e+02
9.997399851747020705e+01
8.748397911635007063e+01
1.395757593939265178e+02
1.158732609847272386e+02
1.117195154792746479e+02
1.211951658301581176e+02
1.035105534421771267e+02
9.861224909362699975e+01
1.054107572635530516e+02
8.700700629440167688e+01
1.104902095480897088e+02
1.454553381483925989e+02
1.036217222980480699e+02
1.103572227438040869e+02
9.781386141360808040e+01
1.039306763721684774e+02
1.143068005782957357e+02
1.248960707904611098e+02
1.241171717733465840e+02
1.032824373853301410e+02
1.014246480821073533e+02
1.163939746393345160e+02
1.009370952854040411e+02
1.089814008914363797e+02
9.946502640771673498e+01
1.322080863844151963e+02
7.350491062391020591e+01
1.079687865672881628e+02
5.183881734648715423e+01
1.101187305814030424e+02
1.052793730497201068e+02
8.990813076900236922e+01
1.282238948246032066e+02
1.170795264589904576e+02
9.917378386858817407e+01
1.290056280927194052e+02
8.979579957526665623e+01
1.091040690514740845e+02
1.057286657880149647e+02
1.127998013318025414e+02
1.050081535957025807e+02
9.824709547979482238e+01
1.137959389565594677e+02
1.117175859755525238e+02
1.015869756883630117e+02
1.184844421570364119e+02
1.121064793443957797e+02
1.070158192485349531e+02
1.173254104532709192e+02
1.012135015634257087e+02
1.034190958713833624e+02
1.259652616893574333e+02
1.029470905591756917e+02
1.318290377590429046e+02
1.166933394005374254e+02
9.453137473969782434e+01
1.086407481262785666e+02
9.681657064652704037e+01
9.525504851708711840e+01
1.091612535198962917e+02
1.231053195124261066e+02
1.237564631833242856e+02
9.970424963354727765e+01
1.095508665202695227e+02
1.153900046338609258e+02
1.080373320265604917e+02
1.037171772702381389e+02
1.090435297128688603e+02
1.150188488259319115e+02
9.592926138676131131e+01
1.243787491418469244e+02
1.120665563980668651e+02
1.055966455426672894e+02
1.082275782851391597e+02
1.190912454571261776e+02
1.156802031352920324e+02
9.439886320126289831e+01
1.016851117574382499e+02
1.187302919404134371e+02
1.117822400630659274e+02
8.811300863698616581e+01
1.256308929731037125e+02
1.097650199018269319e+02
9.637074290312466474e+01
1.144991917792079050e+02
1.112385205016239667e+02
1.158956014994922441e+02
1.123525643946210124e+02
1.064580371472993221e+02
1.189079716126178567e+02
1.085652633976780237e+02
9.391059415790527964e+01
9.906751966216721428e+01
1.037610372924164608e+02
1.172524676777192241e+02
1.093370987000410111e+02
1.035746990113958077e+02
1.214631852678403874e+02
1.017910613574949821e+02
1.145745382520456985e+02
1.096811230002947468e+02
1.140288092480093809e+02
1.210905921180745537e+02
1.087344057218969908e+02
9.366405784459294637e+01
1.159987630030668697e+02
1.026511741176778258e+02
1.125266150308797819e+02
1.167638277987857833e+02
1.044721850708316140e+02
9.659236439004016006e+01
9.345860847881395728e+01
1.325072873226002343e+02
1.123471696260735939e+02
1.058812059015371858e+02
1.145761863393568234e+02
1.179580845672398368e+02
1.123619824508632092e+02
9.903138693080903465e+01
1.127132337284574106e+02
1.166236907396469320e+02
1.103273658836497901e+02
1.052492629393180437e+02
1.041313348378462109e+02
1.073684891475298997e+02
1.284077710933188996e+02
1.046205010854164925e+02
1.137591128400385401e+02
9.443452305004574043e+01
1.160995157128300832e+02
1.044811317858628286e+02
1.204042202161886195e+02
1.059262087038448499e+02
1.210611515278909138e+02
1.093926573492311292e+02
1.135125653376098711e+02
1.197074018406667761e+02
1.059180801992987710e+02
8.988774701338454065e+01
9.519851339994542627e+01
1.273047887044151736e+02
1.148212370004486758e+02
1.033262332489115352e+02
1.016316533664563764e+02
1.338091215542613668e+02
1.092032556856380694e+02
8.635859868616165613e+01
1.011017099577720870e+02
1.210322205872964503e+02
9.993808543339537209e+01
1.082024025652327595e+02
9.828597801782854049e+01
9.703196409054039862e+01
1.358038992220907062e+02
1.244016742386358203e+02
1.138714640876348199e+02
8.924219417221067374e+01
1.126595315583957273e+02
1.102494197356976144e+02
1.082580920836523433e+02
9.085711134543923606e+01
1.181654951515449881e+02
1.129425643158902091e+02
9.292757468151792466e+01
1.284422518612910267e+02
1.118585199381979294e+02
1.026483133643260146e+02
1.263490762800085179e+02
1.108989607557298172e+02
1.177163393415529811e+02
1.038457223668791869e+02
9.293186143812175715e+01
1.156721207525093291e+02
1.112944000167072147e+02
1.285027956002895451e+02
1.154405217528984622e+02
1.144729891219608362e+02
1.225647868596381329e+02
1.054732757505169189e+02
9.103016965519621806e+01
1.045136918933179118e+02
1.060965491303232113e+02
9.023403170751635116e+01
1.287333988856367739e+02
9.175838817468645914e+01
1.348869546381917814e+02
1.053314604527817409e+02
1.155532602621068463e+02
9.507357959323914542e+01
1.314736699474116506e+02
1.001478027829398059e+02
1.007664888475844691e+02
1.095937767053842293e+02
1.116061564711973517e+02
1.149763835498889222e+02
9.371823844709813045e+01
1.004695665212844489e+02
1.302680815647269696e+02
1.065227637970766494e+02
1.115329032031506387e+02
1.041933035385735593e+02
1.114173302588782519e+02
1.036978524288253141e+02
1.153651759509876058e+02
1.226504632279624900e+02
1.031365065400245413e+02
1.000367595156339036e+02
1.086212903843268691e+02
9.854630898250829318e+01
1.176976287095843929e+02
9.512562068637211610e+01
1.110459095507126364e+02
1.069001467219808603e+02
1.238518307324737151e+02
1.152041657723857071e+02
1.309227727226387969e+02
1.040214650175157942e+02
1.119908992093822349e+02
1.109966262493901610e+02
8.170771379511708687e+01
1.044070773323093562e+02
9.874084601915900805e+01
1.171549940764500661e+02
1.038323734218007388e+02
1.162643625371125182e+02
1.141836233363394513e+02
1.022473457365645686e+02
1.043193671165404055e+02
1.184046934072965911e+02
9.191614753872944732e+01
1.039235479886194895e+02
1.138485446420765470e+02
1.232495454051628769e+02
9.469146129099813436e+01
1.059533757572744861e+02
1.458204196578022049e+02
1.028785540289356959e+02
1.129104738835641228e+02
8.779203169652501515e+01
1.137719756266191808e+02
1.130299615135879492e+02
8.952031266801182596e+01
9.067140938429778885e+01
1.381462245555253787e+02
1.124342879790872871e+02
9.721278816291578551e+01
1.102221220272267743e+02
9.752456269866404170e+01
1.168508979658960527e+02
1.099628564589606015e+02
1.205683494132232738e+02
1.138956375636375498e+02
1.090282619443205903e+02
9.513870583498884059e+01
1.200009392863805715e+02
1.085182201446954906e+02
1.071527885421285902e+02
1.200890932280384504e+02
1.104314821636332056e+02
1.055321670667971716e+02
1.021937951642102291e+02
1.183370526529299838e+02
9.773485917007373303e+01
1.265539093734194154e+02
1.145017880946121807e+02
9.726836688764706196e+01
1.015497247083121124e+02
1.053073444932131650e+02
1.109985423463441663e+02
1.168415071335601851e+02
8.177872204022536096e+01
9.281746781615360931e+01
1.169601764831986515e+02
9.751914485554992496e+01
1.437704784605277268e+02
1.019622691611108536e+02
1.038816373385528635e+02
1.095589670558959767e+02
1.068486799477744711e+02
1.191228168560735838e+02
1.138126808540343404e+02
1.013933188638391130e+02
1.182823635528136066e+02
1.045910908540189439e+02
1.046348058902729008e+02
1.208010992759139697e+02
1.078932176346465184e+02
1.187892260523640289e+02
1.123462848253348909e+02
8.631146081917664503e+01
1.083225101523700289e+02
1.216823869286644424e+02
1.077923497659184449e+02
1.209279675736290045e+02
1.178694242455143240e+02
1.072418316193037384e+02
9.470233305174619431e+01
1.163264647877677049e+02
1.281343529440320026e+02
1.028003108744128014e+02
1.096758836483811592e+02
1.131328973972631218e+02
1.088446331395769278e+02
1.100180553557621437e+02
1.119273750842872630e+02
1.162124833493734997e+02
9.083961840295484080e+01
1.027987715036999106e+02
1.152389176759074871e+02
1.292734479720645595e+02
1.059642924364959953e+02
1.112085409657556596e+02
1.069178551571246913e+02
1.103853413260553822e+02
1.244438629678589479e+02
1.185550910196089376e+02
1.057332856722248522e+02
1.008755272868876318e+02
1.158865048119403838e+02
1.241842467636221272e+02
1.086633142625197763e+02
1.012662422605996682e+02
1.041368563975303516e+02
1.080384323116406335e+02
9.616451032392915010e+01
1.157251303333056285e+02
9.908514555155933579e+01
1.296271192801486336e+02
1.064442642260603833e+02
1.307741123077935299e+02
1.148662412816558742e+02
1.053701619393600737e+02
1.098890243196725010e+02
1.055677794394278806e+02
1.199293355540523862e+02
9.871795734803779965e+01
1.252017261377749975e+02
1.152871611287272486e+02
1.130732229939761595e+02
1.066266468349336947e+02
9.528712255654471619e+01
9.583263952495396154e+01
