-5.436628146531692352e+00
-5.390189319968418324e+00
-5.323297115800998291e+00
-5.131732859909166500e+00
-5.465361319418435393e+00
-5.467039510268882907e+00
-5.505966835629930500e+00
-5.484593684950540116e+00
-5.501937811255218413e+00
-5.512986234211122216e+00
-5.509690871010954893e+00
-5.470801386245896403e+00
-5.115839803470829672e+00
-5.133352012067547321e+00
-5.116112178931276233e+00
-5.125731976083394592e+00
-5.144200945190657848e+00
-5.137623011745720447e+00
-5.126891182037957684e+00
-5.128654720419422830e+00
-5.150159759204197663e+00
-5.160081432136077950e+00
-5.131725591614462623e+00
-5.400293903105891857e+00
-5.433739744537049887e+00
-5.477826703706195843e+00
-5.515906005664822587e+00
-5.060961304332204591e+00
-5.412390876021680342e+00
-5.435716812677822141e+00
-5.368809387333296712e+00
-5.330688650427541475e+00
-5.391783604574573729e+00
-5.158594460649130298e+00
-5.430277177324259519e+00
-5.448365076742427426e+00
-5.417657257099167012e+00
-5.124176410351970468e+00
-5.509673209356334311e+00
-5.555984228452625295e+00
-5.727259105368224468e+00
-5.424892731274345792e+00
-5.526170666897521677e+00
-5.702188871766959544e+00
-5.524895952965103163e+00
-5.549616769193783661e+00
-5.480979828162290346e+00
-5.534716989202044246e+00
-5.569612417888901490e+00
-5.718485772045402094e+00
-5.484540998298515824e+00
-5.473478544349496211e+00
-5.542868817769840639e+00
-5.593093340883217301e+00
-5.449077627873417207e+00
-5.484423420576422181e+00
-5.503101762405175457e+00
-5.548191600492778264e+00
-5.586349580485235222e+00
-5.664696385785693344e+00
-5.656613065799763085e+00
-5.749484287663396032e+00
-5.747967075018372007e+00
-5.650757558703449313e+00
-5.645280568689926781e+00
-5.635752820903716653e+00
-5.636181357528081470e+00
-5.646745038366863589e+00
-5.672161100949846713e+00
-5.631752333856884007e+00
-5.674863416686808826e+00
-5.630880345202219139e+00
-5.685544041034308549e+00
-5.623093831795997311e+00
-5.653411980551372729e+00
-5.751830234306654077e+00
-5.643681080970682551e+00
-5.631977237789683954e+00
-5.641059146256644397e+00
-5.655394957991448202e+00
-5.639966205336457428e+00
-5.633820191692357149e+00
-5.636812741250198044e+00
-5.626919655641747120e+00
-5.635877890038660354e+00
-5.660091919551667239e+00
-5.644824085186313845e+00
-5.662099191782115071e+00
-5.653704835711079291e+00
-5.734166872899760570e+00
-5.719628628630363920e+00
-5.737227533419969383e+00
-5.661916193295191135e+00
-5.709436218895432624e+00
-5.705078122105169847e+00
-5.717957038306055395e+00
-5.707514071907071163e+00
-5.690463504698954900e+00
-5.518261826053682206e+00
-5.584729526592536963e+00
-5.540630066758327921e+00
-5.570848838539148140e+00
-5.515972399792859804e+00
-5.550552993094042264e+00
-5.516573007300941356e+00
-5.574908302888816003e+00
-5.637144579960396307e+00
-5.525620940689034200e+00
-5.478347641767951082e+00
-5.520417802637999749e+00
-5.536944153704361327e+00
-5.504195052927633114e+00
-5.483819860605287033e+00
-5.543498281714329678e+00
-5.490919342962484961e+00
-5.549563873680537718e+00
-5.535467954827056225e+00
-5.603258051478242407e+00
-5.555252473508796918e+00
-5.551340937283567811e+00
-5.521942014978725055e+00
-5.543261225710951479e+00
-4.738285206013349793e+00
-4.665260806605754595e+00
-4.619053441316444797e+00
-4.818680386861533549e+00
-4.781908170139049119e+00
-4.743688301305024169e+00
-5.057514324384832172e+00
-5.065424204341989700e+00
-5.036451364549915155e+00
-5.093475109758376362e+00
-4.708378619202036042e+00
-4.703052294224042917e+00
-4.637713265359496795e+00
-4.694067967020385090e+00
-4.775558162737482348e+00
-4.658704258373646212e+00
-4.652434947220983830e+00
-4.622570409394295865e+00
-4.624367125808420020e+00
-4.732475995152053194e+00
-4.634873585536327667e+00
-4.622278810941640614e+00
-4.611844094336080779e+00
-4.716076413317479066e+00
-4.709966568832406608e+00
-4.740054816306450647e+00
-5.498207999331096829e+00
-5.449849343350877007e+00
-5.387448660805064016e+00
-5.514670390902270292e+00
-5.669142845717276558e+00
-5.720027407702271915e+00
-5.599861435139650290e+00
-5.148442535413647825e+00
-5.219072523095850791e+00
-5.238081324836050712e+00
-5.761759325273217769e+00
-5.775351568744865993e+00
-5.781014226347505947e+00
-5.740033232311197331e+00
-5.770081193820593590e+00
-5.543880851712915891e+00
-5.520994637884833800e+00
-5.549625043080797404e+00
-5.527511658890835733e+00
-5.546074343380293037e+00
-5.667264799227676342e+00
-5.734593397453407349e+00
-5.289736336618326540e+00
-5.237770564243575677e+00
-5.276943854707811354e+00
-5.301018764360554414e+00
-5.331244659869267544e+00
-5.518605439996000506e+00
-5.299763901922969644e+00
-5.342102556234215704e+00
-5.350500374405812387e+00
-5.342830400012312353e+00
-5.338910601617093299e+00
-5.308077314338684793e+00
-5.322720780850399791e+00
-5.307430944321925637e+00
-5.316731078816613554e+00
-4.719333249402892783e+00
-4.737049565765783399e+00
-4.713894026422123851e+00
-4.724269084471189650e+00
-4.733188700593941256e+00
-4.729531826504522307e+00
-4.711897810772621042e+00
-4.725874684118322122e+00
-4.740412031105267765e+00
-4.724426394734688728e+00
-4.733252611554470413e+00
-4.697547838359531269e+00
-4.690357440117241872e+00
-4.712667932660118630e+00
-4.691401360115651897e+00
-4.700807322465106353e+00
-4.687847741212894270e+00
-4.684833861755367757e+00
-4.695187522184315121e+00
-5.198874882174691514e+00
-5.132528694134879999e+00
-5.143755187400683937e+00
-5.132444728261170930e+00
-5.164358987083661923e+00
-5.170230745073008727e+00
-5.191741756935724261e+00
-5.158668801953890437e+00
-5.165800812069686998e+00
-5.386834504882321184e+00
-5.342538537059927428e+00
-5.330718436583360642e+00
-5.331157151231955993e+00
-5.286835275668121170e+00
-5.402103263801248723e+00
-5.388631829296476994e+00
-5.325033692891165238e+00
-5.294146603511407534e+00
-5.101583606506561175e+00
-5.266155710151903868e+00
-5.236838261383953252e+00
-5.347020752294692869e+00
-5.305614520159824821e+00
-4.881784523605806392e+00
-4.854800398440878517e+00
-4.855682724664349692e+00
-4.868406869139140447e+00
-4.871951413987690493e+00
-4.786205465855996266e+00
-4.722831919296737624e+00
-4.737763784011929324e+00
-4.880267000338589511e+00
-4.876986089096338794e+00
-4.956102725026882538e+00
-5.267363546404723706e+00
-4.919180151121023137e+00
-5.276359473511919695e+00
-5.282828809447375207e+00
-5.204842880305244890e+00
-5.160403222801169143e+00
-4.908283983547558904e+00
-5.208110447608246041e+00
-4.961860387154286123e+00
-5.345462673150767507e+00
-4.946408931558284650e+00
-4.898763573992164666e+00
-5.317622852793302712e+00
-4.940518029075077422e+00
-4.932858236320904588e+00
-4.960769801355665365e+00
-5.253625379084763125e+00
-5.239636813251621561e+00
-5.252628032986321749e+00
-5.227922392113588224e+00
-5.136674334600280112e+00
-5.253091466878557547e+00
-5.254246208188891210e+00
-5.237469316260304986e+00
-5.237518834924100197e+00
-5.115273959617524291e+00
-5.077174574305310273e+00
-5.136157056873181581e+00
-5.136696170962466113e+00
-5.155804967277451745e+00
-5.124199297594377533e+00
-5.259601796551645947e+00
-5.231370303680383138e+00
-5.110620006407822657e+00
-5.139721280681198046e+00
-5.117554284530688946e+00
-5.563150606389972275e+00
-5.563710740430668267e+00
-5.576622763521218218e+00
-5.566057560647845293e+00
-5.582190794824908764e+00
-5.561013603775305292e+00
-5.547379937448657650e+00
-5.568551281075302839e+00
-4.739969741572357620e+00
-4.750423726046959949e+00
-5.082394109353065126e+00
-4.716669071459810958e+00
-4.697302299845624418e+00
-4.740546407048714883e+00
-4.642614239121041209e+00
-4.699770672404858018e+00
-5.682584650962575701e+00
-5.649553267546860269e+00
-5.517017490108771405e+00
-5.564391792626636857e+00
-5.541786286901626113e+00
-5.516984981062838855e+00
-5.544978000405023977e+00
-5.625507798305607210e+00
-5.690546423425323574e+00
-5.671448960581079390e+00
-5.672497376463936369e+00
-5.633683820175980017e+00
-5.649033943407418157e+00
-5.634749271083479449e+00
-5.639671261721105999e+00
-4.766956331131583013e+00
-4.758681874264262035e+00
-4.732902291267541806e+00
-4.735794006770435161e+00
-4.743156727142126883e+00
-4.726120805808111669e+00
-4.737232801813064498e+00
-4.743800669620741317e+00
-4.782563735143317452e+00
-4.789186580544789074e+00
-4.803002979270496020e+00
-4.779874064608627293e+00
-4.790290688860539881e+00
-4.733309852758335268e+00
-4.749611554537970903e+00
-4.828481066767277952e+00
-4.706631821483934885e+00
-4.819917516669597113e+00
-4.841079350479781773e+00
-4.810094455021542537e+00
-4.818152650022275552e+00
-4.756027502938191098e+00
-4.787865583877473519e+00
-4.805336896294068794e+00
-4.794588900364941786e+00
-4.773462757373675203e+00
-4.799708102250254349e+00
-4.822239336223692163e+00
-4.828931906577769162e+00
-4.808198289720161611e+00
-4.824215074687912441e+00
-4.832748626502041844e+00
-4.799214153890744683e+00
-4.813549949617733859e+00
-4.826852309632319482e+00
-4.832131630322144211e+00
-4.855603430513395935e+00
-5.079364362610414574e+00
-5.085408233822655610e+00
-5.075868194674143297e+00
-5.065570784218317080e+00
-5.074849042363237750e+00
-5.092288081778135300e+00
-5.301365474641803743e+00
-5.297462061935657829e+00
-5.293511427625605670e+00
-5.290954258973342483e+00
-5.298085339045581321e+00
-5.298432276115347506e+00
-5.293780854663285851e+00
-5.295557227737274886e+00
-5.290778248703595921e+00
-5.291066611421200605e+00
