1.015256974857796735e+02
1.271261926749212989e+02
1.128698637267965381e+02
1.122143745126235359e+02
9.946455185134367127e+01
1.226224090236526081e+02
1.201201678646133360e+02
9.885992900461636168e+01
1.048565820283368453e+02
1.107982851248223568e+02
1.044977426025322700e+02
1.050700438943607224e+02
1.152196642710508456e+02
1.112216890543314634e+02
1.093611780889653886e+02
1.034900345124893164e+02
1.148840664127568658e+02
1.330794895269461620e+02
1.069135597476050918e+02
9.539657712078310681e+01
9.943173738420557584e+01
1.074715390910558312e+02
1.088505881959958828e+02
1.098655973537715766e+02
1.101281149549645022e+02
1.086074958083341926e+02
1.118211747930091917e+02
1.365604698060701594e+02
1.138214787460586450e+02
1.078426405519979312e+02
9.720697986517203049e+01
8.450448468423165593e+01
1.136759188387934643e+02
9.884403518266125843e+01
1.221820715659377754e+02
9.301618258647320658e+01
1.086094160729074218e+02
1.181027955411956185e+02
9.629271919582073735e+01
1.070025310225349955e+02
1.177085380317921164e+02
1.094067701245750612e+02
8.791295069873373791e+01
1.081040423033821725e+02
1.084239939697371256e+02
1.228877805848451175e+02
1.070685452389284080e+02
1.177170279675042366e+02
1.061221099076805956e+02
1.112428633920493866e+02
1.001963711919937623e+02
1.096215308659255925e+02
1.007381623269131268e+02
1.187364281769340408e+02
1.145557662123206484e+02
1.065052975396669837e+02
9.134155398862546349e+01
9.431003555590301346e+01
1.312328340032266283e+02
9.608316451822672377e+01
1.118627139168122113e+02
1.231848679913652091e+02
1.086330819479076837e+02
1.164310939993518446e+02
1.337118788614022833e+02
1.026596442307472188e+02
9.224458730252069927e+01
9.744645531491988777e+01
1.178517808542170542e+02
9.874127158174169949e+01
1.022993520235050227e+02
1.307865715380738152e+02
1.033985379195707424e+02
9.919830120993944433e+01
1.097651714651227337e+02
1.178877717628261053e+02
1.066321513441008477e+02
1.163913144778261426e+02
1.028432822768865407e+02
1.134598701418798896e+02
1.171010836161052424e+02
1.017228379323886429e+02
1.051650052839730165e+02
1.005274768180130849e+02
1.151966039395990720e+02
1.100217146984159058e+02
1.129980020601316966e+02
1.035286353744102712e+02
1.132685533195093370e+02
1.384917591685667446e+02
1.184762414895348996e+02
1.054545513409426576e+02
1.021169590096211124e+02
7.032025307077027776e+01
1.038982819114696667e+02
1.212825347990341243e+02
1.004219773056774869e+02
1.161101778074044830e+02
1.001278761439803020e+02
1.101347674706200621e+02
1.053966580180175185e+02
1.276632497904756178e+02
1.015196142490534044e+02
1.273803417357678285e+02
1.058260215365553307e+02
8.946370753735425296e+01
1.015038455462685505e+02
1.102857616414858626e+02
9.671011491976626928e+01
1.064484731494264906e+02
1.061276143019365890e+02
1.277723511788113910e+02
1.049880746094977155e+02
1.074599227512028818e+02
1.022856891931985786e+02
1.071602026938554957e+02
1.038290197607075669e+02
1.235610875068406500e+02
1.105562103022202791e+02
1.056328206421462568e+02
1.415460079729760423e+02
1.038086574674440783e+02
1.018379341499366006e+02
1.132997864024789862e+02
1.058442870013736581e+02
1.012455813379261116e+02
1.129700728380511663e+02
1.202477060962195026e+02
1.246559304497003069e+02
8.581085317713633742e+01
1.079048623501955149e+02
1.027930998627875994e+02
1.093659936871007545e+02
1.227151784095782858e+02
9.662276905426813300e+01
1.257334444167360914e+02
9.462273096179546883e+01
1.158556033566454602e+02
1.105050205392627163e+02
1.084880734116300687e+02
9.908060110065335380e+01
9.378877629314149544e+01
1.081356238127800964e+02
1.249822157376021039e+02
1.085884923273840741e+02
1.175127118785229356e+02
1.010545989970093217e+02
1.138405363298466426e+02
1.071517732380097101e+02
1.212735322719329645e+02
1.039195273777678210e+02
1.084317105340742131e+02
9.929163353697386185e+01
1.010849451099304730e+02
1.100101661281923100e+02
1.060116960604123193e+02
9.038954779164349418e+01
1.056989227570607852e+02
1.220455731997495690e+02
9.862585472776278550e+01
1.302556838583689967e+02
1.170048025184832454e+02
1.132692980707614083e+02
9.591782812057472540e+01
1.100877736811001597e+02
1.029324828393568367e+02
1.167751478055549512e+02
1.097463757302376877e+02
1.050077829097334927e+02
1.118085428484508839e+02
1.085690213205440529e+02
1.241456819272081020e+02
9.488504426124758595e+01
1.123100037167087919e+02
1.114874553683628164e+02
1.013809643876883655e+02
1.144407828981998989e+02
1.068906546239565927e+02
1.093692363856958991e+02
1.166254168460950638e+02
1.066997543016547638e+02
1.067402374001433145e+02
1.034037865262597791e+02
1.116216083939667385e+02
1.116976840325983176e+02
1.204015141443687895e+02
1.146100437905718081e+02
1.047656511926961400e+02
1.003693203182196498e+02
1.023436851033645212e+02
1.161856669051637141e+02
1.084291889985227044e+02
1.063195003532214997e+02
1.096534870235692267e+02
1.132094846897563798e+02
1.259319800411047510e+02
1.150067458400137212e+02
9.412508354392529952e+01
1.116340917646562616e+02
1.096238252918493146e+02
9.268125928237108724e+01
1.037133635155040565e+02
1.090933614261327733e+02
8.795419098858410223e+01
1.074267594620731359e+02
1.263344912974042842e+02
1.177886611152444516e+02
1.258840580322942344e+02
9.721669034470073711e+01
9.244605357178129168e+01
1.224192255143261576e+02
1.336636703416018577e+02
1.060845968752806243e+02
8.749366249037105092e+01
9.338387670417733943e+01
1.063516844255058373e+02
1.237734941686360486e+02
1.036410577948215064e+02
1.108356355063117036e+02
9.272219133929786494e+01
1.159394827342877647e+02
1.051885466543721463e+02
9.517476358396474723e+01
1.086670738325109369e+02
1.113397797500090292e+02
1.094952680546631996e+02
1.201305242801112882e+02
1.207667628758304232e+02
1.021396667282249240e+02
1.078319652823372365e+02
1.004865473975249159e+02
1.010474837635420471e+02
1.028763343694226648e+02
1.291757529963775539e+02
1.076904038557938605e+02
1.042312962413662092e+02
9.895520589142496704e+01
1.094590377160421610e+02
1.086007733924695629e+02
1.096560328706866443e+02
1.053179422335107773e+02
1.096277540366454843e+02
9.840576826104143038e+01
1.311119140387789628e+02
1.058867700039401143e+02
1.013443171574454453e+02
1.084958468020496980e+02
1.039901691630716698e+02
1.123623721736347676e+02
1.170936262726344808e+02
9.901141614012149716e+01
9.884161154620656475e+01
1.236373050526813131e+02
1.069717871392576711e+02
1.024334991813287559e+02
9.608326700823336353e+01
1.052360744974548226e+02
1.024842236303130960e+02
1.102293297208249783e+02
1.084708613217618591e+02
1.288753462352768508e+02
1.166818246890048414e+02
1.169072689254516604e+02
1.166852066381362363e+02
1.030681096941586787e+02
1.065526158058069797e+02
9.385736750247583871e+01
1.095118675759771349e+02
1.044870905365028904e+02
9.802890894285435763e+01
1.106731908995718072e+02
1.165090475578108737e+02
1.159544905812898321e+02
1.180423302515691972e+02
1.104969442024290487e+02
1.219837651535022900e+02
1.140600701278645772e+02
1.058892713504366299e+02
1.041523074176087960e+02
9.697233651508931018e+01
1.205326622985538876e+02
1.146557354182246655e+02
1.269549211063371530e+02
8.595257819860573534e+01
1.042092296775182518e+02
1.120265243369094321e+02
1.149103273534770722e+02
1.085240957143717395e+02
1.007496665143347201e+02
1.215477522806258293e+02
1.047048938840756875e+02
1.184078810484502640e+02
9.418852497106027499e+01
1.130504346630416421e+02
1.134691410778464302e+02
1.194912267762903610e+02
1.137277973120629753e+02
1.161480645694220897e+02
9.594514029086634821e+01
1.145577488954544663e+02
1.048335246284663924e+02
1.239008196851634409e+02
1.080585154605632567e+02
1.145054671321784383e+02
1.052168929905440820e+02
9.861905122178330885e+01
1.480359385924119806e+02
1.001856922761609781e+02
8.904061213938285846e+01
1.098403408669090169e+02
9.208470268334865239e+01
1.075496744658197059e+02
1.209266636710154330e+02
1.131159934958235453e+02
1.077679228163703016e+02
1.043666297172606932e+02
9.609397184387293578e+01
1.136145823977565357e+02
1.027050586820728313e+02
1.032882005742097107e+02
1.156099875303761593e+02
1.194298758466920987e+02
1.205200567529297047e+02
9.215343013170877384e+01
1.044294769090333830e+02
1.147498104558641927e+02
1.069409980940826586e+02
1.179698215631602238e+02
1.032439838096930771e+02
9.746576584470219018e+01
1.154929568477740816e+02
1.122000290718098086e+02
9.956383848025882344e+01
1.209422665335530240e+02
8.671196212051326313e+01
1.093138972119214429e+02
1.230781193438753576e+02
1.083184691895915108e+02
9.648498249726208087e+01
1.169584534568107443e+02
1.101240511970280096e+02
1.181750363127736279e+02
1.043093258926776485e+02
1.004912292029889613e+02
1.177925235610370720e+02
1.249923692506460924e+02
9.895144497080326573e+01
1.161229464294558227e+02
9.632704286022340057e+01
1.104536019458521707e+02
1.005407510771155302e+02
1.094128829054147616e+02
1.154396706822849978e+02
1.130333631308107698e+02
1.071558050351578402e+02
1.107429565392579747e+02
1.496050639671196052e+02
8.566962454468658450e+01
8.335613432658087163e+01
1.087286550689542963e+02
1.160890743904822244e+02
1.030039678636982643e+02
1.070784006979460798e+02
1.110941420607668704e+02
1.200101447508263703e+02
1.063719270476951948e+02
1.090950204527997727e+02
1.380175092276882083e+02
9.495915085534676336e+01
8.927205493825580618e+01
1.112394277662090900e+02
1.186859485625442261e+02
9.553506980746668376e+01
1.118344570134113525e+02
9.605170513865859050e+01
1.202233132937160036e+02
1.155016962853633942e+02
1.049198766196195436e+02
1.086687156908375869e+02
1.004678449307585169e+02
1.058116188076453170e+02
1.134680157303755550e+02
1.207915258861695946e+02
1.033371737169456992e+02
1.126233927419736744e+02
1.045055133359473984e+02
9.286174954038517626e+01
1.337123797532738649e+02
1.083997765329409475e+02
1.090040989465020260e+02
1.055003370051981761e+02
1.012994561189827181e+02
1.046218949795460986e+02
1.094463643840038429e+02
1.185801960737505709e+02
1.147157302372119574e+02
1.003025292741360630e+02
9.294764267041223604e+01
1.116137451297140473e+02
1.149622560912246882e+02
9.158821497184850102e+01
9.819737161117853930e+01
1.012441587683140227e+02
1.185535929856201847e+02
1.293676818288279549e+02
1.005410679486962522e+02
1.114611830485444983e+02
1.078697432656694417e+02
1.014803413631296962e+02
1.036920717060901467e+02
1.081317375526332683e+02
1.156459377253963083e+02
1.187489815590897138e+02
1.021369073494118425e+02
1.162423628978790049e+02
9.430196403953256379e+01
1.027619125323547138e+02
1.171784489986134190e+02
1.068336206524018195e+02
1.020067057452481976e+02
1.153931269136974294e+02
1.125469233984308204e+02
1.111161996111510604e+02
1.124509948430970923e+02
1.071598799153379247e+02
1.135574148262886354e+02
1.188266929473252702e+02
9.245114189789842385e+01
1.211107991181768710e+02
8.993574385815493599e+01
1.123601176735334803e+02
1.128215462884727316e+02
1.025448821545709990e+02
1.185385136105812194e+02
1.013070936034585969e+02
1.005379348654820006e+02
1.177762279111169477e+02
9.688299472673821811e+01
1.164006924621924242e+02
1.201974740303402456e+02
1.245371622891676537e+02
1.127540450319526002e+02
1.042839263673830459e+02
1.099300439702234513e+02
9.469339297072261274e+01
1.075454594689856549e+02
1.086377295949494908e+02
1.257052182723967633e+02
1.132141407818113521e+02
1.119319447718586247e+02
1.046642338173930540e+02
1.075204104779694347e+02
1.105028752358269486e+02
9.208929880529215950e+01
1.137093912487707428e+02
1.251892074596091220e+02
1.056325907607605927e+02
1.095289277692531726e+02
1.156904611405592647e+02
1.118750715886835820e+02
1.191739916272082098e+02
1.128818866999202299e+02
1.028637079639457426e+02
1.109164381750263857e+02
9.939104634515204850e+01
1.110809866392503977e+02
1.213149326624371014e+02
1.025071659892226705e+02
1.182383381776256215e+02
9.855531582858084505e+01
1.265251787940533461e+02
1.072665841329444447e+02
9.965907741843041379e+01
1.094353725843154024e+02
1.204842099459697522e+02
9.444233774006177384e+01
8.755724262697533788e+01
1.171666142821745495e+02
1.283754310193718595e+02
9.742236263155216136e+01
1.143978035482874418e+02
1.108459071483816984e+02
1.303573506337184824e+02
1.020633809030242247e+02
1.007899366642337782e+02
1.073729451058835309e+02
1.264637355946524195e+02
8.540848176754347776e+01
1.087217721360680116e+02
1.277093920117747246e+02
1.018472377300334699e+02
1.153677240908487533e+02
1.157954777081228457e+02
1.053959467148196012e+02
1.089621971097638209e+02
9.635265981841634186e+01
1.133444384031002699e+02
1.022053738575894783e+02
1.059495991666855019e+02
1.098449735299743111e+02
1.028660110099488350e+02
1.265047538712555166e+02
9.741615281524408942e+01
1.162353129529114995e+02
1.052663060089812888e+02
1.052723819318719478e+02
9.875594948886988789e+01
1.191040728553201546e+02
1.197947003365417089e+02
1.221822028334048724e+02
9.781059016736833200e+01
1.042017567981144595e+02
1.110301452768347019e+02
1.200483646185413562e+02
9.646239439126701143e+01
1.121875786880863046e+02
1.025301481427756585e+02
1.133985459960368161e+02
9.892111984112169409e+01
1.285506168746828166e+02
1.160142861731795847e+02
1.077525281533835368e+02
1.176695614905277694e+02
8.931941242586425744e+01
1.084463563463020961e+02
1.023168953207421907e+02
1.029882863457448110e+02
1.338494688132357169e+02
1.214019705310220161e+02
1.012544855334071485e+02
9.758573441351812505e+01
1.171064606133378021e+02
1.355266050747382565e+02
9.511047133451590696e+01
1.001346092233118981e+02
1.013192203416886343e+02
1.007736030401490552e+02
1.063075270590034478e+02
1.075538520150948756e+02
9.345397677760436750e+01
1.084954817583747797e+02
1.200469046761629812e+02
1.022807685914714710e+02
1.089274815820589879e+02
1.143064052628613325e+02
1.027893306374421911e+02
1.262813981054521122e+02
1.008249601751126647e+02
1.116250023753230778e+02
1.256532319459629861e+02
1.016997852659740289e+02
8.108073389418093768e+01
9.857209204717379691e+01
1.062658089687584209e+02
1.220644400140636350e+02
1.025142426453973172e+02
9.347645797708433690e+01
1.141705063871465882e+02
1.223295892918715424e+02
1.224802233861580447e+02
9.870360450149716769e+01
1.056538412539348997e+02
9.839296775118492633e+01
9.050340901869084576e+01
1.352105872455680355e+02
1.111286869310467438e+02
1.057630560399701096e+02
1.137778107194003496e+02
1.293997467159164216e+02
1.169944021418973676e+02
9.988644594337399951e+01
8.172064194228043732e+01
1.038713044115780377e+02
9.688800094837674237e+01
1.022667018116475646e+02
1.386196333334492579e+02
1.229515142269597447e+02
1.061402516493408541e+02
9.349937597647019061e+01
1.160113418440153623e+02
1.005583300133029780e+02
1.200085492210705667e+02
1.062135564343952865e+02
1.052898400310106268e+02
1.076376941253553809e+02
1.110225525931950017e+02
1.004754835276884393e+02
1.084895605935055016e+02
1.010571891319830797e+02
1.177902645114591280e+02
1.212898881696875009e+02
1.046540581193269901e+02
9.981802381358154719e+01
1.086341327663369754e+02
1.216485922369964783e+02
1.131588269912585787e+02
9.966682881414963902e+01
9.565555957951609400e+01
1.149690374449986905e+02
1.124590722261304165e+02
1.098479284623529111e+02
1.166708233018540994e+02
1.004242498332420865e+02
1.043782241214386488e+02
1.214386771971514065e+02
1.047449422430818231e+02
1.110048474396648714e+02
1.123809223772246924e+02
1.157031403743304452e+02
1.062887958344536514e+02
1.066723926102504549e+02
1.041069803149850657e+02
1.049449868232249372e+02
1.110936133390329275e+02
1.138440774839097713e+02
8.720168649944719164e+01
1.170040341116395268e+02
9.803947223497354457e+01
1.254504600400500749e+02
1.065636704390243636e+02
1.133249416009508792e+02
1.138470952688192597e+02
1.141795543231229288e+02
1.030315331370528327e+02
1.146342911205200608e+02
1.005057721546094314e+02
1.146588835133098456e+02
1.078106247148916026e+02
1.062928661006114623e+02
1.116175335764559406e+02
1.138433399745825199e+02
9.950093566095242181e+01
1.170855307524201550e+02
1.076468398326910858e+02
8.950508831984049607e+01
1.394332499291534759e+02
1.100080561412747926e+02
1.072355447657585188e+02
9.203501187330000732e+01
1.061051827475030223e+02
1.082033000742722066e+02
1.227007473060698999e+02
1.019635367604180800e+02
8.791242755495208883e+01
1.260849048615729942e+02
1.111675943391669108e+02
1.047690152900749609e+02
1.004906030574516365e+02
1.172143002175200337e+02
1.662127026199843556e+02
8.722041975779440293e+01
9.913349032450588538e+01
8.905786233900003879e+01
9.325969651810680716e+01
1.316195888316650837e+02
1.260073791770964107e+02
1.111318701776885831e+02
1.165045147008133597e+02
8.558806647741413087e+01
1.126025375947808556e+02
9.428806155357679586e+01
1.186008511729389028e+02
1.068876543415161251e+02
1.022496030036635801e+02
1.192186863670224568e+02
9.922323329714062368e+01
1.085267566113710984e+02
1.079559669277560658e+02
1.117129270856262195e+02
1.167431634079449196e+02
1.080239693591327210e+02
1.080008542009122863e+02
1.040560368222230778e+02
1.075748648913346415e+02
1.231380873162287486e+02
1.287833373152453760e+02
8.371626185572883116e+01
1.096304532405272028e+02
9.494654738260534543e+01
9.811652582160397174e+01
1.095309625747443079e+02
1.153079161345255415e+02
1.085282603401633565e+02
1.035225220587805808e+02
1.083366082994147632e+02
1.140271316219977820e+02
1.097821141393125970e+02
1.122713896998427003e+02
1.167241757803357984e+02
1.162361983364640565e+02
9.911870487880156588e+01
1.074944360142627886e+02
1.109665392465385452e+02
1.161210050324266803e+02
1.071486997820628346e+02
1.057810949430514995e+02
1.088399892248897487e+02
1.245645861945303920e+02
1.120599362786730353e+02
1.082116218432737753e+02
1.206865754066723753e+02
1.056024518871965370e+02
1.118677594781723315e+02
1.011676598345334952e+02
9.442500681892687453e+01
1.235271874633729539e+02
9.398554706723793117e+01
1.125521014587480266e+02
1.186734144549752727e+02
1.112296051886843031e+02
1.187122737566181030e+02
1.021229340030970150e+02
1.211227842972594857e+02
9.710239040800870214e+01
9.899824732088735857e+01
1.058522102247421515e+02
1.101968830656648919e+02
1.083371010153472866e+02
1.133671600833818758e+02
1.249312942201389802e+02
9.350453101330371908e+01
1.083787298321125832e+02
1.195584387922623506e+02
9.573871063662873837e+01
9.957435628349168155e+01
1.167948804342830869e+02
9.658529009458997905e+01
1.004719069255097281e+02
1.161649237635563168e+02
1.251460094801762466e+02
1.128583517902832085e+02
1.041014944065376540e+02
1.053965377000450587e+02
9.686349894685110939e+01
1.086303988007647803e+02
1.288486276216390252e+02
9.878394111382027631e+01
1.138635945144976347e+02
1.088193553972026990e+02
1.053492299739963585e+02
1.144248619567428875e+02
1.146003289918058954e+02
1.045878265191630589e+02
1.150491443710800468e+02
1.237054772703644687e+02
9.828151316208901278e+01
1.039954599910837345e+02
1.003271700356468585e+02
1.132484166538539796e+02
1.082937710307839154e+02
1.350970954932412269e+02
9.861633005440131683e+01
9.464428860277170941e+01
1.241320040151938144e+02
9.940533175009080935e+01
9.765927140694222430e+01
1.222151190565162864e+02
1.145612592023981620e+02
1.105598329480181405e+02
1.108677487235073045e+02
1.011234556760076515e+02
1.108345669731010190e+02
1.261256186579130514e+02
1.004773814333602928e+02
1.141301971703577181e+02
1.065509318384537067e+02
9.381064538698934996e+01
1.193178834779445623e+02
1.416875904046569872e+02
9.562119445238644744e+01
9.456611894369966365e+01
9.493218529165694974e+01
9.888699249047101603e+01
1.038902683315590423e+02
1.119657282055423622e+02
9.675680857163260384e+01
1.294793216012891151e+02
1.055429348963246525e+02
1.042842910564499732e+02
1.035424217939089431e+02
9.772229586752939667e+01
1.118398401032798120e+02
1.078267899525031766e+02
1.162848063121362969e+02
1.174001438444871468e+02
1.008205731092088939e+02
9.101812827152433272e+01
1.201066490038618184e+02
1.122551913040887541e+02
1.011275023944371725e+02
1.217014216572889325e+02
1.058507141564839316e+02
1.108341804986225441e+02
1.081630859443670971e+02
1.083734410097769398e+02
1.016780877484954004e+02
9.358490940305273398e+01
1.165673535052434886e+02
8.877982580837912963e+01
1.276441411001588904e+02
9.123303790085728338e+01
1.093687864031449806e+02
1.125627135156693868e+02
1.222748828430392933e+02
1.136562367668940823e+02
1.096666597840226700e+02
1.259275812003119768e+02
9.318154622204011162e+01
1.111137212320102492e+02
9.633781347450396026e+01
1.070794280349239642e+02
1.068601361295485646e+02
1.105750757328807197e+02
1.135391189477115716e+02
1.031387294493956261e+02
1.103392850713780433e+02
1.189112700582872719e+02
1.043521263945568478e+02
1.225278459676768250e+02
9.898349250971013191e+01
1.144484687816897264e+02
1.004264594812432847e+02
1.352381891112953554e+02
1.212204888518566719e+02
8.234831305844306826e+01
1.058826047571928370e+02
1.289922187045146131e+02
1.234453247956945177e+02
1.144076645989503760e+02
5.614914016065171865e+01
1.049575249530414993e+02
1.254535152174380812e+02
9.835280200729576450e+01
1.098137613248452169e+02
1.186453466565670141e+02
1.006400085440080971e+02
1.017742539830155977e+02
9.835301986946110731e+01
1.061567330812174390e+02
1.183897006120689923e+02
1.082049084022833938e+02
9.800883210915320376e+01
1.108669166317569506e+02
1.114085419094009808e+02
1.076360566352710890e+02
1.199980400626866270e+02
9.594689856165496167e+01
1.081324555015076072e+02
1.002184548396866148e+02
1.035905178913387346e+02
1.022647708952643342e+02
1.125588028429701808e+02
1.129874965183733906e+02
1.064230944571788342e+02
1.181608873883104565e+02
9.739475960324790549e+01
1.110136580406709754e+02
1.265644922997547042e+02
1.285014572747293471e+02
1.029726606435981182e+02
1.104942030260871633e+02
1.017060443040801374e+02
1.008183740996741591e+02
1.119440431807199019e+02
8.956080772824934400e+01
1.184706673306859557e+02
1.140165688058001763e+02
1.071649000028879470e+02
1.130538986022499444e+02
1.068483994145677656e+02
1.245359801964427788e+02
1.084660805163150030e+02
9.483380187216368995e+01
1.038006257363303035e+02
1.000171455089431873e+02
1.146972928874485689e+02
1.173097125886762768e+02
1.233772010240741821e+02
9.564579920630345100e+01
1.008633826419400634e+02
1.046394880761260424e+02
1.336389227609097645e+02
1.098603037196646994e+02
9.602358747165688158e+01
1.267236114256537149e+02
9.561428651300795423e+01
1.071035577894856203e+02
1.206620669663763010e+02
1.111357988083360908e+02
1.177972594797190737e+02
1.113224389025870380e+02
9.763264818386782906e+01
1.076401794900839235e+02
1.042272381209543823e+02
1.183012611842587347e+02
1.039752800020655457e+02
1.143425429367671597e+02
1.172652080591192743e+02
1.166581238948047456e+02
1.026670118320079155e+02
1.018985893922455830e+02
1.120046461621507916e+02
1.135685013312987195e+02
1.079605863597579827e+02
9.702836102355445291e+01
1.232659814347445035e+02
1.021238133478301791e+02
1.075329964282884987e+02
9.611332236874409318e+01
1.072274089011562523e+02
9.933690215391530387e+01
1.284595152550737964e+02
1.134004919794684554e+02
1.181534739409310504e+02
9.342599704748853640e+01
1.074461744380991917e+02
1.228707453587103515e+02
1.068227324555420665e+02
1.067410381443428236e+02
9.822620740031125308e+01
1.130822733074417954e+02
9.037767219450589096e+01
1.316522379241769727e+02
1.130131099918608015e+02
1.030194667313819963e+02
1.204651135189415925e+02
9.771389140960269515e+01
1.005933353641424048e+02
1.055802279681466302e+02
1.152996480127517742e+02
1.164718166809966391e+02
9.896559777979246064e+01
8.561812502708716011e+01
1.146892427221820583e+02
1.222025867569063422e+02
1.208018069891955406e+02
1.082073177237551107e+02
9.347724895154641445e+01
1.062038286012413124e+02
1.373176778359485866e+02
9.998911233391410747e+01
1.134308325623805445e+02
1.011445456257226283e+02
1.249725672050668095e+02
1.149464045368739988e+02
1.129370839480768467e+02
1.038569598161607246e+02
9.452566576726104586e+01
1.016463586751289228e+02
9.344567819959898713e+01
1.103516390913373328e+02
1.232506188778162226e+02
1.149810634813942869e+02
9.776479412973603189e+01
9.724160299706352362e+01
1.092187071277389947e+02
1.010617620703383324e+02
1.361826186537588228e+02
1.145717884991075124e+02
9.979164582945702477e+01
1.058392138626209089e+02
1.180570420956800604e+02
1.126498522191507732e+02
1.043839364840690536e+02
1.170700936756284136e+02
9.555811142701618621e+01
1.249011551555129387e+02
9.951897627550027892e+01
1.088633251509244104e+02
1.054905779303323357e+02
9.994749293986370731e+01
9.715839997992205213e+01
1.019481797549954791e+02
1.143674533039172445e+02
1.097755606081282309e+02
1.116763284539663488e+02
1.078563547776322480e+02
1.129368781647672506e+02
1.108858891583079327e+02
1.179318316303405254e+02
1.058837057004012223e+02
1.008648628314690967e+02
1.307729667686745927e+02
1.104409116493061731e+02
1.088150581246562751e+02
1.083845828195035637e+02
1.089378687894830051e+02
1.272303591802587732e+02
1.008822507421748469e+02
9.889520181646689423e+01
1.089978971365792404e+02
1.045960884949595311e+02
1.003246562951649423e+02
1.039755219750784505e+02
1.074569430209788408e+02
1.374968981786429083e+02
9.755313302537008724e+01
1.098392696775708117e+02
1.130682317947462963e+02
1.091357950393764042e+02
1.161499933876619366e+02
1.182916868386149076e+02
1.025330353869649826e+02
9.673077028082539641e+01
1.242691281671158805e+02
1.110733006581056941e+02
9.847852166648448247e+01
1.036432427467916000e+02
1.293623149406293749e+02
1.058636252708205916e+02
1.061337755192692782e+02
1.205411501456464833e+02
8.504721318834515387e+01
1.197791973656026130e+02
8.471575323737474150e+01
1.318003496059374697e+02
8.565229209380477471e+01
1.123644202250221582e+02
9.581272700124938524e+01
1.084666340847967945e+02
1.047257548699882932e+02
1.246850341097896262e+02
1.024355842035495101e+02
1.024032199657083311e+02
1.119947745189111430e+02
1.018215636796924031e+02
1.033920228202028113e+02
1.133399634706945278e+02
1.090228220845889950e+02
1.054591604323252909e+02
1.015764923027869457e+02
1.137728976373348218e+02
1.218072366705650609e+02
1.068880714574282393e+02
1.075413010361359483e+02
1.035521937804000459e+02
1.212195398090226774e+02
1.043425029181874777e+02
9.686156879331259972e+01
1.473421004101559788e+02
1.087689923393406133e+02
1.034327225393175524e+02
1.032856120617742732e+02
9.060288620481196631e+01
1.030048284271789072e+02
1.367847114179155312e+02
1.133074370318707338e+02
9.584072427015084372e+01
1.204414597237875455e+02
1.075092932817140223e+02
1.124082650416124807e+02
9.737555694239082982e+01
1.185460204553093178e+02
1.052769871778326518e+02
1.026742167645529378e+02
1.111610693477195042e+02
1.266965751640264983e+02
1.031232502623192460e+02
1.076728967173808087e+02
9.655268510787166747e+01
1.265599451906672073e+02
8.772268734949707891e+01
1.055359705019951377e+02
1.058162587769840570e+02
9.643046277007186973e+01
1.027033170918438714e+02
1.112103784953665553e+02
1.178831528674609928e+02
1.188748168525055462e+02
1.104436993598413039e+02
9.271023296740109743e+01
1.034310749396868516e+02
1.076775456411752288e+02
9.600877400217788704e+01
9.106373813031881070e+01
1.154180810036828717e+02
1.256951831820936576e+02
1.124308966739721143e+02
1.227528716681494529e+02
1.230051380842091220e+02
1.077374327784720549e+02
1.034281926582017377e+02
9.711136409481594001e+01
9.656371191946199417e+01
1.162315103027496122e+02
9.833797474053841370e+01
1.064247878871403117e+02
1.083464020467416589e+02
1.203135442637797183e+02
1.106011382116888484e+02
1.113615887312774078e+02
1.131642978220538254e+02
1.048254400801296669e+02
1.029329319419728677e+02
1.207091938946785916e+02
1.032923054123675257e+02
1.106196998993312519e+02
1.011850847268340345e+02
1.048496663650841185e+02
1.088800459857575333e+02
1.085087379337954019e+02
1.112576468001546601e+02
1.173244442661057292e+02
1.015319991064385476e+02
1.033453918835185021e+02
1.131841957855762075e+02
9.421757312800377804e+01
1.106197583043934713e+02
9.349302233501170178e+01
1.109107819542168301e+02
1.118536898176082985e+02
1.129053732232797387e+02
1.221728708631633964e+02
1.180441782963504664e+02
1.212227083071443019e+02
1.054239869843583932e+02
9.619368302627080425e+01
8.667995029463266121e+01
1.224746355773224309e+02
1.124702772666410340e+02
1.062488490538197965e+02
9.541493568125079605e+01
1.121135361977962361e+02
1.070725225866240464e+02
1.125913119470413619e+02
1.126017203048065483e+02
1.160872863906354837e+02
1.136016037465848427e+02
9.614375188959746765e+01
1.046227672857524880e+02
1.032564614406437187e+02
9.932409595424006454e+01
1.058064342588899081e+02
1.117103892354021042e+02
1.102485747771356728e+02
1.236537422660225474e+02
9.783003765135185859e+01
1.043071474916953605e+02
1.310676435205498365e+02
1.141896881171746401e+02
1.077911093894842054e+02
1.069660854857633154e+02
1.163603735957147478e+02
1.025267319575024914e+02
1.083829398613241324e+02
1.030022682358918331e+02
1.181582252961258064e+02
8.188999634123246096e+01
9.553693272224388977e+01
8.990617720479377795e+01
8.792384746005747331e+01
1.383680937222760576e+02
1.209282578274854387e+02
1.315594331048149570e+02
8.009209313047470857e+01
1.073439258753578116e+02
1.279885647394432340e+02
6.658427238681356641e+01
9.681843672740581042e+01
1.016892449131967027e+02
1.161258187820421170e+02
1.031641535227807367e+02
1.254409635620510812e+02
1.019588509736703941e+02
1.137616676881404771e+02
9.867021994278307773e+01
1.101101641368474873e+02
9.753959610088051591e+01
1.207115389362861890e+02
1.207830168472592760e+02
9.534745319489857707e+01
1.204746395769236784e+02
1.004108024047985168e+02
1.116588950779078004e+02
8.973532456259879098e+01
1.119498358141899246e+02
1.074936656881587851e+02
1.112207100557916419e+02
1.229696883075239668e+02
1.177532183339287002e+02
1.021235087640767176e+02
1.171330341556601127e+02
1.038809288277260379e+02
1.058771976000232087e+02
1.089710611701423062e+02
1.074562990239965217e+02
1.442038514933116744e+02
1.227890119666021178e+02
1.054868692932393515e+02
1.104029562838839240e+02
5.506420567322690829e+01
1.297932898772399142e+02
9.860342890230965907e+01
9.230652870465702620e+01
1.068608927356190463e+02
1.169112240029522809e+02
1.103073682308905177e+02
8.912469560310789518e+01
1.295730934096200713e+02
1.077476466132539485e+02
1.141922763718659439e+02
1.139582480024262168e+02
1.023677092626913634e+02
1.133940807607194898e+02
1.140299113547455505e+02
1.129068484871304037e+02
9.603244561252891742e+01
1.034824107163969984e+02
1.146929397598860447e+02
1.103212222932879456e+02
9.664584503266154059e+01
1.250397412489309517e+02
1.064071245205421690e+02
1.067307610244576921e+02
1.276647786262643507e+02
1.193823112542388429e+02
1.175308453662742778e+02
1.237785646096595400e+02
1.195868806892147660e+02
8.325378296639016185e+01
9.991318344785715055e+01
1.177938440920141403e+02
1.130931021885520522e+02
1.062894204150616559e+02
1.265433956637051267e+02
1.086777741809850681e+02
9.672466687480574876e+01
1.078613223387084616e+02
1.088909269238503867e+02
1.103267693118143029e+02
1.131670912191928551e+02
9.981072347268252543e+01
1.239860400672806264e+02
1.008286223670895225e+02
1.191264169056472468e+02
8.918175078645181486e+01
1.133477000492395064e+02
1.017798951847831432e+02
1.057353078932334398e+02
1.134947972852761353e+02
1.066079497617351706e+02
1.157541713882582997e+02
1.156248895706119413e+02
1.073333041827644792e+02
1.076904820210489788e+02
1.206442275818761374e+02
9.785758769124777245e+01
1.061519173100891749e+02
9.175087099203632590e+01
1.055909590051541755e+02
1.301413088188328970e+02
1.209638068452919129e+02
1.084855464396101752e+02
1.018644253227191712e+02
1.063313947515074176e+02
1.035047927729308839e+02
1.140222717544139357e+02
1.004799661612315447e+02
1.122675018879948965e+02
1.186891939739725217e+02
1.135093967589549493e+02
1.138646298787285076e+02
9.941861801127708986e+01
9.549416945607003981e+01
1.321625829515715225e+02
1.019573580145407448e+02
1.083935325099794795e+02
1.210938147089329817e+02
1.008721608711060327e+02
8.135762566102999926e+01
1.102614448608595268e+02
1.044034633173687752e+02
9.887408178951497462e+01
1.038389300561134689e+02
1.131808272716969270e+02
1.155453911873111679e+02
1.044760564896245540e+02
9.257112251053911223e+01
8.661516798633562075e+01
1.261159405972262135e+02
1.080615945312434576e+02
1.015370633803652680e+02
1.253824074187874658e+02
5.813416188144118735e+01
1.083758762502962441e+02
1.341992259346206993e+02
1.017434681071475069e+02
1.229393288201686119e+02
1.071008955836478691e+02
8.890018451716552761e+01
9.574874273302501138e+01
1.246075496417304578e+02
1.066414886172018583e+02
9.641902022923606808e+01
9.985851399082957869e+01
1.359302283977928596e+02
8.052439686533550400e+01
1.082825499372233082e+02
1.023075344025750155e+02
1.088466299214424993e+02
1.174079217924303435e+02
1.016170850852336685e+02
1.180665092006625656e+02
1.087149036760527849e+02
1.043136260812005389e+02
1.224152374789644568e+02
1.115617842485054894e+02
1.128619822906302090e+02
1.011329244414394992e+02
1.141533306054356558e+02
9.777968295809803578e+01
1.267238879942914735e+02
1.087523049562713453e+02
1.154045956729737981e+02
1.047120008874983341e+02
1.141337808039946680e+02
1.031935510929646256e+02
1.095309390509414271e+02
9.965428145383005187e+01
1.333305503050389689e+02
1.099996730086106140e+02
9.694770830814000817e+01
9.200993348230774416e+01
1.126491736241004418e+02
1.201671837207660190e+02
9.179129169222044027e+01
1.080091740820816142e+02
1.220140114909814315e+02
1.038162834820737146e+02
1.104382355063563494e+02
1.079236526218085999e+02
1.040765992474794785e+02
9.577443355727034202e+01
9.522756202406603165e+01
1.264825665609741066e+02
1.249856719439606394e+02
9.064039607424297174e+01
1.245241500753916455e+02
1.059259650359075664e+02
1.155217533036380360e+02
1.056277728832064042e+02
1.116750202625730992e+02
1.162721254656063081e+02
9.825471205264945240e+01
1.168637465060568701e+02
1.222492792365190013e+02
1.043880351332698808e+02
9.820937823971451053e+01
1.116256045623805448e+02
9.979047855897529473e+01
1.186472553899865261e+02
1.128069643866920444e+02
1.266343755887422589e+02
8.840623958141269156e+01
1.183773691804725274e+02
1.062070895655161848e+02
1.099435955688524018e+02
9.741864197907871414e+01
1.122163690989022768e+02
1.118385648049986969e+02
1.058558764695320491e+02
1.141362440895799040e+02
1.012852804010627068e+02
1.109519855634920447e+02
1.102704063061616608e+02
1.137118124197300801e+02
9.686288029681136891e+01
1.224955650193104475e+02
1.031118398003034997e+02
1.027060150597672958e+02
9.669801775190818205e+01
1.269281909973974791e+02
1.060939927360983148e+02
1.122604746156435738e+02
1.213698074031124321e+02
1.210133209596877037e+02
9.809397936572975141e+01
9.817300199070012923e+01
1.155156852869505570e+02
1.130880017992324298e+02
1.125782780456363810e+02
1.094759853591138494e+02
9.138063895084455623e+01
1.130237694539775362e+02
1.109489616768222504e+02
9.099217230550718227e+01
9.406557552522946253e+01
1.395365606992599510e+02
1.077333998896248630e+02
1.039186122684208158e+02
1.249296778825766268e+02
1.027038210477779074e+02
1.117201767834999089e+02
9.866011053105680162e+01
1.150574921312211814e+02
9.724458235678443430e+01
1.021641800500559896e+02
1.296799261420621292e+02
1.000619427727256578e+02
1.093474811167353522e+02
1.028060729274999119e+02
1.096116600007670883e+02
1.066457822078697717e+02
1.022579474494362159e+02
1.101469590726362924e+02
1.031370288754252869e+02
1.160074882007047563e+02
1.172863511431230563e+02
1.043159868202050689e+02
1.140582040595976849e+02
1.067093579626842086e+02
1.210470282181238701e+02
1.187791090368356350e+02
1.035678869968711808e+02
9.803704869225155960e+01
1.162246129885437398e+02
1.064953193031053900e+02
1.003289859009192924e+02
1.068983809260269169e+02
1.247097566281026388e+02
1.143390704867117194e+02
1.184688293204680889e+02
1.203687919275803750e+02
1.417021102321888577e+02
1.208064950888479814e+02
1.019123613386881004e+02
9.253317656036479377e+01
8.029192203923538784e+01
1.111258334924840625e+02
1.271864922226107097e+02
1.088318366492416658e+02
9.003432123411742793e+01
1.066062839875533115e+02
1.008331709407750196e+02
1.244347408492472624e+02
9.806604177485429830e+01
1.257070284595470753e+02
9.672365963309071901e+01
1.112542028314852303e+02
1.161872200471745202e+02
1.071894415529221760e+02
9.847213211718454318e+01
1.326651210794024109e+02
1.208592083243974855e+02
9.798657242530182998e+01
1.162004804758742722e+02
1.081356725634880860e+02
1.093272843835158596e+02
1.013548292524864252e+02
1.057784308282499239e+02
1.326131455766231397e+02
1.009856928086745995e+02
1.174150861608816996e+02
1.082516246476998276e+02
8.386233106653169500e+01
1.072360720535304068e+02
1.107200241058617536e+02
9.880637813179879458e+01
1.171308872707084419e+02
1.122951042824425230e+02
1.090953038575173792e+02
1.154546992713558922e+02
1.121405038520570088e+02
1.188877650362723699e+02
9.866222260622669182e+01
1.093530811278792214e+02
9.929611641981149717e+01
8.982088437322896368e+01
1.100564537122678814e+02
1.074477443226306974e+02
1.208191837884402560e+02
1.096123923997743930e+02
1.122323372603092366e+02
1.337977705310353542e+02
9.234506720216548104e+01
8.723894754481516145e+01
1.066573358121354715e+02
1.053131999943627193e+02
1.043759936067968113e+02
1.310433826005768481e+02
1.082416717314836632e+02
9.842466578398314425e+01
1.086282346622697901e+02
1.012891181530758757e+02
1.733953018782632114e+02
9.928842029653668533e+01
1.127487135234618449e+02
6.506998448521194689e+01
1.114691384512164802e+02
8.013799201709387887e+01
1.211699405589776433e+02
8.529051544701847831e+01
1.228519434077049084e+02
1.049549119540749587e+02
9.959923348662968579e+01
1.086549879751153043e+02
1.039872072556433125e+02
1.173605873977075618e+02
1.220276144169381212e+02
1.212044685878921513e+02
1.025550622887806185e+02
9.917276032593906621e+01
9.367837510855056848e+01
1.067588526319453734e+02
1.361979393425454248e+02
1.213067694470699394e+02
1.047672394936590337e+02
1.073681796887376265e+02
9.920487204278236959e+01
1.073356502688829437e+02
1.173914466546437154e+02
1.223025261275219577e+02
9.986216165806041545e+01
1.004949530893474616e+02
1.211282004842464062e+02
1.004203116371021167e+02
1.279421979902382134e+02
1.173839926765398189e+02
9.748667791049008713e+01
1.004764390404179579e+02
1.065642438518238748e+02
1.214123672602996038e+02
1.024950831039859196e+02
1.224001642018744178e+02
1.181043462400462687e+02
9.220647132841558857e+01
9.904395329808762938e+01
1.136400181993038103e+02
1.257523765433203664e+02
9.537838078008076081e+01
1.158884407393213678e+02
1.023636885448087241e+02
9.450749908023482249e+01
9.927881713831955324e+01
1.114895511374868846e+02
1.204373477224460771e+02
1.164252537363068996e+02
9.112655062884643087e+01
1.139899252021903919e+02
1.197581389117473947e+02
1.107562751458999060e+02
1.043708329855262633e+02
1.135680153925124358e+02
1.005930799376162383e+02
9.626023994330593325e+01
9.892484313524445838e+01
1.089694660974736138e+02
1.104510385579705627e+02
9.449282836715931921e+01
1.170404544168481635e+02
1.178854500029829779e+02
1.056749532044412234e+02
1.017879609678915642e+02
1.097365702054367915e+02
1.183467128293041100e+02
1.024562338107778174e+02
1.087805384226563632e+02
1.110559003647924925e+02
1.062024733872441402e+02
1.027001756172802658e+02
1.173802332187295008e+02
9.683365182996034548e+01
1.042994129655545379e+02
9.390746248143987884e+01
1.113115897936749690e+02
1.091615775074433827e+02
1.228798084040866172e+02
1.227058301423371773e+02
1.011574249278119879e+02
1.009423455552679485e+02
1.055997170358775463e+02
1.001416734309892860e+02
1.076712597135859539e+02
1.290618578450990128e+02
9.421500014572669102e+01
1.022964969166442870e+02
1.190124142225932076e+02
1.060313372548797872e+02
1.070165703399270569e+02
1.080629765085994336e+02
1.074576832014744809e+02
1.237018296885634641e+02
1.038290955428343665e+02
9.620136368518855363e+01
1.093556946287631320e+02
1.099003504609454609e+02
1.134027750994557096e+02
1.197591850003303051e+02
9.080019753864490895e+01
7.938455682582470274e+01
1.367968433872033529e+02
1.176726422831931984e+02
9.615592492207905195e+01
1.076651371566729551e+02
1.042449664615007521e+02
1.117478221950859876e+02
9.811510624378038870e+01
1.238148324951086607e+02
1.088398352855680997e+02
1.126931984021510402e+02
1.294202562171618922e+02
9.988002548811492431e+01
8.349280953168131703e+01
1.239783696519765499e+02
1.097154626531979318e+02
1.218400760830633658e+02
1.054246346728056665e+02
1.143687657094097148e+02
1.140158627838856518e+02
9.470493314388154715e+01
1.053789505576119581e+02
1.182352308104267564e+02
1.172544132897997997e+02
1.007117397858269641e+02
9.928266895458720853e+01
1.140899764051088141e+02
1.074734272025689847e+02
9.460080237595195740e+01
1.078785061743005258e+02
1.139256804406915933e+02
9.452485878981842404e+01
1.253482410332639034e+02
1.169520634304911226e+02
1.023960285294867845e+02
1.196299826589188342e+02
1.186085962957499333e+02
1.196063034643476328e+02
1.128908353857503215e+02
9.691726869248250864e+01
1.110238974989009932e+02
1.152735526213503618e+02
9.845335545032459379e+01
1.053468349245576974e+02
9.884258795139540155e+01
1.299415675072921488e+02
1.060858654334375615e+02
1.067359727493329586e+02
1.090497467191109138e+02
1.155107143539598553e+02
1.126176306608817441e+02
1.065755880269540796e+02
1.009149626007432090e+02
9.443437878507288019e+01
1.051362985637673688e+02
1.169771992627800898e+02
1.185419094691099531e+02
1.152191791241059775e+02
9.897145031549693783e+01
1.092973063638143145e+02
9.812854555168372883e+01
1.110817288311386051e+02
1.216595149245486738e+02
1.146991569226381387e+02
1.106419366217278508e+02
1.039127192418777241e+02
1.137836268633058268e+02
1.316992803737364284e+02
1.046103287422188970e+02
9.057584891612931699e+01
1.252734977912389098e+02
1.324859938664107517e+02
8.914402358770146861e+01
1.039084881624371803e+02
1.146493370225509665e+02
8.757774420033980789e+01
1.154589049138093770e+02
1.167075801156119894e+02
1.091709668478134034e+02
1.121031770428495520e+02
1.211999100542441283e+02
1.069123881372963325e+02
9.784177025246165726e+01
1.155652258724524728e+02
1.066484035506140060e+02
1.062638428481654955e+02
1.050293072151523290e+02
9.187589699000915289e+01
1.121581362140238696e+02
1.124908630972894628e+02
1.247988785103439255e+02
1.056459893278927495e+02
1.283069789252494957e+02
1.084591075657198616e+02
1.037427885774804963e+02
9.664433228056905989e+01
9.764363967911670272e+01
1.241064293020606328e+02
1.131565565566096154e+02
1.116388360225783032e+02
1.291318923789281712e+02
8.898348563190762661e+01
1.232101646646569009e+02
1.235436553000208875e+02
9.991096107251271974e+01
1.133874820913318615e+02
1.038996211437588926e+02
1.019490688182421820e+02
1.166924595665241071e+02
1.185397391188847962e+02
9.869954806785294465e+01
1.129022710658295665e+02
1.063268820066390248e+02
1.039328116143716585e+02
1.071373636962794791e+02
1.150558696025692029e+02
9.732318886041386463e+01
1.074635694702919295e+02
1.228578909975811513e+02
1.102129503900723080e+02
1.224091962360506045e+02
1.050869679925599058e+02
1.063939477037618815e+02
1.114645071818907098e+02
1.007967479445921555e+02
1.111090530514355237e+02
1.055181277568807445e+02
1.053435948973224896e+02
1.220880517043959657e+02
9.788781598730913913e+01
1.144934390434127636e+02
1.067657438696031562e+02
1.065734262554284015e+02
9.409865806422230605e+01
1.189201142503428628e+02
1.105635861398014299e+02
1.000292305749780581e+02
9.645028835136068324e+01
1.118198526623390165e+02
1.203639011346449621e+02
1.251299601149496397e+02
1.017204071358154778e+02
1.084516264336777027e+02
1.098281919429831959e+02
9.457131495584172853e+01
1.184132036481379657e+02
1.026252694175066580e+02
1.163482093379550548e+02
1.058197471988543015e+02
9.305606626464467013e+01
1.163107151395707461e+02
1.211237698512694436e+02
9.969011463853269106e+01
1.194053290443766571e+02
1.170194945589912265e+02
8.192284046823560573e+01
1.331511482227126066e+02
1.167206640892300555e+02
9.781815062682736084e+01
1.129052700300232743e+02
1.064998276346610027e+02
1.020738238667318427e+02
1.027392017591612756e+02
1.064856021934582486e+02
9.489192613532601683e+01
9.625696956102501645e+01
1.153105444934052457e+02
1.046964651400939772e+02
1.117973744688940627e+02
1.281600903125332422e+02
8.922575014492606726e+01
1.110240912913253624e+02
1.247465738269136182e+02
1.524964890707689733e+02
8.948372540445132017e+01
9.348460646545321140e+01
1.046759090206935241e+02
1.118524419143349746e+02
1.301530573796364934e+02
1.016479133615213755e+02
1.050962074758394920e+02
1.000554017031832927e+02
1.064273938524873273e+02
1.031916613867943653e+02
1.069920432187396244e+02
1.132439664724815174e+02
1.079223465437449079e+02
1.181750682107991963e+02
1.222802133077828159e+02
1.206349794129709210e+02
9.745828666285672170e+01
1.084620193098096053e+02
9.248574814166966007e+01
1.097224118011560137e+02
9.416860910351086034e+01
1.090560668542776455e+02
1.158669544521709724e+02
1.231527175055124985e+02
1.150587091234523456e+02
1.003595149909792781e+02
1.210287350203338832e+02
1.024231167372810631e+02
9.697478318089129345e+01
1.066076937024453599e+02
9.956566639237112781e+01
1.120517463562028126e+02
1.317998636017569254e+02
8.961050049240991200e+01
1.114129365658876196e+02
1.233778070213140552e+02
9.070812654110697792e+01
9.792531022824302056e+01
1.102783241604057736e+02
1.170920232767398090e+02
1.017347093154748023e+02
1.022546338407375686e+02
1.020373021268625564e+02
1.087957520137693166e+02
9.364681454685650408e+01
1.073796965129508294e+02
1.373709828474400751e+02
1.296207951622764085e+02
9.359577681107309388e+01
1.041157795205101309e+02
1.137150515042417851e+02
1.063563094171307455e+02
1.075163166489076758e+02
1.145702670710320916e+02
9.954377165820700668e+01
8.980466406467346019e+01
1.149894774816109759e+02
1.254697848347187374e+02
1.070338263807134354e+02
8.836988201768579643e+01
1.016805775689142592e+02
1.197705891994750971e+02
1.017200875928791817e+02
1.332339926071317109e+02
1.071567899319027788e+02
1.004666445320563923e+02
9.222359699220717744e+01
1.086698219268711512e+02
1.181088675154826575e+02
1.222273633182300330e+02
1.065313848455531769e+02
1.088384395639640729e+02
9.944632614848310936e+01
9.648160542132956152e+01
1.185016094119673369e+02
1.053939672904739524e+02
1.247765552600124010e+02
1.057546810772865911e+02
9.071432115868017831e+01
1.101330071591742126e+02
1.206748059458522988e+02
1.148578799893294331e+02
1.246888371949045506e+02
1.156804328989389887e+02
9.470298758271640338e+01
7.778286047137083870e+01
1.173554677040984870e+02
1.041999576227185713e+02
1.132481052094619400e+02
1.028314290214972146e+02
9.299653321384603544e+01
1.261774400554523226e+02
1.262104146995825857e+02
1.271099921250310416e+02
1.057295511718069747e+02
1.052169216870046853e+02
1.147176182565398364e+02
1.090862425225714247e+02
1.010706345474513199e+02
1.060386509988633179e+02
1.021737134507458933e+02
1.116440896551541755e+02
9.891760027343069339e+01
1.121518989215624629e+02
1.111413967549845552e+02
1.002607292940861186e+02
1.230645945273378032e+02
1.031547085834264834e+02
9.734724358322701221e+01
9.760877845833553579e+01
1.058229613499674855e+02
1.152582675835584212e+02
1.092283487055236861e+02
1.033091309541193397e+02
1.115553579716894177e+02
1.114176839734670494e+02
1.113891307539878568e+02
1.087955077418306900e+02
1.077614711024986889e+02
1.088312713353209915e+02
9.574571963250377848e+01
1.122856765419269465e+02
1.149438154987421399e+02
1.144632916203727291e+02
1.091232714106865984e+02
9.506060949811970318e+01
9.855999968157661328e+01
1.127941825583399691e+02
1.100622831562485260e+02
9.258437853839988918e+01
1.026486657994280307e+02
1.322335047353631694e+02
1.049867839853869498e+02
1.018616262673632917e+02
9.474706191680695611e+01
1.153684863633583717e+02
1.033989768603734944e+02
1.212800298587470991e+02
8.920603722505346411e+01
9.681286404275630275e+01
1.249613391157431295e+02
1.222752823118576089e+02
9.402898532884837834e+01
1.055563876954897324e+02
1.149445886024989107e+02
1.205275230887996258e+02
1.325448082146003230e+02
9.677718059588835331e+01
1.015248069893556391e+02
9.301838041110579525e+01
1.082451270327503750e+02
1.281139949627518035e+02
1.189061660682507977e+02
1.068823608191046901e+02
9.750295897337227302e+01
1.059359658970107745e+02
9.862258875398006808e+01
1.008198481161113591e+02
1.010524475587487387e+02
1.305704943888479761e+02
1.151528288676592666e+02
1.105500303945448906e+02
1.180449996903800809e+02
1.032490142350451663e+02
9.889928512720101139e+01
1.036309856760859986e+02
8.760379908830876161e+01
1.299645297569757361e+02
1.355073954959193543e+02
8.986348195775123315e+01
1.062901271544775739e+02
9.717956405774972950e+01
1.103996258882613120e+02
1.138519452158931671e+02
1.193878454063934953e+02
1.074442663773050697e+02
9.991601041583288634e+01
1.151685948821091756e+02
9.795258144850193105e+01
1.136492783602263899e+02
1.314157498993524484e+02
9.840947576983349165e+01
1.305788147130987795e+02
1.093676449739721477e+02
8.805946572569078512e+01
1.118482748873160659e+02
9.551380486908905709e+01
1.181805842965970044e+02
1.077653868279678591e+02
1.053090121758443445e+02
1.314278626599094650e+02
1.120665713383152564e+02
1.059572005333954365e+02
1.100812427134920028e+02
1.023320437046933051e+02
1.024021291138429035e+02
1.229765251555315047e+02
1.050225498824296864e+02
1.070791399219214242e+02
1.046556410484446218e+02
1.077099550755576018e+02
1.087765316934530233e+02
9.796146997955403890e+01
1.001800489674363916e+02
1.266895985288492881e+02
1.150771453037721557e+02
1.154272592495362346e+02
1.013009023821156376e+02
1.205647352512750672e+02
1.220992467951396918e+02
1.154989424415210948e+02
9.606605129091349227e+01
8.713550427410609700e+01
1.089771765258933840e+02
1.168465687337524344e+02
1.133339543636842137e+02
1.118752164552360711e+02
1.138157510721594718e+02
1.047980111247497206e+02
9.326461271561495892e+01
1.205165824982441762e+02
1.103699961536785139e+02
9.348483184827504999e+01
7.968776120124920226e+01
8.554291520142730576e+01
1.257837376300254277e+02
4.834574312797448670e+01
1.230310161019423845e+02
1.253074723128883079e+02
1.090773704825244010e+02
1.104645505392695810e+02
9.791745042219119455e+01
1.123372136228257148e+02
1.263781676947375416e+02
1.063530282402424234e+02
1.030869260184422984e+02
9.214346655751016613e+01
1.003016493250121499e+02
1.187465358521128138e+02
1.168888014903503603e+02
1.093172480678641563e+02
1.169692839338352428e+02
1.085473836186383210e+02
1.179840505757181290e+02
1.165352604979338338e+02
1.187611336647723590e+02
9.434524114615211943e+01
9.804773607917337586e+01
1.137213576153969399e+02
1.179829730463173405e+02
9.303498966895755018e+01
1.191091349412385796e+02
9.221407138983684604e+01
1.142559929449993348e+02
1.164411676525558192e+02
9.322058648511121248e+01
1.367753372406733376e+02
1.071187146289184682e+02
9.692584609796334405e+01
1.027761985931029898e+02
1.126786552822739509e+02
9.708813518454307712e+01
1.116934945017373195e+02
9.584087198168545285e+01
1.106362119653971519e+02
1.256529134604702307e+02
1.292471096689729393e+02
1.074268505643586309e+02
9.151369968108951980e+01
1.148081676789006025e+02
1.100117641878511563e+02
1.016985573766324791e+02
9.101026560744752203e+01
9.796330463108802178e+01
1.557145516378810441e+02
1.108767665510489877e+02
1.305439146793341649e+02
7.176677914058163310e+01
1.197857251042261595e+02
8.168539476233999608e+01
1.020535671461744016e+02
9.278833343235298514e+01
1.045771367235128935e+02
9.695227837644881674e+01
1.127369363479451039e+02
1.270969822038384507e+02
1.245954484141467447e+02
8.783949522816318733e+01
1.071824439345993483e+02
1.006589649301780014e+02
1.072902602351294519e+02
1.243444088135659200e+02
1.132768069106846553e+02
1.024884904644729744e+02
1.178739382540561706e+02
1.087946762664128499e+02
1.098183243859444360e+02
1.056768453606741502e+02
1.158025074002350152e+02
9.631269087137388851e+01
9.672823558907238350e+01
1.136521133342052963e+02
1.035470400816945187e+02
1.007222798817715130e+02
1.255010788903902181e+02
1.219312151367544317e+02
1.000310285965390591e+02
1.190269330620590438e+02
8.908240025344993285e+01
1.034030818993358736e+02
1.104224286840312459e+02
1.238054294492905711e+02
9.225893750736985055e+01
9.998329098336348864e+01
1.189005788599758802e+02
1.182521211123762299e+02
1.198871820770280721e+02
1.177283836233415428e+02
1.134773531586167508e+02
1.051917466250313851e+02
1.235940234134122448e+02
6.680163244533190436e+01
1.049800020892106289e+02
1.277131232355275614e+02
1.061717456239170900e+02
1.142352256616064778e+02
9.778456497767550104e+01
1.136236134276591088e+02
1.083529100543900938e+02
1.152278704189533016e+02
8.575629262047507950e+01
1.103886708685572415e+02
9.014078793494249453e+01
1.158673810140900287e+02
1.275505802619182987e+02
1.144773133966821632e+02
1.065758152768780462e+02
1.167179742468692751e+02
1.022635358233958414e+02
1.011581372049354428e+02
1.297033992958782562e+02
1.013877823508600073e+02
1.006338412606779116e+02
1.056169272831860582e+02
1.013675025075863374e+02
1.147082366128037165e+02
8.682286146595265564e+01
1.343907237679963202e+02
1.073642569531443911e+02
1.076261919241971015e+02
9.640613485356089996e+01
1.135408843419185274e+02
5.353060676857801070e+01
1.370430054616876419e+02
9.407661504006024700e+01
1.385380751226250879e+02
9.841476671820400668e+01
1.131069094519293117e+02
8.351421130893288591e+01
1.073555266415299201e+02
9.909250975130704830e+01
1.264525720107985620e+02
1.132932707224595958e+02
1.074671482355509085e+02
1.129862867422942827e+02
9.860411767440280073e+01
1.044892853325534077e+02
1.223511789056580596e+02
1.035463420318756818e+02
1.142363955836964351e+02
1.113817189621843653e+02
1.465555229368823973e+02
1.002450259603465383e+02
9.449650828838686323e+01
1.044093000970652412e+02
1.035103621723369400e+02
9.893054672006017825e+01
9.942623977890161768e+01
1.229694199560143915e+02
1.042825375913997163e+02
9.686766077914754192e+01
1.167115379284095269e+02
1.158670604174815395e+02
1.002984744681174476e+02
9.555902452541009495e+01
1.234743542600924684e+02
1.125358275856064552e+02
1.125565525611909976e+02
1.111031723263557183e+02
1.122676343438808289e+02
9.989394612322968214e+01
1.056401161540489824e+02
1.121634159324130167e+02
1.192750604609220915e+02
1.056067439674258139e+02
1.185705790185428157e+02
1.235666504049856655e+02
9.865699910458059207e+01
1.139975383164512266e+02
9.796502722729587731e+01
9.298895583649466801e+01
1.058226541346055143e+02
1.036629084263853997e+02
1.257754454916853746e+02
1.367810018808522159e+02
9.986977928231696922e+01
8.750444264030087993e+01
1.068213121186587529e+02
1.210654891707696521e+02
1.045508599407903603e+02
9.830291723672713999e+01
1.190724107868357748e+02
1.079883189530677328e+02
1.126959123405727041e+02
9.203238354223300632e+01
1.183976833957903239e+02
1.153157102470073028e+02
1.076858699399063255e+02
1.103478793164503315e+02
1.073548142095647790e+02
1.150930618504171576e+02
1.048100983358572904e+02
1.127279041042670542e+02
1.095989695499994809e+02
1.110639348626432223e+02
1.025448787460942697e+02
1.047076121812612399e+02
1.070997318971500079e+02
9.705501611687979846e+01
1.308715883926962249e+02
1.089436585306674061e+02
1.032008701473203587e+02
1.013672271985149962e+02
1.126101950946705728e+02
1.011801815672597513e+02
1.315300617308179199e+02
9.158629401924670788e+01
1.133703241043266985e+02
