-5.434418623147130312e+00
-5.387551136616983705e+00
-5.317611818481450925e+00
-5.128434537171535190e+00
-5.464242317214839773e+00
-5.471814185914027462e+00
-5.504319787983225076e+00
-5.482674816492498771e+00
-5.505769987998490933e+00
-5.512909709949794568e+00
-5.516025826950022193e+00
-5.473999266278322118e+00
-5.116153902255405228e+00
-5.103626316563128817e+00
-5.091235001710765040e+00
-5.132024865737566444e+00
-5.141955320515959826e+00
-5.130769034456755584e+00
-5.100387016327672995e+00
-5.105868588585499523e+00
-5.149440276500334868e+00
-5.156608714893959444e+00
-5.102374319252618307e+00
-5.405378399632037478e+00
-5.430922982158168821e+00
-5.478837864381914891e+00
-5.516348506488854220e+00
-5.048723126855660936e+00
-5.408537128993338605e+00
-5.429758528494751602e+00
-5.366154378825149784e+00
-5.334210493215015170e+00
-5.394969988237095393e+00
-5.149949169578992070e+00
-5.426401911561199221e+00
-5.445823876385225581e+00
-5.415129623161221595e+00
-5.115131008235684007e+00
-5.509167085032060207e+00
-5.543485698061438427e+00
-5.730484784532487552e+00
-5.426227338647207965e+00
-5.521091477301591333e+00
-5.705593249803357914e+00
-5.528694517012821663e+00
-5.551374628724428995e+00
-5.481896362527140631e+00
-5.531889971553881402e+00
-5.572114535625037668e+00
-5.720999134447001921e+00
-5.488925993170528095e+00
-5.475625706017585692e+00
-5.546820303779028905e+00
-5.595321855782945164e+00
-5.447962418051483624e+00
-5.485766831316018610e+00
-5.498843027811601836e+00
-5.550939022635094311e+00
-5.588270887025384326e+00
-5.669368244813192348e+00
-5.665605063787676698e+00
-5.755835016783969138e+00
-5.754672058796592715e+00
-5.653723608289014102e+00
-5.648349778932102438e+00
-5.651718866330677216e+00
-5.646731088671488763e+00
-5.650041980581510082e+00
-5.678235479634538230e+00
-5.642111952504468064e+00
-5.680839882773069505e+00
-5.637379765080321903e+00
-5.692286139574566306e+00
-5.626370369260846438e+00
-5.657199897783820930e+00
-5.757966364324942354e+00
-5.648891593500158237e+00
-5.634784462326451582e+00
-5.645577280870017312e+00
-5.660803868773158776e+00
-5.647785581676007638e+00
-5.638206046447998609e+00
-5.641739594804478841e+00
-5.630075943871043265e+00
-5.638948834154850154e+00
-5.670784894131204901e+00
-5.651644970379130051e+00
-5.669856889882855633e+00
-5.661046994939121113e+00
-5.734859279211016236e+00
-5.720863540023954030e+00
-5.736673467651393743e+00
-5.663467028378313728e+00
-5.712749268004286840e+00
-5.707060190843640690e+00
-5.719681760881808685e+00
-5.709989652155573303e+00
-5.692473625613826194e+00
-5.505991039271683540e+00
-5.583436674466831562e+00
-5.533885262776268910e+00
-5.561937643536309928e+00
-5.510406441369414487e+00
-5.540654239498231881e+00
-5.498547239926934616e+00
-5.561395246710151063e+00
-5.640183756850455588e+00
-5.522578903852907395e+00
-5.478447215423672745e+00
-5.521286594116524782e+00
-5.529847622265492646e+00
-5.499824834524476458e+00
-5.476498263891238949e+00
-5.536569302624417155e+00
-5.476198218544605645e+00
-5.539828374059145411e+00
-5.532228390447281541e+00
-5.591332857107990328e+00
-5.546614700852061652e+00
-5.536881132436847430e+00
-5.518729832351835007e+00
-5.534340810859877280e+00
-4.728661443600983283e+00
-4.644716601239260889e+00
-4.595303986704013965e+00
-4.809851118095138212e+00
-4.765906386272222406e+00
-4.721150237271263705e+00
-5.053746850844135885e+00
-5.068825742702109061e+00
-5.032035854287890686e+00
-5.096238909426623387e+00
-4.719048331860836498e+00
-4.696066176594806407e+00
-4.560806188217878088e+00
-4.654232966374108216e+00
-4.757253449351025232e+00
-4.644030896307228318e+00
-4.632741992356621097e+00
-4.602045767526977471e+00
-4.610006834688516797e+00
-4.717588430591924897e+00
-4.616832581860366602e+00
-4.597245705967242024e+00
-4.609396640102392695e+00
-4.703741874082784769e+00
-4.685940917804181538e+00
-4.731342969034060708e+00
-5.497047452888277341e+00
-5.443066659940237528e+00
-5.380683622046722903e+00
-5.512948179746619992e+00
-5.672884786831475346e+00
-5.718922173826039845e+00
-5.600550996801992198e+00
-5.139439551994228417e+00
-5.207625205748402486e+00
-5.235169765067691827e+00
-5.763675438063302181e+00
-5.778540358031183821e+00
-5.784494737644964246e+00
-5.740050549351374265e+00
-5.772832620607366572e+00
-5.542197885822049308e+00
-5.519482713282565456e+00
-5.546290188439855662e+00
-5.525933706136650692e+00
-5.547059107402719569e+00
-5.672529788718785326e+00
-5.738782735548269898e+00
-5.283984269356812646e+00
-5.233591059731086403e+00
-5.273138996492534147e+00
-5.297451452241061176e+00
-5.328572904610252792e+00
-5.518040929224614644e+00
-5.290616943268197758e+00
-5.334689526664849524e+00
-5.343493882582663446e+00
-5.334015988682285325e+00
-5.330618715884510195e+00
-5.302990633520210828e+00
-5.317450675480607458e+00
-5.302676150853181447e+00
-5.312893664184773712e+00
-4.705540040937310486e+00
-4.728024323357740144e+00
-4.704368260822978876e+00
-4.706293508642587220e+00
-4.718625588444253616e+00
-4.714463103649163322e+00
-4.701143841336260287e+00
-4.714900742819340351e+00
-4.724282674111194957e+00
-4.699550892978627381e+00
-4.716082685723367973e+00
-4.679014770079583663e+00
-4.684501206369958481e+00
-4.694296075011592961e+00
-4.677237467336075483e+00
-4.694759180278526678e+00
-4.680413634106145970e+00
-4.676317005918679826e+00
-4.690218493869778627e+00
-5.188296602331821106e+00
-5.224901449924264085e+00
-5.241847277434474428e+00
-5.235014695228107584e+00
-5.267279974495901129e+00
-5.166609483727401475e+00
-5.233439974750618617e+00
-5.268154845829680077e+00
-5.162740188310705136e+00
-5.381129265358947755e+00
-5.335294871183187126e+00
-5.321785956719959465e+00
-5.324004218701525737e+00
-5.275352496777888867e+00
-5.398945721471569925e+00
-5.387389673184201477e+00
-5.318606309546355604e+00
-5.309243328159031883e+00
-5.128257877127691877e+00
-5.273802185652865404e+00
-5.263672975676199961e+00
-5.346764028724667384e+00
-5.306517289781670144e+00
-4.915894786285353923e+00
-4.890441868867241304e+00
-4.877243316566850062e+00
-4.908532758996069667e+00
-4.892560738580104207e+00
-4.812018566065005665e+00
-4.837268516103151228e+00
-4.794395235713793113e+00
-4.905626427852954663e+00
-4.897704320366179864e+00
-4.949724019631536187e+00
-5.276919965590439077e+00
-4.912932774574968242e+00
-5.274938214037395490e+00
-5.277570354422246091e+00
-5.207995642579053452e+00
-5.147649209344679733e+00
-4.890724452107866327e+00
-5.197947016152875577e+00
-4.951833561286993479e+00
-5.341765926387823882e+00
-4.930960499794694307e+00
-4.882108246319069700e+00
-5.311035901089620204e+00
-4.921158431601187822e+00
-4.917700058979292521e+00
-4.942389968035157288e+00
-5.244465772812876736e+00
-5.224787989682032396e+00
-5.243351704675083269e+00
-5.218899520895704747e+00
-5.123582847626689585e+00
-5.255581519229709286e+00
-5.266591117253905274e+00
-5.245893601082611823e+00
-5.266431747877024172e+00
-5.105727805401791386e+00
-5.011010376438926883e+00
-5.131412229003577963e+00
-5.134638765840811025e+00
-5.145425004716236650e+00
-5.112558089980955955e+00
-5.256742239490501234e+00
-5.236906821538298118e+00
-5.096062755635212937e+00
-5.134691034541386756e+00
-5.106356584428962009e+00
-5.568502175310346303e+00
-5.569743652516437216e+00
-5.564098388275958484e+00
-5.556143932505596794e+00
-5.584401720520097534e+00
-5.609391774282959098e+00
-5.579610790237113704e+00
-5.563581400578334168e+00
-4.721916951119170314e+00
-4.762977242717163939e+00
-5.083516763979670117e+00
-4.699476564667133260e+00
-4.641693042967499849e+00
-4.764891629108539917e+00
-4.672343763223021362e+00
-4.664428464725101975e+00
-5.680706943581043333e+00
-5.639076399861399302e+00
-5.509449494972258776e+00
-5.543646418175224966e+00
-5.545042649272567736e+00
-5.499455309366270583e+00
-5.522650981571006312e+00
-5.636770742074270757e+00
-5.696706329520170087e+00
-5.676089736579204903e+00
-5.676601297282078740e+00
-5.635399094689748978e+00
-5.647721303167523743e+00
-5.636223519931162329e+00
-5.640227631250150253e+00
-4.741487762302210029e+00
-4.742775654381251371e+00
-4.729668568062778355e+00
-4.720774464390927960e+00
-4.734849908374535232e+00
-4.709269199118957694e+00
-4.717764923851464509e+00
-4.720933123779837537e+00
-4.771290394810213442e+00
-4.779831336772383921e+00
-4.792172268789711254e+00
-4.746109133259704294e+00
-4.788842709031523093e+00
-4.716764975995173081e+00
-4.721633426164681069e+00
-4.800847145919643566e+00
-4.688226630239932469e+00
-4.799127464913504504e+00
-4.825913132630969216e+00
-4.782490099141105233e+00
-4.792009574653538273e+00
-4.724685378526944035e+00
-4.769256341267217536e+00
-4.799617007135385194e+00
-4.790462231860107778e+00
-4.747480285889362328e+00
-4.791496046270825815e+00
-4.802372378786461837e+00
-4.812753600294895406e+00
-4.761774017865118225e+00
-4.799518508377627057e+00
-4.814360323607495218e+00
-4.783040156328551618e+00
-4.803041569748679684e+00
-4.813540348713202910e+00
-4.811626182936230123e+00
-4.827379746802133553e+00
-5.110042205295071582e+00
-5.111828677821378619e+00
-5.108225137633209734e+00
-5.096666028667353743e+00
-5.100828714578734768e+00
-5.115913664029062780e+00
-5.296272025049937326e+00
-5.291439710195025903e+00
-5.288533063216283914e+00
-5.286850482359472636e+00
-5.294529870771364166e+00
-5.296538186016835681e+00
-5.290195787832011831e+00
-5.289040765999576621e+00
-5.285281152472732558e+00
-5.285517880957816494e+00
