-5.437003168176167023e+00
-5.390105388067309988e+00
-5.318908590756881161e+00
-5.134361973966573345e+00
-5.460990268715510965e+00
-5.464221428170584538e+00
-5.502427642444723155e+00
-5.479327370814766951e+00
-5.497578181861859647e+00
-5.510749126450562585e+00
-5.507435529865906787e+00
-5.468274339979332765e+00
-5.116406262237842562e+00
-5.128488962156131592e+00
-5.115129213519460372e+00
-5.129871235126106654e+00
-5.148956099165464373e+00
-5.140183353652742149e+00
-5.125094159962649165e+00
-5.129166889830006681e+00
-5.152803658850995561e+00
-5.160642089218883122e+00
-5.127251591408187537e+00
-5.396766657599173733e+00
-5.432683917476430757e+00
-5.476298748606667210e+00
-5.512552062022890276e+00
-5.049922357969415465e+00
-5.410977726380513886e+00
-5.435885755346705039e+00
-5.366202564741474390e+00
-5.327695232940357073e+00
-5.387771478020797922e+00
-5.158734589363727530e+00
-5.427916164074530592e+00
-5.445417677734740280e+00
-5.414379161699106824e+00
-5.124923116999139161e+00
-5.502816248976465374e+00
-5.550412920030741049e+00
-5.724722966300499039e+00
-5.421622936344454580e+00
-5.523796283299012622e+00
-5.700107676892108621e+00
-5.521281830921009437e+00
-5.545961296612127889e+00
-5.475876293700276065e+00
-5.531981842383028258e+00
-5.568046619191925117e+00
-5.714761987471039362e+00
-5.481098930333762276e+00
-5.469518146738095332e+00
-5.538675596287234271e+00
-5.589380108374442102e+00
-5.444446609466913500e+00
-5.480518508995760207e+00
-5.498785701158496408e+00
-5.544024226344202333e+00
-5.583111254925059441e+00
-5.663924665944785275e+00
-5.654558726511349498e+00
-5.748583285558221512e+00
-5.745908356534510375e+00
-5.649735270490604755e+00
-5.643234142854129054e+00
-5.631913873814602844e+00
-5.629086306209728718e+00
-5.643504321895342457e+00
-5.669947986226312686e+00
-5.625292646030371380e+00
-5.672689069972277842e+00
-5.627435621826275103e+00
-5.682844359598374417e+00
-5.620875439692277986e+00
-5.651570397337851936e+00
-5.752224035517382816e+00
-5.644078466212852696e+00
-5.630762851506453615e+00
-5.640917724897136054e+00
-5.655079374132463421e+00
-5.638426514195477246e+00
-5.632786850384628785e+00
-5.632679802322599905e+00
-5.626428199108580053e+00
-5.633804499206043204e+00
-5.655785216676262550e+00
-5.643907039175141804e+00
-5.659378909528291146e+00
-5.648943431060024167e+00
-5.729844700960164516e+00
-5.717340357935920991e+00
-5.738926591851831738e+00
-5.655018356751109643e+00
-5.706609467843387407e+00
-5.704142015463980364e+00
-5.716923527265473481e+00
-5.706129974899251778e+00
-5.687784626221379369e+00
-5.512536068908082676e+00
-5.580837328552760823e+00
-5.535930193662370158e+00
-5.565486809769253362e+00
-5.510276668025680280e+00
-5.545555901978516111e+00
-5.514136213836249745e+00
-5.571703598838551486e+00
-5.634455533578972108e+00
-5.519731815053589230e+00
-5.472331001849952692e+00
-5.510290278688757759e+00
-5.530532776557714136e+00
-5.493743862365029429e+00
-5.478490021378658703e+00
-5.540670911286533773e+00
-5.485253686207642865e+00
-5.544649232179755138e+00
-5.532370316078442762e+00
-5.598850922366632510e+00
-5.550957050172595331e+00
-5.544223445141185813e+00
-5.516802005941381815e+00
-5.538829006401144284e+00
-4.729646935119249385e+00
-4.651635114813989169e+00
-4.595833133873735932e+00
-4.820959644396328514e+00
-4.778092529483874529e+00
-4.735397342416640676e+00
-5.068238353184653100e+00
-5.076144961010914614e+00
-5.045392834016865002e+00
-5.099739819123701778e+00
-4.749355304946031531e+00
-4.720608373265322122e+00
-4.665824284105331898e+00
-4.675505153546909654e+00
-4.764159569534909267e+00
-4.653225740511227393e+00
-4.643147182667530792e+00
-4.632148065169798379e+00
-4.618179967730364766e+00
-4.723914910118731214e+00
-4.624808812706067584e+00
-4.607756905035966355e+00
-4.599064512786951830e+00
-4.712486744536715122e+00
-4.696736031477514395e+00
-4.739199276681394402e+00
-5.495812025930483458e+00
-5.446069243726665121e+00
-5.384541242524779392e+00
-5.512573263130730261e+00
-5.666576415214066742e+00
-5.717955285758357320e+00
-5.597435851815323993e+00
-5.149056038216070164e+00
-5.208013242870688231e+00
-5.233106481131268417e+00
-5.756454216288536152e+00
-5.772516567084519323e+00
-5.782879007076741296e+00
-5.731343851277968859e+00
-5.766836454871167916e+00
-5.541512991092551133e+00
-5.517070037754077561e+00
-5.545299617555959237e+00
-5.522822184666941858e+00
-5.541382588184336377e+00
-5.664985743921338468e+00
-5.733541513378585641e+00
-5.293869310901260228e+00
-5.229486432121756678e+00
-5.282311183196099158e+00
-5.308688132526776293e+00
-5.334734958758518886e+00
-5.514595814554025921e+00
-5.296508188259893224e+00
-5.339506945828487616e+00
-5.351986979459362637e+00
-5.343997330573057702e+00
-5.338340858722054882e+00
-5.308932831951831410e+00
-5.316085942213009119e+00
-5.306979085073353808e+00
-5.310841913656941138e+00
-4.715906618528887151e+00
-4.731332255570207757e+00
-4.709723824092129973e+00
-4.713994105227137688e+00
-4.729287504969403422e+00
-4.718976855264048531e+00
-4.702936692526513696e+00
-4.722747754917205221e+00
-4.729256606286859288e+00
-4.713624491108526549e+00
-4.729767133875983021e+00
-4.688514757572753489e+00
-4.697155538832505250e+00
-4.713428583904597957e+00
-4.694515188903743308e+00
-4.709963625830241085e+00
-4.690361172106530141e+00
-4.682513246853854838e+00
-4.693553466296691568e+00
-5.199413095250895012e+00
-5.130625597555663830e+00
-5.148718352304673118e+00
-5.131082094700277096e+00
-5.166343134430641193e+00
-5.173917512660850093e+00
-5.200771884763629060e+00
-5.169731288055062102e+00
-5.166603819364085304e+00
-5.383858635864354092e+00
-5.339538928279490726e+00
-5.323394979838359298e+00
-5.324753921652885857e+00
-5.282747581639931411e+00
-5.398152160032203106e+00
-5.385533490378823451e+00
-5.322809375112469432e+00
-5.295248322526170170e+00
-5.101550067921179377e+00
-5.261856108688036215e+00
-5.231718616497661678e+00
-5.343870705928567055e+00
-5.303705155869180565e+00
-4.883274315342011285e+00
-4.852470051841005549e+00
-4.860492596269775589e+00
-4.869226156838457165e+00
-4.872902690581866203e+00
-4.776045515882580972e+00
-4.715272314351758531e+00
-4.733026070657849083e+00
-4.883173016955862700e+00
-4.878774100724451834e+00
-4.948671163661941819e+00
-5.263070171836620403e+00
-4.915696056038237671e+00
-5.268147436924263793e+00
-5.276783052879805425e+00
-5.202371854061519585e+00
-5.155243774993092387e+00
-4.904363891935722641e+00
-5.198763455022863411e+00
-4.958361955545109723e+00
-5.340689017309045106e+00
-4.944307777950385230e+00
-4.895283311935534343e+00
-5.311882822185196140e+00
-4.935738645525654889e+00
-4.928913566369791610e+00
-4.953720807141312577e+00
-5.248174358576838117e+00
-5.236723146325320322e+00
-5.247565132600931825e+00
-5.224741703898333256e+00
-5.140517817409194556e+00
-5.245521643938740652e+00
-5.246565116575971466e+00
-5.228652179583541226e+00
-5.229385240100384635e+00
-5.109293431692439214e+00
-5.070020205370961541e+00
-5.138785763494244208e+00
-5.139043512886326326e+00
-5.153833775367894887e+00
-5.121474038031159637e+00
-5.255777248689216030e+00
-5.227779040649571662e+00
-5.108629127477445131e+00
-5.142464200817309816e+00
-5.111003720374879045e+00
-5.555236360806644846e+00
-5.552804359313240568e+00
-5.572087184166951701e+00
-5.558890906153711065e+00
-5.571911809756929124e+00
-5.560259297163136161e+00
-5.533018249970755420e+00
-5.561720651970524010e+00
-4.727693343691483641e+00
-4.746125172214663124e+00
-5.094391437658575050e+00
-4.701307564333483846e+00
-4.765085679374298167e+00
-4.786419448922978326e+00
-4.760886253685772118e+00
-4.764036723479740942e+00
-5.677968595491257986e+00
-5.645447600206064287e+00
-5.511172240124604826e+00
-5.561162734051028345e+00
-5.540470581439191022e+00
-5.509866908347618164e+00
-5.539975972634347379e+00
-5.617995032132628630e+00
-5.689316548962121800e+00
-5.669699739687461104e+00
-5.671026999418831593e+00
-5.633409941074930316e+00
-5.648475470115136510e+00
-5.634544889443052540e+00
-5.639425776571417970e+00
-4.751600269468164051e+00
-4.749928321520596519e+00
-4.725011068624019650e+00
-4.731398688623453808e+00
-4.732878387831633837e+00
-4.715360451030185196e+00
-4.724085958619474113e+00
-4.731752782096997123e+00
-4.779741592298007546e+00
-4.781910263660430260e+00
-4.795642027975543620e+00
-4.773123540808872356e+00
-4.778654769390407786e+00
-4.723995149343384270e+00
-4.741127338410832337e+00
-4.805603473983572904e+00
-4.696847820341548463e+00
-4.817777393566533561e+00
-4.839895155737077737e+00
-4.808814034433189555e+00
-4.800231678873164043e+00
-4.743469056720635457e+00
-4.775654164257639778e+00
-4.796042480647850326e+00
-4.784636476023384155e+00
-4.760908422487911906e+00
-4.793264482420075190e+00
-4.820159265284714500e+00
-4.812359150174867040e+00
-4.794545153156942519e+00
-4.811024440986706452e+00
-4.826125431434888036e+00
-4.793879158501046511e+00
-4.803527109056569877e+00
-4.818568782530477712e+00
-4.820972629829575418e+00
-4.841548583641793968e+00
-5.105629586318715774e+00
-5.110737436478130391e+00
-5.104042211277538321e+00
-5.098821897732023878e+00
-5.100427068548013310e+00
-5.109757897361715706e+00
-5.292794004683604392e+00
-5.288273941749708662e+00
-5.286865776903407088e+00
-5.283214079007591657e+00
-5.288834079412385591e+00
-5.289915800134519230e+00
-5.284857772529206521e+00
-5.287875973273421515e+00
-5.281738389210759443e+00
-5.285281071575505862e+00
