-5.436573278997784087e+00
-5.389865300569950612e+00
-5.321642804281302652e+00
-5.137646125094564198e+00
-5.459102901136261288e+00
-5.462810813812828847e+00
-5.503131921338842325e+00
-5.480469582955361574e+00
-5.497617202927765234e+00
-5.511051059950378139e+00
-5.506397540031803040e+00
-5.468034205208070375e+00
-5.112316476966741519e+00
-5.134772797208317030e+00
-5.122157046231823330e+00
-5.133827431164300847e+00
-5.149800912238887030e+00
-5.140115762826838797e+00
-5.131278467717538483e+00
-5.133934818006304468e+00
-5.155919427880742312e+00
-5.159857220832585689e+00
-5.135133256052379913e+00
-5.395745076977244814e+00
-5.431497021254118707e+00
-5.475939881648433705e+00
-5.512955725939607809e+00
-5.065350379623319910e+00
-5.411548326345815951e+00
-5.432314426022646359e+00
-5.365506080437840275e+00
-5.326406502025051282e+00
-5.388272718627920455e+00
-5.161337427352547635e+00
-5.428291833340574968e+00
-5.445736804067954573e+00
-5.414196474270875470e+00
-5.122654482955041999e+00
-5.502038276208584655e+00
-5.550797234359340138e+00
-5.723065927143633047e+00
-5.420360745179007012e+00
-5.520796050783009612e+00
-5.697541613439011776e+00
-5.520598293547633872e+00
-5.545374981879934495e+00
-5.475322146798429657e+00
-5.530417088398584369e+00
-5.566056981245470325e+00
-5.713912083954998167e+00
-5.479035589826009911e+00
-5.469309044294115019e+00
-5.536465437389161082e+00
-5.588876907857451393e+00
-5.445865065573673114e+00
-5.479294185977527043e+00
-5.498208345475404712e+00
-5.543664287880861075e+00
-5.582391119789189560e+00
-5.662490049491081479e+00
-5.652604910803088245e+00
-5.747351015887899095e+00
-5.745269341376281425e+00
-5.647404221639390265e+00
-5.642032358496758881e+00
-5.629601564688412552e+00
-5.629891256533173127e+00
-5.643074910041828041e+00
-5.668378998571102834e+00
-5.622970303653699986e+00
-5.670216845560960728e+00
-5.626173914979809787e+00
-5.682316464736732797e+00
-5.619621608956490100e+00
-5.649502965114820086e+00
-5.750234222659106997e+00
-5.641002000246229109e+00
-5.628992032016162383e+00
-5.637784722882432042e+00
-5.652589237716497905e+00
-5.636614240177824087e+00
-5.630510619481774448e+00
-5.631808844445632900e+00
-5.623670857388419542e+00
-5.630547122118694681e+00
-5.654906311065876601e+00
-5.641261985168874560e+00
-5.658071275572259751e+00
-5.647361182120436141e+00
-5.730473120152300481e+00
-5.717484287223546957e+00
-5.736675376427911033e+00
-5.656974141362046460e+00
-5.706901396302428431e+00
-5.703295867538356489e+00
-5.716805994587440765e+00
-5.705790656779438308e+00
-5.687516078087760718e+00
-5.511576688716994354e+00
-5.578519734095946703e+00
-5.533502629060691014e+00
-5.562374112268999582e+00
-5.510221017223750906e+00
-5.543661565456041274e+00
-5.511070519993964467e+00
-5.567710882020262098e+00
-5.631825998345665774e+00
-5.519266742218160715e+00
-5.470801712660001037e+00
-5.511793355881078327e+00
-5.527932617765307199e+00
-5.496572025983756049e+00
-5.476624502645461412e+00
-5.536089750996433523e+00
-5.481983860683040000e+00
-5.539829035616151032e+00
-5.530387664665468606e+00
-5.594982681579429240e+00
-5.547619779148655894e+00
-5.544134905164591842e+00
-5.515127916702067701e+00
-5.536232367595459003e+00
-4.742907362519969361e+00
-4.663084937406924979e+00
-4.617265778381063335e+00
-4.825733820342546387e+00
-4.786637544756881191e+00
-4.745736099131693031e+00
-5.064222939746128027e+00
-5.071439975676120149e+00
-5.038653329241744139e+00
-5.095954793307552855e+00
-4.682703259318648392e+00
-4.666977762461808510e+00
-4.618574240286594801e+00
-4.691926058194717086e+00
-4.776914774516128226e+00
-4.658977590831811177e+00
-4.651224723624748592e+00
-4.629532250462397691e+00
-4.628163317728921200e+00
-4.737001448145602645e+00
-4.639360266167951607e+00
-4.623061997967046644e+00
-4.615488200977796218e+00
-4.723362538214531448e+00
-4.713695185894962947e+00
-4.740731880843545021e+00
-5.499053923137914524e+00
-5.448905686806949866e+00
-5.387234544270009806e+00
-5.511928338913151038e+00
-5.666047445441846797e+00
-5.717592882162475298e+00
-5.595647949645395691e+00
-5.150128696445737120e+00
-5.214137364391612905e+00
-5.237377808749716479e+00
-5.758541717251310921e+00
-5.773263891984980134e+00
-5.780742225262724965e+00
-5.734993574418584039e+00
-5.767519301249952157e+00
-5.542226355923115300e+00
-5.517419788588192375e+00
-5.547115157314645550e+00
-5.525028269033935402e+00
-5.541581995314757592e+00
-5.661202126410924684e+00
-5.730480370952307112e+00
-5.296371716905964533e+00
-5.233385428990288801e+00
-5.279350239872643513e+00
-5.306751784312504050e+00
-5.333431422229473640e+00
-5.516483680937606771e+00
-5.299450215250162799e+00
-5.342305245015731785e+00
-5.354170631597748198e+00
-5.347414461289478282e+00
-5.340495150722550655e+00
-5.309129873336214445e+00
-5.320510494773610155e+00
-5.306254317890979344e+00
-5.314293144239949918e+00
-4.716894172886095582e+00
-4.734953466038621883e+00
-4.713906513995064884e+00
-4.725862818425679457e+00
-4.736414242415734499e+00
-4.728222739248913342e+00
-4.709918145107366172e+00
-4.727105201988588412e+00
-4.737317254870027305e+00
-4.722007264564166640e+00
-4.736027082796428367e+00
-4.697515671962483985e+00
-4.693507156982392736e+00
-4.712678717685984786e+00
-4.693972223103237695e+00
-4.706498629745507145e+00
-4.693182421299159301e+00
-4.685347080697859212e+00
-4.696375718063167781e+00
-5.199868679479933142e+00
-5.136158042975378812e+00
-5.149776478175190242e+00
-5.133743072152697096e+00
-5.167897198792214652e+00
-5.173209177425821537e+00
-5.193766988783226957e+00
-5.169989190745758911e+00
-5.166888726319722736e+00
-5.386917777537902907e+00
-5.340676751930571342e+00
-5.326990758099804601e+00
-5.328312308235271466e+00
-5.287871580013071338e+00
-5.398897390875936786e+00
-5.384546351440782530e+00
-5.323306324453866090e+00
-5.291994550831861766e+00
-5.102061997203771959e+00
-5.262198214444173239e+00
-5.233692497547914435e+00
-5.341811420696081392e+00
-5.303444558940737075e+00
-4.880404049858111826e+00
-4.852671133764599354e+00
-4.856411333373532813e+00
-4.867283980783709829e+00
-4.871661280735165356e+00
-4.770173685411558395e+00
-4.710047203269308369e+00
-4.721822145207259958e+00
-4.877115696428679925e+00
-4.871798097201237354e+00
-4.949199910197419783e+00
-5.264613828026363684e+00
-4.917302791696165798e+00
-5.270063265208801084e+00
-5.277312377479004724e+00
-5.197612935402331935e+00
-5.153669838488156074e+00
-4.904605164286944152e+00
-5.199483012869059451e+00
-4.960840910629374712e+00
-5.342269182480953837e+00
-4.947645202015984900e+00
-4.895698460097225535e+00
-5.313664742843915434e+00
-4.938821928143599216e+00
-4.932875580035853247e+00
-4.957374304395179010e+00
-5.249772290648238027e+00
-5.237636729271569536e+00
-5.250409566811113038e+00
-5.226441673415651579e+00
-5.143524343054211023e+00
-5.249704182642260797e+00
-5.250793206418060244e+00
-5.230638560311764884e+00
-5.239306176811520999e+00
-5.116529014485639237e+00
-5.081030193951783680e+00
-5.139928639955883227e+00
-5.139478764201351524e+00
-5.159169319262867148e+00
-5.122771968374001617e+00
-5.260266880232801867e+00
-5.236186878255466581e+00
-5.111092737727765289e+00
-5.142539081476741991e+00
-5.114960173293486179e+00
-5.553163697659525333e+00
-5.551261077544679345e+00
-5.572743799510394780e+00
-5.558925379157780178e+00
-5.569419559327804414e+00
-5.559795195346953989e+00
-5.535559846898268965e+00
-5.559887109863728583e+00
-4.739907762535406022e+00
-4.747404024746911588e+00
-5.086221330172996602e+00
-4.713363372466280232e+00
-4.669816751208989203e+00
-4.716147246524617032e+00
-4.581942640435650915e+00
-4.677256350482689840e+00
-5.674686515269693032e+00
-5.642302247381350888e+00
-5.512560275052344139e+00
-5.560058269366236594e+00
-5.538194454712814796e+00
-5.507475204645414735e+00
-5.537795938543387031e+00
-5.619421988355893127e+00
-5.687953925641110686e+00
-5.668787742863521828e+00
-5.669658777606740863e+00
-5.632423512176509384e+00
-5.648589705143558071e+00
-5.633594913760840761e+00
-5.636104014539142781e+00
-4.762066561127741515e+00
-4.762861427665734837e+00
-4.728783962008745512e+00
-4.735917889024158889e+00
-4.741755582055913187e+00
-4.729205223915132983e+00
-4.736124953237260904e+00
-4.744473560375069177e+00
-4.787062918726462613e+00
-4.790576800739602348e+00
-4.808125800411481521e+00
-4.782884889325300648e+00
-4.786412605985120194e+00
-4.733410607817122084e+00
-4.743669292187018272e+00
-4.813452897092291849e+00
-4.702851926305107177e+00
-4.821082473437395599e+00
-4.843816433334183102e+00
-4.809170976688049493e+00
-4.815612649901485298e+00
-4.755719843783704270e+00
-4.786216755702649372e+00
-4.804501731535053999e+00
-4.790060307221974512e+00
-4.773580058938382109e+00
-4.801642706629859703e+00
-4.829488586811726769e+00
-4.817807744425319783e+00
-4.800975132631982945e+00
-4.817132835898259913e+00
-4.830054799020040868e+00
-4.802329017143938117e+00
-4.810444262170157081e+00
-4.831290578170078120e+00
-4.828667864356320116e+00
-4.847291139774053015e+00
-5.079512563092411170e+00
-5.090054584238760782e+00
-5.078136727726754174e+00
-5.068657202562127928e+00
-5.074857274978637811e+00
-5.095739973946194823e+00
-5.300878959951783820e+00
-5.295590336880943383e+00
-5.293850388826874642e+00
-5.290766357808736942e+00
-5.297253647841082547e+00
-5.297243873919042834e+00
-5.292839992604979393e+00
-5.294816005668923964e+00
-5.290027232649919142e+00
-5.290998669941966881e+00
