-5.435866969163530626e+00
-5.388874189051219510e+00
-5.319705027002002318e+00
-5.131789558703415466e+00
-5.465424594875366360e+00
-5.470118698718378525e+00
-5.505083479079301512e+00
-5.484788491964192048e+00
-5.505196570249579757e+00
-5.514267808718554598e+00
-5.515980516430499137e+00
-5.474577302710393667e+00
-5.115168823452366453e+00
-5.123157159879626832e+00
-5.107815505533199740e+00
-5.132719817351025782e+00
-5.139142575966292092e+00
-5.135319273810559082e+00
-5.112124602571354259e+00
-5.112817855910709142e+00
-5.162245494894694531e+00
-5.154906232668729160e+00
-5.112226919322713670e+00
-5.402053122861310896e+00
-5.432654352192255232e+00
-5.478323352365499055e+00
-5.517498406851828463e+00
-5.059937986981362990e+00
-5.409475291813892639e+00
-5.431778364866711506e+00
-5.364056105684613662e+00
-5.334905888204155566e+00
-5.394178284095411335e+00
-5.154715533457976839e+00
-5.426165428145307779e+00
-5.448283516169965424e+00
-5.417803025361820346e+00
-5.120222143259931080e+00
-5.515053590198131239e+00
-5.554534859586962803e+00
-5.733512967399938987e+00
-5.430582614893556759e+00
-5.528546095973075225e+00
-5.708548812082053558e+00
-5.531313119413995949e+00
-5.555074116001651241e+00
-5.488547311642051341e+00
-5.540791070297208520e+00
-5.575688431421064628e+00
-5.725328711128080172e+00
-5.492672140345701948e+00
-5.478395229663025390e+00
-5.549048737050910063e+00
-5.599020726641044554e+00
-5.453905281620277989e+00
-5.489502056764287374e+00
-5.512250041268855760e+00
-5.552576732154084205e+00
-5.591116469910068609e+00
-5.672943448599950145e+00
-5.669837783276183707e+00
-5.758852274917185987e+00
-5.757676417345660269e+00
-5.659075858498025191e+00
-5.652373672650049308e+00
-5.643098078548347551e+00
-5.643350053775009201e+00
-5.655315951854391621e+00
-5.680968506508518701e+00
-5.637862445155940705e+00
-5.682794167061624435e+00
-5.641815604718653177e+00
-5.694954978996407569e+00
-5.630204001446373674e+00
-5.660301210014380580e+00
-5.761058864058253626e+00
-5.652717227397065614e+00
-5.639503423656700321e+00
-5.650498154140544571e+00
-5.664294887342511409e+00
-5.649932128403318821e+00
-5.642430868579390690e+00
-5.645624706776557034e+00
-5.635688206676451095e+00
-5.644900542201273907e+00
-5.669412774165514257e+00
-5.654277679577996985e+00
-5.671744095727078161e+00
-5.661293306414746596e+00
-5.738759940710665752e+00
-5.722730325435555265e+00
-5.738914044535247783e+00
-5.664921466772063319e+00
-5.713649479572167955e+00
-5.706991548275391679e+00
-5.720885705666731269e+00
-5.710411257854705269e+00
-5.693578005073256065e+00
-5.521877611468403835e+00
-5.583231880096556132e+00
-5.543699959095636842e+00
-5.573864849974269120e+00
-5.522040174207625718e+00
-5.554057550076698213e+00
-5.526504712795173191e+00
-5.576719961633513911e+00
-5.645707443840688455e+00
-5.534573569128220960e+00
-5.485545665557886252e+00
-5.525769367792984887e+00
-5.542520971675497954e+00
-5.508226421394155636e+00
-5.491464641939150404e+00
-5.549118296310675547e+00
-5.490876598698797295e+00
-5.552549155472905618e+00
-5.545235600804000242e+00
-5.606697981160276179e+00
-5.556267282471735847e+00
-5.553672102891827222e+00
-5.531801591925010086e+00
-5.543541712006682332e+00
-4.735025681717143442e+00
-4.646839796563110525e+00
-4.618927419377764743e+00
-4.815423869703826298e+00
-4.769774439419436796e+00
-4.723249061801846338e+00
-5.052793702061641135e+00
-5.072443377765737615e+00
-5.033139955231391127e+00
-5.094366104192570965e+00
-4.682362658908099995e+00
-4.641148620479615516e+00
-4.565749336803913039e+00
-4.674797845507714378e+00
-4.762748738036425067e+00
-4.642851158990692007e+00
-4.651726813007626582e+00
-4.614891112332558443e+00
-4.612467993754924223e+00
-4.717554716142711158e+00
-4.619228030162571663e+00
-4.607685326309056251e+00
-4.617247166744199660e+00
-4.707933759190125578e+00
-4.699327771010818999e+00
-4.751864214495782335e+00
-5.496630384684961790e+00
-5.444735627437518488e+00
-5.379243889727876926e+00
-5.514002383560190346e+00
-5.676437566625232911e+00
-5.726353814372454387e+00
-5.605423338403004330e+00
-5.139607357187141901e+00
-5.209705515679918797e+00
-5.229055131747800012e+00
-5.768177500948500125e+00
-5.782470905802538752e+00
-5.784983967966432772e+00
-5.745990365981774595e+00
-5.776805608139978787e+00
-5.543767417501926253e+00
-5.520868162035536209e+00
-5.547260913679201266e+00
-5.527451140839855448e+00
-5.545583735909547229e+00
-5.673208237572751500e+00
-5.741085535594868006e+00
-5.284921474768242255e+00
-5.224340048498632427e+00
-5.275012067567983465e+00
-5.296541557012591106e+00
-5.323182171119326789e+00
-5.518371446191611795e+00
-5.280881943756746466e+00
-5.334531880129632420e+00
-5.343192578512977242e+00
-5.336200184564265925e+00
-5.331956057814241312e+00
-5.307588189114324173e+00
-5.319242522787177130e+00
-5.308061438848533875e+00
-5.311672592521292202e+00
-4.713390893164400630e+00
-4.719435297995906886e+00
-4.706665304994823273e+00
-4.712879428374225022e+00
-4.724172137521049031e+00
-4.704736086942180151e+00
-4.699628680212453169e+00
-4.719346258377425940e+00
-4.718312915902529880e+00
-4.704959860674250649e+00
-4.719253107217443066e+00
-4.678710092446732638e+00
-4.694465014979866346e+00
-4.696640991534189347e+00
-4.674738395385876544e+00
-4.685475995773805025e+00
-4.677275563240688605e+00
-4.675900679049644459e+00
-4.687489204593508596e+00
-5.193234761832261626e+00
-5.217323971913851999e+00
-5.220231166376963827e+00
-5.219022225001649140e+00
-5.268385869500892937e+00
-5.167967476677350902e+00
-5.223302731532127652e+00
-5.273648152826311275e+00
-5.165896768556104135e+00
-5.381781619115494131e+00
-5.338372228193173363e+00
-5.323550874196824267e+00
-5.324334875466205652e+00
-5.270558323837047254e+00
-5.400465412688180145e+00
-5.389700669082673201e+00
-5.322152696151619011e+00
-5.305359484531311232e+00
-5.121635028965072500e+00
-5.263066857381939911e+00
-5.247974105870513384e+00
-5.344123284117102024e+00
-5.302000340569992254e+00
-4.883025906980013708e+00
-4.858835040735611344e+00
-4.849335000837422527e+00
-4.886874043765907949e+00
-4.866442694675309433e+00
-4.781538149066732579e+00
-4.756410797202911489e+00
-4.737441613081916358e+00
-4.888072774993327485e+00
-4.878388645892934861e+00
-4.955576893623827139e+00
-5.273675939492908249e+00
-4.919450377990211010e+00
-5.280876485861804248e+00
-5.283822516766017330e+00
-5.213301783405271728e+00
-5.158136870811195429e+00
-4.906890602168445525e+00
-5.199642805845586579e+00
-4.959950328062311620e+00
-5.341498792657235484e+00
-4.934632669005399208e+00
-4.887103319692094772e+00
-5.311453121290050206e+00
-4.927607756194047894e+00
-4.925209192647640677e+00
-4.946497043297127583e+00
-5.242316940797685731e+00
-5.224525227534368987e+00
-5.245579947387245312e+00
-5.219685777061672027e+00
-5.118424273918779299e+00
-5.258485650350672280e+00
-5.257372375910779105e+00
-5.247627448309865272e+00
-5.258580791662338605e+00
-5.105272465018079409e+00
-5.061565262043568936e+00
-5.135982662806654275e+00
-5.130347231311404244e+00
-5.149862833593825684e+00
-5.118562240307428901e+00
-5.260057511415738851e+00
-5.236111164392833750e+00
-5.100113925029527095e+00
-5.128835106408971001e+00
-5.106612416897031714e+00
-5.577058402123324932e+00
-5.577903788399467544e+00
-5.572332354653432240e+00
-5.562498685950397537e+00
-5.590015553947105253e+00
-5.639219093553624162e+00
-5.569066779335186901e+00
-5.569161596015702820e+00
-4.728457096053490183e+00
-4.777515592475822359e+00
-5.081332306001494992e+00
-4.712299746265187217e+00
-4.647523712201529378e+00
-4.736844357847133757e+00
-4.773217176435340825e+00
-4.669546919962802356e+00
-5.682712791797329466e+00
-5.646149601563232423e+00
-5.520494736618286602e+00
-5.565695748237931895e+00
-5.552090048687523982e+00
-5.519224719040519034e+00
-5.539292077673733772e+00
-5.624006774399110675e+00
-5.700676730614411269e+00
-5.680848204269071111e+00
-5.681536442775132478e+00
-5.639538932076540334e+00
-5.652952950665508070e+00
-5.640944847820135166e+00
-5.657997174147954667e+00
-4.753689211020529548e+00
-4.737211802718694464e+00
-4.722490342541111552e+00
-4.724967551210351502e+00
-4.732452673843522639e+00
-4.711508591519681488e+00
-4.715412182251784934e+00
-4.727111663531269770e+00
-4.761664940219255904e+00
-4.776998921254378416e+00
-4.787379177340359782e+00
-4.755517359016871559e+00
-4.779160961658433848e+00
-4.719751324881726440e+00
-4.734785293073743517e+00
-4.808012159468773028e+00
-4.687591905403302839e+00
-4.797935092463060158e+00
-4.828477146214173565e+00
-4.802435762049620749e+00
-4.798401488893447642e+00
-4.735478436426506121e+00
-4.765617828697140901e+00
-4.790395098613450919e+00
-4.780788383905631989e+00
-4.752223584330000250e+00
-4.797904822589031504e+00
-4.805348474887826349e+00
-4.813117343957329375e+00
-4.798932027481459528e+00
-4.805342007152873407e+00
-4.816304604106187881e+00
-4.785604540571991805e+00
-4.786426474130038855e+00
-4.811584860322340340e+00
-4.808278884853616653e+00
-4.829328473911675523e+00
-5.118743743987013595e+00
-5.125139609856133482e+00
-5.119017212421398177e+00
-5.103337062428056292e+00
-5.115203673153822628e+00
-5.127217189004597664e+00
-5.294572957544672498e+00
-5.290770569523216338e+00
-5.288891431597265047e+00
-5.284642154249365120e+00
-5.291644557620700517e+00
-5.292689480319046069e+00
-5.288560431751211155e+00
-5.285623824889692735e+00
-5.284721516272283814e+00
-5.286253639129613546e+00
