-5.338389667557877694e+00
-5.350264209211312405e+00
-5.938360930445088393e+00
-5.551489706648152556e+00
-5.545283834139544510e+00
-5.448319103242583061e+00
-5.632564861657640698e+00
-5.316657346275817098e+00
-5.363041920439194143e+00
-5.398611693704194359e+00
-5.635826654699997995e+00
-5.494143528738143267e+00
-5.464270410141000234e+00
-5.631416730267801540e+00
-5.420780406444142052e+00
-5.446552646369053008e+00
-5.670213272463795029e+00
-5.594713374948490525e+00
-5.599109178986448221e+00
-5.609021045462703192e+00
-5.489714373958269888e+00
-5.494665648901364108e+00
-5.433380073425410295e+00
-5.511574333934250447e+00
-5.652253325375455439e+00
-5.598134662390962468e+00
-5.838258267937140644e+00
-5.632819104626582529e+00
-5.649714240620455463e+00
-5.413674949553525906e+00
-5.403297047784556995e+00
-5.474311507796194576e+00
-5.651241104037486807e+00
-5.615116286747383612e+00
-5.568541401183987993e+00
-5.394952861000919420e+00
-5.403609806283740546e+00
-5.756287919882239201e+00
-5.724214759312580725e+00
-5.803833629614870482e+00
-5.276461761970365316e+00
-5.307679443106031236e+00
-5.903569196005546971e+00
-5.735647660830750283e+00
-5.044672973474339628e+00
-5.195943276683511414e+00
-5.879697659502531870e+00
-5.052339015994008697e+00
-5.735000520648634748e+00
-5.138458681769981773e+00
-5.717925218170995194e+00
-5.734809422935081002e+00
-5.321726579447849659e+00
-5.799837743708864402e+00
-5.082250824726838090e+00
-5.672030334696780862e+00
-5.674195843203218459e+00
-5.739773723853947018e+00
-5.636007125834503917e+00
-5.691142165634447636e+00
-5.697084469827226272e+00
-5.914297199201499211e+00
-5.916304149356916398e+00
-5.919287478616940490e+00
-5.646869920809553633e+00
-5.766444617650982707e+00
-5.745148655081068867e+00
-5.733047122822581443e+00
-5.912260710709830391e+00
-5.757561444791771343e+00
-5.716931689554952456e+00
-5.735394641766824009e+00
-5.734569988180606259e+00
-5.801433744113295710e+00
-5.687726159974005213e+00
-5.719895434016935454e+00
-5.744247536182597536e+00
-5.757588608214410542e+00
-5.745259867320573477e+00
-5.117647196058418224e+00
-5.652744997299420149e+00
-5.740352363755597764e+00
-5.712587317971762779e+00
-5.786935612834502862e+00
-5.745880057189899581e+00
-5.782830562017810649e+00
-5.122467130512958100e+00
-5.770196859917811949e+00
-5.773905296895678774e+00
-5.053841416582576684e+00
-5.774873264802297790e+00
-5.700529102075693189e+00
-5.691335073958741830e+00
-5.746191907723742887e+00
-5.086095098970949913e+00
-4.875165162879405045e+00
-5.919037696198133247e+00
-5.744452097879039876e+00
-5.733789206499460889e+00
-5.670713915467240795e+00
-5.731224688301946202e+00
-5.190054064208388773e+00
-5.769738165523012441e+00
-5.705836919333514778e+00
-5.769543062452065385e+00
-5.919007228677742205e+00
-5.745167318218694419e+00
-5.717168977039698952e+00
-5.766484394425079429e+00
-5.808434353951936302e+00
-5.735284223021269057e+00
-5.707456540749317853e+00
-5.746831411584004456e+00
-5.910622851353339868e+00
-5.802603472799855666e+00
-5.703242857764657003e+00
-5.913057782367967974e+00
-5.711304874741335524e+00
-5.728093456636190517e+00
-5.791262249057466782e+00
-5.714853201833419050e+00
-5.714995635982472955e+00
-5.726829313558755352e+00
-5.900284946280563325e+00
-5.914611419430587880e+00
-5.684444191447123096e+00
-5.730007231033192205e+00
-5.682358860482906948e+00
-5.731530132827754365e+00
-5.591931609985691942e+00
-5.517424185314530050e+00
-5.688152879042229770e+00
-5.821391462676967166e+00
-5.802200548951891967e+00
-5.737235355625271538e+00
-5.730345704895491110e+00
-5.850597919257918278e+00
-5.752629847828340637e+00
-5.432161830644276712e+00
-5.680435622041998478e+00
-5.694803376756745195e+00
-5.753223497141652487e+00
-5.852644525753113669e+00
-5.699974542950558387e+00
-5.753217669138912527e+00
-5.697030618021778459e+00
-5.848975118867979717e+00
-5.915748656363113867e+00
-5.692326763642188148e+00
-5.693869131240258952e+00
-5.758767625123149436e+00
-5.748328400496954593e+00
-5.719845353626225481e+00
-5.740260390937306667e+00
-5.422901046510795631e+00
-5.098712160562643980e+00
-5.688393650698010617e+00
-5.746321550224566366e+00
-5.373035074039917980e+00
-5.306703007731686128e+00
-5.676755978624481891e+00
-5.842169826792751763e+00
-5.713042483022946705e+00
-5.774493729671839048e+00
-5.728495284775363849e+00
-5.471807854127447079e+00
-5.730327414628313853e+00
-5.111825396504189101e+00
-5.689765726740086293e+00
-5.069035974078886397e+00
-5.424547454753001041e+00
-5.713695076714273569e+00
-5.769194345013101355e+00
-5.757469577629107604e+00
-5.713679844365112892e+00
-5.103417162045591482e+00
-5.910012094362671498e+00
-5.725769917781699192e+00
-5.272354999847225443e+00
-5.842440276372530938e+00
-5.704618874697932718e+00
-5.713634559256092871e+00
-5.760797587875713610e+00
-5.716859170727424555e+00
-5.892496324010942033e+00
-5.679060558843079143e+00
-5.260908544887522353e+00
-5.060063187466572465e+00
-5.738128465858322258e+00
-5.698026807353804735e+00
-5.737128327766211733e+00
-5.680207383276560940e+00
-5.717427287330508534e+00
-5.721471041421613002e+00
-5.857168602277808667e+00
-5.925252751018931008e+00
-5.728749129746072200e+00
-5.759610915286200949e+00
-5.718088097440256590e+00
-5.837442901050565958e+00
-5.752890067744545810e+00
-5.932212859357348655e+00
-5.293485973701843150e+00
-5.746819428831354770e+00
-5.245579807584521248e+00
-5.704953755041918484e+00
-5.749945600140377699e+00
-5.745094026863586834e+00
-5.750363910889953800e+00
-5.764744264657712947e+00
-5.430442382666406331e+00
-5.747224541814667909e+00
-5.906669775250806609e+00
-5.762912896601194213e+00
-5.706209423019038773e+00
-5.528579948067181782e+00
-5.748823065659319553e+00
-5.729839405792136020e+00
-5.671738933871567134e+00
-5.702322120702018715e+00
-5.364173709334809637e+00
-5.717720392116907746e+00
-5.748210506440873502e+00
-5.857219260069444822e+00
-5.283833975177739894e+00
-5.722735774851534174e+00
-5.846406248413359208e+00
-5.731534718315246302e+00
-5.732897350601219522e+00
-5.371526039689107357e+00
-5.749464981112638817e+00
-5.742315221337504383e+00
-5.849513187420088300e+00
-5.767821203425348209e+00
-5.761677288803308095e+00
-5.840088529510617299e+00
-5.758229646660951495e+00
-5.714736253550740663e+00
-5.016641603129379234e+00
-5.926445478505440789e+00
-5.680327405272167063e+00
-5.703768738983520770e+00
-5.405536473751564763e+00
-5.715630380185257486e+00
-5.738442743149722247e+00
-4.925328196090240418e+00
-5.714769021338467425e+00
-5.723299741287149800e+00
-5.745918742333333107e+00
-5.722615666867738149e+00
-5.753404340600414280e+00
-5.772284338103577994e+00
-5.688890073446549955e+00
-5.918203428391151988e+00
-5.773697953187128640e+00
-5.795260626772211765e+00
-5.736312996890272409e+00
-5.772132922136516520e+00
-5.137238931062618974e+00
-5.020235033476232900e+00
-5.767002541068119825e+00
-5.742115406972892799e+00
-5.888572840586022927e+00
-5.707231937355500939e+00
-5.683239713120146419e+00
-5.822920229243135459e+00
-5.907282885620822377e+00
-4.947351211349248601e+00
-5.844107155234569362e+00
-5.737676211646853375e+00
-5.692717967780409616e+00
-5.682932861826078152e+00
-5.734835768760124353e+00
-5.152931428374374789e+00
-5.076825199017282131e+00
-5.787857379985281270e+00
-5.725671720154958066e+00
-5.848098267538197170e+00
-5.759664652288443598e+00
-5.902879703803334266e+00
-5.741029366355190788e+00
-5.057995912022869689e+00
-5.727881429418756554e+00
-5.841218898909402490e+00
-5.712964404466593038e+00
-5.666881722009534883e+00
-5.750094369735012201e+00
-5.743112479820599248e+00
-5.744826681598471652e+00
-5.829367294947586764e+00
-5.119978228281546251e+00
-5.714480278908335542e+00
-5.734859107950150303e+00
-5.319802482579016889e+00
-5.921776554714664798e+00
-5.845535040581456343e+00
-5.775307643369204769e+00
-5.725426578874957428e+00
-5.019936426345007696e+00
-5.901230425510020083e+00
-5.738193532166412147e+00
-5.704868559685308149e+00
-5.692942365335461830e+00
-5.683489863245474005e+00
-5.726056524126924785e+00
-5.730136841007206883e+00
-5.739600361926985528e+00
-5.312162022982639620e+00
-5.712207821198944657e+00
-5.803143803288547176e+00
-5.714127361564546703e+00
-5.750328607077995535e+00
-5.110214933137843474e+00
-5.913887527296408209e+00
-5.827256865126406282e+00
-5.776699355500612754e+00
-5.845052186877710554e+00
-5.026829903763172958e+00
-5.745104705154687075e+00
-5.913004049042458909e+00
-5.733886587616650488e+00
-5.338948511562970012e+00
-5.726710623539656986e+00
-5.741267079102272852e+00
-5.909641335066735834e+00
-5.361651460460864271e+00
-5.749358624150493924e+00
-5.822343772981100507e+00
-5.771957457017560245e+00
-5.908651777555229856e+00
-5.232494774878317045e+00
-4.883547134172348869e+00
-5.743073912584536700e+00
-5.687638427353233439e+00
-5.697852987069977004e+00
-5.912779670676847843e+00
-5.818352738197209106e+00
-5.370208766285107238e+00
-5.764926518741643413e+00
-5.769246803286850245e+00
-5.206346889044965565e+00
-5.727790173231066539e+00
-5.820439518192608297e+00
-5.705925237292262864e+00
-5.770730787971483089e+00
-5.907521581973194991e+00
-5.895681176504148802e+00
-5.727272744010818428e+00
-5.760079379397935462e+00
-5.005318180752437840e+00
-5.755292226430138491e+00
-4.973207346439916243e+00
-5.048418681092450733e+00
-5.819543251048248322e+00
-5.739184475527101092e+00
-5.736020900918145315e+00
-5.766359319027652752e+00
-5.749200125104499293e+00
-5.844791557004345606e+00
-5.235399833892196320e+00
-5.766537681431472606e+00
-5.134962954328494256e+00
-5.779996717234680226e+00
-5.745497479447641886e+00
-5.694988215840899315e+00
-5.749585858672897842e+00
-5.717485669471630949e+00
-5.726177258309981255e+00
-5.744678171879492368e+00
-5.780548422115709073e+00
-5.781561173061812831e+00
-5.747475908054921589e+00
-5.916776724332016180e+00
-5.751774295239465928e+00
-4.974088767827106849e+00
-5.330840706252629069e+00
-5.252124488584300366e+00
-5.349339481630118520e+00
-5.810925398617356130e+00
-5.267483048721303796e+00
-5.845641990094407880e+00
-5.843685936523628222e+00
-5.711458747414876136e+00
-5.715220566632300603e+00
-5.197909164457239939e+00
-5.347715396745960525e+00
-5.779248708994355610e+00
-5.714650419807073334e+00
-5.242536619701501976e+00
-5.694775684326971010e+00
-5.522425217970142519e+00
-5.712372565194547391e+00
-5.895271033167898800e+00
-5.777518564219049857e+00
-5.737083067700996075e+00
-5.787444532526522245e+00
-5.709246186586746319e+00
-5.273384690269129038e+00
-5.746987301835916995e+00
-5.884838849476112799e+00
-5.727256469231620351e+00
-5.713069008202101173e+00
-5.788054783209395815e+00
-5.759486521974618967e+00
-5.751610013345877626e+00
-5.715460287658146399e+00
-5.709393837468520694e+00
-5.443424926668412489e+00
-5.097495861320199495e+00
-5.138102875750941045e+00
-5.030477863573948660e+00
-5.735910592207731362e+00
-5.769213526249558299e+00
-5.706533040001989576e+00
-5.767832121419325553e+00
-5.030502420506874017e+00
-5.748497369746213614e+00
-5.066017352870244572e+00
-5.743414224747685815e+00
-5.710758747635467536e+00
-5.808671547212806985e+00
-5.439766707899826415e+00
-5.794731211396485726e+00
-5.808384967283168443e+00
-5.365637591949761642e+00
-5.761208680130365245e+00
-5.690566115759341237e+00
-5.373005303174406500e+00
-5.685510202074140373e+00
-5.728788080450947007e+00
-5.746515048518345381e+00
-5.835447192620084600e+00
-5.758690629933344240e+00
-5.415552798275135693e+00
-5.817122351271075686e+00
-5.889183152354802608e+00
-5.770859436580723312e+00
-5.733846998763779901e+00
-5.903161512820691570e+00
-5.407269971543914977e+00
-5.157175100737464213e+00
-5.037401575817911592e+00
-5.731338480984031314e+00
-5.777158320300125105e+00
-5.732029336053775737e+00
-5.750100392570480778e+00
-5.240709418909999862e+00
-5.341246366072740059e+00
-5.535043559762755194e+00
-5.957352650116740200e+00
-5.566388336222670041e+00
-5.590639371468300922e+00
-5.314019164983859511e+00
-5.042073757055171690e+00
-5.465297818337069735e+00
-5.328796997603025609e+00
-5.321530598855066074e+00
-5.299201555429464250e+00
-5.172167325598662657e+00
-5.367066068502282405e+00
-5.197700336299651447e+00
-5.886231079227963292e+00
-5.076511689056782295e+00
-5.593984453363887610e+00
-5.586634274650768006e+00
-5.273687707245876766e+00
-5.380622419499521136e+00
-5.590611525537774185e+00
-5.354024456993242254e+00
-5.352310853239965915e+00
-5.443327872777357079e+00
-5.988969385103814602e+00
-5.321531338107424958e+00
-5.731239707208900747e+00
-5.014543198653933942e+00
-5.354235690910648771e+00
-5.472590408376624360e+00
-5.218410397261703082e+00
-5.220717205566232977e+00
-5.417382258132446005e+00
-5.648828822231348745e+00
-5.322716810593338899e+00
-5.153490147822612499e+00
-5.437921585664603263e+00
-5.137943115357574086e+00
-5.988981685884876782e+00
-5.323697333939695575e+00
-5.922650886923976898e+00
-5.137944640982778033e+00
-5.586239769033293889e+00
-4.658355304828843302e+00
-5.163389584651972619e+00
-5.542779599905585997e+00
-5.172167916907798535e+00
-5.347792551281115969e+00
-5.972295085030326689e+00
-5.913552611448039009e+00
-4.725918279556662327e+00
-5.317334036137437714e+00
-5.087906090297944495e+00
-5.202577600841017613e+00
-5.654083666738539016e+00
-5.030684291029762889e+00
-5.220718689359431508e+00
-5.311848696880789866e+00
-5.352310598989552304e+00
-5.257152833619466392e+00
-5.139399033885268864e+00
-4.926416154308400408e+00
-5.220716694666972302e+00
-5.823060725747110311e+00
-5.154299095047707446e+00
-5.419200794382593500e+00
-5.221999154505554408e+00
-5.426055951750771378e+00
-5.260822551656975321e+00
-5.386095013270138843e+00
-5.400259375351550872e+00
-5.163391236147635510e+00
-5.442983816511375750e+00
-5.654019612528014882e+00
-5.337644635388014258e+00
-5.569614659885381514e+00
-5.072823982319935254e+00
-5.474800740724100834e+00
-5.321532122237186080e+00
-5.972295045013176207e+00
-5.076513698591387680e+00
-5.141537517046150363e+00
-4.887574909534887269e+00
-5.209537710385450104e+00
-4.725914355776998477e+00
-5.505600459457202334e+00
-5.531632795560332383e+00
-4.973333196849567095e+00
-5.258002670812293999e+00
-4.487027873809404710e+00
-5.337468597819824190e+00
-5.503256754431175679e+00
-4.973692339338019686e+00
-5.220341048772297654e+00
-5.258000994323981381e+00
-5.328796562033886630e+00
-5.328796237572719363e+00
-5.308484903398577259e+00
-5.430806274981235582e+00
-5.510271004447404586e+00
-5.210220821523334322e+00
-4.847227027120029952e+00
-5.293274705563704607e+00
-5.366728695989950282e+00
-5.913530103837679519e+00
-5.392226682968972895e+00
-5.378448715149108494e+00
-5.352310002615317863e+00
-5.569605366788660028e+00
-5.804415161376116572e+00
-5.426055649276458226e+00
-5.257151400786305828e+00
-5.458264292985495203e+00
-5.904254448833021307e+00
-5.510822882882271401e+00
-5.313109217716739607e+00
-5.262164540009683478e+00
-5.904261976500631448e+00
-5.525407282414379395e+00
-5.188015781350320488e+00
-5.341247492503541139e+00
-5.886233081441298864e+00
-5.227471408778314732e+00
-4.943737468761485232e+00
-5.251065082181905375e+00
-5.447650715784249975e+00
-5.311847860152337120e+00
-4.980008758246193601e+00
-5.526009059143380142e+00
-5.005119823939524260e+00
-5.424995938174524746e+00
-5.330902116781753186e+00
-5.590560888904757775e+00
-5.375607054509352167e+00
-4.603488423350725611e+00
-5.474798051936810239e+00
-4.696356531759185771e+00
-5.202655452015505055e+00
-5.115637544530335035e+00
-5.432543751963443412e+00
-5.226106174630679391e+00
-5.210730213141100187e+00
-5.402154646459896625e+00
-5.352308539830318068e+00
-5.503142755229036176e+00
-5.273845018318128908e+00
-4.920969498407842480e+00
-5.328796761116405101e+00
-5.188017806744467997e+00
-5.183398134502117394e+00
-5.474129790918714988e+00
-5.318073364903610489e+00
-5.172171270455685921e+00
-5.308484473433838779e+00
-5.353193288911708869e+00
-5.304882773198690948e+00
-5.255806032149611617e+00
-4.607178146394901752e+00
-5.050576955889657604e+00
-5.972296573438997669e+00
-5.141539226464097112e+00
-5.308484419776176466e+00
-5.260426706925472651e+00
-5.318054599081500022e+00
-5.322716650907787894e+00
-5.566435924148565917e+00
-5.557517953713326797e+00
-5.197555175955175244e+00
-5.226106413887022129e+00
-5.823065270418145367e+00
-5.337645751283606188e+00
-5.222129380601685966e+00
-5.352310995189854204e+00
-5.453188525932569419e+00
-5.906878819194198549e+00
-5.590683177018365591e+00
-5.381750805467954812e+00
-5.192246744987938811e+00
-5.540046301145365781e+00
-5.458258850013030461e+00
-5.966192729367590708e+00
-4.646233834622570669e+00
-5.187768492287359479e+00
-5.434705554225953250e+00
-5.249629747575458083e+00
-5.347791761211271755e+00
-5.306542996854289207e+00
-5.257999873094239440e+00
-5.931328507041668807e+00
-5.141536643368282533e+00
-5.569614722124728523e+00
-5.308596574151608571e+00
-5.506292032010368764e+00
-5.440388243365512189e+00
-5.486056744241187388e+00
-5.308591353007956037e+00
-5.317963785441458313e+00
-5.249347505021053628e+00
-5.099742300810298445e+00
-5.220799431898766940e+00
-5.557545419137948528e+00
-5.197487016159368700e+00
-5.840018215986290784e+00
-5.337827449917083911e+00
-5.560821074412076293e+00
-5.455610350057793489e+00
-5.226106396445988622e+00
-5.142667270066501040e+00
-5.016454699892759272e+00
-5.731238574988640977e+00
-5.337645549003569023e+00
-5.251066949047074495e+00
-5.314024353031876480e+00
-4.584727048441960662e+00
-5.186224630690406734e+00
-5.448561023341705223e+00
-5.163394212456519305e+00
-5.381753721365244658e+00
-5.469820736737640132e+00
-5.085636862566341954e+00
-5.257145941188920091e+00
-5.230018653138752249e+00
-4.924510469084363073e+00
-5.330661025284437748e+00
-5.410171875401297292e+00
-5.251006598290063110e+00
-5.321531459287449195e+00
-5.525367659579790036e+00
-5.913554483075142088e+00
-5.510821633103068606e+00
-5.447806354740961865e+00
-5.211525676344372471e+00
-4.818822886006411288e+00
-5.340498184830034134e+00
-5.073017036570971250e+00
-5.318786759616437543e+00
-5.107070344698083630e+00
-5.337788055642585405e+00
-5.122638524888398770e+00
-5.208681811204808554e+00
-5.174521919239714940e+00
-5.479201812774672220e+00
-5.419101501935595699e+00
-5.412083969233650649e+00
-5.172331768127906848e+00
-5.308629337021784522e+00
-5.904252672436264504e+00
-5.268567656304567137e+00
-5.175617302479984971e+00
-5.389664239704979209e+00
-5.503198610633952548e+00
-5.418582555472985618e+00
-5.147680354157318838e+00
-5.188017190645966892e+00
-4.569103513586840748e+00
-5.605144746485381191e+00
-4.953979464276504707e+00
-5.904250332267785950e+00
-5.352309783017269673e+00
-5.337645168819022956e+00
-5.566165591874874252e+00
-5.473765775972999847e+00
-5.988987295942382438e+00
-5.087793060522134425e+00
-5.314019721024545895e+00
-5.141537390194357293e+00
-5.214487504525588513e+00
-5.296991432171570757e+00
-4.950055004079904286e+00
-5.352711758103930073e+00
-5.352712574957763536e+00
-5.251525414857483476e+00
-5.382852572713587413e+00
-5.444254166137973527e+00
-5.560946828799163910e+00
-5.222123622029407386e+00
-5.251068847127962513e+00
-5.317173270084500913e+00
-5.220720575171680089e+00
-5.313109778840350295e+00
-5.212161651641913807e+00
-5.189019236952385761e+00
-5.572585808784996431e+00
-5.057870800600708705e+00
-5.188067990481516567e+00
-5.226107311013775458e+00
-4.697879251138258105e+00
-5.169029587976928575e+00
-5.237611970606503853e+00
-5.226105241128278678e+00
-5.202381772533456683e+00
-5.525905986465591724e+00
-5.154914472937339731e+00
-5.458267417234497820e+00
-5.192299371211046122e+00
-5.455280610302608579e+00
-5.141458617153388033e+00
-4.865382771923398408e+00
-5.093817867724279580e+00
-5.114077119202790733e+00
-4.874488239310593052e+00
-4.908712015996175460e+00
-4.821993063392147505e+00
-5.115755420626585170e+00
-5.326435368166754891e+00
-5.066545028722314825e+00
-5.326871979585536820e+00
-4.816872061542780692e+00
-5.081535520212201895e+00
-4.905965548951138899e+00
-5.149622752998861408e+00
-4.839408156723896681e+00
-4.957452499929915213e+00
-5.234006532982457216e+00
-4.951748130668602421e+00
-4.900621421119586429e+00
-5.068186199693555771e+00
-5.271971918318921091e+00
-5.001893859835782941e+00
-4.838521081568826432e+00
-5.405012764887121790e+00
-4.915968740833534412e+00
-4.872926687387131750e+00
-5.129963390920998734e+00
-4.855955058907293953e+00
-4.916828864598143056e+00
-4.741483866267689251e+00
-5.265342392272707173e+00
-5.270662804195194617e+00
-5.276160991971480030e+00
-5.014452278633846127e+00
-5.274235983646730297e+00
-5.160314376623055033e+00
-5.102430078876287745e+00
-4.815443300086433176e+00
-5.092193329010643588e+00
-4.892100153436856225e+00
-4.996051493910206531e+00
-4.908958569190691179e+00
-5.215159183998665959e+00
-5.242712823066901784e+00
-5.193031303996296977e+00
-4.894020208381257397e+00
-4.956747938583732527e+00
-5.034064081072122221e+00
-5.209712576320330690e+00
-5.095661591663382950e+00
-5.151153220446423653e+00
-5.003013315243507009e+00
-5.226813861784513016e+00
-5.056999839623022908e+00
-4.835563421042341048e+00
-5.066129227747951269e+00
-5.447059330448613679e+00
-4.644786995683975128e+00
-5.785433278116129507e+00
-5.855188382778743872e+00
-5.448898945108982872e+00
-5.964877776906264195e+00
-5.782521948395404010e+00
-5.964879799515236947e+00
-5.777417721655595528e+00
-5.856135075747821439e+00
-5.777486207984749988e+00
-4.898748318071266539e+00
-5.777417930995807360e+00
-5.794996362122715183e+00
-5.964960629113575052e+00
-5.840585284006595934e+00
-5.449054154339049383e+00
-5.808122705676523445e+00
-5.816195499224753540e+00
-5.461827581685262167e+00
-5.778448167267266733e+00
-5.040526327840918697e+00
-5.840567401551315818e+00
-5.781491393382137467e+00
-5.785434680095680626e+00
-5.408083123229774358e+00
-5.855260170686234389e+00
-5.976873200992585566e+00
-5.379824680997159270e+00
-5.782148090804188456e+00
-5.842607361037170044e+00
-5.491089337334980058e+00
-5.520024363215938479e+00
-5.816028376657705223e+00
-5.778994559727116176e+00
-5.818174010984065170e+00
-5.808264072316018378e+00
-5.570749062344624747e+00
-4.663118266316024219e+00
-5.810737474533168800e+00
-5.847346071853987581e+00
-5.855253493015877275e+00
-5.855243013062517932e+00
-5.846115313285620729e+00
-5.691428527900797008e+00
-5.836269285818061370e+00
-5.854179930039047797e+00
-4.214601949457351004e+00
-4.566616249898527435e+00
-4.899550756698388021e+00
-5.665002587925142663e+00
-5.520019258278209939e+00
-4.897671352136766743e+00
-5.418639512083323062e+00
-5.958537937890239000e+00
-5.735138499160515657e+00
-5.785443869375694881e+00
-5.089755330652455889e+00
-5.491080140895878259e+00
-5.369648714184929617e+00
-5.762441574836652869e+00
-5.503861426529052636e+00
-5.781442724928733234e+00
-5.447010622288919635e+00
-5.808368333775247194e+00
-5.849099821126992005e+00
-5.397182597619909927e+00
-5.808274601010151805e+00
-5.855258051235239236e+00
-5.836346269076000404e+00
-5.856126116430899309e+00
-4.461535226023046086e+00
-5.778974387682455749e+00
-5.818125309647164123e+00
-5.840578592461869611e+00
-5.507514268961347881e+00
-5.976836234401668335e+00
-5.654064725076654696e+00
-5.818171234996778018e+00
-5.976857551030589910e+00
-5.974567353348974486e+00
-5.704377644030748762e+00
-5.940890551434010902e+00
-5.981409467811850789e+00
-5.479359781253198669e+00
-5.523433698072886422e+00
-5.855252380818124713e+00
-5.520025813607404075e+00
-5.855229127990739357e+00
-5.860514355884946625e+00
-5.840076007357374976e+00
-5.491116010915467527e+00
-5.157911905793827856e+00
-5.782448589648880422e+00
-5.954192532985850939e+00
-5.856175943057490230e+00
-5.279895138407658450e+00
-5.782247654653325242e+00
-5.844027368621991236e+00
-5.818124651366529676e+00
-5.444878164552141797e+00
-5.767301453917601073e+00
-5.223618249472862907e+00
-5.836276025661001121e+00
-5.848712842926872213e+00
-5.958543718011298118e+00
-5.776863967626707286e+00
-5.856106633520891336e+00
-5.981363263146085352e+00
-5.734081646198197824e+00
-5.840090541796506329e+00
-5.860544535442597791e+00
-5.856102078846630477e+00
-5.777381899613754257e+00
-5.486615054086047216e+00
-5.809693021651630040e+00
-5.976834269490424845e+00
-5.810944059743953893e+00
-5.964897853944555628e+00
-5.370284835903488485e+00
-5.840536731441345886e+00
-5.543379701732227716e+00
-5.775397142141327045e+00
-5.781394275211241940e+00
-5.848763376690876648e+00
-5.977002132941422019e+00
-5.522495275030673056e+00
-5.491124259611550151e+00
-5.974537882292147550e+00
-5.848164656605093548e+00
-5.970977119364138552e+00
-5.762193721588076301e+00
-5.777319116767070994e+00
-5.491126820837270550e+00
-5.773562062193691169e+00
-4.184647675717729776e+00
-5.855255485324872389e+00
-5.816122428701858915e+00
-5.970156188798334540e+00
-5.491143332476400296e+00
-5.844070058833565895e+00
-5.781447922429002517e+00
-5.773570157747940357e+00
-5.407940474884812332e+00
-4.182498456627459227e+00
-5.811925480195477611e+00
-5.778916008570832652e+00
-5.836328952490106303e+00
-5.838711851108103978e+00
-5.848246305909724718e+00
-5.240437883126758400e+00
-5.778940423879983967e+00
-5.781482883758847002e+00
-5.785422324804293304e+00
-5.846027616232866819e+00
-5.446976181216397705e+00
-5.970143889821638794e+00
-5.448976169353880294e+00
-5.147675742796981702e+00
-5.802641178250789622e+00
-4.258378716793199459e+00
-5.775101193149961176e+00
-5.815665525073383080e+00
-5.491130934813886810e+00
-5.392409517191484092e+00
-5.970203389505385871e+00
-5.491114525666369595e+00
-5.773695647777920215e+00
-5.479409462625949523e+00
-5.855169296423167857e+00
-5.845103247438365734e+00
-5.818138824598237946e+00
-5.854176937709028472e+00
-5.443023821580119659e+00
-3.995720529167789081e+00
-3.658292483513340798e+00
-3.309773260544091489e+00
-3.658292483513340798e+00
-2.635887280476515215e+00
-3.808861666984454164e+00
-3.658292483513340798e+00
-4.013175016277936713e+00
-3.318093243690105609e+00
-3.390905602513218486e+00
-3.317434031052663990e+00
-4.045451685591867630e+00
-4.027922677766266446e+00
-3.816444543297464964e+00
-4.001631706860451665e+00
-3.994081754088402825e+00
-3.091924085720878512e+00
-3.658292483513340798e+00
-3.122021775906963725e+00
-3.980856671366691746e+00
-3.266360113353225625e+00
-3.658292483513340798e+00
-3.631969085909646733e+00
-4.119970552720819690e+00
-3.658292483513340798e+00
-4.041914520884398065e+00
-3.861984433495858404e+00
-4.152480197410709728e+00
-3.852925247070596360e+00
-3.894423650322472952e+00
-4.002159647907554074e+00
-3.996486314151175279e+00
-3.684157549060452119e+00
-3.657764916001195132e+00
-3.483136680680422703e+00
-4.982234754876098570e+00
-4.971287596674633491e+00
-5.174441876448582889e+00
-5.008458639097894682e+00
-4.831864467859944057e+00
-5.001112409860552610e+00
-4.917877830074572465e+00
-5.265185862232883984e+00
-4.818582400261171017e+00
-4.904914936528302682e+00
-4.997406814408315689e+00
-5.343322750149501310e+00
-4.959644115984373158e+00
-4.968483256647611590e+00
-4.850407257994864274e+00
-5.153057887873195853e+00
-5.252765816208638583e+00
-5.315266832961621724e+00
-5.052920328298753816e+00
-5.029795820612975810e+00
-5.055985066946565354e+00
-5.089981562390125447e+00
-5.211932196465048683e+00
-5.259914260473934178e+00
-5.103621506009291764e+00
-4.746460122215716559e+00
-5.262727499426082645e+00
-5.224747906714480195e+00
-5.232797603414998555e+00
-5.612253331246141563e+00
-5.273850037931982371e+00
-5.024394546035894749e+00
-4.960730551976169522e+00
-5.537265129763795812e+00
-5.692314559453271805e+00
-5.245930017609982343e+00
-4.888953487182853941e+00
-5.273905264003733606e+00
-5.016111098818776703e+00
-5.136181374102741337e+00
-5.080836880965868829e+00
-5.293650384011832521e+00
-5.074176338298777011e+00
-4.902825248115751933e+00
-5.709670333973293488e+00
-5.048270741891133895e+00
-4.735412615111814993e+00
-5.436410990510102792e+00
-5.476008084819064869e+00
-5.299857149259213251e+00
-5.319735489358309088e+00
-4.690317016327592015e+00
-4.744102630812370158e+00
-4.525303214416315889e+00
-4.734623604429087251e+00
-4.523394477691012661e+00
-4.610224937703011783e+00
-5.251069987115339899e+00
-4.659843424403628198e+00
-4.660100180545295068e+00
-4.767421317650683221e+00
-4.815528070343333411e+00
-2.868747247250275301e+00
-9.023791889542557954e+00
-2.290096688247957424e+00
-1.390314683522843042e+00
-2.866355296600195057e+00
-2.779987135496917450e+00
-8.575294047574982814e-01
-1.438598747023363655e+00
-3.413599617519443630e+00
-1.975906699022132562e+00
-2.679572838347040076e+00
-2.345881553485344106e+00
-3.915028216305759923e+00
-2.848820864443219136e+00
-3.220834395360165914e+00
-2.813799684664846534e+00
-3.690790406381685873e+00
-1.998919241573655414e+00
-2.064761263265779245e+00
-3.756488579274479100e+00
-1.587503769672479859e+00
-3.985715440376395247e+00
-2.046685337201629373e+00
-2.118370567361639978e+00
-3.482682284358571412e+00
-3.700528807407287069e+00
-3.008574854634921802e+00
-2.695766600086483944e+00
-2.344058211770223998e+00
-3.351854434866630594e+00
-3.004172025001855761e+00
-2.761543874080082617e+00
-3.631276491824238839e+00
-2.926521944138649189e+00
-2.853097474585958082e+00
-2.940126735501980892e+00
-3.067713403373501624e+00
-2.551695065704933540e+00
-3.444012788038000927e+00
-2.751774714273219846e+00
-3.823150753489220399e+00
-3.559323471828637508e+00
-3.242212781671969246e+00
-2.088461039872029357e+00
-3.145806852074649385e+00
-3.461375190785663136e+00
-3.392157217147693693e+00
-3.269579105374812222e+00
-2.964880076629277106e+00
-1.345392965518801942e+00
-2.786566184682560010e+00
-2.962008978542511439e+00
-2.758941988274607571e+00
-3.680963137192000190e+00
-3.039374632736270510e+00
-3.337869645833516419e+00
-4.040624953870195490e+00
-2.927064000168724256e+00
-3.705125147635394356e+00
-2.655567577455600681e+00
-3.455057060536761870e+00
-2.359418206109709537e+00
-1.867081207567627077e+00
-4.381020629641437125e+00
-2.218351284067417772e+00
-3.571978414876713526e+00
-1.271207664306710061e+00
-3.659653988788456935e+00
-3.522526539470122398e+00
-2.710685988364639254e+00
-3.443089016019289961e+00
-3.599444540049354657e+00
-2.761152405685213473e+00
-4.248486009390919804e+00
-4.603161798372907398e+00
-4.553381062054588924e+00
-4.191536614207515221e+00
-4.719132474023615131e+00
-4.190005553423213236e+00
-4.162777247112315671e+00
-4.101754360421236534e+00
-4.335460798376952418e+00
-4.255624896191403828e+00
-4.866887354253958797e+00
-4.369666392895217299e+00
-4.401531420467076572e+00
-4.443137248175363041e+00
-4.146463845445027552e+00
-4.278350540509192612e+00
-4.761538358532355630e+00
-4.253492293176121208e+00
-4.393955500104222089e+00
-4.182212368809492098e+00
-4.431471925196357020e+00
-4.104254948200570574e+00
-4.762186958219269073e+00
-4.933211164492317558e+00
-4.158617808606126509e+00
-4.567306445264151193e+00
-4.706844952738017618e+00
-4.985480429092061350e+00
-4.366821668315860272e+00
-4.828150659712237669e+00
-4.495251928175053813e+00
-4.204554873415943028e+00
-4.257980782600609082e+00
-4.288560372555158651e+00
-4.438976959325888316e+00
-4.402943005728790382e+00
-4.355300800772979208e+00
-4.249704821902175134e+00
-4.170192609996134614e+00
-4.284550746166729596e+00
-4.454018465184683251e+00
-4.356563408117998470e+00
-4.756791448051328253e+00
-4.711710009042501923e+00
-4.535171558388397806e+00
-4.281654810514887721e+00
-4.758206153681269868e+00
-4.808455020711731365e+00
-4.213337538760447032e+00
-4.731450000243644816e+00
-4.292304094426140360e+00
-4.276490728389307883e+00
-4.694513397067051841e+00
-4.442594461508116765e+00
-4.922654585994860277e+00
-4.676027397517630746e+00
-4.393563400725370549e+00
-4.170910580367800158e+00
-4.458942577332695834e+00
-4.209792965868138559e+00
-4.443359776185826782e+00
-4.333944261944647103e+00
-4.478882516972063854e+00
-4.378708346549024633e+00
-4.375434097320533233e+00
-4.040730085026730478e+00
-4.208903639047991696e+00
-4.397174455246465108e+00
-4.279902018764767391e+00
-4.295739933880489581e+00
-5.187273371330170413e+00
-4.420778717555764459e+00
-4.160984836638139228e+00
-4.374304710063784185e+00
-3.554576301501754632e+00
-3.522257447841679934e+00
-3.327073911213068058e+00
-3.928104471417306343e+00
-3.645144687459759947e+00
-2.989834083464409709e+00
-2.917945368464074818e+00
-3.807830909363105309e+00
-3.990781721726387232e+00
-4.069698020414261208e+00
-3.109189213558795739e+00
-3.820904567380382755e+00
-3.793729323509261508e+00
-3.637209434779407502e+00
-3.101518371698814835e+00
-5.057207974814624585e+00
-4.378706597461920147e+00
-4.402055941740472988e+00
-4.787703318539769271e+00
-4.715148068887724087e+00
-4.569237798358755320e+00
-2.984824011730919491e+00
-3.857276209225106278e+00
-3.409917997802851986e+00
-3.218591541963644165e+00
-3.741145597707070447e+00
-3.615388601677589797e+00
-3.576947116812676519e+00
-3.556735872381479258e+00
-3.054365562064565776e+00
-3.547542906871343327e+00
-3.603447243234152442e+00
-3.840473934225849373e+00
-3.263987488113585744e+00
-2.954589206795202649e+00
-3.121754034258085841e+00
-3.322731907258805073e+00
-2.942172402041435486e+00
-3.286113279548335431e+00
-3.680933007722909878e+00
-3.521206235891853442e+00
-3.055028658552317644e+00
-3.515997974388199054e+00
-2.673794283232367786e+00
-2.797308549079274176e+00
-2.830211271167528686e+00
-3.618278385332474478e+00
-3.713954715278177776e+00
-3.063099920689583922e+00
-2.986123921446040441e+00
-3.551884989318680130e+00
-2.900896515997573921e+00
-3.345917089947964662e+00
-3.460903079312497521e+00
-3.539764550303455604e+00
-2.945780195970349347e+00
-3.444759713884664176e+00
-3.621541503981813737e+00
-3.534677191146943898e+00
-2.983458815352389326e+00
-3.231563878950554081e+00
-3.005299238428228215e+00
-3.750976300277324871e+00
-3.599629978812289188e+00
-3.770661193240406384e+00
-3.615541189624988050e+00
-2.914698497928259968e+00
-3.390816432314873285e+00
-3.266192941170747766e+00
-3.763044466105370134e+00
-3.546267057662733091e+00
-2.802810415141495870e+00
-3.806068703658922026e+00
-3.248581437875098121e+00
-2.918165298469015401e+00
-3.563687960505224961e+00
-3.083279164228077462e+00
-2.894344240884924258e+00
-3.740692243954367502e+00
-3.602892398265307605e+00
-3.029721237222189334e+00
-3.544609490746405633e+00
-3.460498068124021831e+00
-2.931981250377830861e+00
-3.483045082126078995e+00
-3.602410966865233100e+00
-3.758744780817193654e+00
-2.939057443040322237e+00
-3.450563183883668561e+00
-3.508679240147235312e+00
-3.755815589235340646e+00
-3.131459079525755307e+00
-3.896542602761537744e+00
-3.417907723890460492e+00
-3.415057342078213765e+00
-3.451789266214138063e+00
-2.948570830248094410e+00
-4.643895110009911953e+00
-4.456534271928485502e+00
-3.939386280188111655e+00
-4.090438281197773307e+00
-4.305819174316900977e+00
-4.058953443396040583e+00
-4.499042183960720642e+00
-4.637704538774489293e+00
-4.325881163648165995e+00
-4.202560689045624187e+00
-4.668351173702732559e+00
-4.451150550637920311e+00
-4.139943768456155304e+00
-4.402885984369267369e+00
-4.446631436611676591e+00
-3.941263507763157925e+00
-3.344273412571049153e+00
-4.103552003493928346e+00
-4.460852958690185943e+00
-4.566973063042085279e+00
-4.493040264648539228e+00
-4.466592183338086386e+00
-4.095137674353951596e+00
-4.792365752551472902e+00
-4.305704742881315994e+00
-4.179919983740942868e+00
-4.390715788947884057e+00
-4.124555898347581184e+00
-4.610342920541222966e+00
-4.172227576124140747e+00
-4.187708383501055565e+00
-4.057987954760435834e+00
-3.900150397169469318e+00
-4.597756286808280635e+00
-4.496178181965421849e+00
-4.560963785360597100e+00
-4.489367664320417006e+00
-4.619805495746071244e+00
-4.337092162896440506e+00
-4.690614121570388484e+00
-4.177152131790053957e+00
-4.390300275297591703e+00
-4.309928815425428716e+00
-4.231686958021386502e+00
-4.359177334831349171e+00
-4.202074782929611452e+00
-4.330433846054024372e+00
-4.533343900775858692e+00
-4.341346098007504928e+00
-4.458303250246793858e+00
-4.494019607886171386e+00
-4.364911344148138639e+00
-4.649153138381043604e+00
-4.598802898358694158e+00
-4.664400240501128891e+00
-4.438444883668120511e+00
-4.493969932791196165e+00
-4.619754118786749686e+00
-4.356642492156905355e+00
-4.469358935061469751e+00
-4.525930473091047013e+00
-4.163562041072273345e+00
-4.503162935964400759e+00
-4.289728509256384825e+00
-4.388365293589076899e+00
-4.443803597635162639e+00
-4.559442501853271601e+00
-4.808573146037190327e+00
-4.393221797426658526e+00
-4.600892379984032665e+00
-4.421072423932939977e+00
-4.366592633009859448e+00
-4.467456053946389893e+00
-4.406132068157028847e+00
-4.376479781227471832e+00
-2.426655192432648711e+00
-2.325986991732034603e+00
-9.900577700149331140e-01
-1.421147283422259378e+00
-3.946166111967310819e+00
-2.464890369255538172e+00
