-5.436343803890961723e+00
-5.389116610544018471e+00
-5.323664385847253655e+00
-5.132151844462590873e+00
-5.462355257871245762e+00
-5.464539302304888935e+00
-5.504363574877882748e+00
-5.483321897985906190e+00
-5.497353490318019453e+00
-5.511718615456628001e+00
-5.507816768918418759e+00
-5.470952140951984788e+00
-5.112560725587054655e+00
-5.134164281712122246e+00
-5.122132309914231740e+00
-5.123720615463996708e+00
-5.146426892405866482e+00
-5.141009803298720371e+00
-5.122819366228004156e+00
-5.130115268129411099e+00
-5.153365210709456079e+00
-5.163836425712235112e+00
-5.135437731057272082e+00
-5.399143883802817179e+00
-5.429769289475395944e+00
-5.477255687259572348e+00
-5.515018069247622279e+00
-5.057850321919730163e+00
-5.411491843042756322e+00
-5.430480246354580487e+00
-5.365947581877196448e+00
-5.324053641218134736e+00
-5.388710046850158086e+00
-5.158253175460973949e+00
-5.428192110569635354e+00
-5.447985010541458450e+00
-5.414496320746938984e+00
-5.124311043739464111e+00
-5.506094550931343257e+00
-5.551711865166947923e+00
-5.724255764660925117e+00
-5.422953436923033443e+00
-5.522136946032896176e+00
-5.699203655425655768e+00
-5.521525784976155649e+00
-5.546275925075012658e+00
-5.476913982496222744e+00
-5.530986366887843175e+00
-5.567200231886641149e+00
-5.715284291039960607e+00
-5.480533648659486445e+00
-5.471232936393488622e+00
-5.537792628720938026e+00
-5.589067571718318028e+00
-5.445943110274760635e+00
-5.481072177809488188e+00
-5.497064389486359559e+00
-5.544574067403002182e+00
-5.582770507188173248e+00
-5.663365209815900414e+00
-5.653917010360517637e+00
-5.748506829557054054e+00
-5.746557034511536877e+00
-5.649071314034986635e+00
-5.643834850765311550e+00
-5.636209443435491906e+00
-5.633759445307407354e+00
-5.644352189344004955e+00
-5.670207304554311101e+00
-5.627377164252520103e+00
-5.672250312120763027e+00
-5.628811709406140729e+00
-5.682921019360280823e+00
-5.621691990268246286e+00
-5.651500840009347826e+00
-5.751470317507576979e+00
-5.642965715303366103e+00
-5.630133178121779380e+00
-5.639170266203159976e+00
-5.653632848264979138e+00
-5.638627299360792655e+00
-5.632255471951766346e+00
-5.633691810151442603e+00
-5.625346732038284614e+00
-5.634212295752629274e+00
-5.654381042992799422e+00
-5.642451439867572027e+00
-5.660765076008154928e+00
-5.650640637214907613e+00
-5.730559595095440883e+00
-5.717044295173221435e+00
-5.735092537838407445e+00
-5.657567269014531774e+00
-5.707029165218258981e+00
-5.702763828989087180e+00
-5.716333786252882909e+00
-5.705501635355213708e+00
-5.687725212465304381e+00
-5.515150113886058136e+00
-5.581528366771163263e+00
-5.536560750773299233e+00
-5.565669647557319522e+00
-5.513347752503911181e+00
-5.547034478429509363e+00
-5.513490311937614408e+00
-5.569967301586323138e+00
-5.634422963929741179e+00
-5.522320759121675415e+00
-5.476363318681483960e+00
-5.513968352725654221e+00
-5.531180699496753839e+00
-5.497323093837540142e+00
-5.480825101667381460e+00
-5.538771414530271997e+00
-5.485954557380200214e+00
-5.543724891657356935e+00
-5.533417450162984252e+00
-5.598126914968172052e+00
-5.550972327478062240e+00
-5.547137651210311660e+00
-5.517622272299114172e+00
-5.539513414421405990e+00
-4.739729300664485834e+00
-4.671807422778444518e+00
-4.612763380593806417e+00
-4.817033542590720252e+00
-4.789658046901291044e+00
-4.749511724322342587e+00
-5.057443513593380402e+00
-5.066713471450244199e+00
-5.035993393094174486e+00
-5.093471502656315764e+00
-4.647788525311409735e+00
-4.674968191663682937e+00
-4.599574206761332107e+00
-4.693141439587633634e+00
-4.770213315639330709e+00
-4.660022390389653602e+00
-4.651567696260254792e+00
-4.627872797441947128e+00
-4.629579606957232585e+00
-4.737163367930243396e+00
-4.633040354767632429e+00
-4.627836568597872180e+00
-4.606320325351764389e+00
-4.718837320372226252e+00
-4.710581040802836128e+00
-4.736964675537078229e+00
-5.500017495487616870e+00
-5.450385571961608555e+00
-5.389390251698134016e+00
-5.514968492532378086e+00
-5.669215456934166397e+00
-5.720032888515087066e+00
-5.599284945974265959e+00
-5.147413264645294362e+00
-5.218068226380491836e+00
-5.242604620822053363e+00
-5.758751741385817802e+00
-5.773178779943533456e+00
-5.780197037847815800e+00
-5.735523412169420077e+00
-5.767931356317444802e+00
-5.543771240383584598e+00
-5.519942603384831337e+00
-5.548443333689252022e+00
-5.528495527331912740e+00
-5.543048333239146253e+00
-5.665196927520304016e+00
-5.732872183307756941e+00
-5.288544217186791130e+00
-5.239437943512979423e+00
-5.272932076509237120e+00
-5.303243026475273680e+00
-5.332355661282003112e+00
-5.518933205207813941e+00
-5.304693240130969656e+00
-5.348245726347729878e+00
-5.359991495904021797e+00
-5.351278747916563105e+00
-5.345726102397789781e+00
-5.312523856327390881e+00
-5.324729267782486453e+00
-5.309426272111513967e+00
-5.319028224127503535e+00
-4.716911723898054909e+00
-4.738428576517988766e+00
-4.714098415968405398e+00
-4.725165788671014333e+00
-4.733883009387384710e+00
-4.728547246492354361e+00
-4.709713106773212310e+00
-4.723666918716696195e+00
-4.738228590014723629e+00
-4.727581601844874193e+00
-4.737230324875342902e+00
-4.700249975105271538e+00
-4.688707203305877869e+00
-4.709096857723793939e+00
-4.690972947010241256e+00
-4.701804850327373941e+00
-4.685583590874364823e+00
-4.685981467396801214e+00
-4.688568148489749454e+00
-5.197541685455133731e+00
-5.122099675261832630e+00
-5.140257360386737417e+00
-5.122909775706085078e+00
-5.155964047831306019e+00
-5.169673939316337119e+00
-5.190460048581778452e+00
-5.156919086978072109e+00
-5.161791015826589835e+00
-5.387861394749734245e+00
-5.343932718244802871e+00
-5.331639445935568489e+00
-5.332128156958371612e+00
-5.292305286544447540e+00
-5.403150386052961274e+00
-5.388075172604932739e+00
-5.323956068080303083e+00
-5.291881559296110815e+00
-5.099999617552665399e+00
-5.264958084430425345e+00
-5.234636370976589070e+00
-5.346967898272702691e+00
-5.304600634066677145e+00
-4.877937143408385801e+00
-4.854119400618576385e+00
-4.856465215377363975e+00
-4.868138963980996436e+00
-4.870908568661500126e+00
-4.770251997170038116e+00
-4.715052014375095801e+00
-4.722859963626061308e+00
-4.878164135569813986e+00
-4.869016237159250693e+00
-4.949257156211650077e+00
-5.270118078884782342e+00
-4.921358110752082737e+00
-5.275327755673905550e+00
-5.281355362189494862e+00
-5.202577382925921867e+00
-5.156684470899614681e+00
-4.904773427971822031e+00
-5.205530747739186559e+00
-4.962635151403502753e+00
-5.347659435012473317e+00
-4.944216168195006311e+00
-4.895934538176514472e+00
-5.318606280480856263e+00
-4.937910872594202694e+00
-4.931686018231216551e+00
-4.958971827202630855e+00
-5.252171711705281965e+00
-5.240818181288923405e+00
-5.254857353917555152e+00
-5.226013356035182689e+00
-5.135212260051323696e+00
-5.254442398603091924e+00
-5.250138387610643775e+00
-5.234978792195468245e+00
-5.243019279413366540e+00
-5.114648774235494244e+00
-5.070588000306913479e+00
-5.141468666861729986e+00
-5.136452212879084378e+00
-5.163864297496909117e+00
-5.123897177806017389e+00
-5.263180589047330216e+00
-5.238055859044253637e+00
-5.108363360193347802e+00
-5.142907625594348886e+00
-5.114060915639030647e+00
-5.555731917736779657e+00
-5.553547375931612962e+00
-5.569428422484461905e+00
-5.562463380288465764e+00
-5.573572191204100079e+00
-5.559282165299365808e+00
-5.540540144029717062e+00
-5.561271460847110326e+00
-4.740883564262635907e+00
-4.738585692885105338e+00
-5.078469589865846956e+00
-4.710692485576738697e+00
-4.660750720991678087e+00
-4.700338206937667351e+00
-4.475449271654787786e+00
-4.664789600794707169e+00
-5.676003205102655436e+00
-5.641763983903898882e+00
-5.513060833523616644e+00
-5.553978860347840829e+00
-5.536146654912421639e+00
-5.509518576741698759e+00
-5.537420844751345328e+00
-5.623325797461404818e+00
-5.688858948393399118e+00
-5.669447794403358998e+00
-5.670923596316366222e+00
-5.633469202604872272e+00
-5.648673730918718050e+00
-5.635435117808127892e+00
-5.626729500012660701e+00
-4.761003561876416157e+00
-4.764631357643769327e+00
-4.730761606800764518e+00
-4.734997769299567061e+00
-4.736440291111015277e+00
-4.724667502351312720e+00
-4.735022972013004150e+00
-4.749171498421707049e+00
-4.785055645635237553e+00
-4.792147611564843146e+00
-4.802086858644080358e+00
-4.770972729753512276e+00
-4.791053452806695034e+00
-4.727957741634110533e+00
-4.740565321404550225e+00
-4.817376376753612632e+00
-4.700478080446703899e+00
-4.823037161491401825e+00
-4.840633874167832751e+00
-4.813537211998406562e+00
-4.812956672180197515e+00
-4.755845691110431872e+00
-4.790309500329131609e+00
-4.803491864054874050e+00
-4.791007376075880231e+00
-4.779496614392837905e+00
-4.798792450924771025e+00
-4.823274431575012677e+00
-4.819970656247064333e+00
-4.804603957264296454e+00
-4.818174948141772163e+00
-4.830997693838805951e+00
-4.800205345911516375e+00
-4.808777006574336710e+00
-4.828862765923819467e+00
-4.829789554917089056e+00
-4.855483992922936309e+00
-5.064233818263899956e+00
-5.072977450212310835e+00
-5.059320013228743917e+00
-5.049460817300498228e+00
-5.059153958062277745e+00
-5.083665746574748567e+00
-5.285431589483662762e+00
-5.281568102959121269e+00
-5.277101078239498477e+00
-5.274593223740362546e+00
-5.281781348837225387e+00
-5.280008228378695989e+00
-5.277644652348546295e+00
-5.280412036104673135e+00
-5.275503121783490457e+00
-5.274913920605664330e+00
