-5.434050323677952932e+00
-5.387902625311521199e+00
-5.315193779854053169e+00
-5.130763452358945820e+00
-5.460098507255544575e+00
-5.462602619275542359e+00
-5.501150200157283621e+00
-5.478217387810229155e+00
-5.495793414421568990e+00
-5.508499988278741100e+00
-5.505340342925043373e+00
-5.467074703748699527e+00
-5.111043957371659729e+00
-5.123939202372536528e+00
-5.112692662865025106e+00
-5.125613926823143984e+00
-5.144870724126517914e+00
-5.135433369601023479e+00
-5.120260547401224827e+00
-5.129224049312979261e+00
-5.150554803925540881e+00
-5.157863263463465131e+00
-5.127715084061327921e+00
-5.391536882346068538e+00
-5.429425077081996065e+00
-5.471951347062208981e+00
-5.508440811989014918e+00
-5.051309973488072202e+00
-5.406284946861443785e+00
-5.430695502391083451e+00
-5.363542940280160209e+00
-5.327541308641927209e+00
-5.385129678601786374e+00
-5.154042468227131302e+00
-5.426123671080079092e+00
-5.442052169225249258e+00
-5.413225283846566427e+00
-5.116040577487371621e+00
-5.492331977089742523e+00
-5.543480434081696551e+00
-5.714421827457921488e+00
-5.413526433046444097e+00
-5.514636236912612510e+00
-5.690236265749413214e+00
-5.513818855654701423e+00
-5.537994732953910315e+00
-5.471927806836855090e+00
-5.524361581316737713e+00
-5.558959206123896379e+00
-5.705465635271568026e+00
-5.473860146790992864e+00
-5.462181063485199495e+00
-5.531477451955537639e+00
-5.582014983969274979e+00
-5.436248504462075637e+00
-5.472327884887445038e+00
-5.490669547467779132e+00
-5.535684361375413864e+00
-5.577176151608130183e+00
-5.655900083457515493e+00
-5.647272251721463299e+00
-5.741151011816448602e+00
-5.739235884075469585e+00
-5.641999650767864694e+00
-5.635512805692414418e+00
-5.626563116472049764e+00
-5.625347341208375873e+00
-5.636466463528712723e+00
-5.662773798831485017e+00
-5.618789078011838356e+00
-5.664880369340469457e+00
-5.621689123978468317e+00
-5.674273673073585655e+00
-5.614447458768384358e+00
-5.644090489926036902e+00
-5.743973887052655769e+00
-5.635842523501390033e+00
-5.622607538833283236e+00
-5.632786164735032131e+00
-5.646736576938574004e+00
-5.630206746153129771e+00
-5.625616316732487299e+00
-5.626326983790089997e+00
-5.618442293823534328e+00
-5.626860543804503401e+00
-5.648594343386749372e+00
-5.634662699554081833e+00
-5.652168459661679023e+00
-5.641543153948268774e+00
-5.724836092653429631e+00
-5.710078843012035499e+00
-5.728768027675275043e+00
-5.652883617122148152e+00
-5.698899285557748939e+00
-5.695973159539733821e+00
-5.707302874534587289e+00
-5.697657575003050034e+00
-5.681073725839167921e+00
-5.500956853409737946e+00
-5.570535706280765886e+00
-5.524923196240575152e+00
-5.554306103250986837e+00
-5.500591756284559430e+00
-5.534544662627306266e+00
-5.501903956778981808e+00
-5.559996218802590207e+00
-5.622906671767899489e+00
-5.510306632862080889e+00
-5.463779036540373113e+00
-5.500842575053785488e+00
-5.519583042019523766e+00
-5.494249949618019713e+00
-5.468143039117755677e+00
-5.530044692649963345e+00
-5.476147947597254984e+00
-5.535075690668739057e+00
-5.522224592140061006e+00
-5.587286436888854624e+00
-5.540163995863014890e+00
-5.533176420257086114e+00
-5.508059770090172336e+00
-5.528996489538934078e+00
-4.740199458423394852e+00
-4.666934768376922449e+00
-4.623419123348031512e+00
-4.827186444597067805e+00
-4.786380723075001065e+00
-4.740333294097080596e+00
-5.064000637614295641e+00
-5.070140096679621955e+00
-5.041248599538935338e+00
-5.098686418702885526e+00
-4.752331908031863783e+00
-4.741527288745050583e+00
-4.660179012879166471e+00
-4.691229237917254657e+00
-4.780262217785081091e+00
-4.656158344712131303e+00
-4.652852010240458469e+00
-4.635001141066329211e+00
-4.623077830147676259e+00
-4.727479261060034688e+00
-4.633964819815045821e+00
-4.617829518962283331e+00
-4.607718040862453179e+00
-4.713913504005962096e+00
-4.705860338327106263e+00
-4.748282504748908117e+00
-5.492379922688970240e+00
-5.444631751384664042e+00
-5.380006702754092984e+00
-5.509924922205479803e+00
-5.654716662388769244e+00
-5.706617447761890283e+00
-5.586516227748136387e+00
-5.144912396712673086e+00
-5.212111087953161359e+00
-5.228253675038065040e+00
-5.751805843389726114e+00
-5.765397711656021329e+00
-5.771705832485992005e+00
-5.730231696793921969e+00
-5.758436135289680458e+00
-5.538487517816285788e+00
-5.515441486273392258e+00
-5.543933493872382989e+00
-5.520626835350071815e+00
-5.538996214403124618e+00
-5.653047054144774819e+00
-5.723268780163175862e+00
-5.290065296908668557e+00
-5.230357173056223274e+00
-5.280890062255329198e+00
-5.303158340276059590e+00
-5.328606195377393107e+00
-5.512984529241583331e+00
-5.291584719089073019e+00
-5.329777435236611183e+00
-5.341948049147982935e+00
-5.336012520805946124e+00
-5.328852970864016214e+00
-5.300294741561095258e+00
-5.308303664300318303e+00
-5.298382618932365062e+00
-5.304606646587061825e+00
-4.718641535083413885e+00
-4.733894123614482474e+00
-4.707703097535905989e+00
-4.715751996787319378e+00
-4.728620371261088806e+00
-4.722837977311534097e+00
-4.705293442219710798e+00
-4.721554244836962511e+00
-4.731446681034753077e+00
-4.717934706212949969e+00
-4.730545661679075309e+00
-4.687298266850155493e+00
-4.693463974356550494e+00
-4.711190512860301993e+00
-4.690490066071715702e+00
-4.705708697157617415e+00
-4.686177706570287427e+00
-4.681614733556296315e+00
-4.694360619184987371e+00
-5.194904718294603541e+00
-5.130372259244169619e+00
-5.146543855560116398e+00
-5.126997532440450200e+00
-5.164388434371442571e+00
-5.166569575420669302e+00
-5.191025432747120583e+00
-5.162544864200901529e+00
-5.161521286179997503e+00
-5.379609769868896940e+00
-5.335934320887187887e+00
-5.321105283946574893e+00
-5.321317501173436604e+00
-5.276494496934723166e+00
-5.396150968921499036e+00
-5.382056439016396965e+00
-5.317643728141656645e+00
-5.291107206717852840e+00
-5.101651396103452640e+00
-5.257519844219460836e+00
-5.230867017396794161e+00
-5.342135507384685233e+00
-5.303188999152722793e+00
-4.880454495489715327e+00
-4.855677551070264997e+00
-4.853714893732105295e+00
-4.868097251899795808e+00
-4.867596599141732483e+00
-4.776803727880188255e+00
-4.705637462683994521e+00
-4.723552818386789198e+00
-4.879117124499176228e+00
-4.874801432913164589e+00
-4.950342056434489990e+00
-5.263787445464933157e+00
-4.918628382722141090e+00
-5.266952698511850883e+00
-5.276333226560304013e+00
-5.197542217119129226e+00
-5.151896262746524791e+00
-4.904972655667892312e+00
-5.196791108726537267e+00
-4.959005228491484729e+00
-5.338717141112185871e+00
-4.946621829155908756e+00
-4.896743162021399698e+00
-5.308662880467949208e+00
-4.937404311156909031e+00
-4.932725030266469801e+00
-4.958793339109656806e+00
-5.242508788527039165e+00
-5.231951430212085974e+00
-5.244156434564806624e+00
-5.216949208720598641e+00
-5.137707136701303412e+00
-5.244619903384613480e+00
-5.243994326189644006e+00
-5.227299809634855521e+00
-5.228481752340909949e+00
-5.110524059676853526e+00
-5.067708960663797058e+00
-5.135021814137720853e+00
-5.130496783517910053e+00
-5.150490889272561823e+00
-5.122553970436654502e+00
-5.249228990345327084e+00
-5.227890224453556556e+00
-5.105769310410874340e+00
-5.135818569377534004e+00
-5.107230868621521758e+00
-5.546652148129128435e+00
-5.545475890325888280e+00
-5.566370158270850688e+00
-5.552248699989466907e+00
-5.565232002642977349e+00
-5.556742106724661845e+00
-5.527047715774622283e+00
-5.554654271657223141e+00
-4.738098495094669182e+00
-4.748156737464046984e+00
-5.086304918497175365e+00
-4.713600293044896361e+00
-4.746254357200076157e+00
-4.790801254849982982e+00
-4.719935713641498332e+00
-4.754492724471615972e+00
-5.668505382329625419e+00
-5.640618310647698586e+00
-5.505781237814990625e+00
-5.555797319740211293e+00
-5.534642714839741018e+00
-5.503187770916243338e+00
-5.533379103572098501e+00
-5.615245514557380524e+00
-5.678534418750927237e+00
-5.660337189272475200e+00
-5.661398924175865766e+00
-5.625683590812757373e+00
-5.640261962479391045e+00
-5.624855955828354404e+00
-5.630092329456694245e+00
-4.759266544564900947e+00
-4.750210676945088473e+00
-4.726127734171664763e+00
-4.733609143767050220e+00
-4.735151717927951864e+00
-4.728324038633305193e+00
-4.732432176241338162e+00
-4.739220918651161796e+00
-4.785578140288986759e+00
-4.796783231088206811e+00
-4.804000241459688070e+00
-4.781890073828556353e+00
-4.791443041962399008e+00
-4.729732621338701648e+00
-4.742623493877397678e+00
-4.817682682675594741e+00
-4.699631936587595149e+00
-4.817936656694102204e+00
-4.842283623457531938e+00
-4.814254183107467888e+00
-4.824166116101020307e+00
-4.751602376785817761e+00
-4.778078492498476493e+00
-4.804529893300248489e+00
-4.791533119358138748e+00
-4.766777678764049675e+00
-4.792043138776985955e+00
-4.820588684067607765e+00
-4.818425369079228027e+00
-4.797496240193814820e+00
-4.811121565375946041e+00
-4.828125258519613716e+00
-4.799824293077907811e+00
-4.814596712747743368e+00
-4.825303451061826898e+00
-4.824355043062107384e+00
-4.843176880424414854e+00
-5.112818144212018190e+00
-5.115914348565992142e+00
-5.110718861149068815e+00
-5.104488090606051465e+00
-5.108977678034333003e+00
-5.116442289944467703e+00
-5.288963052637125628e+00
-5.285507606131954361e+00
-5.284126022494323394e+00
-5.280732620752203843e+00
-5.287373612977004811e+00
-5.287066869405363967e+00
-5.282621136831020081e+00
-5.283986768031660120e+00
-5.279105838308905341e+00
-5.282237765709558275e+00
