-5.439180610708576502e+00
-5.393513370755255387e+00
-5.322732717605404673e+00
-5.133687589704171828e+00
-5.467565791477702497e+00
-5.469188640668221524e+00
-5.507520782589872432e+00
-5.485745623105022339e+00
-5.504861879861337570e+00
-5.514791337624184386e+00
-5.511333054142889765e+00
-5.473044162254628198e+00
-5.116144008499444062e+00
-5.132802928277744314e+00
-5.110810205186142596e+00
-5.124909689943977220e+00
-5.148176654440806743e+00
-5.140676683060807051e+00
-5.131269724326426029e+00
-5.129653335161414418e+00
-5.153351218327795635e+00
-5.164041576477578666e+00
-5.132313429877896738e+00
-5.402236908159193440e+00
-5.436659321792338240e+00
-5.481144552243886636e+00
-5.518010021440770352e+00
-5.064618839291934904e+00
-5.415103641167399395e+00
-5.437328634937135696e+00
-5.371130810878662842e+00
-5.333953456738036891e+00
-5.393132876129778985e+00
-5.161671286102016865e+00
-5.434118447525439599e+00
-5.450931455302962192e+00
-5.419345402338014317e+00
-5.122810993151702519e+00
-5.508556210437895118e+00
-5.554517111501327875e+00
-5.727450036610910900e+00
-5.425660514510510346e+00
-5.526859452399231820e+00
-5.703044181802400026e+00
-5.525246708075655100e+00
-5.549641335474901460e+00
-5.482088506556848984e+00
-5.534343312861877529e+00
-5.569739989045951134e+00
-5.718779739730828204e+00
-5.485911882366817593e+00
-5.474491036758652562e+00
-5.544696312238932556e+00
-5.593467552423361688e+00
-5.449897607564082591e+00
-5.485263782694908663e+00
-5.503382119652492577e+00
-5.548130486574617493e+00
-5.587427687759324968e+00
-5.667518011442433057e+00
-5.658354639008233100e+00
-5.752271815880003913e+00
-5.750751552246052611e+00
-5.652703675607164691e+00
-5.647573053729727732e+00
-5.638334422280002478e+00
-5.638115198138566875e+00
-5.648494900138771868e+00
-5.674307500587844721e+00
-5.634655095646384559e+00
-5.676472047428076984e+00
-5.633653889033967133e+00
-5.686828372749995530e+00
-5.625501014291882207e+00
-5.655674125502327954e+00
-5.754732787128338245e+00
-5.646804161172692460e+00
-5.633723275306458333e+00
-5.643060922539997470e+00
-5.658392525705587595e+00
-5.642082679294732728e+00
-5.637083618411363517e+00
-5.638925773807680564e+00
-5.629585588832453524e+00
-5.638162234804086737e+00
-5.660107228421744630e+00
-5.647422121965029795e+00
-5.665853420678612196e+00
-5.655681976445971593e+00
-5.734342058215980309e+00
-5.719931362964134181e+00
-5.736939659599577190e+00
-5.662202417080286487e+00
-5.710223952150026427e+00
-5.705334671168922789e+00
-5.718310228492145875e+00
-5.708019037795898143e+00
-5.691117406309670557e+00
-5.515900587638462582e+00
-5.584023897692234506e+00
-5.540507978558576241e+00
-5.568843711361887827e+00
-5.514647673808886097e+00
-5.549201650613863279e+00
-5.515308231198555511e+00
-5.572687347632368393e+00
-5.636669662621191179e+00
-5.524331000502939126e+00
-5.478056759974329282e+00
-5.517591723107210910e+00
-5.533994917196079832e+00
-5.505144369747081434e+00
-5.482036687558307975e+00
-5.541645373858483659e+00
-5.489217054345294500e+00
-5.549210817549615093e+00
-5.535007880246602952e+00
-5.601198373885220683e+00
-5.554800895547738371e+00
-5.548954840697227553e+00
-5.520344805519034281e+00
-5.542400480263807161e+00
-4.742653662719751750e+00
-4.669345821194165858e+00
-4.620535402714295969e+00
-4.822287979519013668e+00
-4.784365057814090605e+00
-4.746383354400514953e+00
-5.061547655950239921e+00
-5.066985600519429589e+00
-5.039249434804748518e+00
-5.097024605934899810e+00
-4.723020241024800114e+00
-4.708089231081517667e+00
-4.645106606508336178e+00
-4.691903782461527506e+00
-4.770663354294902625e+00
-4.658345001776621253e+00
-4.651623655645116706e+00
-4.627416402442039889e+00
-4.626154565714921674e+00
-4.734896525919655375e+00
-4.633549695467080731e+00
-4.620549890672569049e+00
-4.608117087536221845e+00
-4.718316639001594481e+00
-4.708682564551977201e+00
-4.742742042901885391e+00
-5.501017373081404926e+00
-5.453504250588008695e+00
-5.388435660165686869e+00
-5.517085496733134420e+00
-5.670261190205596158e+00
-5.720682656193982751e+00
-5.601821783078055006e+00
-5.149708015933430083e+00
-5.218715705553497841e+00
-5.240250614500313375e+00
-5.762815120148939485e+00
-5.776257244578745897e+00
-5.781374322587331527e+00
-5.740845308881895370e+00
-5.771169256470184195e+00
-5.545825955251072692e+00
-5.523892499635734588e+00
-5.552007212849179751e+00
-5.529646326608334661e+00
-5.548756476665499093e+00
-5.668427013993838415e+00
-5.736555507378194640e+00
-5.292559941150368097e+00
-5.240036315362383235e+00
-5.280619605628904978e+00
-5.304791136115501793e+00
-5.333669720985450446e+00
-5.520110807173982614e+00
-5.303357610154764146e+00
-5.343528074714888554e+00
-5.352411236335385070e+00
-5.345168683717224312e+00
-5.340769387696016501e+00
-5.309011371200711871e+00
-5.324558766711522395e+00
-5.307647463038549951e+00
-5.317327788106085862e+00
-4.718349694574662578e+00
-4.737117291698155874e+00
-4.715104760808899620e+00
-4.721488604888367746e+00
-4.733153053107421293e+00
-4.727856861963878998e+00
-4.710008391313211362e+00
-4.726222332202864251e+00
-4.737113871743993343e+00
-4.723907895856878092e+00
-4.736125333402104509e+00
-4.696556777068845889e+00
-4.690259108671508415e+00
-4.714502007066286637e+00
-4.694346793458000100e+00
-4.704023173259657575e+00
-4.692812947087305453e+00
-4.687632276063717462e+00
-4.698424806075642834e+00
-5.202024933935462947e+00
-5.133291218741996786e+00
-5.144823560268990015e+00
-5.132428955617238664e+00
-5.163057255814457847e+00
-5.170899672233043809e+00
-5.193974281149177585e+00
-5.156502747889064153e+00
-5.165084457052830480e+00
-5.388296200716713891e+00
-5.345393581617190470e+00
-5.332772278738697302e+00
-5.331870237331354012e+00
-5.287261103402335571e+00
-5.404144829382067527e+00
-5.390935607234587756e+00
-5.325661534193527835e+00
-5.296702985014386300e+00
-5.104756319930174868e+00
-5.267893834464629776e+00
-5.239183892335951498e+00
-5.348709025169750220e+00
-5.307510504589259881e+00
-4.883807560647857926e+00
-4.855294150166229450e+00
-4.859736538517599236e+00
-4.869160864237460196e+00
-4.871215555372298667e+00
-4.784806792865164304e+00
-4.725896688437678073e+00
-4.737696716565668709e+00
-4.880941279396965982e+00
-4.877211180080030850e+00
-4.959560315787565621e+00
-5.267822923343222996e+00
-4.921211193227112091e+00
-5.274971495809908539e+00
-5.284550822105181567e+00
-5.201410314379759647e+00
-5.158231648660018820e+00
-4.909452104991914645e+00
-5.208219821085337209e+00
-4.963276365227405229e+00
-5.347588099991506638e+00
-4.946543120849674402e+00
-4.897619148542966094e+00
-5.317446569907787968e+00
-4.941307581168025820e+00
-4.933362084000097347e+00
-4.960325537551478980e+00
-5.255237787863595855e+00
-5.243103868263185419e+00
-5.252213258156208653e+00
-5.228410013908712628e+00
-5.139013910050489464e+00
-5.249545466118850534e+00
-5.249548396929148097e+00
-5.234299178355779070e+00
-5.238075098545112773e+00
-5.118058458186332871e+00
-5.073003464576297361e+00
-5.137953435277984759e+00
-5.139191552257330819e+00
-5.157340896328488355e+00
-5.126758957119634807e+00
-5.260218755930617718e+00
-5.234662193281376830e+00
-5.111997397454614678e+00
-5.143958282663497528e+00
-5.119306532250488040e+00
-5.563128918616301988e+00
-5.561732043566521178e+00
-5.574457322863908715e+00
-5.564322495247108868e+00
-5.581348501951774566e+00
-5.566506993387271507e+00
-5.548914486540454050e+00
-5.567723673203058610e+00
-4.743596176207166337e+00
-4.750424537225446109e+00
-5.084012012608995157e+00
-4.723285773374928276e+00
-4.696914427029208916e+00
-4.743660225284966003e+00
-4.671273187829481977e+00
-4.709592421462089895e+00
-5.681770497325296709e+00
-5.648639969775856251e+00
-5.515121141612087108e+00
-5.565312851608769762e+00
-5.544153818509543363e+00
-5.513875452795493182e+00
-5.544821853827978764e+00
-5.626036321202595225e+00
-5.692781827424952645e+00
-5.673934188257297784e+00
-5.674969991740866249e+00
-5.635710871108871700e+00
-5.649925311352999024e+00
-5.636553858224702118e+00
-5.640321395006553828e+00
-4.765135981248901587e+00
-4.759006336618352151e+00
-4.733268155717954784e+00
-4.737216654902449697e+00
-4.739760610395664209e+00
-4.727870074063160288e+00
-4.736413299272419941e+00
-4.743829772305343973e+00
-4.782526286856302100e+00
-4.792145181634494655e+00
-4.803129659618162073e+00
-4.781052025127857874e+00
-4.788635289058482236e+00
-4.729593419352852379e+00
-4.749146935558195892e+00
-4.829905551921684470e+00
-4.710724761591845500e+00
-4.821536194741705472e+00
-4.839632474080030278e+00
-4.811524181931828181e+00
-4.819630845378394923e+00
-4.756248082841159075e+00
-4.789120524924069144e+00
-4.807429904575047708e+00
-4.790837709850482184e+00
-4.771375531820019056e+00
-4.799676370975895168e+00
-4.824375260342978144e+00
-4.826813978714167952e+00
-4.810450012314605672e+00
-4.822540669832026339e+00
-4.834841435597558856e+00
-4.801963069527150907e+00
-4.815207202864313807e+00
-4.825547250583468895e+00
-4.832290653722377982e+00
-4.858025681662167194e+00
-5.065247177413722213e+00
-5.074103870682901807e+00
-5.063230408414346684e+00
-5.055457974319780945e+00
-5.061873305012744240e+00
-5.078422285984824036e+00
-5.289422420152769533e+00
-5.285566333679884821e+00
-5.280257510997188319e+00
-5.277436747665022132e+00
-5.284859213132056865e+00
-5.285434221599463633e+00
-5.281029814251002819e+00
-5.282889610999784047e+00
-5.278520816570421381e+00
-5.278810293570082912e+00
