-5.187132979980352943e+00
-5.197258159693525670e+00
-5.802895036138985496e+00
-5.394793329811105487e+00
-5.391741445168931612e+00
-5.316430946754327813e+00
-5.471426037560427780e+00
-5.219477484668987088e+00
-5.242478442330117616e+00
-5.274816607594353890e+00
-5.473756716284177593e+00
-5.344448705836629898e+00
-5.332063028302614249e+00
-5.468087753542853591e+00
-5.278551391254921121e+00
-5.298745218973978766e+00
-5.520072854474978641e+00
-5.442438947837701768e+00
-5.446474239110663085e+00
-5.458153442239545683e+00
-5.348227640649348302e+00
-5.341879228810347158e+00
-5.285936693891732929e+00
-5.373347148622292124e+00
-5.491206213981236317e+00
-5.441413235896050971e+00
-5.692654717731754133e+00
-5.471635896992174786e+00
-5.488508539791958185e+00
-5.283995491389176458e+00
-5.269537550854519914e+00
-5.337682386914757160e+00
-5.487479355516881263e+00
-5.466628584217899878e+00
-5.417631121146055051e+00
-5.259003130928686431e+00
-5.264585896003930898e+00
-5.607458710930504076e+00
-5.565033593279199664e+00
-5.650282124937310080e+00
-5.209754321127213039e+00
-5.283980889545262905e+00
-5.763828809275663545e+00
-5.585560974707980186e+00
-5.112453954629846642e+00
-5.232868125834452044e+00
-5.737153255887835535e+00
-5.188274475685471288e+00
-5.574734464242016685e+00
-5.137183849169677963e+00
-5.562405064065663041e+00
-5.593702988707277335e+00
-5.257427366139897806e+00
-5.635108252339323442e+00
-5.048893327946959886e+00
-5.519422424107757408e+00
-5.511673269007571818e+00
-5.581423648737692922e+00
-5.518167308361129564e+00
-5.531533312291250226e+00
-5.543238795847196698e+00
-5.774973364480117333e+00
-5.776615572378037911e+00
-5.781479280623276651e+00
-5.529480906551042629e+00
-5.612903038617493401e+00
-5.587216058841202759e+00
-5.590203019108507476e+00
-5.779043562430871361e+00
-5.600557017029139217e+00
-5.549010456674271730e+00
-5.577557051338028593e+00
-5.580011299781461709e+00
-5.652461366471444038e+00
-5.544182843848092013e+00
-5.565048128413956796e+00
-5.588644070752652127e+00
-5.597505957390883857e+00
-5.585774336231973614e+00
-5.147803897601245460e+00
-5.528640078775571176e+00
-5.589594988700708811e+00
-5.569753441317226716e+00
-5.628103920045970376e+00
-5.587917462335843410e+00
-5.650037998498648406e+00
-5.085427437953773833e+00
-5.603286285989322657e+00
-5.617335175424703841e+00
-5.096187130167543877e+00
-5.613255176961650328e+00
-5.555022516749131611e+00
-5.543337579616295585e+00
-5.589581683507709897e+00
-5.087273297349882206e+00
-4.911704872160352231e+00
-5.779461553857481171e+00
-5.597128397699160374e+00
-5.588575704445132075e+00
-5.521320488760995460e+00
-5.569710023344127237e+00
-5.176407793586048633e+00
-5.611194349285918648e+00
-5.544919697519594237e+00
-5.621641366741664925e+00
-5.781411958700449105e+00
-5.591361153145629537e+00
-5.564506065742729213e+00
-5.613724507725661894e+00
-5.648554309953531138e+00
-5.592568186392181673e+00
-5.549432130505642213e+00
-5.600935424864741385e+00
-5.771210553051482783e+00
-5.657125942353070869e+00
-5.545944943123734205e+00
-5.782163073288445254e+00
-5.560917158959694184e+00
-5.581912936940148562e+00
-5.635348060150913163e+00
-5.555338373432900489e+00
-5.558867245838115423e+00
-5.575982936070282392e+00
-5.760188512956884388e+00
-5.775069510089945624e+00
-5.530871593094360605e+00
-5.585500796669791157e+00
-5.522180822675856859e+00
-5.574779324127581148e+00
-5.442627375287491631e+00
-5.446325142863148727e+00
-5.529406018918128218e+00
-5.670937104879074653e+00
-5.650952482165219948e+00
-5.592359589410054177e+00
-5.588840915174013269e+00
-5.694402635514495437e+00
-5.590584733888473323e+00
-5.377136872766704379e+00
-5.531977774767812939e+00
-5.542280913348023752e+00
-5.610017664909027424e+00
-5.696012446460274603e+00
-5.544072382347154715e+00
-5.595903472376927645e+00
-5.543942224738384716e+00
-5.694482005508929134e+00
-5.779747437372614982e+00
-5.539628469236866692e+00
-5.543612104039822519e+00
-5.602218513547676970e+00
-5.580399161243953188e+00
-5.560188347605120818e+00
-5.592073763874509496e+00
-5.335139299792815315e+00
-5.257859733781433675e+00
-5.537854395872793489e+00
-5.596716415056731009e+00
-5.304990666105752872e+00
-5.280141294399113505e+00
-5.523973877891211082e+00
-5.690715380736760309e+00
-5.559069426219521937e+00
-5.634418429946221885e+00
-5.569155581662768029e+00
-5.350950314420710896e+00
-5.581687058776499732e+00
-5.105846631028631677e+00
-5.539120589112977555e+00
-5.109890131991870810e+00
-5.319345783555610829e+00
-5.556814191427867478e+00
-5.617722369631811929e+00
-5.597857896498200425e+00
-5.574238978340927630e+00
-5.139078337607091207e+00
-5.769508618432680258e+00
-5.572071570212173697e+00
-5.201775588703442921e+00
-5.684382616137991562e+00
-5.551765038127054908e+00
-5.571643423424312402e+00
-5.614005539971001824e+00
-5.564636785983370082e+00
-5.751479656154585562e+00
-5.524729656294594449e+00
-5.250235682302217377e+00
-5.108373442643630469e+00
-5.586218783800107168e+00
-5.546655997488771916e+00
-5.576509722818244974e+00
-5.519669188816533456e+00
-5.558517325037180434e+00
-5.564745447104546550e+00
-5.707553209754951062e+00
-5.787472004923551516e+00
-5.588161955459282737e+00
-5.610836992966721226e+00
-5.568827175099198001e+00
-5.692604516640752621e+00
-5.601868238712622627e+00
-5.796541395816327658e+00
-5.225894374705560175e+00
-5.608300012802705403e+00
-5.270707607306555964e+00
-5.567330955137173021e+00
-5.592941844418361619e+00
-5.586574006426674011e+00
-5.593400554038470140e+00
-5.609107426480530734e+00
-5.380340324788003059e+00
-5.597200471350515016e+00
-5.766496783080059529e+00
-5.601612827518965609e+00
-5.562399206776153626e+00
-5.442692548112186834e+00
-5.605365800674298349e+00
-5.571464548318042276e+00
-5.522685575365933630e+00
-5.544393964424679133e+00
-5.285208440663807572e+00
-5.554391981958231916e+00
-5.597228192075184516e+00
-5.708668569042935736e+00
-5.256528727842838755e+00
-5.557039350874889649e+00
-5.698629045528241122e+00
-5.571912773859781787e+00
-5.572315903408290971e+00
-5.304413216899025230e+00
-5.601662658814738904e+00
-5.578176992786722188e+00
-5.711004614821560743e+00
-5.613137180309978547e+00
-5.610199897153162141e+00
-5.682228181919303900e+00
-5.607906425286885543e+00
-5.567223690480576082e+00
-5.065407288321326362e+00
-5.790883263129489755e+00
-5.520090903781327718e+00
-5.551191658586499322e+00
-5.307984902259640592e+00
-5.556023666128915295e+00
-5.588972742330046373e+00
-4.994764199667457660e+00
-5.564387658550555393e+00
-5.559274821427617752e+00
-5.582357531595244282e+00
-5.572596517980580977e+00
-5.597932444625963733e+00
-5.614639489705813169e+00
-5.532312047255116383e+00
-5.779336415673634875e+00
-5.624118478457219794e+00
-5.649870875377127177e+00
-5.595014735688215168e+00
-5.611821120273976504e+00
-5.129858526542387942e+00
-5.147598128965870323e+00
-5.610027334074937144e+00
-5.582383258720091668e+00
-5.746443262823321518e+00
-5.555779277069206934e+00
-5.524675582928225914e+00
-5.673299222229134742e+00
-5.775161378327093864e+00
-5.049402706134035412e+00
-5.691721772849309247e+00
-5.585677517006007342e+00
-5.537734425626797297e+00
-5.534602787484515396e+00
-5.577289294953059695e+00
-5.130581887855820256e+00
-5.090736998441657057e+00
-5.634321508904418074e+00
-5.562285028190565583e+00
-5.709729378847248960e+00
-5.607646032316853102e+00
-5.769713598473684257e+00
-5.596500134847214980e+00
-5.111632328024796834e+00
-5.563789714358915894e+00
-5.714490279856598853e+00
-5.554788244032793365e+00
-5.515209789227546899e+00
-5.605509583505121185e+00
-5.588550532632942769e+00
-5.584030547811368983e+00
-5.676323419433333406e+00
-5.163987063064345406e+00
-5.571459124273571817e+00
-5.591061645224061571e+00
-5.272985161781644337e+00
-5.787065328412111853e+00
-5.687429979567387051e+00
-5.615552889522491320e+00
-5.581074410148007203e+00
-5.075363192717372129e+00
-5.760380535247445088e+00
-5.590428792187124962e+00
-5.560166548391816121e+00
-5.540789203268618124e+00
-5.521592066314242153e+00
-5.570159481800120105e+00
-5.585466996302612230e+00
-5.583416733333021575e+00
-5.260742636492619084e+00
-5.558657375758682129e+00
-5.647455475014032444e+00
-5.567084720909268647e+00
-5.594050158066591116e+00
-5.134596407419837583e+00
-5.779306965055646117e+00
-5.677449079327544723e+00
-5.613204521032719718e+00
-5.691721512767837332e+00
-5.065388369562209725e+00
-5.605099910701953014e+00
-5.774283361532173586e+00
-5.589491044066285497e+00
-5.296095667234168580e+00
-5.565652717785072312e+00
-5.601002335526239939e+00
-5.775900966293717076e+00
-5.305632534909607401e+00
-5.599138745043455323e+00
-5.662938066811665117e+00
-5.615389239780128605e+00
-5.773359663400040809e+00
-5.226618439686286699e+00
-4.965799622485332243e+00
-5.585127348758373245e+00
-5.542833650138642376e+00
-5.541660613255043444e+00
-5.774555131249296203e+00
-5.668857010067589464e+00
-5.335773545194584244e+00
-5.600949783321788722e+00
-5.605551417957662430e+00
-5.236466389150583822e+00
-5.571141347896101159e+00
-5.666809436920158483e+00
-5.560943210217726751e+00
-5.617799221493855022e+00
-5.774034874069245760e+00
-5.765030699201328268e+00
-5.566586406762031203e+00
-5.602581478381527980e+00
-5.056834133997110570e+00
-5.598650000944103589e+00
-5.039488428329023328e+00
-5.112677812957735490e+00
-5.677259407528004509e+00
-5.577363789549925954e+00
-5.582636348062837151e+00
-5.605380015726358245e+00
-5.595202930782711803e+00
-5.688949553183652696e+00
-5.226939567940865672e+00
-5.621624416577941652e+00
-5.171108531823965571e+00
-5.623799157998714549e+00
-5.592397735137463854e+00
-5.537683606140164194e+00
-5.589498075651047060e+00
-5.575460922390449880e+00
-5.571809916640395599e+00
-5.603725849988707708e+00
-5.625397438781446269e+00
-5.638106947342568454e+00
-5.599875860710402442e+00
-5.778774137139615519e+00
-5.592847967176227009e+00
-4.998112845131844395e+00
-5.265446662330984573e+00
-5.269552651624176853e+00
-5.338727402554146018e+00
-5.655443269061022349e+00
-5.208213898605478676e+00
-5.695016217064790887e+00
-5.693596033496161724e+00
-5.565518064595551095e+00
-5.569540396290313389e+00
-5.211494533417539543e+00
-5.248611936538118528e+00
-5.621210600240151400e+00
-5.569962599911603363e+00
-5.188750417594826025e+00
-5.535101880565996169e+00
-5.430468867931602439e+00
-5.551120682639572479e+00
-5.755388314930800497e+00
-5.617895392746920180e+00
-5.594545933388384462e+00
-5.631804880558444637e+00
-5.559981782724931598e+00
-5.195673960155258619e+00
-5.600348228485222180e+00
-5.756220247353006414e+00
-5.571100265984221700e+00
-5.559112082074823213e+00
-5.636092417505885521e+00
-5.611895586313653261e+00
-5.599039013714271817e+00
-5.558224148207036031e+00
-5.544990246715610915e+00
-5.365619770091330842e+00
-5.137142720110547067e+00
-5.179580820289868548e+00
-5.047647443299640102e+00
-5.578108222873052746e+00
-5.624211982104776020e+00
-5.563222479334386961e+00
-5.627054833053343863e+00
-5.157400185298150141e+00
-5.609330608298641607e+00
-5.122581689700758112e+00
-5.586082393688520220e+00
-5.567742705159356653e+00
-5.658486697582963743e+00
-5.391334502540538587e+00
-5.654773518126616771e+00
-5.656521261175000426e+00
-5.300078060330061902e+00
-5.609976478780931863e+00
-5.533177502926030833e+00
-5.323180568478421471e+00
-5.589285843280489274e+00
-5.583878371228058413e+00
-5.598838776140133255e+00
-5.684690708538744808e+00
-5.602072214044060416e+00
-5.322992999916183798e+00
-5.671176924508859685e+00
-5.748279027929205753e+00
-5.621289442418162530e+00
-5.591537755672105092e+00
-5.762488868096662387e+00
-5.329869159400749901e+00
-5.178537979944408676e+00
-5.091638862349474159e+00
-5.572376869004568967e+00
-5.619977744139208475e+00
-5.577736981013700301e+00
-5.596396780650827019e+00
-5.220651538074318587e+00
-5.186640348294910829e+00
-5.395167688011417439e+00
-5.829225537876416396e+00
-5.424181521983865828e+00
-5.438520967524489436e+00
-5.212710520080237053e+00
-5.173750771078720945e+00
-5.308592028472583380e+00
-5.163066814517715208e+00
-5.205973068185477004e+00
-5.203646345273119422e+00
-5.148915243307564005e+00
-5.227554381083624691e+00
-5.351471839169302136e+00
-5.758198806895586941e+00
-5.074138796046785416e+00
-5.435596032235853414e+00
-5.432341660378584791e+00
-5.354837664648838924e+00
-5.322345476018202071e+00
-5.438503829594724337e+00
-5.336269454450341954e+00
-5.187675694052122033e+00
-5.389269344066861755e+00
-5.857580045692914794e+00
-5.205973948896173376e+00
-5.614289638079931422e+00
-4.951289235871400685e+00
-5.162594017833008309e+00
-5.352665580355912667e+00
-5.314283584703901830e+00
-5.382387638754321912e+00
-5.279588636490018416e+00
-5.519618309196798300e+00
-5.194424285358357096e+00
-5.014320334250585987e+00
-5.334722610515616914e+00
-5.318347042721908835e+00
-5.857593248984229284e+00
-5.309797668991132369e+00
-5.784825767301060573e+00
-5.318349160242121343e+00
-5.430644181715204688e+00
-4.565494913129295895e+00
-5.293968368535383107e+00
-5.405136168219857318e+00
-5.148915566005263678e+00
-5.173155127741391190e+00
-5.834375029982206584e+00
-5.772295771214800197e+00
-4.719537022896674650e+00
-5.141967909372447743e+00
-5.225279158615395936e+00
-5.321567018625287915e+00
-5.475658917964066674e+00
-4.999191583862791610e+00
-5.382389200257755135e+00
-5.194141021037474992e+00
-5.187675280809700418e+00
-5.195428117909416166e+00
-5.311561479750222858e+00
-4.781298917391840320e+00
-5.382386978261923360e+00
-5.702305418073479792e+00
-5.015129078287781539e+00
-5.324754722257292627e+00
-5.354381845769344395e+00
-5.297319843521838933e+00
-5.197477497603053997e+00
-5.299485046593847670e+00
-5.307507301371893860e+00
-5.293970419268002381e+00
-5.389235917380913676e+00
-5.475571750328341203e+00
-5.191550983002009012e+00
-5.409595538445628016e+00
-4.980493699071922187e+00
-5.397654193413846002e+00
-5.205974607017785694e+00
-5.834374921318917551e+00
-5.074140432377213017e+00
-5.303575790323297845e+00
-5.100662714027270894e+00
-5.079185162593653935e+00
-4.719533245376466013e+00
-5.325670780450606934e+00
-5.362241345648973478e+00
-5.091672811423237910e+00
-5.178064376863394713e+00
-4.446287460208884212e+00
-5.287603145976692787e+00
-5.414804423289764301e+00
-4.820322074371301113e+00
-5.074931957242727165e+00
-5.178062489609223995e+00
-5.163067077816503314e+00
-5.163066915518248479e+00
-5.201848016234357885e+00
-5.371755822156407234e+00
-5.358575570530221377e+00
-5.080573385294103517e+00
-4.708891304270709455e+00
-5.180832929640320828e+00
-5.179446997960628352e+00
-5.772272605486384656e+00
-5.309229773001680641e+00
-5.322505061534623216e+00
-5.187674495649528872e+00
-5.409586026704440442e+00
-5.670559504052184785e+00
-5.297319743611546450e+00
-5.195427587206337350e+00
-5.326020409525238364e+00
-5.755518717800291562e+00
-5.376706878033536974e+00
-5.204099911210970930e+00
-5.095957728021465627e+00
-5.755526680518909366e+00
-5.395559352194847058e+00
-5.356956654135628604e+00
-5.186640547739973961e+00
-5.758200982675226065e+00
-5.066145682253481830e+00
-4.963381077907873973e+00
-5.190042874318023358e+00
-5.361903013896339942e+00
-5.194140269333659354e+00
-4.823170013431186121e+00
-5.379867387627267128e+00
-4.833339059915020108e+00
-5.268173543684779858e+00
-5.234630167552573710e+00
-5.438472329502770819e+00
-5.282071518517357234e+00
-4.639798958464464107e+00
-5.397653199849893113e+00
-4.713540201106936500e+00
-5.321582411207454122e+00
-4.984188433216324654e+00
-5.370820823985141601e+00
-5.348764887258166567e+00
-5.044064897788767432e+00
-5.266879065833474982e+00
-5.187672665464707400e+00
-5.414774749730455916e+00
-5.354872340842160128e+00
-4.883908129865097258e+00
-5.163067548428680986e+00
-5.356958866511090989e+00
-5.057087665536163179e+00
-5.397998650257625819e+00
-5.214295571168189092e+00
-5.148918755039359141e+00
-5.201848532195197272e+00
-5.160868023270618998e+00
-5.235430162999670678e+00
-5.083614310419557469e+00
-4.453590158458821335e+00
-5.043910796280265174e+00
-5.834376462084360782e+00
-5.303577927862807684e+00
-5.201848247930752400e+00
-5.193706556372950978e+00
-5.214294870275002047e+00
-5.194423922955340167e+00
-5.424236053708335170e+00
-5.383144864537768193e+00
-5.351235466330089174e+00
-5.348763872151240051e+00
-5.702310291173562362e+00
-5.191552315062584633e+00
-5.356683452437754234e+00
-5.187675751037163607e+00
-5.327959425148946160e+00
-5.784475953515960889e+00
-5.438545359098623244e+00
-5.291369799467600110e+00
-5.350252828452068954e+00
-5.389970249763417875e+00
-5.325996856939315904e+00
-5.827248762421507244e+00
-4.509054652769322047e+00
-5.030589009662318034e+00
-5.330745658648615937e+00
-5.182557892248130571e+00
-5.173152911635450657e+00
-5.209112452964338225e+00
-5.178061241888235244e+00
-5.774506411067862999e+00
-5.303574570787670694e+00
-5.409595073572855739e+00
-5.152446198013741707e+00
-5.373326329335461615e+00
-5.304562802797688548e+00
-5.359741579103345366e+00
-5.152440202013071513e+00
-5.161757211611733176e+00
-5.086346949109087134e+00
-4.968710981339286015e+00
-5.363941792275065623e+00
-5.383174134808511369e+00
-5.351124303166064244e+00
-5.723113351471863730e+00
-5.159793251490412125e+00
-5.396102552048546386e+00
-5.290115354932857450e+00
-5.348765003369485349e+00
-5.317636290641536867e+00
-4.883402528143372834e+00
-5.614288533428469563e+00
-5.191552009470309592e+00
-5.190044227025365053e+00
-5.212717668051488396e+00
-4.585485353379412210e+00
-5.274948694478616140e+00
-5.324443651748437034e+00
-5.293973886172436139e+00
-5.291372922889356900e+00
-5.387941156767172224e+00
-5.259762871167155573e+00
-5.195427858977573976e+00
-5.103746425796579445e+00
-4.942091736251029488e+00
-5.143926427115212086e+00
-5.283666709554391439e+00
-5.192467734377322230e+00
-5.205973622769906939e+00
-5.395552906327865550e+00
-5.772297465671877070e+00
-5.376706371934430351e+00
-5.361825077772880199e+00
-5.069596927916817819e+00
-4.938603846609380454e+00
-5.244269607544487677e+00
-4.981238359278004069e+00
-5.139676554586428914e+00
-5.195215873974349030e+00
-5.159750012904193994e+00
-5.095494744204117410e+00
-5.079001628984684658e+00
-5.137812462930841484e+00
-5.338449298023039802e+00
-5.324751258390088893e+00
-5.267181961253894151e+00
-5.145682609639252725e+00
-5.132320084148131123e+00
-5.755517375576999939e+00
-5.175986275744579146e+00
-5.146955201461117291e+00
-5.237371071753712748e+00
-5.414790560682628318e+00
-5.283759475596491839e+00
-5.130751899451770015e+00
-5.356958168389842179e+00
-4.511603213546502289e+00
-5.446248207819868625e+00
-4.962865662151086710e+00
-5.755514752170077131e+00
-5.187673997786201419e+00
-5.191551273413748113e+00
-5.399235147668028034e+00
-5.335687199070412667e+00
-5.857598903154480396e+00
-5.034701620215779272e+00
-5.212711635906734919e+00
-5.303575648273663568e+00
-5.057091021944086329e+00
-5.201925961228263340e+00
-4.872415004545620043e+00
-5.213493720132118980e+00
-5.213494591761076435e+00
-5.178716307219544568e+00
-5.245109842461332050e+00
-5.348191512264777181e+00
-5.396238325218620346e+00
-5.356674466311237559e+00
-5.190045687892038018e+00
-5.201223257579926873e+00
-5.382391295826502109e+00
-5.204099643385612595e+00
-5.308640225820651537e+00
-5.337350524707280108e+00
-5.412652268487412321e+00
-5.060137528297198095e+00
-5.336329232845593573e+00
-5.348766327015063382e+00
-4.586889424943326965e+00
-5.301235786039895537e+00
-5.325889321664114107e+00
-5.348763592281928325e+00
-5.321530782099321399e+00
-5.366766278898359666e+00
-5.177346699029634181e+00
-5.326019086581475825e+00
-5.350253378793760284e+00
-5.350396228362736650e+00
-5.119133927546986484e+00
-4.829193987243848518e+00
-5.060836105647084082e+00
-5.080910599152327123e+00
-4.968346063003341584e+00
-4.868804292814834511e+00
-4.813031703510648462e+00
-5.058631838837101213e+00
-5.257861471369408513e+00
-5.064658673408266587e+00
-5.263970144822593511e+00
-4.806578976352355426e+00
-5.033724869635556765e+00
-4.893956775924270808e+00
-5.087234718545669665e+00
-4.860374431380985349e+00
-4.913826184502203098e+00
-5.161753943535171807e+00
-4.861600420784033538e+00
-4.958150542350368006e+00
-5.003371594080165963e+00
-5.275031215346698055e+00
-5.043027715093807650e+00
-4.873848039041002167e+00
-5.347441635700726614e+00
-4.951979070721225895e+00
-4.917872888052765568e+00
-5.083084374388823434e+00
-4.864203160246329816e+00
-4.917795754847009704e+00
-4.738068443335676783e+00
-5.139451786068902628e+00
-5.160942674436824085e+00
-5.201382193668871778e+00
-5.077826936780604150e+00
-5.169720125373453712e+00
-5.163107375923707387e+00
-5.252945818506793429e+00
-4.839255757259983248e+00
-5.020291638025928371e+00
-4.959251793272196451e+00
-5.067965394427512926e+00
-4.944996982386201445e+00
-5.115863841396406819e+00
-5.246782453191776163e+00
-5.130543205896869630e+00
-4.863993356616636454e+00
-4.864060851202666846e+00
-4.991015251777663586e+00
-5.156976682355536745e+00
-5.089591256499690353e+00
-5.085266381024515780e+00
-4.989323786005968486e+00
-5.165274283164133173e+00
-5.019098311332390594e+00
-4.867362751810771826e+00
-5.062342443097913147e+00
-5.301506467152811375e+00
-4.498841944680280314e+00
-5.632706493652494650e+00
-5.676000245237982078e+00
-5.303593157797943825e+00
-5.839493405451018582e+00
-5.605986309733627770e+00
-5.839492395837488026e+00
-5.626226303998570266e+00
-5.673700485736135057e+00
-5.626290747196894593e+00
-4.756472539926670962e+00
-5.626238238963936489e+00
-5.621132238602005948e+00
-5.837020643730425284e+00
-5.729022711035233861e+00
-5.303767859810739616e+00
-5.632878025708870418e+00
-5.639488739856018285e+00
-5.289660424614782031e+00
-5.624087544480608436e+00
-4.965150677643784149e+00
-5.729037685376191291e+00
-5.626877540573336667e+00
-5.632723193932496208e+00
-5.242737792708192401e+00
-5.676043213620603822e+00
-5.843055792171024443e+00
-5.209966318921351203e+00
-5.605661212468433519e+00
-5.725262935232996675e+00
-5.333326221387922672e+00
-5.354214910304341046e+00
-5.639261222635910897e+00
-5.628738469694586577e+00
-5.642149116873684811e+00
-5.633014774465948449e+00
-5.441032962249036764e+00
-4.569956020889152981e+00
-5.634226170552238067e+00
-5.724561232330114713e+00
-5.676005747895619180e+00
-5.676004854657286103e+00
-5.668550156650354666e+00
-5.577828313724467080e+00
-5.723879795834162287e+00
-5.673130779933315715e+00
-4.274827266517511326e+00
-4.446474612580427532e+00
-4.757272013563842883e+00
-5.497219310703808759e+00
-5.354207965659266044e+00
-4.755423879779846708e+00
-5.264408218144120966e+00
-5.831045590146199054e+00
-5.558649761901054198e+00
-5.632727048231653377e+00
-4.986683042771101526e+00
-5.333315696305499287e+00
-5.279384088899162109e+00
-5.604367179420997047e+00
-5.334527285905250160e+00
-5.626868955658287597e+00
-5.301455689552055262e+00
-5.633404000892435093e+00
-5.733759345924574369e+00
-5.266270070305266948e+00
-5.633276755715718842e+00
-5.676051121071492567e+00
-5.723919283393770208e+00
-5.673673852579966592e+00
-4.442747158641442873e+00
-5.628720550700361258e+00
-5.642149419957720902e+00
-5.729001859685118880e+00
-5.336093159308892275e+00
-5.836949665020869205e+00
-5.523282963654064126e+00
-5.642166001767474626e+00
-5.843030090935972254e+00
-5.837070954522422639e+00
-5.528632846336455131e+00
-5.820647160517106400e+00
-5.842617877972776874e+00
-5.315483904052487496e+00
-5.356220553603984413e+00
-5.676033211068243212e+00
-5.354215907068965663e+00
-5.675975911425827469e+00
-5.679610502212960377e+00
-5.727455283859403501e+00
-5.343220830700350810e+00
-5.029801206205989139e+00
-5.627012514571213764e+00
-5.831173950866811673e+00
-5.673736167806104014e+00
-5.153611193675529556e+00
-5.626877256054274135e+00
-5.727204092595250984e+00
-5.642140815595385384e+00
-5.310816766912092035e+00
-5.619098322230802189e+00
-5.095852416594207845e+00
-5.723852768035932570e+00
-5.728969958284971575e+00
-5.831058349234925942e+00
-5.604536424580984999e+00
-5.673654988894719864e+00
-5.842544928408289096e+00
-5.567398719678254615e+00
-5.727499843820035075e+00
-5.679668925773580845e+00
-5.673636563232693497e+00
-5.626201894835049622e+00
-5.336479015621649502e+00
-5.633782510104599517e+00
-5.836982924109282322e+00
-5.634236774261685454e+00
-5.839503906818293899e+00
-5.280061834248097163e+00
-5.728979463221263835e+00
-5.372553638072035120e+00
-5.622092931764632873e+00
-5.626795373085704988e+00
-5.729005138189297242e+00
-5.843149261137054573e+00
-5.350770378847477637e+00
-5.333364135104628367e+00
-5.837024492300467493e+00
-5.729723273074942114e+00
-5.838499342913216594e+00
-5.604187821249799306e+00
-5.626139550988097149e+00
-5.343221803940565451e+00
-5.616742450218562333e+00
-4.148753224152668118e+00
-5.676004193998543279e+00
-5.639477783545547851e+00
-5.840196546117287113e+00
-5.333384515174572904e+00
-5.727270333280812586e+00
-5.626833789008344411e+00
-5.616779489135670822e+00
-5.242547112033324019e+00
-4.146232510076372613e+00
-5.706128049924253709e+00
-5.628717012124731411e+00
-5.723895207104888527e+00
-5.655000561785194613e+00
-5.729804638561790675e+00
-5.188565143992079243e+00
-5.628724462660925631e+00
-5.626857537386848129e+00
-5.632720727391997251e+00
-5.668496170241331455e+00
-5.301417416583045217e+00
-5.840217694402390691e+00
-5.303680118834178892e+00
-5.025328568261801188e+00
-5.626093821770473014e+00
-4.300897521603285867e+00
-5.618731374219469110e+00
-5.638925060281529511e+00
-5.343239628360352711e+00
-5.232779940257576534e+00
-5.840236730881746219e+00
-5.333353839771865168e+00
-5.616851356491239677e+00
-5.315542175540502789e+00
-5.675954938342987255e+00
-5.729113670644118805e+00
-5.642105900938454432e+00
-5.673121021871296854e+00
-5.308303623402887972e+00
-3.973255636741258812e+00
-3.752305997422361816e+00
-3.342923442590479244e+00
-3.752305997422361816e+00
-2.504099191462077378e+00
-3.786667614685484295e+00
-3.752305997422361816e+00
-4.035415806581029941e+00
-3.317873973483541405e+00
-3.397937995044928439e+00
-3.313431567075117989e+00
-4.024325880414658663e+00
-4.003746163493694610e+00
-3.800569127476822295e+00
-3.981032794282737264e+00
-4.017104961341321889e+00
-3.054440433033817737e+00
-3.752305997422361816e+00
-3.124973928733160378e+00
-3.962185459768751805e+00
-3.297467615283887543e+00
-3.752305997422361816e+00
-3.631582953562989324e+00
-4.093105723150272546e+00
-3.752305997422361816e+00
-4.005662405977680862e+00
-3.832816624839220143e+00
-4.128166012642981997e+00
-3.870578521719123088e+00
-3.871389853169750150e+00
-3.985895737103127612e+00
-3.973201944926475271e+00
-3.684156536205130283e+00
-3.645279655111816730e+00
-3.471426208955168402e+00
-4.894807981812602016e+00
-4.997196789819651208e+00
-5.191560939605141201e+00
-4.991651988946809837e+00
-4.765593140484189583e+00
-5.035794903790383081e+00
-4.852449958229864357e+00
-5.231961114705027782e+00
-4.731818144467918152e+00
-4.938951199217518351e+00
-4.895394735814111442e+00
-5.254072108477124914e+00
-4.988661542662854664e+00
-4.873908416144455025e+00
-4.893220858942922469e+00
-5.143907829235433660e+00
-5.235505774468148132e+00
-5.289452322636767789e+00
-5.049274604953225776e+00
-4.928005683625305444e+00
-5.080632210092641543e+00
-5.121625369225463409e+00
-5.150658705134176785e+00
-5.255536755687562511e+00
-5.078504355225440747e+00
-4.755322698540862092e+00
-5.239704914469210273e+00
-5.204336212772138204e+00
-5.217702929095984210e+00
-5.490823821316388909e+00
-5.231756721457834658e+00
-4.952961467420163189e+00
-5.003178085184525337e+00
-5.445031205758448678e+00
-5.551221183877432352e+00
-5.175239462927852863e+00
-4.849280575034305762e+00
-5.297735008608237983e+00
-5.042274284770716264e+00
-5.183590687898201210e+00
-5.037096189629811427e+00
-5.212121559579867558e+00
-5.009084313124885668e+00
-4.893558108182233468e+00
-5.603735292735349205e+00
-4.987519863339170634e+00
-4.728201939234343953e+00
-5.408769853666461458e+00
-5.392569246386054616e+00
-5.230334800751696100e+00
-5.276915981037022974e+00
-4.761780295979136213e+00
-4.822575485558345143e+00
-4.555379071288797377e+00
-4.822466021079822696e+00
-4.553199651302676898e+00
-4.671720161914876712e+00
-5.208489919049759109e+00
-4.746462344524917221e+00
-4.742478571639733964e+00
-4.829878802255975323e+00
-4.884262608156241470e+00
-2.843992614284878151e+00
-2.768598989513054942e+00
-2.373601021208289197e+00
-1.694842441938793298e+00
-2.791447892866537384e+00
-2.694404707824647804e+00
-8.116708146229143495e-01
-1.333873785553379543e+00
-3.514025058436951010e+00
-1.910209443935353635e+00
-2.639515872693722454e+00
-2.330652086393639522e+00
-3.830508968018840221e+00
-2.870739375699645990e+00
-3.232192784634739358e+00
-2.797950397131429234e+00
-3.752577789665355379e+00
-2.046514241921858712e+00
-2.089042782087150218e+00
-3.664010457231584361e+00
-1.579397100289762657e+00
-3.866729477426682049e+00
-2.049727294539912759e+00
-2.403103630470551977e+00
-3.411110963064646118e+00
-3.717648728140089620e+00
-3.010036171500711344e+00
-2.625836512058337124e+00
-2.306097508396874218e+00
-3.165455322138988059e+00
-2.912115296604559589e+00
-2.712364158942952130e+00
-3.663558069681951856e+00
-2.895058100874087437e+00
-2.937566369933032551e+00
-2.848984521435653505e+00
-3.028567386063162559e+00
-2.528844844847441209e+00
-3.472559264174248206e+00
-2.728647198112248429e+00
-3.847430607319157758e+00
-3.616002688249022157e+00
-3.267075020986601519e+00
-2.101791236781858085e+00
-3.192850716197031868e+00
-3.389048973108840013e+00
-3.195800394337471317e+00
-3.252530304667095695e+00
-3.132070582276883730e+00
-1.247050396630776437e+00
-2.703410604036333265e+00
-2.953729204389299312e+00
-2.681491903894261952e+00
-3.613367835356184443e+00
-3.076642697015209205e+00
-3.315711658111627269e+00
-3.939156035963821800e+00
-2.958867585945406997e+00
-3.749007328180582022e+00
-2.590613240161511399e+00
-3.477715716489052422e+00
-2.401695387229049405e+00
-1.668615055910199985e+00
-4.547623051652321280e+00
-2.224217593293063455e+00
-3.516312724541396317e+00
-1.311002889555785256e+00
-3.677241089661851259e+00
-3.492325111944008409e+00
-2.697095385778209398e+00
-3.389499224665641464e+00
-3.656997436893219877e+00
-2.691057329584364055e+00
-4.178355163843431974e+00
-4.681337174845676685e+00
-4.451693334512125233e+00
-4.084493165182841778e+00
-4.742224624771797181e+00
-4.200784917629061255e+00
-4.140028069524714027e+00
-4.027264377672084450e+00
-4.412010627056013767e+00
-4.265863150323178310e+00
-4.898285860326545560e+00
-4.469462777021269595e+00
-4.437142011088262450e+00
-4.492016428907109393e+00
-4.169919543408113327e+00
-4.370955821376003136e+00
-4.809427946531405595e+00
-4.302311489730264782e+00
-4.416634911738540836e+00
-4.237566337198163779e+00
-4.493274572818172885e+00
-4.138217884421287351e+00
-4.815600463645852258e+00
-5.003478195411596552e+00
-4.153108892121723628e+00
-4.625475987909368314e+00
-4.777326422836292608e+00
-4.986508897887551583e+00
-4.365554268857586351e+00
-4.840103240797420270e+00
-4.527747994464050407e+00
-4.155560338934345843e+00
-4.181195264806100376e+00
-4.228406217457123084e+00
-4.531266804192688014e+00
-4.480762303066523344e+00
-4.443134716946595120e+00
-4.276228539295592768e+00
-4.208527303507172412e+00
-4.275721367402274709e+00
-4.538603937624696272e+00
-4.253565438615143357e+00
-4.778950493062307459e+00
-4.788214731458313445e+00
-4.628965579725076829e+00
-4.283975793022850809e+00
-4.768456301316136070e+00
-4.880959493363437929e+00
-4.220059092523936073e+00
-4.741232519380091937e+00
-4.263828725850824952e+00
-4.242137508461927276e+00
-4.758479027748286683e+00
-4.465866038497645185e+00
-4.922664060217242010e+00
-4.748242298847144660e+00
-4.469688029753348779e+00
-4.226931894639837317e+00
-4.547486468593198161e+00
-4.254361789307429476e+00
-4.484376277036395742e+00
-4.335486190730095224e+00
-4.514279503104304148e+00
-4.412780517169094807e+00
-4.416614443633155140e+00
-4.069450216190542591e+00
-4.234681925250492363e+00
-4.318620912950163593e+00
-4.288302024727983941e+00
-4.237770515840592722e+00
-5.125010130626526106e+00
-4.412350376182054390e+00
-4.125838578270034418e+00
-4.310066052159413630e+00
-3.542552073723131745e+00
-3.505841647842803610e+00
-3.374242318223828363e+00
-4.063788341993087805e+00
-3.616373347607882760e+00
-3.041376604785001270e+00
-2.859759120489416606e+00
-3.874262893746294178e+00
-4.131528146690128800e+00
-3.962931079062524731e+00
-3.054700047945803743e+00
-3.936193863040593044e+00
-3.899187891710087950e+00
-3.608951667226152793e+00
-3.013792753583585338e+00
-5.034128841121651377e+00
-4.358654287442626618e+00
-4.389654571295573682e+00
-4.792260457378923810e+00
-4.725947248742727425e+00
-4.582315570599234000e+00
-2.948364749142684094e+00
-3.742570450825676520e+00
-3.307324616813002827e+00
-3.338810957848675098e+00
-3.620300758617494008e+00
-3.489619421784069253e+00
-3.676998571458128140e+00
-3.489119739099471484e+00
-3.128001075731558167e+00
-3.624978542102820445e+00
-3.537873670007972482e+00
-3.738477531503558549e+00
-3.174186015243950276e+00
-2.913374985424327601e+00
-3.002375850563207660e+00
-3.254053469870655135e+00
-2.961485944998981434e+00
-3.194805473391512773e+00
-3.773718101978001727e+00
-3.590162646004674496e+00
-3.162480166688099281e+00
-3.390455246753128371e+00
-2.579049728184744428e+00
-2.896397992601101201e+00
-2.918316832404987071e+00
-3.484390367674811806e+00
-3.714988068009751121e+00
-3.161893249425121066e+00
-3.028031414205874849e+00
-3.485983785897710074e+00
-2.764789273093455790e+00
-3.191854483730666825e+00
-3.390053008854536643e+00
-3.632182114631668846e+00
-2.982668046803416129e+00
-3.323553253636146732e+00
-3.545831367023617453e+00
-3.611497768680958842e+00
-2.849811139872979737e+00
-3.157121516903276248e+00
-2.911167923098220367e+00
-3.637251114660384754e+00
-3.622692202215031632e+00
-3.674492960886904580e+00
-3.470400238016000838e+00
-2.970369057081032604e+00
-3.278450910763310411e+00
-3.173870170854350192e+00
-3.747912868835476807e+00
-3.508797187797829675e+00
-2.761991677471538953e+00
-3.725294227435492989e+00
-3.311529625072751504e+00
-2.853656274415689698e+00
-3.442288481119061494e+00
-3.007328745862487551e+00
-2.987189778194136114e+00
-3.604839804546302595e+00
-3.644743063510638148e+00
-3.024902099153188750e+00
-3.652475857438578277e+00
-3.356706069147958882e+00
-3.015938921011610319e+00
-3.432232755409847069e+00
-3.490503993899724655e+00
-3.667043007664376297e+00
-2.949693051691746781e+00
-3.486773987914714379e+00
-3.363783677281129147e+00
-3.726529156690002065e+00
-3.056089948528114331e+00
-3.743050717237899949e+00
-3.396873138466482978e+00
-3.285744181472829872e+00
-3.334510561566916387e+00
-2.951499995755725525e+00
-4.696834903959786978e+00
-4.508299119028264634e+00
-3.985307383419272931e+00
-4.144215543045701722e+00
-4.332543856488150880e+00
-4.088026677957538269e+00
-4.556996867376716054e+00
-4.692956444400988580e+00
-4.348087088975994163e+00
-4.216701716092267738e+00
-4.722585286201725907e+00
-4.502138882500934969e+00
-4.134861164833638192e+00
-4.443349458384544981e+00
-4.479039256324592877e+00
-3.992181088748591566e+00
-3.384328482901940216e+00
-4.150862620004533987e+00
-4.513947518317079854e+00
-4.621669137588209963e+00
-4.549029474980025967e+00
-4.491554165226206763e+00
-4.101810123429441290e+00
-4.817196475547853574e+00
-4.346766623809355856e+00
-4.210048324577551959e+00
-4.431311210502124176e+00
-4.164586561545726262e+00
-4.683208913961498965e+00
-4.176472660285634575e+00
-4.215111111755116546e+00
-4.079549589053711678e+00
-3.961332466606384273e+00
-4.647362719980083767e+00
-4.546909746074758729e+00
-4.610685879649552454e+00
-4.532874593935663832e+00
-4.662212565315067891e+00
-4.401514367313083653e+00
-4.725600068818905264e+00
-4.239243173744275950e+00
-4.444815760544504890e+00
-4.364448949214789764e+00
-4.290817403929963803e+00
-4.428498485168359089e+00
-4.253099558738905550e+00
-4.386793068470222323e+00
-4.592187613637439547e+00
-4.409261098081014296e+00
-4.506518756756369370e+00
-4.549476366369153979e+00
-4.419204058641458488e+00
-4.675576543021017883e+00
-4.663366175448561357e+00
-4.691504582978777371e+00
-4.483580495801083643e+00
-4.532743396456941021e+00
-4.649719435172035453e+00
-4.409046295642539803e+00
-4.520773083725516450e+00
-4.588752804367981497e+00
-4.213643537985304555e+00
-4.568873878699696078e+00
-4.352052917248959041e+00
-4.443387700975558907e+00
-4.491265177562908661e+00
-4.599226238546710199e+00
-4.772226744522931163e+00
-4.479079440624857078e+00
-4.634423613671485143e+00
-4.499266540493708000e+00
-4.418766979614572321e+00
-4.525690118057546840e+00
-4.460620280993342845e+00
-4.416969714354935128e+00
-2.442087535532730502e+00
-2.302188750575962395e+00
-1.013559898662697911e+00
-1.547103231944565893e+00
-3.866060630597428549e+00
-2.462700192437810909e+00
