-5.438391977987683923e+00
-5.391633741982780670e+00
-5.323186151654208942e+00
-5.137065448947307544e+00
-5.463401757039823892e+00
-5.465443956444792306e+00
-5.505401636832897516e+00
-5.482529879277839413e+00
-5.498677273459286141e+00
-5.512424937714838435e+00
-5.508633038290597916e+00
-5.472879983506500068e+00
-5.116249223006327007e+00
-5.132964040087490076e+00
-5.124097499806939737e+00
-5.131280799333548970e+00
-5.148901960101722963e+00
-5.141921662869097354e+00
-5.131832703572084320e+00
-5.129529105897026042e+00
-5.155763953557266355e+00
-5.163026719621744753e+00
-5.134772167506871376e+00
-5.397232792732792106e+00
-5.433271554204339715e+00
-5.478490487537523990e+00
-5.515529889647546646e+00
-5.068528697974916675e+00
-5.412087830606070682e+00
-5.433110937060193102e+00
-5.367973488004261995e+00
-5.330311834565581108e+00
-5.390103908041517400e+00
-5.156239245847753061e+00
-5.430459427516676207e+00
-5.449344716017124668e+00
-5.416812660744863450e+00
-5.124611324519947608e+00
-5.506858227867923006e+00
-5.554766299640025551e+00
-5.725181713038817399e+00
-5.424008818095582996e+00
-5.526848430012051061e+00
-5.700116148444474007e+00
-5.523405556975385267e+00
-5.548036653294711407e+00
-5.480533311330285429e+00
-5.534435740569820794e+00
-5.568736559765817162e+00
-5.716021749941821106e+00
-5.482743102492213083e+00
-5.472969866481736112e+00
-5.539972682490564182e+00
-5.590570999657073159e+00
-5.449559037768992198e+00
-5.481931727992808590e+00
-5.501280516624905914e+00
-5.545472023201308609e+00
-5.585552633979039783e+00
-5.663901490883105794e+00
-5.656413012243926453e+00
-5.746669855543633965e+00
-5.744577335275949714e+00
-5.649902775190441595e+00
-5.645314046298349986e+00
-5.633270916478721801e+00
-5.635005915869752080e+00
-5.645461885036646699e+00
-5.670699269655219865e+00
-5.623737790935834369e+00
-5.673011715045554126e+00
-5.629019729581237641e+00
-5.683655291564079448e+00
-5.622690589521118554e+00
-5.653357218035982790e+00
-5.749793187407204798e+00
-5.643058713175143737e+00
-5.632066946521366191e+00
-5.640907566174973020e+00
-5.655218147276189988e+00
-5.640458904137761742e+00
-5.633550714375629376e+00
-5.636355633171311830e+00
-5.626925508807992138e+00
-5.634328894599097914e+00
-5.656383674036341347e+00
-5.643288920057119462e+00
-5.660215712584177439e+00
-5.650347263978384937e+00
-5.732424100079170692e+00
-5.719168205419173923e+00
-5.738204722066918784e+00
-5.658785122366872145e+00
-5.708608993391163899e+00
-5.704672556564924335e+00
-5.717726255446033967e+00
-5.707027642982340332e+00
-5.689359285014160328e+00
-5.514008196048192367e+00
-5.582305428914339451e+00
-5.535588977863126203e+00
-5.567005631020180090e+00
-5.511005441746815059e+00
-5.546680599817101154e+00
-5.514760675842898863e+00
-5.572159547171565031e+00
-5.635524227707255029e+00
-5.524889339463968874e+00
-5.476450001888930608e+00
-5.517417451782013593e+00
-5.534445230951120287e+00
-5.500035563707323050e+00
-5.481800933650212038e+00
-5.541226910745187695e+00
-5.486986869569923542e+00
-5.544778941957813068e+00
-5.531113853878204978e+00
-5.598808796944233279e+00
-5.551424381505159822e+00
-5.546711111238743719e+00
-5.519365063517261305e+00
-5.540207761569066136e+00
-4.737714365366084479e+00
-4.664991438093203158e+00
-4.602155990801334973e+00
-4.823492323926600989e+00
-4.785409315003597008e+00
-4.741435481358573512e+00
-5.063869063681052829e+00
-5.071933610365484846e+00
-5.035322215572812787e+00
-5.097226774727809939e+00
-4.675679431991665247e+00
-4.697000604985701600e+00
-4.619657449777136549e+00
-4.692861407819368225e+00
-4.771132178574053917e+00
-4.661975874773975903e+00
-4.645464557904825931e+00
-4.627708652510042597e+00
-4.620377320966958301e+00
-4.732710273979441773e+00
-4.631860797201040825e+00
-4.619742549697052780e+00
-4.605448751805761631e+00
-4.723350741116826512e+00
-4.714568353043446791e+00
-4.734336442352119256e+00
-5.500264476020332083e+00
-5.450278267509011343e+00
-5.387462740095021019e+00
-5.515185514511780518e+00
-5.669503590594694664e+00
-5.720537634735793020e+00
-5.599221377261573984e+00
-5.150152149976455540e+00
-5.220442169592396375e+00
-5.240551297237875161e+00
-5.759543021360570947e+00
-5.774545372615224714e+00
-5.781701431743075048e+00
-5.735491006525689883e+00
-5.769007026495662771e+00
-5.544168419239863255e+00
-5.518998618556510749e+00
-5.547674503186820871e+00
-5.525592333360020980e+00
-5.543309590636861017e+00
-5.665879565323972855e+00
-5.733420679646918927e+00
-5.292216512875015155e+00
-5.234838201072690822e+00
-5.275074351684964746e+00
-5.304719073656304573e+00
-5.332941978534119443e+00
-5.517714425868113892e+00
-5.303308147229652825e+00
-5.347262886119866998e+00
-5.357844071232769956e+00
-5.350334403758410851e+00
-5.345131542713056128e+00
-5.309023561246241307e+00
-5.321214715494035019e+00
-5.308803571472191507e+00
-5.316235099324945423e+00
-4.717266871154423669e+00
-4.735704360566100668e+00
-4.712958797804766675e+00
-4.721691635445693258e+00
-4.731183743350757531e+00
-4.728462610099057883e+00
-4.707845502055087117e+00
-4.724171065340346587e+00
-4.735839221121553422e+00
-4.725447571121129009e+00
-4.734415376156710487e+00
-4.697180501233236605e+00
-4.688878539634711906e+00
-4.709791659894474236e+00
-4.689093184294919503e+00
-4.702724993270609666e+00
-4.688355538437187775e+00
-4.682406559859327189e+00
-4.688160348452957038e+00
-5.198801570009385031e+00
-5.123460560655359153e+00
-5.139254582342117850e+00
-5.122956437227927928e+00
-5.157623360741535379e+00
-5.171530343081305325e+00
-5.186008286744921314e+00
-5.157425125315096892e+00
-5.164926542816555610e+00
-5.387281058751781870e+00
-5.344164385337775158e+00
-5.329834440018444752e+00
-5.331949605206729004e+00
-5.287105993678876459e+00
-5.400990694114400803e+00
-5.387886238074903744e+00
-5.326044691220048755e+00
-5.291291540859764275e+00
-5.097235004052624419e+00
-5.261754612021112720e+00
-5.232406020243601574e+00
-5.344004832556178641e+00
-5.302694612552210529e+00
-4.872339142550035973e+00
-4.846646737075282374e+00
-4.848049565611148637e+00
-4.858706393711823779e+00
-4.861803418120018705e+00
-4.763541403164470722e+00
-4.701040848709157061e+00
-4.711605335019471319e+00
-4.869887539613973360e+00
-4.865359997182902241e+00
-4.948879299126019760e+00
-5.267209133469092919e+00
-4.916094949681432347e+00
-5.271274316123667703e+00
-5.280282998870592159e+00
-5.200212925048663948e+00
-5.157337321368336447e+00
-4.904039345641519887e+00
-5.202341928650408676e+00
-4.958705890779820713e+00
-5.346580375668194662e+00
-4.942938551594385110e+00
-4.893319210151280352e+00
-5.317428556883440294e+00
-4.935585753163509004e+00
-4.927045971320568540e+00
-4.954101265541616783e+00
-5.251231569232356122e+00
-5.241255213440108918e+00
-5.251630356446290726e+00
-5.228419818960571064e+00
-5.140969169564470143e+00
-5.251531898671837340e+00
-5.251154388458352251e+00
-5.235103771284225438e+00
-5.242079157485247443e+00
-5.121999057100214969e+00
-5.072744198170214602e+00
-5.142061675293873257e+00
-5.137232428013954966e+00
-5.160780968981822703e+00
-5.126151564457597232e+00
-5.267091291949018483e+00
-5.234811378633404289e+00
-5.109798258903544443e+00
-5.143603318379139644e+00
-5.117899960063917675e+00
-5.557897866549341259e+00
-5.557929795475871515e+00
-5.576121191350830841e+00
-5.564543978386706335e+00
-5.579862229294233700e+00
-5.543961453754698177e+00
-5.544283416275069598e+00
-5.564789546542633580e+00
-4.735916452754145745e+00
-4.742415769055274843e+00
-5.084836363432755135e+00
-4.710762919618450617e+00
-4.677812321537587970e+00
-4.730610620555604662e+00
-4.587029505270074914e+00
-4.703964682906532246e+00
-5.680858470397014415e+00
-5.646864589161007864e+00
-5.513756707448435712e+00
-5.561004383096838311e+00
-5.538439174333876558e+00
-5.512816770508877973e+00
-5.542209150408716312e+00
-5.625669713188848675e+00
-5.689686174600069535e+00
-5.671889553710076193e+00
-5.673079983851946118e+00
-5.634556593122360901e+00
-5.651402388416038924e+00
-5.636847714278835575e+00
-5.632858822914673880e+00
-4.763082889659367325e+00
-4.761868195851568508e+00
-4.732965625891335293e+00
-4.734953661408554559e+00
-4.738511291337799136e+00
-4.724057453911960636e+00
-4.738532032038552444e+00
-4.745434803976809057e+00
-4.798051598950475061e+00
-4.802618578078515554e+00
-4.810451578155683805e+00
-4.783813229726043836e+00
-4.799194234410597559e+00
-4.731597039929352988e+00
-4.742847180908777105e+00
-4.816999512155711649e+00
-4.704150440327271809e+00
-4.820425897290633088e+00
-4.842163424508315828e+00
-4.820856341559948355e+00
-4.817940367873702279e+00
-4.750391823607676756e+00
-4.785736240447139522e+00
-4.809451700066821545e+00
-4.794699155329581686e+00
-4.776695770300475985e+00
-4.795573153023905633e+00
-4.823898912865162814e+00
-4.821268657869127061e+00
-4.805386171678436291e+00
-4.819655400138160850e+00
-4.830946379773312316e+00
-4.798975862438161322e+00
-4.815013213803046810e+00
-4.831541146119064045e+00
-4.832020200357778350e+00
-4.848773688637003865e+00
-5.091205039810590804e+00
-5.094692237872513907e+00
-5.089240835302759614e+00
-5.082517251218731325e+00
-5.087782595138969910e+00
-5.096586334004013175e+00
-5.297082909872557366e+00
-5.293472726775109827e+00
-5.288780889779488348e+00
-5.287288987595851530e+00
-5.292901849149774129e+00
-5.293321085112141944e+00
-5.288193310942893355e+00
-5.290940123520491589e+00
-5.286979132096534251e+00
-5.287752533755780249e+00
