-5.440412160763488991e+00
-5.395293699968982004e+00
-5.324692183016018987e+00
-5.133256888082337710e+00
-5.465911327003233566e+00
-5.467620389472534370e+00
-5.506409197015279311e+00
-5.484561690151449120e+00
-5.502990113229161651e+00
-5.514509802830623642e+00
-5.510624482534563384e+00
-5.472230657396057296e+00
-5.114841543857139960e+00
-5.128575993753443640e+00
-5.113987448230407296e+00
-5.126200665062096817e+00
-5.145561764232798652e+00
-5.139614272888789692e+00
-5.129226888906604387e+00
-5.129559234031966675e+00
-5.152707141805358937e+00
-5.160872414968161515e+00
-5.130165844814476017e+00
-5.402624764191749307e+00
-5.436282851574326891e+00
-5.480579739782892368e+00
-5.516310627508734576e+00
-5.067176457005762913e+00
-5.416471689420668589e+00
-5.439042633702610097e+00
-5.370993990351307090e+00
-5.332858233415119997e+00
-5.392059814041471277e+00
-5.158723304110483632e+00
-5.432424067838454107e+00
-5.449606904161051979e+00
-5.419380703952509037e+00
-5.122756865536049808e+00
-5.505605467963218480e+00
-5.552288505229451054e+00
-5.726527815817740397e+00
-5.425951953841159359e+00
-5.525689948547804597e+00
-5.701720247616488990e+00
-5.524443542435554022e+00
-5.550137864159242262e+00
-5.482997051205857453e+00
-5.533928807865742705e+00
-5.570442569997041460e+00
-5.717541477388165205e+00
-5.484637533652536590e+00
-5.474012939844923764e+00
-5.542803480181565767e+00
-5.592745654196602523e+00
-5.451422868881093287e+00
-5.484176683791018192e+00
-5.503495821940428634e+00
-5.547217662579991604e+00
-5.586223611321528004e+00
-5.665749829945696980e+00
-5.656498374336474733e+00
-5.750697562102254246e+00
-5.748926033053641582e+00
-5.651142394936798041e+00
-5.645733070732744885e+00
-5.635840871181253320e+00
-5.636025106935417917e+00
-5.646557604701186506e+00
-5.672725396972472467e+00
-5.630943934711487131e+00
-5.674291328524688538e+00
-5.631542561628485544e+00
-5.685410127584434647e+00
-5.623798633356358323e+00
-5.653301157505557839e+00
-5.753502570288598683e+00
-5.645333237420885553e+00
-5.632860147008932117e+00
-5.642432175091009583e+00
-5.656967163172748947e+00
-5.641116917176966616e+00
-5.634650465388507001e+00
-5.637686101383683202e+00
-5.628428542503452370e+00
-5.636183597016206193e+00
-5.659596814125286812e+00
-5.645193013986200548e+00
-5.663203995460730944e+00
-5.653460332626012885e+00
-5.733940699338971214e+00
-5.718879024462636629e+00
-5.736853365595607102e+00
-5.662056652276341140e+00
-5.709101071829990381e+00
-5.704571414760980730e+00
-5.717043405304337078e+00
-5.706931724628324432e+00
-5.689648639823738918e+00
-5.514947715970799358e+00
-5.582046183431515374e+00
-5.537433779645517973e+00
-5.567502301113572472e+00
-5.513429302363467954e+00
-5.548450780100647073e+00
-5.513987872859448913e+00
-5.571505746320539743e+00
-5.635375973296830487e+00
-5.525095880974484785e+00
-5.477389168736037206e+00
-5.518104950274375753e+00
-5.534199328932697171e+00
-5.505421004152393216e+00
-5.482053664680657690e+00
-5.542213055826100465e+00
-5.487774027306350888e+00
-5.545781446497109357e+00
-5.534262370593260982e+00
-5.599768777294841904e+00
-5.551711388665093061e+00
-5.546265008349955394e+00
-5.520249736056468848e+00
-5.540082041950966207e+00
-4.737343699233640848e+00
-4.662940218940175185e+00
-4.618273689718086494e+00
-4.822143390118561967e+00
-4.784135041799709498e+00
-4.742446446093696366e+00
-5.059690473649608222e+00
-5.064844757374263651e+00
-5.036664136791845436e+00
-5.095038166607968044e+00
-4.710059118839310166e+00
-4.693688748978043890e+00
-4.630186318928182665e+00
-4.694148712149487146e+00
-4.773162906970376262e+00
-4.656588408625788489e+00
-4.652789286318606443e+00
-4.627809017266760527e+00
-4.625708668362242371e+00
-4.734627780941746522e+00
-4.632932672016443654e+00
-4.617129715323343930e+00
-4.610254941118906657e+00
-4.717067315838733954e+00
-4.713325001222048449e+00
-4.745572093168072492e+00
-5.499827429672380141e+00
-5.453125748653048888e+00
-5.387503034047695927e+00
-5.515288691388388287e+00
-5.667505258974716575e+00
-5.719231157073341620e+00
-5.600454188331990935e+00
-5.148507374511837931e+00
-5.214742089964808258e+00
-5.237891358711914691e+00
-5.761597268654250037e+00
-5.775146646526741812e+00
-5.781061821681199753e+00
-5.740128775929506766e+00
-5.769580538596046360e+00
-5.544532438927205042e+00
-5.521714921659194530e+00
-5.550272220644378862e+00
-5.527467044727077727e+00
-5.545762868340710305e+00
-5.666563934099956512e+00
-5.734385865324962417e+00
-5.291648029114395690e+00
-5.237526229135831990e+00
-5.277187913369522754e+00
-5.300521144622993397e+00
-5.328605248612541700e+00
-5.518486083915902007e+00
-5.300419055109673039e+00
-5.338855267434738927e+00
-5.348537757686966820e+00
-5.341727945008527101e+00
-5.336860187598277072e+00
-5.306845397799340169e+00
-5.321871822659067774e+00
-5.304462864849308623e+00
-5.315278672294884821e+00
-4.718856369028490150e+00
-4.735654235688180336e+00
-4.712294552156244265e+00
-4.720592711215835457e+00
-4.731766789889618963e+00
-4.726034135847261730e+00
-4.710175018673741221e+00
-4.723743713496957319e+00
-4.736100573663975410e+00
-4.718851959803881613e+00
-4.732323518414815133e+00
-4.693843703402643897e+00
-4.688242061232640090e+00
-4.714989582039256888e+00
-4.692530494947232178e+00
-4.700656268531978377e+00
-4.687609669663204137e+00
-4.681554814163121137e+00
-4.692764707039054350e+00
-5.197875052399545837e+00
-5.128415713522598729e+00
-5.136304226467909295e+00
-5.122235179256687587e+00
-5.160304575651313286e+00
-5.167513967061674762e+00
-5.187470908585002149e+00
-5.155222161392088331e+00
-5.163825044277686516e+00
-5.387267480520562479e+00
-5.342293159570610683e+00
-5.328550623043100565e+00
-5.328310813545528823e+00
-5.284460848918555165e+00
-5.402675513971114896e+00
-5.387903718705569389e+00
-5.325217664412757124e+00
-5.293530183662500832e+00
-5.100898465720140607e+00
-5.263879289852798848e+00
-5.235358515221899545e+00
-5.345110711628649369e+00
-5.305276446226633524e+00
-4.878557198011619356e+00
-4.855088334191517419e+00
-4.856200638627222510e+00
-4.864533674955955789e+00
-4.868637573352950554e+00
-4.776628220382404422e+00
-4.708293259411687082e+00
-4.730908299646604753e+00
-4.878860492038712415e+00
-4.875458690804651773e+00
-4.957129869033640723e+00
-5.267460389874162097e+00
-4.917748930044961497e+00
-5.274341039859993252e+00
-5.281628709967280955e+00
-5.201867566552938804e+00
-5.157917972423040176e+00
-4.910507477794479492e+00
-5.201561949202498703e+00
-4.961927090990674749e+00
-5.344323491287283012e+00
-4.954165006352038603e+00
-4.901345195712154101e+00
-5.314077351502170643e+00
-4.943901898380485882e+00
-4.936646165272451370e+00
-4.963754070515784989e+00
-5.249538538140955168e+00
-5.238075632406572701e+00
-5.248841625783534859e+00
-5.223354449668017097e+00
-5.140976847028108310e+00
-5.252332687174867232e+00
-5.254036796436150958e+00
-5.239867255844707472e+00
-5.245556691953658479e+00
-5.119735124876000576e+00
-5.071612115535424792e+00
-5.137814059024446323e+00
-5.138061729096778052e+00
-5.154978809067634060e+00
-5.127100369703342153e+00
-5.261424337524487349e+00
-5.238818972743894520e+00
-5.113160548080966095e+00
-5.142917715105571830e+00
-5.113307681164919849e+00
-5.559967912379721433e+00
-5.559004711770144880e+00
-5.574868666433943964e+00
-5.561459713891205858e+00
-5.576745612397641771e+00
-5.561266970467444004e+00
-5.543376995402364393e+00
-5.564239881066317395e+00
-4.739975423552333922e+00
-4.755343002268640262e+00
-5.084392713060101876e+00
-4.720955138282044494e+00
-4.687919840687278850e+00
-4.747115158724461992e+00
-4.642233630764952323e+00
-4.698612513951516689e+00
-5.680427922144398067e+00
-5.646215439093257515e+00
-5.512267464684746265e+00
-5.564719553338432156e+00
-5.543087034074084762e+00
-5.513144399023124365e+00
-5.543697408608347033e+00
-5.627815858464212617e+00
-5.691345682599507683e+00
-5.671631033715263115e+00
-5.672660250167014695e+00
-5.635091804924332592e+00
-5.650629797061105464e+00
-5.636678966815392933e+00
-5.641746413584774800e+00
-4.766893578842944734e+00
-4.759297989280582009e+00
-4.727878942591056344e+00
-4.735740522456502788e+00
-4.740280757262993916e+00
-4.728164934739708336e+00
-4.737841841750043415e+00
-4.745177619672887204e+00
-4.780776501162988801e+00
-4.793786581462649465e+00
-4.801096587522835080e+00
-4.781247705448238072e+00
-4.790727097511089383e+00
-4.728949675399075403e+00
-4.747059128032218744e+00
-4.827584151042494831e+00
-4.706993276759374289e+00
-4.820041817488044167e+00
-4.842854108615139985e+00
-4.807658548216561023e+00
-4.820192129025035577e+00
-4.755245896537573458e+00
-4.783359175234246585e+00
-4.810293280807703908e+00
-4.792599246114457756e+00
-4.774887108659322088e+00
-4.799074118553447121e+00
-4.821960691501416818e+00
-4.826546000582180085e+00
-4.807250607427835831e+00
-4.820743861915196327e+00
-4.833455528844058158e+00
-4.797317386329734923e+00
-4.814037598346673441e+00
-4.825079411128674778e+00
-4.826274506508229756e+00
-4.851145935525301489e+00
-5.075885428486839324e+00
-5.082469648596874556e+00
-5.074268304809185004e+00
-5.068666552866941899e+00
-5.070068630505273788e+00
-5.087503358296131317e+00
-5.300051480847163710e+00
-5.296111001130917373e+00
-5.293761319110810604e+00
-5.289642951682268723e+00
-5.296607445944967907e+00
-5.296873432766949996e+00
-5.292786686493689885e+00
-5.293544504975752574e+00
-5.289743020908168170e+00
-5.290799508542034957e+00
