-5.430139133402681395e+00
-5.386580597103374224e+00
-5.321289683054448716e+00
-5.132405875280047880e+00
-5.459358144947347391e+00
-5.467342405562250818e+00
-5.501632946483059783e+00
-5.481886956022869128e+00
-5.502711524903207696e+00
-5.510721296611753139e+00
-5.510255582385464201e+00
-5.468878116211318918e+00
-5.106920011820927030e+00
-5.117951418628925886e+00
-5.107986430301530767e+00
-5.127935061517066018e+00
-5.125239570100581510e+00
-5.125426542701784882e+00
-5.115532439960476907e+00
-5.106273676217323754e+00
-5.153883666040410816e+00
-5.143261720589440422e+00
-5.089780162338425562e+00
-5.405572019413214413e+00
-5.432256845078503815e+00
-5.471182994459149462e+00
-5.510690991149864715e+00
-5.033853312116232104e+00
-5.402436970051158305e+00
-5.429358972048667908e+00
-5.362313279497183949e+00
-5.347658226583176244e+00
-5.388769889177985384e+00
-5.143220418301520880e+00
-5.423875036773790015e+00
-5.441376816724725174e+00
-5.411297757396470232e+00
-5.096853848537026721e+00
-5.529874320027571066e+00
-5.568980884192265002e+00
-5.736475228013627969e+00
-5.434904992658854184e+00
-5.535606762045557794e+00
-5.712081136683683447e+00
-5.539463716107471569e+00
-5.558923003165259225e+00
-5.490891768645677296e+00
-5.547767362710341210e+00
-5.575414287098321431e+00
-5.728375487670567701e+00
-5.496096695718961200e+00
-5.487834359408904739e+00
-5.553365962151700863e+00
-5.601171204146199400e+00
-5.457238725345137098e+00
-5.493961567332918960e+00
-5.524347490739859978e+00
-5.557944295650759869e+00
-5.594912558079161435e+00
-5.678331135083650949e+00
-5.674777789356685531e+00
-5.764558440969356212e+00
-5.763503226621045528e+00
-5.663458460895507862e+00
-5.656690199279062803e+00
-5.653646969068531369e+00
-5.650630592444751521e+00
-5.660296882629984871e+00
-5.685621115862466546e+00
-5.673581426037349829e+00
-5.687530382773267057e+00
-5.647700093525891418e+00
-5.700399473480521451e+00
-5.636561194860308710e+00
-5.664355810410746095e+00
-5.766792205159038787e+00
-5.658693074138646750e+00
-5.644167434873746281e+00
-5.653948230296215627e+00
-5.669617558220479303e+00
-5.657290162392596855e+00
-5.647212074165042672e+00
-5.650439879351960570e+00
-5.639573663889867028e+00
-5.651985227387278599e+00
-5.676642678878374149e+00
-5.663387996398751234e+00
-5.679074624023352058e+00
-5.670360486115614052e+00
-5.747011226395775552e+00
-5.731140444209287033e+00
-5.747882400589787721e+00
-5.670552930435717620e+00
-5.719672730008755757e+00
-5.714149292131888380e+00
-5.727990679356293136e+00
-5.716850572533449970e+00
-5.701519257740986113e+00
-5.533291387540621997e+00
-5.599330313540602511e+00
-5.553949295848581436e+00
-5.587747405938972456e+00
-5.532193140262133824e+00
-5.566404463782718359e+00
-5.533682108092489393e+00
-5.592795765581981549e+00
-5.648742490975235953e+00
-5.558388688472954087e+00
-5.508936840902091348e+00
-5.547849937237507412e+00
-5.571179271597257454e+00
-5.517722148875699339e+00
-5.507560178005924456e+00
-5.568853424081900982e+00
-5.505149922856618083e+00
-5.565332239002079184e+00
-5.558608135073471068e+00
-5.617543713897626745e+00
-5.570281010499696706e+00
-5.562529546337855457e+00
-5.544689024358167906e+00
-5.558359969627896469e+00
-4.748246941358308604e+00
-4.661492901215328999e+00
-4.667210129646282901e+00
-4.824621790970827107e+00
-4.775459828091912051e+00
-4.715884235972299443e+00
-5.040726951199333783e+00
-5.056791729363565580e+00
-5.016206584079418107e+00
-5.079466277747889613e+00
-5.237863836156742892e+00
-5.172678569414722816e+00
-5.114753936564853554e+00
-4.755373755081318876e+00
-4.825606684575888927e+00
-4.641927947384607123e+00
-4.635988897154245336e+00
-4.608243513403471603e+00
-4.606805510490897149e+00
-4.740830783345789001e+00
-4.639553777928146161e+00
-4.622356701841868087e+00
-4.616199883220264866e+00
-4.707684707544490976e+00
-4.708049480738217163e+00
-4.776548970530059890e+00
-5.489385033569545769e+00
-5.441336556392836421e+00
-5.375110596026971166e+00
-5.508451037002909167e+00
-5.679505400837975060e+00
-5.727443427126545750e+00
-5.608491037906953913e+00
-5.121071524728414204e+00
-5.200290651911485540e+00
-5.200217043677897166e+00
-5.772742908653551552e+00
-5.786766770253870540e+00
-5.786721737040651625e+00
-5.750141686080638692e+00
-5.781251523629814315e+00
-5.540108374852565909e+00
-5.514149480978701057e+00
-5.544989989391262419e+00
-5.522496625135866921e+00
-5.544484773573628011e+00
-5.675634256441952630e+00
-5.746979023407679854e+00
-5.265697302972581539e+00
-5.214538806001967508e+00
-5.256473073160115028e+00
-5.283583870424308770e+00
-5.309028460326403298e+00
-5.513500764218729699e+00
-5.273526708125642948e+00
-5.319796386079083561e+00
-5.328435897774460805e+00
-5.321536401339425737e+00
-5.318524839854594788e+00
-5.298257599479883950e+00
-5.308574777851280402e+00
-5.293541678623089553e+00
-5.300706672203903125e+00
-4.732016181950328360e+00
-4.735577247128498257e+00
-4.720247117895448596e+00
-4.726904313449565187e+00
-4.729862064013392597e+00
-4.719846444520954698e+00
-4.715961122896890956e+00
-4.735901771427630358e+00
-4.741085866676603366e+00
-4.719513764842147019e+00
-4.718421648421722736e+00
-4.692066010314254854e+00
-4.683352693090898633e+00
-4.704013157162822978e+00
-4.670869917027360430e+00
-4.678257508114454843e+00
-4.668730746808937404e+00
-4.661695664566815722e+00
-4.683076471554844744e+00
-5.186759370204758746e+00
-5.203055040292873912e+00
-5.210469931915834962e+00
-5.202142072582067733e+00
-5.234631479678991894e+00
-5.160174701009126785e+00
-5.247205638633493763e+00
-5.236781117744188307e+00
-5.169433450049544021e+00
-5.375190204664783700e+00
-5.331633943687029031e+00
-5.318090219095836346e+00
-5.319211548400805789e+00
-5.256741463993119368e+00
-5.395579434215293624e+00
-5.382512879904190584e+00
-5.311031563630764118e+00
-5.327889886167127109e+00
-5.147375490433888423e+00
-5.285992314933204206e+00
-5.266374808889020542e+00
-5.362152024215281365e+00
-5.316596359483107825e+00
-4.890057336105378738e+00
-4.849940476255317989e+00
-4.843918331151609635e+00
-4.917160738681173981e+00
-4.882912384200349010e+00
-4.871580185109783301e+00
-4.778950779151041495e+00
-4.781977185184882906e+00
-4.921373639972347114e+00
-4.913727951519387460e+00
-4.967938152216615499e+00
-5.247104872582332824e+00
-4.908679948659808723e+00
-5.257156670692132217e+00
-5.265329553007911834e+00
-5.197655371024326065e+00
-5.121516450425961153e+00
-4.898263551814042494e+00
-5.213586157397693377e+00
-4.966728618258740013e+00
-5.335595727753404738e+00
-4.943708483878623383e+00
-4.892975904290124411e+00
-5.301307172820489022e+00
-4.936364190435665655e+00
-4.930581778631876411e+00
-4.970248962141159410e+00
-5.228545284678461691e+00
-5.231146962765037323e+00
-5.230157781639042547e+00
-5.220710986464284886e+00
-5.101785554312255222e+00
-5.238593521190169966e+00
-5.227399470767893241e+00
-5.217827228483701063e+00
-5.255089352092972454e+00
-5.103606355429370467e+00
-5.072505065251309730e+00
-5.140217641534272630e+00
-5.124731494162939605e+00
-5.138434468978256398e+00
-5.108221141850287417e+00
-5.263850486070016821e+00
-5.255320047476951473e+00
-5.086788474840763463e+00
-5.122613481085952714e+00
-5.099736265103230970e+00
-5.606402327248294348e+00
-5.621453849088612564e+00
-5.597614352506921520e+00
-5.582016852013373054e+00
-5.636732454780045032e+00
-5.622829895875534945e+00
-5.611423773417088867e+00
-5.586350737279984990e+00
-4.717728671412872110e+00
-4.806408986028369412e+00
-5.062423454426913771e+00
-4.718515875597724119e+00
-5.241834193931897090e+00
-5.204461915442951891e+00
-5.587308394950497359e+00
-5.210558442991438888e+00
-5.711154167116376357e+00
-5.678705528570463734e+00
-5.518512244549399703e+00
-5.599257366220344423e+00
-5.549947637114564181e+00
-5.552527805680591122e+00
-5.574980605767311026e+00
-5.627137690707241013e+00
-5.702109243015677009e+00
-5.682514759131296778e+00
-5.682771248048928747e+00
-5.644796303682492855e+00
-5.660361586328555461e+00
-5.643518273805686825e+00
-5.693519097929891082e+00
-4.781045034597646293e+00
-4.753561562553316300e+00
-4.736631760722191054e+00
-4.729447759371288917e+00
-4.736750930409922233e+00
-4.740894397526705717e+00
-4.747417514528462945e+00
-4.744890655084071263e+00
-4.815891145470141410e+00
-4.848846736823833936e+00
-4.830065959221891525e+00
-4.824967875829148767e+00
-4.832942913207448399e+00
-4.743321788718126264e+00
-4.744186271955888934e+00
-4.826954629838930089e+00
-4.694454882355021397e+00
-4.819266264590582161e+00
-4.853197144538474284e+00
-4.845839001801681256e+00
-4.843789791075861828e+00
-4.743866527258190580e+00
-4.775853650457402289e+00
-4.828704666090462894e+00
-4.802818452104784974e+00
-4.776426526325492361e+00
-4.793327118323596814e+00
-4.805539030942772349e+00
-4.856227322616640585e+00
-4.805325351043149951e+00
-4.836398335427794848e+00
-4.824671980083886424e+00
-4.794101577085144505e+00
-4.803323851769001784e+00
-4.831230681869135068e+00
-4.806230500290639363e+00
-4.875796659989902082e+00
-5.119162350834009167e+00
-5.123318175941276031e+00
-5.112848657431338317e+00
-5.106237551810499653e+00
-5.104853493594972313e+00
-5.121024242036335217e+00
-5.285652763401404997e+00
-5.283625783169868306e+00
-5.275316677685798261e+00
-5.273460759127547526e+00
-5.282277475822079182e+00
-5.282056593578262849e+00
-5.278188971303389820e+00
-5.273983401732781573e+00
-5.276298120963668126e+00
-5.277923073973244783e+00
