-5.442078678441875539e+00
-5.396071691584181984e+00
-5.327253198633881581e+00
-5.136561197179628557e+00
-5.469196357826479726e+00
-5.470047052018228051e+00
-5.510521939064765284e+00
-5.488460801962440350e+00
-5.506275781880281883e+00
-5.518224940951113489e+00
-5.513416700343038102e+00
-5.475948964732794799e+00
-5.120783110505323421e+00
-5.132102576148405149e+00
-5.126342866755117633e+00
-5.133011224263205996e+00
-5.151471651730958001e+00
-5.144537111390899753e+00
-5.136767326446567417e+00
-5.133922821082010479e+00
-5.157736722396686346e+00
-5.167214094356215703e+00
-5.136266089787880240e+00
-5.404576819756198525e+00
-5.438516190552517671e+00
-5.482610194594499831e+00
-5.520022927042055549e+00
-5.059683153758720131e+00
-5.417946968735550151e+00
-5.440193708755923119e+00
-5.372823879022035953e+00
-5.334708011469417421e+00
-5.395071828638267952e+00
-5.163432306610613587e+00
-5.435573402023423206e+00
-5.452774579897674556e+00
-5.422217312036169190e+00
-5.132513417044169302e+00
-5.506202049569749235e+00
-5.551432151302975626e+00
-5.725852917218156257e+00
-5.426145974873326949e+00
-5.526585520620112213e+00
-5.701141330446772848e+00
-5.524143994230189314e+00
-5.550160098634925987e+00
-5.483240326669533538e+00
-5.533993986170618662e+00
-5.570302741059550478e+00
-5.717133000046245250e+00
-5.485786886958317510e+00
-5.474428169145215683e+00
-5.543267957985882788e+00
-5.592646307456917043e+00
-5.451212256674274670e+00
-5.484968324334339229e+00
-5.503125044854329850e+00
-5.546971946729379432e+00
-5.586153816981091147e+00
-5.667515255200745727e+00
-5.659119609482564428e+00
-5.751953131039678091e+00
-5.750254081900258107e+00
-5.653823034685241389e+00
-5.646848246219251521e+00
-5.638183144980554395e+00
-5.637875654380150259e+00
-5.648638627567189374e+00
-5.673284043337175397e+00
-5.636982408449585868e+00
-5.676522248837957640e+00
-5.634187918209994983e+00
-5.687256736865592188e+00
-5.625816026891693689e+00
-5.655388925853136683e+00
-5.754640486806707145e+00
-5.647097826450834468e+00
-5.634651674146732070e+00
-5.643589520698567341e+00
-5.658268859238576809e+00
-5.641867825097879319e+00
-5.635967302267165913e+00
-5.640092560941206479e+00
-5.629359657996554134e+00
-5.639359956650967121e+00
-5.661857848421115058e+00
-5.647439572776251637e+00
-5.666773055785737867e+00
-5.657010351553190652e+00
-5.731360619356113517e+00
-5.718018855924717592e+00
-5.736502262407459085e+00
-5.659274111234737781e+00
-5.708653186744656161e+00
-5.703575421712800519e+00
-5.716944345146642625e+00
-5.706509183246041061e+00
-5.688349698722372949e+00
-5.515160131459155402e+00
-5.580013943946262600e+00
-5.536585909727911314e+00
-5.567183562427868715e+00
-5.514173966349057210e+00
-5.548063497385959941e+00
-5.516853801010785929e+00
-5.570894309298084934e+00
-5.634621710585326682e+00
-5.519067033192209593e+00
-5.470308121248762312e+00
-5.511053562914660198e+00
-5.530415705682478311e+00
-5.505206234920229313e+00
-5.481199690087327880e+00
-5.540334973802861107e+00
-5.485860921058250739e+00
-5.546259031459138455e+00
-5.534848998897166084e+00
-5.599480994510670939e+00
-5.550738110076961718e+00
-5.545908826502099487e+00
-5.518129250616152781e+00
-5.539417912076062045e+00
-4.749549003468178654e+00
-4.674223107412953659e+00
-4.633910291288106720e+00
-4.830198268824724472e+00
-4.794354061640927256e+00
-4.753608753048892410e+00
-5.061299279853574085e+00
-5.068489065768797985e+00
-5.039809378685770724e+00
-5.100899432105588716e+00
-4.736136111706453988e+00
-4.706944633322386551e+00
-4.624662664370689846e+00
-4.707481998161541448e+00
-4.787867534331621044e+00
-4.662971871683046388e+00
-4.660247736879018277e+00
-4.633060138277286022e+00
-4.628934358259003012e+00
-4.740459293307025312e+00
-4.641099662958949601e+00
-4.630607590357656456e+00
-4.617263752715903280e+00
-4.725576067880199460e+00
-4.719983835827529006e+00
-4.746397057134547737e+00
-5.501843797057110130e+00
-5.452547323918834898e+00
-5.388530925033632180e+00
-5.517345612719785741e+00
-5.669473591741901686e+00
-5.719817653876210883e+00
-5.600926147362494945e+00
-5.149291378907404848e+00
-5.218791301183165920e+00
-5.240639586742634748e+00
-5.760039861230946912e+00
-5.774585481771907780e+00
-5.781207177355873306e+00
-5.737209913756670332e+00
-5.770118595723991106e+00
-5.547564130950490835e+00
-5.523783552365538974e+00
-5.553247200225447600e+00
-5.529683312191482791e+00
-5.548614638099446772e+00
-5.667443368019783101e+00
-5.736322965552412612e+00
-5.294755601588915006e+00
-5.240310992670659473e+00
-5.276007228616639289e+00
-5.306693729372311985e+00
-5.334568000156252765e+00
-5.520106730023097263e+00
-5.304908369899795417e+00
-5.345332779552096625e+00
-5.355154740289429505e+00
-5.347603075358278168e+00
-5.343062892498060990e+00
-5.311575496626151249e+00
-5.323488331212615776e+00
-5.308086456900245054e+00
-5.318643316968877599e+00
-4.725330318099593363e+00
-4.737990085786321970e+00
-4.719172206570638295e+00
-4.727174890606504754e+00
-4.736579401702143421e+00
-4.728570429023077004e+00
-4.716732150188139627e+00
-4.732598101897592002e+00
-4.739403646034445750e+00
-4.726640471382430597e+00
-4.740861720079795560e+00
-4.701882410658103417e+00
-4.693613640401159692e+00
-4.719094919466211735e+00
-4.696822699669053414e+00
-4.706973216684650296e+00
-4.691254272555474891e+00
-4.689060731590689812e+00
-4.698578113918340904e+00
-5.200862325930560637e+00
-5.141131305109715832e+00
-5.152462371193791135e+00
-5.137748231234375851e+00
-5.174937175682003065e+00
-5.172740831022989205e+00
-5.194753992509061113e+00
-5.168751925954746085e+00
-5.165301663068852633e+00
-5.388559397484643299e+00
-5.343872393063181292e+00
-5.331330467494833414e+00
-5.331543091617300334e+00
-5.290443449946850230e+00
-5.403917976871895235e+00
-5.389325886499684692e+00
-5.328732243672474667e+00
-5.294773442751893988e+00
-5.105678384798352454e+00
-5.267258236569072771e+00
-5.241285756190386280e+00
-5.347460085786602590e+00
-5.307651329343749502e+00
-4.883442965742613495e+00
-4.856189301368377009e+00
-4.859693003737382888e+00
-4.872476475455894906e+00
-4.874019633484154568e+00
-4.777993424355341467e+00
-4.723763133106917422e+00
-4.729749977053968379e+00
-4.881629213662347588e+00
-4.874420235502783250e+00
-4.956486380921270474e+00
-5.269060991493327073e+00
-4.927079461237469538e+00
-5.276787728107841247e+00
-5.283883851046539348e+00
-5.212870554726909411e+00
-5.162292544800655136e+00
-4.914866883499763972e+00
-5.209999841253048380e+00
-4.967001403679438987e+00
-5.347626258809299316e+00
-4.954269792681269102e+00
-4.902637008496014026e+00
-5.318004462440764080e+00
-4.946090017854256615e+00
-4.937796416485300099e+00
-4.965956660441830373e+00
-5.254467042577228852e+00
-5.244185101873565458e+00
-5.254032924161802676e+00
-5.229571524917418834e+00
-5.142832088493516807e+00
-5.253529968044524878e+00
-5.252976281258609603e+00
-5.236705633030469542e+00
-5.243691409986827701e+00
-5.122911178285525224e+00
-5.083221972711756464e+00
-5.142548319505879206e+00
-5.140680333321069106e+00
-5.165461425478607538e+00
-5.131221149866034281e+00
-5.265568295433864066e+00
-5.240104689972513441e+00
-5.118320528936539660e+00
-5.149955763674896048e+00
-5.121943238908534646e+00
-5.560202086426216717e+00
-5.559566673165579509e+00
-5.572113573945173037e+00
-5.561151797481346470e+00
-5.573787767237002200e+00
-5.567177027816752499e+00
-5.542464293336388792e+00
-5.562228741547694533e+00
-4.749083594965131994e+00
-4.761329005796724800e+00
-5.088190397175512913e+00
-4.732050508652665854e+00
-4.698149292048494630e+00
-4.749554644944395498e+00
-4.685941245464995575e+00
-4.712236993584074440e+00
-5.677548114090847697e+00
-5.643950018222755105e+00
-5.513687008866749117e+00
-5.563685754474666290e+00
-5.541583409056431542e+00
-5.509137537618438607e+00
-5.539226320557133931e+00
-5.625465627626932807e+00
-5.693062982031875663e+00
-5.674974026636859570e+00
-5.675848563609973141e+00
-5.636776010860930164e+00
-5.651395012898993819e+00
-5.638911227326278919e+00
-5.641876587946255128e+00
-4.767979885601133283e+00
-4.768462272616948994e+00
-4.737025340707845977e+00
-4.742809046408940077e+00
-4.747920295030329640e+00
-4.731107046041106656e+00
-4.742302837858964892e+00
-4.750639133257634761e+00
-4.792219878019007062e+00
-4.798786109634540331e+00
-4.817598923996934346e+00
-4.789313729569695255e+00
-4.798874526790385175e+00
-4.739423455113335848e+00
-4.752204039767580213e+00
-4.829932896093442452e+00
-4.707168728063125585e+00
-4.827044290817067207e+00
-4.844776003634184036e+00
-4.817501576837476485e+00
-4.821883843599436226e+00
-4.761849253995783293e+00
-4.794152004882601403e+00
-4.812612761190070643e+00
-4.796694622787814666e+00
-4.780665186194349658e+00
-4.806365152469660451e+00
-4.828345417611063617e+00
-4.830271584421274689e+00
-4.816242800662946522e+00
-4.835237776722532743e+00
-4.837458153946278649e+00
-4.807020608766300107e+00
-4.817525960525880002e+00
-4.832976870959017290e+00
-4.832415787551803454e+00
-4.861396343149331223e+00
-5.063092585892295716e+00
-5.070159482192471145e+00
-5.056672870702502820e+00
-5.049544606553308945e+00
-5.055986076993444378e+00
-5.073991144587479241e+00
-5.292808720096506825e+00
-5.290516872841640073e+00
-5.284949420236791262e+00
-5.283872722330813509e+00
-5.289723776508520992e+00
-5.288103803818206217e+00
-5.286979225205545418e+00
-5.287780687268095470e+00
-5.283535592946968507e+00
-5.283171784977671592e+00
