1.205206301570895562e+02
1.103879645384985366e+02
1.231479086678646979e+02
9.392595851697915066e+01
1.065577087864970167e+02
9.523363793428320889e+01
1.045236494974532633e+02
1.072531746680178344e+02
1.103032334214230019e+02
1.085028474148587776e+02
1.096219500543952421e+02
1.188100711149600386e+02
8.035329038985999262e+01
1.136922063975032131e+02
1.166121543141434813e+02
1.323317728366321830e+02
1.219684182987376886e+02
9.324298707974223532e+01
9.935005176266155047e+01
1.147094391969304183e+02
9.702949746179237422e+01
1.279522679548031618e+02
1.014566862550119879e+02
1.113983036432841374e+02
1.094543679392349134e+02
1.154245651902756435e+02
1.095939179412491740e+02
1.109299957697594010e+02
1.052124498522806562e+02
1.056709756407816769e+02
1.101802224212170245e+02
1.119376721780405148e+02
1.035974542167007399e+02
1.048046387363279592e+02
1.243386396094988413e+02
1.138638624935293819e+02
7.829725065223354363e+01
9.654522644341345483e+01
1.210249948414195842e+02
1.094282815952195023e+02
1.102063244205488814e+02
9.583829645928463492e+01
1.145653807722753612e+02
1.018249599244237800e+02
1.230240519940807786e+02
1.161081882864519201e+02
1.150703697330694837e+02
9.396069770054334924e+01
9.885199955265453298e+01
1.034786815989293132e+02
1.217965776168368137e+02
1.217103721272644066e+02
1.167892454222738223e+02
9.518965804848191681e+01
9.376006769540448715e+01
1.152915350913705055e+02
1.124973024473764269e+02
1.057016085335583426e+02
1.114290420183395867e+02
1.156888221868567257e+02
1.062184049988522219e+02
1.196255098819817420e+02
1.058902311337480313e+02
1.148385123954481628e+02
1.005885207142429891e+02
1.076736672951431046e+02
1.147415869542576701e+02
1.107965104472585693e+02
1.154760257421711174e+02
1.153738109371008989e+02
1.081974959074930638e+02
1.053241979373223245e+02
1.081947766078964861e+02
1.117903048758320210e+02
1.076619109469141762e+02
1.135211872255444092e+02
1.294049619783011167e+02
1.015612696790817466e+02
1.077486856076602919e+02
1.082919269105288151e+02
1.047104649925798157e+02
1.021445408678310400e+02
1.167350695859750971e+02
1.144258412576054837e+02
1.111150981002435429e+02
1.252529773448834618e+02
1.020457146996528195e+02
1.104400758446473958e+02
9.938324697377596806e+01
9.844371389663882610e+01
1.228044029303740956e+02
1.114981276301010240e+02
1.187228270835039154e+02
1.064073341610604615e+02
1.053866008426882956e+02
1.104068541046050456e+02
1.077213131114983611e+02
1.223401166443759536e+02
1.092290363290091193e+02
1.010633992946351327e+02
1.078257010888339380e+02
1.036643154567638589e+02
1.087695524289708260e+02
1.158973370713802211e+02
1.086883723999553837e+02
1.116443456428756491e+02
1.061134284215670505e+02
1.182135868488046100e+02
1.139953937689476078e+02
1.107367267578220833e+02
1.127470540796778806e+02
1.036280713271679161e+02
1.056738678434247873e+02
1.069998614990070109e+02
1.233193002669375602e+02
1.023485151328171696e+02
1.170515482353156074e+02
1.032067356244890419e+02
1.194879610530049945e+02
9.085733670888480162e+01
1.119862000610407193e+02
1.093747592266748541e+02
1.024915565333824077e+02
9.870404907983517262e+01
1.142434921460391593e+02
1.053809311422078707e+02
1.128859419452307975e+02
1.207918135588486876e+02
1.167812066068391204e+02
9.198222414521166002e+01
1.026853874714717278e+02
1.146442098158020713e+02
1.019686442465934988e+02
1.286386139425073623e+02
1.069141674733210294e+02
1.272470116835130938e+02
1.007834938341644175e+02
8.986346803738517508e+01
1.244537115189845053e+02
1.099464907127416353e+02
1.076300380408824395e+02
1.060478082448151582e+02
1.104253817787649012e+02
1.025537088069256555e+02
1.183306649814335998e+02
1.070913577120547586e+02
1.253465955886201471e+02
1.113309466307428721e+02
8.783484387966741735e+01
1.033046401369055900e+02
1.099545301394891510e+02
1.199955668119448120e+02
1.073168422495432850e+02
1.176492244815271420e+02
1.136380382425789293e+02
1.048358082267653657e+02
1.239739262073771329e+02
1.158112410937887518e+02
1.136226181881600041e+02
1.168354400974400278e+02
1.188980324775498190e+02
1.099803136895023812e+02
9.534524091271705970e+01
1.081266264069650020e+02
1.063014054130361359e+02
1.082480086063882396e+02
1.022074566258371533e+02
1.131937731257192752e+02
1.053019239914083158e+02
1.198832210481922544e+02
1.199037607677797013e+02
1.075241657616053459e+02
9.959563254998191439e+01
1.023479943202407014e+02
1.122848808823279825e+02
1.191997973982496006e+02
9.837875160734593294e+01
1.255171479302339748e+02
9.796071262362326593e+01
1.159403723202662633e+02
1.186829496865740765e+02
1.161191231240155446e+02
9.408033776039037832e+01
1.113385760826557060e+02
1.052479872380200590e+02
1.087685841759598446e+02
1.042629494439399167e+02
1.106070796198766004e+02
1.183552051037745656e+02
1.090144927251520386e+02
1.082436429536588776e+02
1.284985483118094294e+02
1.016536656105050724e+02
9.567650655221387979e+01
1.004431897279674502e+02
1.182904308616479483e+02
1.100019917321584870e+02
1.251226192329918376e+02
1.036448175980319348e+02
1.039126610109788089e+02
1.276273691392509022e+02
1.103267132937762938e+02
1.145265512836088675e+02
1.141516732105669405e+02
1.018170563423232835e+02
1.175875722873219331e+02
9.765452069467059459e+01
1.116983113705474437e+02
1.115525898372322615e+02
1.071227988751994786e+02
1.021359208071348235e+02
1.046922401580323765e+02
1.040327373409120213e+02
1.152445707602840486e+02
1.220710656166586148e+02
1.077645080975156731e+02
9.347591304733836637e+01
1.083832949698858812e+02
1.055236600496913013e+02
1.217041254811403093e+02
1.161194531786740782e+02
1.188515395080048052e+02
1.133664265892389409e+02
1.070371941817542165e+02
1.068091300597800739e+02
1.008291737336176084e+02
1.089378625657182766e+02
9.947373695760541068e+01
1.182664309203138799e+02
1.141097316074005903e+02
1.022025727117360532e+02
1.261016472974349512e+02
9.747608263045002275e+01
1.212765622089450517e+02
1.103907479608239157e+02
9.835757112219394571e+01
9.790492490621829802e+01
1.121754019785153815e+02
1.180704509756794067e+02
1.102898065299087165e+02
1.096314105274911981e+02
1.053492741797696368e+02
1.027230395562845757e+02
1.140576869261347071e+02
1.148330952297027210e+02
1.226057846611731179e+02
9.805254079773125397e+01
1.111900821837961075e+02
1.018113158828285520e+02
1.023547960876836953e+02
1.383805679216714282e+02
1.038883357565616734e+02
1.126765255236801551e+02
1.174022712823688011e+02
1.169993889511799381e+02
1.121700071882410867e+02
9.364920837337089665e+01
1.010969546032735593e+02
1.093717436117980242e+02
1.122103317871071653e+02
1.160287395775642096e+02
1.218652855160591741e+02
9.972897183681644151e+01
9.665720059707101086e+01
1.000193594872655751e+02
1.259685573090524571e+02
1.106103217876582647e+02
1.121401187912432107e+02
1.048186751629548183e+02
1.018370836664237231e+02
9.880488933502223858e+01
1.253092124712694044e+02
9.478507209673770717e+01
1.151915112993104486e+02
1.004017363877101303e+02
1.176672326152824866e+02
1.037047863731135919e+02
1.129730923392787787e+02
1.140289407831713504e+02
1.160014915190891429e+02
1.013519177421284638e+02
1.083519383502635236e+02
1.175320911779639630e+02
1.050955000627985214e+02
1.101430048424082884e+02
1.065617248269862927e+02
1.062045680090317603e+02
1.184462873018593854e+02
1.101694544031228702e+02
9.742796295817940688e+01
1.209487104506598172e+02
1.123973489890251471e+02
9.831348292429142077e+01
1.171847125500472515e+02
1.096256463801625358e+02
1.134044068627314772e+02
1.134798449924111310e+02
1.004311604503145929e+02
1.141272791971808260e+02
1.073533379468085229e+02
1.066572600470344128e+02
1.028303411917561903e+02
1.127020601747385768e+02
1.064088605927624940e+02
1.040547124218903434e+02
1.105569830856543376e+02
1.191245648641640287e+02
1.141291368296930671e+02
1.001218414384443207e+02
1.171022592185399986e+02
1.190626518210540041e+02
1.032001540267253716e+02
1.034907462533318210e+02
1.193572302109367200e+02
8.944516801111900861e+01
1.320727604778804505e+02
1.059543621299413587e+02
9.577887212926204086e+01
9.390016909489894203e+01
1.210611141027110023e+02
1.226630320617480123e+02
1.074230878878608877e+02
1.027581420426318317e+02
1.152505933209437217e+02
9.333458664617450040e+01
1.139204079953254762e+02
9.169469520094517634e+01
1.000975061254403897e+02
1.220825379043397305e+02
1.127884578408570633e+02
1.144594290303994484e+02
1.134019017149947359e+02
1.099008815457054169e+02
1.191395809968965551e+02
1.025974820737683473e+02
1.148758252024097430e+02
1.165108757614879522e+02
9.229019168812914131e+01
9.953782481653318825e+01
1.035009552274290598e+02
1.071795129965768893e+02
1.051867854283057682e+02
1.072998893891973609e+02
1.160152692615792347e+02
1.165674934951167501e+02
1.058216681817443003e+02
9.512004106120356539e+01
1.109149846856109463e+02
1.159714178483475138e+02
1.111535174784961839e+02
1.041539976755508548e+02
1.202151236224907933e+02
1.164110535565164071e+02
9.207531555093049747e+01
1.091899895244364842e+02
1.110038689761426127e+02
1.057589674370370290e+02
1.111301741578424611e+02
1.211681475140568409e+02
1.151134376819202316e+02
1.085832789237752110e+02
1.030216330209687641e+02
1.135440993334314328e+02
1.092714083131372576e+02
1.064563964341287061e+02
9.598503429052131253e+01
1.092862351819053259e+02
1.100800733860015725e+02
1.156147192110787216e+02
9.893479353463584403e+01
1.233193093316734092e+02
1.075762698679266265e+02
1.156210451694077364e+02
9.795505244358237462e+01
1.102152280437904182e+02
1.088499177604155221e+02
1.074639922255911273e+02
1.168556253535152507e+02
1.135959207985209503e+02
9.163648689358893762e+01
1.094193030476430692e+02
9.411119001775269055e+01
1.259931508301745566e+02
1.141405333071954686e+02
1.084469634009372641e+02
1.009020658969212150e+02
1.088464631824587059e+02
1.134620111391307375e+02
1.054048975891650741e+02
1.106386790877925108e+02
1.120680081740967466e+02
1.100374950052256509e+02
1.048137402846201525e+02
1.103772632602775303e+02
1.079947803187834410e+02
1.185423956083330808e+02
9.812677645861988651e+01
9.403438946733758996e+01
1.236234493958580174e+02
1.324612133720799818e+02
1.092708225442480341e+02
1.085708780300495846e+02
1.113853241393171061e+02
8.830064505121794127e+01
9.910389464235502999e+01
1.115945288419745225e+02
1.126292309038944239e+02
9.168678064938082173e+01
1.218238142311355574e+02
1.075021886137212164e+02
1.093016385988582044e+02
1.176721519129949485e+02
1.007696826313185454e+02
9.590316391235270999e+01
1.065898841597833382e+02
1.147053400724783074e+02
9.508584613120849838e+01
1.161638855139312199e+02
1.130879335136302757e+02
1.093416290976034020e+02
1.186205490959417972e+02
1.198513940496940222e+02
8.803201032943395887e+01
1.006248166956185628e+02
1.120230726525482652e+02
1.242060621309083359e+02
1.121837427680964652e+02
1.085013682193989979e+02
9.956282983676095455e+01
1.049945094685218265e+02
1.175854528340463361e+02
9.494592432611970878e+01
1.188579298848512451e+02
1.142590432255131248e+02
1.039246548434289963e+02
1.078669982606784714e+02
1.072839756814958179e+02
1.174420539518264803e+02
1.064331158337656404e+02
1.044011711431575549e+02
1.127676778860824101e+02
1.036918340769190081e+02
1.153938551294080668e+02
9.754993489966024356e+01
1.169793678480096304e+02
1.017949743900538238e+02
1.185370357593815100e+02
1.011985751118440646e+02
1.067615499460705593e+02
1.098714269286408154e+02
1.032849483974605107e+02
1.228372586751859927e+02
1.114847949762030055e+02
1.162572077147321039e+02
1.071270013173412110e+02
1.002225954573673761e+02
9.481007375619218180e+01
1.097261557136910852e+02
1.049611156370832248e+02
1.076401174122368616e+02
1.169797199990551064e+02
1.059183219676937284e+02
1.113311567338474646e+02
1.118160368029862184e+02
1.085364161767060125e+02
1.232108690191297029e+02
9.848959235233834875e+01
1.061892026848713613e+02
1.056568786926390402e+02
1.227526643340738133e+02
1.323743514378818418e+02
9.875834375683646726e+01
9.211325395742250066e+01
1.064993167800935936e+02
1.009267597540170129e+02
1.119382938789945712e+02
9.875294000206035605e+01
1.041192811668503850e+02
1.220480155319399387e+02
1.051714813446831585e+02
1.135048789133970928e+02
1.153971411805424481e+02
1.051351908476510033e+02
1.073940766318070814e+02
1.001498545381194845e+02
1.107830065477358801e+02
1.181280715550519744e+02
1.152317117322635340e+02
1.126781392128310841e+02
1.268204762658694307e+02
1.017947532279343505e+02
9.574035812724051198e+01
1.007202369779060689e+02
1.156388663540061259e+02
1.250882938125152606e+02
9.687161289749883508e+01
1.017474001345230903e+02
1.066784800985215185e+02
1.096759808998069730e+02
9.641274589496421754e+01
9.709138584123066096e+01
1.048171733510780541e+02
1.268074063455757852e+02
1.089781442183790006e+02
1.165894428032547694e+02
1.317656624205876028e+02
9.805895289777915025e+01
1.111816012806183380e+02
1.028057009521018443e+02
1.010532028479534290e+02
1.110095315682466151e+02
1.008920943498976897e+02
8.881864284514057317e+01
1.238682827550896377e+02
1.016722125840459796e+02
1.022652641062816343e+02
1.340153025986147100e+02
1.103321048122619885e+02
1.262614632448838989e+02
1.037369350904652805e+02
1.161935178119030354e+02
1.023343098019118713e+02
1.139955039969595418e+02
1.170843509622892498e+02
1.101001498303852628e+02
1.129766196712301678e+02
1.133143476701018812e+02
1.010862886551854984e+02
1.035175676473620143e+02
1.145785271875531066e+02
8.237686775142061890e+01
1.135717280698619760e+02
1.023375029850181051e+02
1.296177637110521061e+02
1.098461263716578742e+02
1.122346723779977538e+02
1.080185360468749280e+02
8.565144842718686391e+01
1.052617391426652489e+02
1.088550615390974770e+02
9.942603613726281253e+01
1.448979318540895633e+02
1.027140242496198681e+02
1.154174364940256226e+02
1.015302356728440145e+02
1.227537154500596444e+02
9.668048806731881939e+01
1.142943041378464812e+02
1.103561263944706923e+02
9.578467428017518159e+01
9.701127962784933345e+01
1.243784045656056207e+02
1.219692665135140857e+02
1.067646003718123637e+02
1.113089131013105657e+02
1.136771449039837165e+02
1.072655452610896560e+02
1.187233669754895971e+02
9.625570647408500236e+01
1.230108700447970875e+02
9.107129510468193700e+01
1.105561161462093054e+02
1.184316573181802283e+02
1.155245977457307305e+02
1.141331430427802189e+02
1.140254473612733790e+02
9.953543989580285256e+01
9.874180984130038041e+01
1.230280307723381412e+02
1.079334655896806083e+02
1.145834247966229782e+02
1.089459290552008355e+02
1.047143483518365485e+02
1.183541647315943379e+02
9.813550170313389742e+01
1.107403208863491955e+02
1.096902497721915211e+02
1.107808845794067025e+02
1.120046297906360309e+02
1.081451785938518100e+02
9.977742666258600934e+01
1.157327876695392348e+02
1.013141628292306962e+02
1.249931243922132325e+02
1.209701120708404574e+02
9.193940800478253550e+01
1.143280520776433349e+02
1.000252969156114062e+02
1.150084390246394292e+02
1.100255853514172912e+02
1.035050642638901195e+02
1.009275652158322032e+02
1.124377216353186242e+02
1.221659588458844468e+02
1.057365972327768304e+02
1.030717472201823028e+02
1.186381949883195119e+02
1.114326004558153471e+02
1.118811632747156040e+02
1.182700775806285662e+02
1.163737623600029707e+02
9.570042177942994499e+01
1.165984179319869014e+02
9.542915038007953399e+01
1.130000806878419297e+02
1.044002838095414063e+02
1.168874714814144369e+02
1.240648200984794869e+02
1.087579019628322214e+02
8.798738026303908555e+01
1.091964561281057087e+02
1.151394870241176847e+02
8.735302996153207289e+01
1.106029735309574420e+02
1.174912973008707553e+02
1.151730192375423059e+02
1.182340601277434615e+02
8.882235164825367235e+01
1.081624264425027064e+02
1.183128584097638907e+02
9.651333105781654353e+01
1.281095902084271074e+02
1.090633325938195668e+02
1.147622806009238445e+02
1.131768136686727502e+02
9.947637310328941851e+01
1.244690171355159833e+02
9.903138746491501365e+01
1.195584711110473961e+02
1.069771263875744864e+02
1.046368598531887528e+02
1.018736672077958048e+02
1.169011067400827812e+02
1.045615364854190545e+02
1.139403955707486915e+02
1.128408040281657918e+02
1.065156849817228988e+02
1.125407413237124530e+02
1.127930589929743377e+02
1.050945828083150815e+02
1.061454378952060011e+02
1.127309960075448458e+02
1.075607104613392124e+02
1.112413945755561855e+02
1.091206231167898721e+02
9.978722306942681541e+01
1.159214797261177239e+02
1.150732679661299045e+02
1.042954203884321629e+02
1.170646507845516311e+02
1.041808290127247858e+02
1.050307014319749328e+02
1.155418014974915053e+02
1.120566674434412420e+02
1.060153012469347118e+02
1.012988260683365809e+02
1.066352824348266921e+02
1.154755610340194067e+02
9.705903143910190067e+01
1.239818095549675263e+02
1.066356484296318001e+02
9.545936597384557842e+01
1.251758062070625357e+02
1.095553448282001341e+02
1.148509763733480895e+02
1.120315649196248273e+02
1.109666058012698500e+02
1.093841492584088542e+02
1.114033072399033699e+02
1.126512595926276532e+02
9.978749738403890035e+01
9.524876040124411247e+01
1.187212588112363107e+02
1.001510993374866132e+02
1.055611441563054456e+02
1.220532113656928885e+02
1.143434710823368476e+02
1.094286069929298861e+02
1.074235244869307309e+02
1.126491838957514489e+02
1.055513918706840286e+02
1.251875923583585575e+02
9.375869761136226543e+01
9.931435381522703665e+01
1.243275290625241354e+02
1.123846469006731326e+02
1.078348795504486759e+02
1.095480518137235464e+02
1.029403056866639332e+02
1.083328984236493397e+02
1.238907091328783423e+02
1.049100516289259133e+02
1.121104458469185801e+02
1.169126969400575149e+02
9.805708692089166334e+01
1.156529580598874531e+02
1.167635570637612972e+02
9.501086161846313871e+01
9.424372290283186260e+01
1.055816383238232277e+02
1.049898875223136656e+02
1.158216777884384783e+02
1.009343552596024409e+02
1.293941339366460284e+02
1.156960285193661520e+02
1.280830008994217053e+02
1.115248114943222362e+02
1.065923997367845573e+02
9.433632626726648596e+01
9.309676457857995047e+01
1.071382175039209983e+02
1.022431380544160220e+02
1.084656045454380262e+02
1.171076582135863049e+02
1.079551010884989068e+02
1.099819799505584967e+02
1.179817834062653645e+02
1.139490479981049589e+02
1.077175345164772295e+02
1.028075490002448333e+02
1.006515793347118688e+02
1.204038462308156596e+02
1.024089833702359442e+02
1.049509123321475954e+02
9.169242809440757469e+01
9.361330398533175412e+01
1.066963673546029128e+02
1.213333447836045309e+02
1.058423726120896191e+02
1.156923908283977198e+02
1.115106458047647919e+02
9.251645883169337026e+01
9.535537569729437735e+01
1.174332564838805553e+02
1.096735635836983818e+02
1.104739978434305812e+02
9.720104963793517072e+01
1.213911023438290897e+02
1.020777197184341674e+02
1.195595671033698153e+02
9.720757717959430977e+01
1.211189640890668500e+02
1.228360560244637014e+02
9.276173787652304270e+01
1.015188228743040639e+02
1.052129786743741988e+02
9.952712216409882728e+01
1.303332774966619922e+02
1.015724335945196231e+02
1.222410350883142769e+02
9.727307483681533995e+01
8.292792471504567686e+01
1.217024641527429623e+02
9.429079347716781001e+01
1.138786236863268755e+02
1.093265786631181555e+02
9.795684092304666990e+01
1.160027730397806494e+02
1.217078516926466847e+02
1.056387470840307685e+02
1.034604567586693662e+02
1.336038135257534805e+02
1.050914800769651407e+02
1.212010059425413004e+02
1.075023324380879188e+02
1.125483444925076526e+02
1.112297293782664838e+02
9.903508030626548475e+01
1.268733900812007960e+02
1.160483076174367341e+02
8.821241321883722719e+01
9.220995094713303786e+01
1.277052051115025222e+02
1.062939743929453300e+02
1.054239273637571301e+02
1.208052845271841562e+02
1.187490987857319737e+02
9.977599650289734257e+01
1.091238924484709116e+02
1.142197434864441590e+02
9.733250029729751418e+01
1.371760119489562442e+02
9.535198170166543719e+01
1.186680016574196941e+02
1.060173135504804236e+02
1.061167858745146901e+02
1.201390321053168151e+02
1.067989084395516386e+02
9.827236464759475609e+01
1.117402507063018220e+02
8.693826248263599155e+01
1.333579863219413824e+02
1.143737725807646939e+02
1.268766997664853875e+02
9.937631767285928674e+01
1.068190439334871087e+02
1.191164759560061128e+02
1.082970166405618642e+02
8.983238103578374023e+01
1.170826365999011784e+02
1.114438590267307632e+02
1.113401678069087239e+02
1.278284871891184338e+02
9.227926254055924460e+01
8.709621238792614406e+01
1.028659810106488806e+02
1.092590673223354685e+02
1.129646132960260019e+02
1.059086147998578866e+02
1.073630700215641269e+02
1.172160683363873801e+02
8.946830830822430869e+01
1.299175209859758979e+02
1.172816825682634061e+02
9.716108883408004715e+01
1.065256748128910402e+02
1.088158828821364636e+02
1.244084635474509639e+02
1.147697267748298628e+02
9.202124518044094259e+01
1.012865389834388878e+02
1.214651063050364996e+02
1.014989820741075448e+02
1.098282800425417065e+02
1.099115201590658444e+02
1.018335785196650107e+02
1.155718598673302466e+02
9.652372070542178051e+01
1.216994326901623538e+02
1.209121282121481187e+02
9.949452206950890343e+01
1.129125567888377901e+02
1.028906811469645106e+02
1.081326663800495425e+02
1.115493941078314037e+02
1.106906170940735876e+02
1.126146420774178409e+02
1.026902607584964215e+02
1.160556150278407586e+02
1.082554295874125927e+02
1.054110881902764447e+02
1.235772770205947921e+02
1.075154209847137281e+02
9.570804424073685368e+01
1.083885478344257649e+02
1.141224721313705857e+02
1.058732461130527156e+02
1.062627856174758989e+02
1.030046021752921490e+02
1.298992010222209785e+02
9.417871502167159292e+01
1.129410311690220254e+02
1.039302534305007555e+02
1.291464413448537414e+02
9.375466286309753627e+01
1.031480624286257068e+02
1.048092232244005118e+02
1.119398594070279103e+02
1.125546745555656258e+02
1.272406677394001520e+02
1.212634189887234299e+02
1.000150017383999312e+02
1.172088292075059428e+02
9.573678137562251322e+01
1.033658225272072002e+02
1.110875408786245231e+02
1.124635460309503969e+02
1.080832589070725476e+02
1.151124755886019244e+02
9.848011277995324519e+01
1.018898105544356554e+02
1.193536935001474717e+02
1.095536786272644321e+02
1.089451644993318666e+02
1.056834558247138034e+02
1.124706518211119999e+02
1.199654289575654502e+02
9.941248766857457042e+01
8.726887940622599160e+01
1.008938477040359771e+02
1.074793191416994915e+02
1.157583470151050875e+02
1.029363365876822485e+02
1.326150578076344573e+02
1.136832976963477506e+02
1.213333151242869263e+02
9.008089162233893887e+01
1.060950593512395699e+02
1.143720176233114216e+02
1.109121102743286542e+02
1.139570037500917294e+02
1.041540859145648596e+02
9.365265888485338053e+01
1.048884129938346632e+02
1.272048025122385866e+02
1.108309381023464226e+02
1.082686760888606443e+02
9.848052766178774675e+01
1.224609846191706310e+02
1.139121047739624970e+02
1.010899846356688698e+02
1.074831554195489360e+02
1.015657730518338582e+02
1.318119554822458781e+02
9.340562970917011398e+01
1.116928487635714760e+02
1.082183984250810482e+02
1.226787260426617507e+02
1.102023353164368302e+02
1.218862442848161862e+02
1.070091722623811989e+02
1.057677695552754074e+02
1.001508143481402158e+02
1.096970949915666438e+02
1.314989128900194828e+02
9.228827197071043997e+01
1.208467578318066700e+02
8.913626509203871251e+01
1.295208323985777383e+02
1.056260857362570249e+02
1.256500421296204166e+02
9.494235293935118136e+01
1.060660903659913998e+02
9.385034079650475292e+01
1.157343793452975689e+02
1.097482496497841424e+02
9.861704982430892130e+01
1.160241646333503240e+02
1.196005954438383725e+02
1.090544173702390793e+02
1.270712116241303420e+02
1.011230456395668966e+02
1.070040638992039135e+02
1.010546130266403253e+02
1.084890991762059400e+02
1.212399692131251214e+02
1.105268880606957964e+02
1.160238328030543755e+02
1.091436407724161768e+02
1.032524547140319413e+02
9.283270280927257545e+01
1.068593781453572973e+02
1.192907379002874251e+02
1.272733398171075976e+02
9.421252652727115162e+01
1.033862650974916875e+02
1.000562648852229160e+02
1.200916064523823081e+02
1.048956345527249567e+02
1.024177642423860704e+02
1.116011861697444800e+02
1.212230361354402390e+02
9.220979605015212144e+01
1.043299192513038349e+02
1.198316029571005856e+02
1.022501001863367662e+02
1.104432969010383516e+02
1.005630065973328726e+02
1.061216942625802915e+02
1.097869738218605278e+02
1.229097336531410036e+02
1.157017449016744592e+02
1.162183331870714937e+02
1.013037876698778774e+02
1.019717937531923155e+02
1.232247946258592179e+02
9.782659506600981558e+01
1.170454255429225441e+02
1.023780249084933729e+02
9.400102046851900184e+01
1.053736120883756797e+02
1.172901937124503604e+02
9.701901877437025234e+01
1.214975411513522090e+02
1.041171214603921840e+02
8.838839442845461747e+01
1.099106475282896582e+02
1.180079316228819692e+02
1.113256170479198914e+02
1.206470212190021840e+02
1.215937597021895300e+02
1.304870314895334218e+02
9.804555212128684616e+01
1.039324414328366117e+02
1.126036226758176610e+02
9.952936854237849218e+01
1.118851902842820039e+02
1.157663055626222786e+02
1.237920061629765911e+02
9.224539783038575536e+01
1.132693680280656707e+02
1.112418298642268155e+02
1.031038934092248667e+02
1.012171086336587393e+02
1.124816861989550176e+02
1.159610548705144595e+02
1.052372380787045500e+02
1.104295121282286658e+02
1.314941964588411452e+02
1.066204528875766044e+02
9.932287852193195477e+01
1.243846278700201538e+02
1.053180398314054429e+02
1.053747330921544005e+02
1.215774329527384623e+02
1.375215850390632681e+02
9.554448272167383038e+01
9.272292354212208920e+01
1.033003115868206550e+02
1.271843494327819428e+02
9.883499222078468449e+01
9.998031934963172773e+01
9.637931145105503106e+01
1.248201453332055024e+02
1.062075822239706042e+02
1.074426749910767569e+02
1.076307325809972184e+02
9.983132379620019492e+01
1.147325766649769605e+02
1.194208944313044327e+02
1.062650023810430326e+02
1.056838804014214617e+02
9.272884484829812379e+01
1.150454122625110500e+02
1.102311200900046515e+02
1.148805540537538263e+02
9.768638216611736880e+01
1.016112950401018082e+02
1.225842919628700400e+02
1.105952823174626047e+02
1.093422476721028005e+02
1.009207037098532282e+02
1.089593577471581654e+02
1.050784678887941226e+02
1.058648770501549023e+02
1.259703078281195445e+02
9.069495537851692291e+01
1.144797270091103343e+02
1.299742552902222883e+02
1.232928175768229693e+02
1.107983409720264518e+02
1.138658705724856475e+02
1.097100955647284621e+02
9.999487726982023617e+01
1.009118911171596835e+02
9.987983648292389205e+01
1.099389489428912157e+02
1.339575063241620398e+02
1.107752737956591602e+02
1.004909906838624636e+02
1.005647314654649449e+02
1.143108710159299335e+02
1.061689957543363363e+02
9.703029897085809807e+01
1.059426051492937546e+02
1.223228284778713260e+02
1.100422343906656693e+02
1.274410379711738415e+02
1.087648152871151410e+02
9.021590648977917226e+01
1.005279530011269316e+02
1.086916837694102043e+02
1.235514939305354147e+02
1.058994318276548938e+02
1.000333894641084527e+02
1.085020957352859909e+02
1.089218969590457533e+02
1.112114487017244642e+02
1.207864388517162126e+02
9.245991419698975733e+01
1.051701093002346568e+02
1.087281738670787234e+02
1.116036682257438031e+02
1.009055676698686455e+02
1.097151550970389167e+02
9.579091164060558583e+01
9.528878884643484071e+01
1.016673133248816043e+02
1.460267776290271797e+02
1.047604777665983562e+02
1.203981543047263187e+02
9.843566326263785982e+01
1.224154242720950947e+02
1.084749570051200891e+02
9.875603986839792015e+01
1.243087298957987628e+02
1.011018560017448777e+02
1.075893402247635890e+02
1.177261274559315751e+02
1.031210030132536559e+02
1.109842607225924098e+02
1.049647683037227068e+02
9.527946068902959098e+01
1.255604778327946889e+02
1.032301944114407917e+02
1.208266258998609288e+02
1.331295399687964505e+02
9.416803298902023300e+01
1.044780484441746893e+02
9.763137641359466556e+01
9.095175515094720708e+01
1.197900802168776124e+02
9.690603302055271229e+01
1.047944393718092329e+02
1.114070836065180998e+02
1.147760596661943708e+02
1.071927481428844402e+02
1.275188546662321158e+02
8.568205052572092484e+01
1.166561660179264237e+02
1.185579765820839668e+02
9.795656487971680804e+01
1.110123994132387963e+02
9.718756450346128872e+01
1.270279753271983907e+02
1.088049821734461631e+02
1.091603517939250168e+02
1.005842462395966095e+02
1.112290746474441363e+02
1.265689228789539982e+02
9.874433112272174640e+01
1.105653730139070063e+02
1.240517028215907374e+02
1.171617176518446115e+02
1.111121877331605248e+02
1.036918169451171394e+02
1.012664785388111000e+02
1.037188370366223324e+02
1.094746736875952280e+02
1.155418048840658543e+02
1.204031977430366709e+02
1.222537357966133129e+02
1.108640509725229180e+02
1.003750083253782464e+02
1.051372970338210564e+02
1.070752304163648603e+02
1.007353014996002685e+02
1.205342456378850216e+02
1.206277909086812059e+02
1.060884523929653511e+02
1.099148695603224581e+02
9.348073672161022785e+01
1.145032215318262701e+02
1.102791478507054990e+02
1.214833238064501018e+02
1.161432095104310065e+02
1.073230323325685163e+02
9.573084797674503932e+01
1.074786253102686544e+02
1.076178104499860666e+02
1.002923181643029409e+02
1.046534431810612773e+02
1.066973697940603785e+02
1.110437241688950110e+02
1.070551867811036715e+02
1.080120235704848852e+02
1.121610674584793514e+02
9.797196196783049515e+01
1.092360627459233910e+02
1.165692538692400007e+02
1.211794632159108716e+02
1.152493401838774503e+02
9.770664304425170599e+01
1.255705857472493818e+02
1.286642449351647883e+02
1.036753332986439915e+02
1.283378009421429624e+02
1.017676769084627466e+02
1.097014566584646502e+02
1.045167763148578217e+02
1.142393951978147300e+02
8.931439140038486357e+01
1.145682758403887647e+02
1.047517097652047511e+02
9.802881487588656739e+01
1.167927997180298547e+02
1.087394083922234245e+02
1.124291621880429233e+02
1.129336068343812514e+02
1.152480579233049838e+02
1.028973163381418487e+02
9.449337911751170793e+01
1.080522519017040111e+02
1.247150683142662757e+02
1.090120117856373554e+02
1.055279465447052871e+02
1.101363461812085660e+02
1.154283673951511275e+02
1.148585925807742001e+02
1.320978977548233786e+02
1.096252352991050856e+02
9.693922541403848925e+01
9.876565862085300296e+01
9.672268641336357575e+01
1.255528262760436604e+02
1.052515295622515197e+02
9.812168010247104633e+01
1.083215378349814983e+02
1.168626725349720630e+02
1.122862626052882860e+02
1.052297501088219178e+02
1.000717731955326002e+02
1.229496633466151394e+02
9.743656426451208574e+01
1.192410523620725655e+02
1.077929435600888297e+02
1.062233150843836000e+02
1.250542664227044298e+02
1.072314499775157657e+02
1.142115491940415382e+02
1.024272533733563506e+02
9.654038660769697344e+01
1.103269104570687773e+02
9.313240171906144838e+01
1.301307781341067482e+02
9.214878431538451764e+01
1.031073267344320357e+02
1.049885064220375455e+02
1.268733635914949645e+02
1.206118336093669541e+02
1.064262601362361380e+02
9.767917314277599417e+01
1.220737723174744076e+02
9.917643614022070153e+01
1.144411203897406040e+02
1.135613805765483164e+02
1.255870877431885475e+02
1.083244027735232748e+02
1.066055596050166514e+02
1.028537846155624749e+02
1.101461807093170364e+02
1.004748454414111762e+02
1.079914384196679151e+02
1.211425714966540568e+02
1.181139872195779361e+02
1.186826054102461541e+02
1.045402264154396050e+02
1.049801445880605542e+02
1.223886298495254152e+02
9.817830528442802063e+01
1.057575548272090202e+02
1.092213816709820975e+02
1.118540328677796367e+02
1.028617956273197365e+02
1.046377713497218451e+02
1.288033939891835757e+02
9.884030350166263190e+01
1.009604424353251630e+02
1.059281790317882468e+02
1.067396853667980281e+02
1.004080052534242640e+02
1.199971553217121283e+02
1.179300091631097160e+02
1.132561274956242130e+02
9.825502855934702495e+01
9.173588400338147153e+01
1.025726590011847321e+02
1.114374083451685209e+02
1.272261513889347384e+02
1.051429830849028662e+02
1.155056807577996807e+02
1.209606153998275744e+02
1.018871885012464134e+02
1.205251568581485344e+02
9.106091050104075180e+01
1.122711446379645110e+02
1.016924277854737824e+02
1.177373048100711515e+02
1.143350412996255301e+02
1.063216252131170307e+02
1.099024262379276848e+02
1.245947455445464698e+02
1.146792484472894387e+02
1.045904271807282129e+02
9.412066947446579945e+01
1.070921101406719913e+02
1.114250041034981109e+02
1.125672681381208662e+02
1.111820464765311698e+02
1.166163756151476036e+02
1.099762406064366616e+02
1.030010348260930755e+02
1.027817362284273202e+02
1.052084148006249933e+02
1.228186638503023431e+02
9.237782926511698633e+01
1.205481629875612839e+02
8.639451074079109105e+01
1.209698808582230498e+02
1.116075171911129758e+02
9.058660222728809686e+01
1.190100996408183249e+02
1.179889213304658142e+02
1.062880967623743373e+02
1.114166770047209951e+02
1.033041062427615628e+02
1.128010471524946752e+02
1.032501058031711807e+02
1.088107194898393004e+02
1.164203241233088022e+02
1.119149873937963946e+02
1.002081151105148820e+02
9.952204227232041944e+01
1.207472248639658829e+02
1.052596546309610801e+02
1.145310495356568765e+02
1.142326133533973689e+02
1.019208199061302054e+02
9.115889655745611719e+01
9.701722473313657247e+01
1.487773608868939732e+02
1.105178567887933241e+02
9.559359953942600896e+01
1.140100306647916568e+02
9.864720781958850182e+01
1.081069003626770098e+02
1.204211793604577991e+02
9.691357140626179500e+01
1.084269814903322100e+02
8.062881445020180138e+01
1.174773589079191112e+02
1.309406318386646433e+02
1.005720061898215931e+02
1.012901240840352699e+02
1.069699900606989758e+02
1.170918742198244900e+02
1.015703910088445809e+02
1.027318537833190106e+02
1.106638039539904383e+02
9.606582435864144998e+01
1.043480163467960722e+02
9.787444000655064258e+01
1.012904406363092988e+02
1.372764365516462135e+02
1.138457697114683072e+02
1.002096976093784946e+02
1.178139968762336309e+02
9.960913486847270804e+01
1.225491668477781957e+02
1.012841652849502765e+02
1.118644075382347722e+02
1.033420177139280298e+02
1.063713623364037772e+02
1.108892188543006370e+02
1.235156909867148016e+02
8.883095664348778087e+01
1.220143088909969578e+02
1.129113938703374345e+02
1.046371569908451562e+02
1.009956460820035176e+02
1.318498508661239441e+02
9.509532936908058787e+01
1.139176867183108612e+02
9.535754697763732679e+01
1.208453886457087805e+02
1.124828666700259845e+02
1.194335615394840886e+02
1.045186045454915558e+02
1.034756505897440917e+02
1.307031936549162481e+02
1.151933506830619223e+02
1.006963792153173500e+02
9.636405082644527909e+01
1.082806046531255078e+02
1.028447558725526960e+02
1.226389726491625680e+02
9.015209321535670028e+01
8.861248439346776706e+01
1.011095157034865650e+02
1.246228222069588156e+02
1.185993033947084143e+02
1.159010637795100109e+02
1.012527372542451332e+02
1.251813363181877747e+02
1.118521906741339507e+02
1.163615836624990152e+02
9.988747990248236874e+01
1.168734856760701035e+02
1.290543104497636193e+02
1.004034783956670509e+02
9.287489724443335604e+01
1.060977737174307265e+02
1.203978765672721210e+02
1.116679478332619198e+02
8.937531184221609237e+01
1.174913218603784202e+02
1.103605405950965235e+02
9.888701329094307368e+01
1.063721099677782007e+02
1.250170488732408955e+02
1.072075967651993409e+02
1.106421562123071141e+02
9.965834738725317266e+01
1.049977774654115024e+02
1.025915770728376799e+02
1.020763559383317016e+02
1.031782155222133355e+02
9.644343544263314527e+01
1.228098028122043104e+02
1.066347306789518825e+02
1.014359970330002625e+02
1.052932825688541385e+02
1.110498324920729090e+02
1.091206603108181241e+02
1.173895760080862658e+02
9.608812834428000826e+01
1.243536106675691713e+02
1.072720566813069496e+02
9.959501777861899541e+01
1.115758011245980015e+02
1.141717080142250893e+02
1.131273783144008576e+02
1.145981295931206319e+02
1.089667274409924858e+02
1.064479733009156917e+02
9.819294884101263676e+01
1.148644387255148018e+02
1.104737242054304573e+02
1.034200300911139436e+02
1.101737447401499423e+02
1.066155654499995791e+02
1.110329309610196162e+02
1.352911485993473377e+02
8.958832917588034661e+01
9.315032329370701802e+01
1.194982380906745050e+02
1.024998134432733536e+02
1.148126769622069219e+02
1.150449834036492121e+02
1.152514181382959038e+02
9.737095244516505943e+01
1.104890149682404399e+02
1.019737722680920342e+02
1.121150085394992288e+02
1.152760784722103864e+02
8.943252650968601358e+01
1.154961049432081808e+02
1.177322158462602459e+02
9.879697883000835645e+01
1.111383344668339106e+02
1.132409544369791945e+02
1.031085139473835852e+02
1.189641032975827102e+02
1.106939253750284990e+02
1.154352078362199308e+02
1.071205512705375043e+02
9.508979080783507243e+01
1.006539679154952864e+02
1.098707725110413520e+02
1.103341481164980848e+02
1.033557659169283482e+02
1.091126770078992223e+02
1.213020187358883959e+02
1.071868381462907678e+02
1.237655109378841729e+02
1.059342094701746646e+02
9.739660781260862166e+01
1.209400111588481934e+02
1.028412677179787380e+02
1.103191356831141690e+02
9.494662047787123527e+01
1.202779298968449808e+02
1.012518787806365310e+02
1.268270371719998764e+02
9.013725645718400870e+01
1.150115018568209990e+02
1.146015973908360195e+02
9.777586373102985817e+01
1.139033293705052756e+02
1.204495800442712721e+02
1.091176916793930047e+02
9.378775530698908369e+01
1.078864849906580190e+02
1.104478989691292554e+02
1.109670093567125519e+02
1.085454268059982610e+02
9.482105899842574104e+01
1.190213290343181285e+02
1.157389357499038738e+02
1.049029610663095013e+02
1.214123115431914783e+02
1.242556060057875271e+02
1.010091323413491864e+02
8.211627556846045195e+01
1.023239430301959345e+02
1.048972345871596588e+02
1.112960923608853392e+02
1.171672136049707973e+02
1.266861933643849483e+02
1.313147623388687748e+02
1.091303667223323686e+02
1.113980907554183233e+02
9.199587018659548221e+01
9.566104463489219256e+01
1.166475518931294744e+02
1.165649952304860051e+02
9.657290215101564002e+01
1.174484094033208663e+02
1.129813829761346682e+02
1.056768702229439327e+02
1.072289335535750610e+02
9.560768686074219147e+01
8.970863703847911097e+01
1.293576139021196809e+02
1.022339464683677051e+02
1.203142617051900345e+02
1.090356911710364898e+02
1.041790961273736258e+02
1.276247865612126589e+02
1.087355819706263418e+02
1.161279896908254017e+02
9.115511704215033717e+01
1.013582567989671190e+02
1.082485832206549361e+02
1.074696240001138534e+02
1.177430120385781009e+02
9.825113369743613134e+01
1.150840539059479823e+02
1.084445502683381335e+02
1.082642557247927328e+02
1.091280606227721961e+02
1.141400255282880352e+02
9.765597388594186157e+01
1.209914825355966883e+02
1.056483767643979377e+02
1.061896341544476172e+02
1.038159605268591577e+02
9.820424764976461063e+01
1.079890652573159571e+02
9.848891456528917843e+01
1.049099456165257607e+02
1.087103286006282445e+02
1.140063790966419646e+02
1.173931678915255645e+02
1.115709521158412514e+02
1.248625252771598753e+02
1.069898669542006928e+02
9.803928598445217801e+01
1.095413693831973347e+02
1.125095840690706268e+02
1.023004623893642702e+02
1.009726250013430473e+02
1.002584248914686071e+02
1.062578227804552142e+02
1.206235809034568973e+02
1.223078023911411663e+02
1.032629112687154986e+02
9.150864413269752617e+01
1.111379173731083796e+02
1.355873891577229813e+02
9.415618350673361192e+01
9.889011963830860452e+01
1.053131263794566053e+02
1.089641133972687754e+02
1.026624521306487594e+02
1.462350650382207675e+02
9.315493817067029170e+01
1.064867594059908384e+02
1.107121500173662980e+02
9.724782888004241954e+01
9.022261028038475672e+01
1.353875900024533792e+02
1.112846542522196387e+02
9.647556661432649605e+01
1.049871827248626914e+02
1.012922342681709580e+02
1.010059883172992699e+02
1.134636366301914876e+02
1.043662435487343174e+02
1.079689487449016667e+02
1.062095491535400384e+02
1.200191660337589923e+02
1.003352565186620780e+02
1.137870943718957051e+02
1.141887880188432973e+02
1.017093617799171881e+02
1.207727697222832006e+02
1.038363557234371939e+02
1.068778761861845794e+02
1.091918287300999424e+02
1.086942625371788154e+02
1.066123723353082084e+02
9.801146115589378383e+01
9.918551095040422183e+01
1.132896199270945488e+02
1.094621192318667937e+02
1.172198463583548147e+02
1.166751497363329122e+02
1.093251768161352828e+02
1.374219770287361087e+02
1.032739323015053969e+02
9.389585368313242952e+01
1.075922963525336513e+02
1.028454962754246651e+02
9.337099283824520057e+01
1.062581208616135768e+02
1.230291199706919656e+02
1.183942578930746237e+02
1.014291685506936318e+02
1.096823130332923171e+02
1.102576437772899851e+02
1.097634437841875581e+02
1.064633921642812311e+02
1.121858416533185760e+02
9.677104143924808000e+01
1.228820162578549997e+02
1.188235540955450773e+02
9.875373779794152540e+01
1.088935510264098383e+02
1.073681241456275473e+02
1.203244165323194181e+02
9.851557134484581013e+01
9.199189931405864229e+01
9.850668656418064018e+01
1.344631543068752535e+02
9.615421129251471655e+01
1.100582325151762433e+02
1.134268239189870542e+02
9.600448684561314394e+01
1.035051149273541995e+02
1.197904435190122570e+02
1.215372586397054420e+02
1.089218828144158522e+02
1.075607094499801804e+02
1.137142745154972374e+02
1.107346497624664892e+02
1.002971363742503854e+02
9.804092163748383371e+01
1.329780780654992043e+02
1.149999563872283090e+02
1.072390448973660568e+02
1.097124087364144884e+02
9.309040142779838334e+01
1.164550320093231051e+02
1.154759824555088699e+02
1.206971286966204389e+02
9.612525289847087606e+01
1.053122009470733644e+02
9.878678503619362061e+01
1.027248955995974740e+02
1.089939786641376145e+02
1.117092764045371638e+02
1.126056276074736786e+02
1.177497398806835491e+02
1.048456934564439962e+02
1.083580593985493437e+02
1.098864477686033752e+02
1.027024401776890414e+02
9.949629119600160720e+01
9.831484261608197528e+01
9.762126274204403842e+01
1.138256631505039138e+02
1.166575947439780521e+02
1.231306013509321104e+02
1.087475859898687389e+02
1.196766034907015381e+02
1.082613616378144314e+02
1.152785944331391050e+02
1.095997410838364488e+02
1.042255574511459457e+02
9.979412598625650332e+01
9.772694492181405224e+01
1.299925777915134120e+02
1.067991224149048719e+02
1.297495255269416532e+02
1.097692082358421288e+02
9.540413435088704830e+01
1.018973088949481252e+02
1.087538707561936207e+02
1.017628617361072969e+02
1.160670326251114091e+02
1.112740226670577357e+02
1.040291980997108965e+02
1.117991306954365882e+02
1.150876582996043993e+02
9.675729086096325204e+01
1.139158840728351834e+02
1.158815793070610027e+02
1.140539809584145416e+02
1.012887669170996787e+02
1.085036524955117727e+02
1.039811993327306112e+02
1.125610919077014387e+02
1.068198807171455229e+02
1.240893524268857817e+02
1.096320378489154734e+02
9.942407265545057271e+01
1.167450031932814483e+02
1.004927636112009424e+02
1.239459370568060166e+02
9.912389856094475249e+01
1.189531115938230812e+02
1.057170903564916529e+02
9.530467276327927095e+01
1.139645189516593007e+02
1.058263085984372083e+02
1.015222103599285504e+02
1.256583000363738591e+02
1.014303468013118703e+02
1.039541572348098981e+02
9.846203744171495487e+01
1.171480407847437988e+02
1.337900425385048777e+02
9.868976667481518916e+01
1.061700658023480770e+02
1.014957682775148839e+02
1.125367336567798873e+02
1.132503607346007612e+02
1.020366473955884032e+02
1.083778807140089242e+02
1.246605411709228832e+02
1.020044680161355330e+02
8.964955005833098767e+01
1.218057050436303399e+02
1.043427864942646011e+02
1.086453413792442149e+02
9.818160490472210711e+01
1.265099300176445638e+02
1.096486080698717842e+02
1.059335023673148726e+02
1.179399587251432138e+02
9.176161538547994212e+01
1.210073540497277236e+02
1.246697261136997810e+02
1.010782168049652512e+02
1.008100770734544795e+02
1.149378519007224781e+02
9.895992932840312051e+01
1.182968169973764532e+02
1.115950618830027139e+02
1.083940441873050702e+02
1.036195084732309795e+02
1.032883316398622213e+02
1.120824938977612817e+02
1.115284460570654659e+02
1.046004393126269036e+02
1.082253009175209257e+02
1.159857612005541654e+02
1.153906547726799943e+02
1.065778551955979623e+02
1.177036069218770251e+02
1.011847561790636121e+02
9.904294950779224394e+01
1.158668308654639674e+02
1.177945633753487868e+02
1.003724638379357970e+02
1.203282901421304132e+02
1.223550610189417682e+02
1.017451090716366764e+02
9.285986504305083145e+01
1.231873196632327847e+02
9.980455222976559071e+01
1.081892099406182837e+02
8.908823710437097532e+01
1.148335564581141455e+02
1.203501611942832170e+02
1.120354348917762195e+02
1.225447172175007893e+02
1.053499860971513158e+02
9.609356249550049256e+01
9.478222415983056237e+01
1.215632794426822869e+02
1.192262956817164508e+02
1.098165922526755196e+02
1.189547725768275086e+02
1.057535430534825309e+02
1.075814231716994698e+02
9.456365619582388149e+01
1.288741667658519532e+02
1.084978903072404108e+02
1.062525607977400597e+02
9.896064181403937710e+01
1.054142719550593910e+02
1.147642688849667820e+02
1.236568248934435701e+02
1.162721665455569706e+02
9.814091835165235977e+01
1.065386671155917213e+02
1.243391220626922120e+02
1.055988197662392736e+02
1.128833423253876020e+02
1.075888521070916255e+02
9.992207774781195440e+01
1.068708111400473797e+02
1.179325088841394376e+02
1.121326391672613738e+02
1.110523088878322966e+02
1.081066239581051320e+02
1.118244272143676596e+02
1.089087886318247058e+02
1.144500089865555736e+02
1.114485131105475375e+02
1.125353093069582968e+02
1.081113869548774460e+02
1.026093944452542672e+02
1.070769128547793656e+02
1.063802123724827169e+02
9.610796814734030136e+01
1.142915030257697708e+02
1.290372934983321329e+02
1.102641055635540681e+02
1.003899505603631894e+02
1.006917654046918216e+02
1.014489030216973191e+02
1.249323617046740367e+02
1.325557804309613061e+02
9.948092298719095083e+01
1.012332290499646916e+02
1.081623937301381346e+02
1.013508689253383892e+02
1.056962081178793511e+02
1.000436008721521546e+02
1.268106481106219974e+02
1.051955422843227552e+02
9.670361782187256949e+01
1.108498157832150497e+02
1.150492447454262219e+02
1.092840614462543414e+02
9.024506373740153720e+01
1.018270454048986977e+02
1.082707463179589240e+02
1.303864468674420038e+02
1.092509582199650140e+02
1.089775172830150041e+02
1.162646167050785948e+02
1.013786396042747242e+02
1.141864756626152797e+02
1.127955553619778470e+02
1.023981581229058548e+02
9.756633109848937124e+01
1.090722624524727422e+02
1.047989278989973201e+02
1.135895800524175030e+02
1.115005130692472193e+02
1.178774319995802813e+02
1.073417055828264779e+02
1.099848905086277142e+02
9.911895932038660817e+01
1.120451562646236852e+02
1.117464209088616229e+02
1.155544660677594919e+02
1.213414026796241103e+02
1.087835875284123688e+02
9.561806959718782650e+01
1.019168722804335374e+02
1.056523001497386360e+02
1.252870546324320458e+02
1.097311241707835450e+02
1.121674057375791875e+02
9.864669528693745804e+01
1.040558622332756329e+02
1.054067632207241445e+02
1.136103489152437191e+02
1.271190502696202174e+02
9.870505672717592915e+01
1.080990228124538817e+02
1.124439625873557418e+02
1.098377456086952293e+02
1.194835713802251576e+02
1.117380217369875339e+02
1.060967575721302580e+02
8.890774515673280121e+01
1.217187618236975766e+02
1.014588159690459861e+02
1.222180549578211810e+02
1.058397003221911774e+02
1.074330056397522242e+02
1.149205922515375562e+02
1.123801302603838934e+02
1.037541092379246805e+02
1.065428827634109155e+02
1.060833796770759108e+02
1.055611719570248397e+02
1.241311219882502428e+02
9.890501192287491961e+01
1.286650135286959369e+02
1.163717251421785761e+02
1.110294317780509203e+02
9.474928750533172206e+01
1.020018710949948115e+02
1.115013200928162860e+02
1.039003708507701873e+02
1.156999095010346821e+02
9.854481209417075149e+01
1.214441344230829714e+02
1.016924456093807834e+02
1.132977828658062407e+02
9.469006732483349253e+01
1.182176434929930906e+02
9.503458198149819225e+01
1.130656192030851912e+02
1.068804049272503818e+02
1.180445831796577210e+02
1.197927913464951644e+02
1.036189970288627222e+02
1.104982597628479652e+02
9.875996809570433754e+01
1.160518465760148388e+02
8.466315540380014681e+01
1.226753223519909994e+02
1.178205318220492046e+02
9.205628886191833260e+01
1.192847487455148752e+02
9.609487612328040029e+01
1.259853297300970212e+02
1.045635099202418985e+02
1.133695555651379294e+02
1.217621222674266619e+02
1.076593688958547403e+02
1.161849674341774090e+02
1.131041010629802059e+02
9.559469220625742025e+01
1.002899077108997403e+02
9.981646355765357725e+01
1.071615270088972096e+02
1.161300535950405504e+02
9.839587582016525857e+01
1.133099074075553574e+02
1.190226606052451928e+02
9.830854222454810554e+01
1.109319382610561604e+02
1.304828496442630410e+02
9.487554179111683084e+01
1.011493672531993298e+02
1.121745228084282644e+02
1.176520796456285467e+02
1.023582519743889065e+02
1.038244373126634770e+02
1.090513883234869468e+02
1.100938783987762264e+02
1.137879762715144665e+02
1.192287373792191687e+02
1.087475992295770624e+02
1.095631133226740701e+02
1.120994726115811488e+02
1.027806049250583555e+02
1.161299520580817273e+02
1.215690216612006509e+02
1.103997882640018986e+02
1.024258851118544698e+02
1.010695797226882462e+02
1.040729659579767770e+02
1.126117506065025822e+02
1.221590245953479723e+02
9.446390706477970411e+01
1.072492629056688855e+02
1.119368139250666303e+02
1.219298259831872571e+02
1.013411079688256962e+02
1.030828171366209176e+02
1.015674363864200416e+02
9.471502776656632250e+01
1.370521510533127412e+02
1.108339379918671170e+02
1.106092229473336630e+02
1.155278082949678264e+02
1.210201065976350492e+02
1.075753671535132980e+02
1.218125126129574483e+02
1.137755036679175333e+02
1.182167592539322101e+02
1.031479265910875256e+02
1.018175914074638229e+02
1.216883082462530581e+02
9.808957013609898468e+01
1.088050152857141200e+02
1.198497431627350949e+02
1.294912423450181507e+02
9.579820909278505781e+01
1.184394998584478316e+02
9.172206211353801564e+01
9.965822506533648095e+01
1.047612933036076157e+02
1.387699925862314103e+02
1.116714314887478423e+02
9.615109011678767104e+01
1.144116653342062335e+02
1.072321577215295747e+02
1.067271450019480881e+02
1.203087844703792086e+02
1.015915647769826933e+02
1.117470611918235335e+02
9.903786264773410153e+01
1.163738493882351293e+02
1.068325716415307483e+02
1.186300715193325175e+02
1.092783194079567153e+02
1.158425159045576009e+02
1.073347837847675379e+02
1.000726255918744130e+02
1.050684245273911301e+02
1.181995850973383710e+02
1.076447691126569879e+02
1.068806593488050680e+02
1.129272988424289110e+02
1.219732526314245149e+02
1.050776576274473797e+02
1.024069955715195590e+02
1.005523678046374840e+02
1.044134287381779274e+02
1.036830241080327824e+02
1.078124772256847308e+02
1.104189031734882178e+02
1.132885888595807415e+02
1.160483675789295432e+02
1.052329290089463711e+02
1.068260999347248372e+02
1.130273805651558519e+02
1.029621216470294911e+02
1.020693682133832993e+02
1.239049251243115322e+02
1.083363400031016965e+02
1.057010858317452318e+02
1.160964474337804120e+02
1.141594061251154528e+02
1.107019011043519896e+02
1.086025084420738978e+02
9.948545848671356850e+01
9.811697874471096270e+01
1.109222634438525574e+02
1.254505663814812522e+02
1.102572566785558479e+02
1.042262850118810178e+02
1.017297362006048189e+02
1.199289407924112822e+02
1.035721879937941026e+02
1.058530197657123182e+02
9.401529334229991264e+01
8.167502769893670234e+01
1.131890114966481065e+02
1.482888427193187511e+02
1.158286295730279392e+02
9.442352408816077514e+01
9.555671657982775002e+01
1.050843022235811475e+02
1.200123278087414747e+02
1.065518545408829851e+02
1.148682355222737357e+02
1.127670748410914712e+02
1.170680886131527387e+02
9.360800297880228982e+01
8.702565760383616578e+01
1.072697350063581041e+02
1.007221002424907255e+02
1.249898158415996647e+02
1.146155831992886505e+02
1.141705980362187063e+02
1.224992814703355037e+02
9.823426013747591412e+01
1.018887372904310382e+02
1.075753356774398668e+02
1.158821759818646484e+02
1.089642938414976925e+02
1.064545702314434408e+02
1.176339430676456459e+02
1.237501903831517041e+02
1.013311447125078928e+02
1.091174051433449819e+02
9.625665196782958333e+01
1.072436312313605669e+02
1.244963002732968107e+02
9.119334370549722735e+01
1.163456675822134656e+02
1.057300061947553047e+02
1.073680286466354659e+02
1.143912852525836286e+02
1.143789502487279606e+02
1.068419706127035056e+02
1.172191872634756464e+02
1.049385183320772370e+02
9.621657502083670011e+01
1.193118278387852484e+02
1.046466015041407189e+02
9.905978247984131713e+01
1.161582727886577118e+02
1.104431469828677592e+02
1.050880975078613773e+02
1.106894566023642028e+02
1.171374756372736528e+02
9.653376284121181072e+01
1.085320060620252036e+02
1.195840416696907198e+02
1.043486920323429530e+02
1.069175001161540450e+02
9.707029913854881897e+01
1.212243053324025368e+02
1.210579489966303726e+02
1.037335335439003643e+02
1.080650505652665458e+02
1.133271940762211472e+02
1.074851478937709572e+02
1.130192185441847101e+02
1.092047747801792781e+02
1.055164877456060424e+02
1.081524530278602754e+02
1.180412097736168562e+02
1.021740154575962976e+02
1.259572767118379488e+02
1.172946192350179047e+02
1.066243367742726633e+02
8.116024022932846549e+01
1.120508010564570327e+02
1.057010220177318587e+02
1.088181369933050036e+02
1.101883156963359482e+02
1.167776444079219544e+02
1.023477405862619207e+02
1.078099147447162522e+02
1.178479546042149053e+02
9.587745832927333822e+01
1.145819196670674955e+02
1.088076190279624029e+02
1.101355188227986446e+02
1.091384626048679962e+02
1.265319871481305540e+02
1.057538915550149170e+02
8.890321554636940959e+01
1.047399545125848732e+02
1.178514541689736603e+02
1.241498476742425225e+02
1.235537731017490586e+02
1.027388898888604842e+02
9.605513288397041549e+01
1.019769373538522075e+02
1.055694061825104058e+02
1.037786138164431406e+02
1.047338987104765522e+02
1.181823008480752435e+02
1.185820433488315189e+02
1.007691359741913573e+02
1.112798129331991390e+02
