-5.437131878619815950e+00
-5.390461356356798461e+00
-5.321259406162250016e+00
-5.131364062216821509e+00
-5.464466303899323307e+00
-5.466090423531682951e+00
-5.505392943482110724e+00
-5.484357899966650685e+00
-5.500994308500287922e+00
-5.512308594129305739e+00
-5.509273588107780562e+00
-5.470561092193603869e+00
-5.112677118523645703e+00
-5.131009969276044025e+00
-5.113589100466024995e+00
-5.125090709496626928e+00
-5.144211557335200524e+00
-5.139002684654752962e+00
-5.120266072939525515e+00
-5.128753071970565180e+00
-5.155012636280954297e+00
-5.160747257446931968e+00
-5.133932492985956664e+00
-5.398609991931722973e+00
-5.431406965851166113e+00
-5.478188234255681799e+00
-5.516364348082820612e+00
-5.062318845635838116e+00
-5.413311857165522767e+00
-5.432998311913900480e+00
-5.367914112607878430e+00
-5.330893376249252746e+00
-5.389355239375755779e+00
-5.159164269628431221e+00
-5.430264621415274995e+00
-5.448462625531738546e+00
-5.415803205962102851e+00
-5.120287979001742151e+00
-5.508330578305760561e+00
-5.556402514784754665e+00
-5.727630798481539109e+00
-5.424013109566720559e+00
-5.524855422758500723e+00
-5.703216479490050617e+00
-5.524157740105148484e+00
-5.549821517611016830e+00
-5.480097824560976605e+00
-5.535466665145927223e+00
-5.568891354250485648e+00
-5.718362789694490189e+00
-5.484013461837111691e+00
-5.473392231645463291e+00
-5.540918491442782035e+00
-5.592392856153000302e+00
-5.448279288448624413e+00
-5.483239314571395795e+00
-5.499730342309818276e+00
-5.548056602497734247e+00
-5.586571553287317471e+00
-5.666186828626754490e+00
-5.658497566828398995e+00
-5.751685367942168448e+00
-5.749560203514194612e+00
-5.650608230193613579e+00
-5.646098325637894710e+00
-5.634176893171504830e+00
-5.635709818467559806e+00
-5.646440366884465156e+00
-5.672420642344051522e+00
-5.627739851759210765e+00
-5.675229520372759850e+00
-5.630540668791496728e+00
-5.685989699663073438e+00
-5.624456371479394257e+00
-5.653685807351964243e+00
-5.754617978478981044e+00
-5.645744497672528617e+00
-5.632792830435096931e+00
-5.641962386434810739e+00
-5.657944627903881418e+00
-5.642369021324787681e+00
-5.634955134500399865e+00
-5.636496493410272812e+00
-5.628306304208094524e+00
-5.637574969866694374e+00
-5.659344991327060370e+00
-5.645584101993541992e+00
-5.664401380131654840e+00
-5.653955447927446976e+00
-5.734461953535461731e+00
-5.720671063007883639e+00
-5.739880718337570187e+00
-5.661468555424941762e+00
-5.710292794246262460e+00
-5.706036638868737576e+00
-5.719548206260057555e+00
-5.709399773333860395e+00
-5.691015545795623076e+00
-5.517906633707569952e+00
-5.584331306567577258e+00
-5.538609918964498391e+00
-5.570695804925547279e+00
-5.516635966774934730e+00
-5.552078156646558682e+00
-5.517320656642958454e+00
-5.574581880743527229e+00
-5.636465157832797779e+00
-5.526871127136515405e+00
-5.479441153016883170e+00
-5.519566133561086829e+00
-5.535651506767581331e+00
-5.500545605017698847e+00
-5.484184480594419320e+00
-5.543294076597066855e+00
-5.488627726615968427e+00
-5.547922997097401776e+00
-5.535833170690348304e+00
-5.602402734811085416e+00
-5.554599862455879666e+00
-5.550304175876253687e+00
-5.522773676728956360e+00
-5.543244784428351224e+00
-4.737676762434771760e+00
-4.665874561863064152e+00
-4.605501872893981385e+00
-4.818176371095699295e+00
-4.786401281446968525e+00
-4.741615901232642649e+00
-5.056844328737764904e+00
-5.066787215744820827e+00
-5.036637599001352328e+00
-5.096005615306665959e+00
-4.653184665682700505e+00
-4.649049920827151183e+00
-4.603572362454795730e+00
-4.692588265500514666e+00
-4.766938302202292199e+00
-4.658395673886868593e+00
-4.643659067851399591e+00
-4.624327762997037183e+00
-4.622813403282104439e+00
-4.734201341135386265e+00
-4.630234111698305455e+00
-4.620810088030313345e+00
-4.607558097236208461e+00
-4.716158403452697989e+00
-4.709204933994154629e+00
-4.733242234028895545e+00
-5.500689674160808451e+00
-5.451462544752860850e+00
-5.386116292408339667e+00
-5.515193517657431599e+00
-5.669848459310285804e+00
-5.721687213511432724e+00
-5.598722622932725379e+00
-5.144951556954631577e+00
-5.217183986914779581e+00
-5.239755230661184981e+00
-5.761954964689249614e+00
-5.776724387337771383e+00
-5.784473030346584999e+00
-5.739170518194049109e+00
-5.771179586314266530e+00
-5.543953335645589675e+00
-5.520115125451592775e+00
-5.548931010669789110e+00
-5.528537202823739172e+00
-5.545145585051648673e+00
-5.667481341415236074e+00
-5.735565141386556931e+00
-5.292159597755823341e+00
-5.237676700575441657e+00
-5.274794090810524416e+00
-5.302915681652736524e+00
-5.334369515976444376e+00
-5.520328327488086551e+00
-5.303481134495756422e+00
-5.345659951184202008e+00
-5.356568603573880871e+00
-5.348143419955729172e+00
-5.342758071069681591e+00
-5.310181346004592129e+00
-5.323977283954560491e+00
-5.309088790582482176e+00
-5.319314923850949839e+00
-4.714246493927075399e+00
-4.733823088719642413e+00
-4.710204367199030351e+00
-4.719372731186829206e+00
-4.730113950312802906e+00
-4.725654169126264570e+00
-4.707223527697216525e+00
-4.723018116434107405e+00
-4.733309303706450422e+00
-4.722485282250653782e+00
-4.732136864078944072e+00
-4.697311199003385340e+00
-4.690081389415769131e+00
-4.710731470903242624e+00
-4.689530492184754706e+00
-4.701629402959809134e+00
-4.687158919377728772e+00
-4.683424607818609253e+00
-4.691702141207343857e+00
-5.200045073126916328e+00
-5.125866384630609396e+00
-5.139357357564341200e+00
-5.127135417319136579e+00
-5.156925510269075197e+00
-5.173216389090903533e+00
-5.188893873060198558e+00
-5.155119176740619480e+00
-5.165049175467490983e+00
-5.388299463208308104e+00
-5.343253215831460956e+00
-5.330397706884881792e+00
-5.331992889551767867e+00
-5.288802310317333166e+00
-5.403088647224548069e+00
-5.389710914927163365e+00
-5.326583943998271842e+00
-5.291887163804581462e+00
-5.098719067506661595e+00
-5.264087200507904463e+00
-5.234949430559518113e+00
-5.344762865675380503e+00
-5.305489080263061652e+00
-4.875814512086336094e+00
-4.851280806021431857e+00
-4.853918197096334985e+00
-4.861787779689232813e+00
-4.866695871923461425e+00
-4.769462056562443486e+00
-4.706007394943872768e+00
-4.725173930250144316e+00
-4.873465255204751934e+00
-4.869221836989745533e+00
-4.951997568041742959e+00
-5.267270334117915453e+00
-4.918122255231434536e+00
-5.273424417727887281e+00
-5.280633019479944679e+00
-5.197457560326108172e+00
-5.155632907043656843e+00
-4.900371291602083623e+00
-5.205318788672770758e+00
-4.960142550426277275e+00
-5.347032032866898099e+00
-4.944387954462585277e+00
-4.894924675315079909e+00
-5.316665411967805177e+00
-4.939617726290311595e+00
-4.930652164402337334e+00
-4.959137473667532880e+00
-5.253469107765989854e+00
-5.242359137584238660e+00
-5.253217593316849232e+00
-5.226369975803668133e+00
-5.136482857318940276e+00
-5.245041408902583413e+00
-5.244714657903785771e+00
-5.226839273889615001e+00
-5.232147915887563450e+00
-5.115899544014273381e+00
-5.075725023007867875e+00
-5.142350590491336249e+00
-5.134051248668336953e+00
-5.160490768350586066e+00
-5.120277403203381539e+00
-5.261660199133214810e+00
-5.230493977889204338e+00
-5.106858790824793992e+00
-5.140367380619974114e+00
-5.114583724706807999e+00
-5.563117742472722504e+00
-5.562706185395298597e+00
-5.575089963405707394e+00
-5.566846717436494174e+00
-5.580121039474393640e+00
-5.564439675012629927e+00
-5.546744559164915600e+00
-5.567116704918750436e+00
-4.738757926129615328e+00
-4.741910050497331497e+00
-5.078309917835600373e+00
-4.713690453845505779e+00
-4.666049880633964086e+00
-4.685265119892053853e+00
-4.656523074543921226e+00
-4.671247793517959046e+00
-5.683820454158688307e+00
-5.649480610016269999e+00
-5.514859770907733605e+00
-5.560603584739554961e+00
-5.539365113681482988e+00
-5.510737846410160401e+00
-5.541979636634668083e+00
-5.625253467584885314e+00
-5.692262379675983475e+00
-5.674411338345828781e+00
-5.675430738007687381e+00
-5.634996705435126430e+00
-5.650089966011096365e+00
-5.636308496297857573e+00
-5.636580396179741825e+00
-4.758297950146435973e+00
-4.759393114784878698e+00
-4.730909653842896745e+00
-4.735242813028675890e+00
-4.735094232697521832e+00
-4.719924457039229360e+00
-4.732748816421829652e+00
-4.744556706802368851e+00
-4.784550623456990337e+00
-4.789796245240776962e+00
-4.802922842171918560e+00
-4.775618931395488431e+00
-4.785025663013990460e+00
-4.728406286727752317e+00
-4.744440755291908118e+00
-4.821455892576415714e+00
-4.700038885751222750e+00
-4.821688469005809274e+00
-4.840531036525058894e+00
-4.811328977505273663e+00
-4.812646698195936601e+00
-4.755969833209382713e+00
-4.788710939968517266e+00
-4.804155088483124558e+00
-4.787388332172155536e+00
-4.769224362330778177e+00
-4.797286528176904596e+00
-4.820693722741502540e+00
-4.815647475623958229e+00
-4.808479730751501258e+00
-4.823105074941198112e+00
-4.829141097982209807e+00
-4.798885155082992959e+00
-4.808455006564932077e+00
-4.825301403339161688e+00
-4.829690908017808759e+00
-4.852751335107719832e+00
-5.063827506135450740e+00
-5.070359259787855954e+00
-5.059324900254873469e+00
-5.049455004607869668e+00
-5.058154053269555916e+00
-5.074840685796172757e+00
-5.294981994047856411e+00
-5.291574559926168320e+00
-5.287599512922104061e+00
-5.283715325733778556e+00
-5.291178525336952987e+00
-5.290813354670749646e+00
-5.287112127173745790e+00
-5.288837689971880529e+00
-5.284284335642321473e+00
-5.283871460395434205e+00
