-5.440489676405469766e+00
-5.394305170854247322e+00
-5.325751644751394842e+00
-5.136117943238576622e+00
-5.466970681365749485e+00
-5.468259070765051355e+00
-5.509070226697175165e+00
-5.487823910522043214e+00
-5.503827776314674125e+00
-5.516354951167275367e+00
-5.511485014401936056e+00
-5.474196033899493052e+00
-5.118462665694106128e+00
-5.136921436907313065e+00
-5.121074933325435730e+00
-5.132296652460869524e+00
-5.151344705362906673e+00
-5.147097156023943576e+00
-5.135217171319728990e+00
-5.136145584943264453e+00
-5.160319580658078387e+00
-5.168371638451436212e+00
-5.139611797355799538e+00
-5.402668721191522749e+00
-5.435720848350949375e+00
-5.481732375903026977e+00
-5.518706294897733677e+00
-5.070182186709671690e+00
-5.415629938339254323e+00
-5.437164123276835070e+00
-5.371833940752735792e+00
-5.336493232213897819e+00
-5.393594274450817849e+00
-5.162151521043879754e+00
-5.433735487214312876e+00
-5.451775856748889204e+00
-5.418915407717814325e+00
-5.126025124199532712e+00
-5.508627304027341687e+00
-5.555792139353014747e+00
-5.726081311380411876e+00
-5.426172422143503482e+00
-5.527292900778678408e+00
-5.702739704977391355e+00
-5.526132171112018376e+00
-5.550371172413506748e+00
-5.482664699202340230e+00
-5.536053077509059506e+00
-5.569940507994382450e+00
-5.716974436824064476e+00
-5.486343234790865608e+00
-5.476404535174103749e+00
-5.542643449083597851e+00
-5.592538488804092545e+00
-5.452145616467487521e+00
-5.485409314178208540e+00
-5.503577468830690655e+00
-5.548987264589845481e+00
-5.586861065463590847e+00
-5.667682352051161665e+00
-5.659950334920956116e+00
-5.751271937296457359e+00
-5.749119815817270940e+00
-5.652044787748970123e+00
-5.646607838230300658e+00
-5.638959000397283816e+00
-5.638881078115320022e+00
-5.647683962625106524e+00
-5.673494596780341404e+00
-5.634010798378017881e+00
-5.674918798356082483e+00
-5.633891720987576512e+00
-5.685954954909087533e+00
-5.625911146668423513e+00
-5.655146407721637125e+00
-5.754324040665490969e+00
-5.646521684067585589e+00
-5.633845063287859389e+00
-5.643208365810802540e+00
-5.658503062411367246e+00
-5.642584723998594676e+00
-5.636685565065519654e+00
-5.640108546871796413e+00
-5.630332946422860196e+00
-5.637880851242289104e+00
-5.659933858850365596e+00
-5.647305145324573949e+00
-5.664805956837572154e+00
-5.655523612207126405e+00
-5.732369906693477013e+00
-5.718694520535719583e+00
-5.737974395372261505e+00
-5.659480897135595434e+00
-5.709276414834278945e+00
-5.704197065157655011e+00
-5.718316113284742208e+00
-5.708273462617390770e+00
-5.690666200213856385e+00
-5.518665093904811414e+00
-5.586252532879988131e+00
-5.542692489806903211e+00
-5.569182173619702247e+00
-5.517362103318175670e+00
-5.548819288071643818e+00
-5.517721550489183890e+00
-5.573952566174844137e+00
-5.636634475063506677e+00
-5.528473269800600498e+00
-5.483648960470283384e+00
-5.521725804396973025e+00
-5.538675592406994141e+00
-5.503964651665517849e+00
-5.487268968837537564e+00
-5.543608310498771452e+00
-5.493177568242374242e+00
-5.550407155840226814e+00
-5.537622501256624474e+00
-5.601588939922655719e+00
-5.557238349180510184e+00
-5.551266046055077119e+00
-5.524016518158796352e+00
-5.545865028284789666e+00
-4.738971916083167812e+00
-4.665492722442513340e+00
-4.616731234436894482e+00
-4.820434989960904026e+00
-4.790027073381690315e+00
-4.748426498976094479e+00
-5.062267250350131143e+00
-5.070404684976769438e+00
-5.039703002493993722e+00
-5.098559870741462774e+00
-4.729187733453987796e+00
-4.703319155773838744e+00
-4.642820263509581658e+00
-4.697324906643117970e+00
-4.780270242247757650e+00
-4.658465162653266489e+00
-4.645526592921745745e+00
-4.627825677593762954e+00
-4.626263077981551675e+00
-4.739384941143426566e+00
-4.636933382980644502e+00
-4.624674197867323144e+00
-4.611728883503039000e+00
-4.722593410753376020e+00
-4.714094351670947702e+00
-4.739365704089928855e+00
-5.505732085238420837e+00
-5.456656425981947223e+00
-5.393568213748884510e+00
-5.519779267013002588e+00
-5.670328245569750791e+00
-5.720535153401864470e+00
-5.600808911507939136e+00
-5.154247768147921072e+00
-5.221553235649963653e+00
-5.248417906708245262e+00
-5.760064717690315916e+00
-5.774392534837413216e+00
-5.781718995006732698e+00
-5.737273246196290977e+00
-5.768786708916592509e+00
-5.548428979646235604e+00
-5.523501825862298098e+00
-5.553613443446150377e+00
-5.533392550444775182e+00
-5.549183640866011125e+00
-5.667689935616948560e+00
-5.734167426228033548e+00
-5.298792870062531968e+00
-5.243013483934292118e+00
-5.283287519333610405e+00
-5.309415846493914515e+00
-5.342451159254317794e+00
-5.524813335730855535e+00
-5.310733916023762546e+00
-5.352936938875014761e+00
-5.364155520522465359e+00
-5.355288590173167940e+00
-5.350467816048767311e+00
-5.316815597880636624e+00
-5.331328166818300573e+00
-5.315131375723138873e+00
-5.324956792190033816e+00
-4.721193268832116985e+00
-4.738491712466474048e+00
-4.712097903199646609e+00
-4.724434671130564922e+00
-4.739185136473174076e+00
-4.730846946947380616e+00
-4.712700611839413689e+00
-4.727262355300207552e+00
-4.740305903807600529e+00
-4.724653670858890209e+00
-4.735458714615442766e+00
-4.701460724886755926e+00
-4.699224968394672075e+00
-4.719123602797401063e+00
-4.694393277303103851e+00
-4.709373416583457761e+00
-4.692004012505585742e+00
-4.689830292768454534e+00
-4.698627357206320632e+00
-5.206236516279460602e+00
-5.134581949680568691e+00
-5.146932629626451927e+00
-5.132332789705080778e+00
-5.164061715380091400e+00
-5.178676407414682714e+00
-5.197911542986674682e+00
-5.158614518687470785e+00
-5.170347084109725877e+00
-5.394222555333261226e+00
-5.348875790364345129e+00
-5.335257064224863122e+00
-5.336079082627930958e+00
-5.298546242767178782e+00
-5.408058755346008439e+00
-5.393677749115179942e+00
-5.329470031848907219e+00
-5.296714407943902359e+00
-5.106735433226848642e+00
-5.272322151764953446e+00
-5.243013753477261396e+00
-5.351920227950378361e+00
-5.311328042871380717e+00
-4.881031524084625595e+00
-4.856841845718367523e+00
-4.857571806517937851e+00
-4.869570058322834960e+00
-4.871140922423167652e+00
-4.776896825948687031e+00
-4.714067175580961333e+00
-4.729864876650634820e+00
-4.878957426659761509e+00
-4.874030269741896682e+00
-4.956928449178199969e+00
-5.272297011440989500e+00
-4.924272518649765118e+00
-5.279134351895166333e+00
-5.285488294661627506e+00
-5.213314415219969966e+00
-5.167568506799171679e+00
-4.913315002682937305e+00
-5.214788167764213611e+00
-4.967274009918909883e+00
-5.351733300465748577e+00
-4.953859949076352187e+00
-4.904605292806784256e+00
-5.320721964168726004e+00
-4.949645773364693468e+00
-4.940694370650068556e+00
-4.965709419054866736e+00
-5.259471483974756723e+00
-5.246608017674393665e+00
-5.262081201917601092e+00
-5.232072834073878020e+00
-5.141928573295398763e+00
-5.251011756843776190e+00
-5.248446540737000454e+00
-5.231915383405238096e+00
-5.243695227509175716e+00
-5.123219052053241462e+00
-5.080383234514243007e+00
-5.139274074672425918e+00
-5.140038779508878442e+00
-5.162173793934710098e+00
-5.127261641612324006e+00
-5.264041400090200717e+00
-5.240270417156462024e+00
-5.112255941986713736e+00
-5.143926361358602151e+00
-5.119900587097565570e+00
-5.558872046292119506e+00
-5.555750692202746421e+00
-5.575366629989510159e+00
-5.566607248000038588e+00
-5.577485024698271232e+00
-5.558188056787101594e+00
-5.540295280809696798e+00
-5.565396843005215644e+00
-4.740880267395209735e+00
-4.747673454669851800e+00
-5.084564894771822274e+00
-4.721581517971070951e+00
-4.705113923354359962e+00
-4.753060346154429183e+00
-4.689892004368510392e+00
-4.719226948140058830e+00
-5.679177768111467905e+00
-5.647258907682430440e+00
-5.518669865706439026e+00
-5.570171042826673968e+00
-5.543368883204457198e+00
-5.516433855994588242e+00
-5.546462895357584522e+00
-5.625963344886948825e+00
-5.689072651789225610e+00
-5.671799441282963095e+00
-5.672738354076009237e+00
-5.635122524463116456e+00
-5.649523613783188125e+00
-5.635510018022342749e+00
-5.640057709204000957e+00
-4.766128269561589192e+00
-4.765904311046986308e+00
-4.735569453815369201e+00
-4.737104176386276677e+00
-4.741901292055713313e+00
-4.725745403369971065e+00
-4.737749520970125694e+00
-4.745278566778359242e+00
-4.788009327807101201e+00
-4.791164434910620606e+00
-4.808108723305156929e+00
-4.778443718965296405e+00
-4.789936711496292077e+00
-4.733874223275654991e+00
-4.747527300019310559e+00
-4.829039801946736432e+00
-4.707485357262038761e+00
-4.824939550378461561e+00
-4.846103113623926539e+00
-4.811816371980286000e+00
-4.817044359550417987e+00
-4.760178313934233962e+00
-4.797657432783490883e+00
-4.804554301627591784e+00
-4.792863646874419459e+00
-4.779750077309161682e+00
-4.803420794686728001e+00
-4.827095234913130639e+00
-4.821598560208347983e+00
-4.813470051775319725e+00
-4.828828872545248174e+00
-4.835921067927315242e+00
-4.803204291148719385e+00
-4.815786344162027888e+00
-4.833172214920261389e+00
-4.832690648943955836e+00
-4.859343524637530720e+00
-5.077720553903060541e+00
-5.082557713619392459e+00
-5.072783181007157971e+00
-5.065525036146135918e+00
-5.071553321478146081e+00
-5.088680298006132752e+00
-5.299746402837231862e+00
-5.296493290856400193e+00
-5.293286095411457559e+00
-5.288900781160284836e+00
-5.297163893487063291e+00
-5.295799540472689415e+00
-5.293170488481567126e+00
-5.294508782374100164e+00
-5.290211389541128462e+00
-5.290305902819373962e+00
