-5.436643060214523260e+00
-5.388155885327478245e+00
-5.320106445832302633e+00
-5.131342482346976652e+00
-5.461728798650018035e+00
-5.465216678613622037e+00
-5.503948256496435931e+00
-5.481334919571327013e+00
-5.498810523410430307e+00
-5.511801741951726896e+00
-5.507224751355277448e+00
-5.469908840443491904e+00
-5.111993179812128751e+00
-5.131115395064586693e+00
-5.115087805017440203e+00
-5.130567409065237783e+00
-5.144665637916869372e+00
-5.139059033053744230e+00
-5.125380917088386390e+00
-5.129809513217798767e+00
-5.154563843280137725e+00
-5.157994007839800332e+00
-5.132428128061679473e+00
-5.395050435108341702e+00
-5.429048477414002427e+00
-5.473605732091076703e+00
-5.511774812156434500e+00
-5.059749162059417493e+00
-5.410914286583001775e+00
-5.432309780663503673e+00
-5.365472827792342692e+00
-5.329086778197199337e+00
-5.387419034471546908e+00
-5.156606360743224649e+00
-5.426576758147668933e+00
-5.445171846901015300e+00
-5.413612782709378735e+00
-5.120045015411533562e+00
-5.509031981608624839e+00
-5.557651077777221893e+00
-5.728763249724249107e+00
-5.426573123095830731e+00
-5.526836007615348656e+00
-5.702894542412356493e+00
-5.526582594149866523e+00
-5.551068766530253384e+00
-5.481629812459898332e+00
-5.536472472778051213e+00
-5.570846915421416412e+00
-5.720275245661149199e+00
-5.486522768606559630e+00
-5.475766510389727060e+00
-5.542819364496556211e+00
-5.594433871426138793e+00
-5.452604885777038390e+00
-5.485941272199359453e+00
-5.504331502467462833e+00
-5.549535964653537157e+00
-5.588578921459058435e+00
-5.667373434994385839e+00
-5.657391563454092775e+00
-5.753731840812642773e+00
-5.752139709054170602e+00
-5.652762095557561928e+00
-5.647401239785700966e+00
-5.636024769542813395e+00
-5.635970753169636360e+00
-5.648694681161478215e+00
-5.674136797407536292e+00
-5.629984355716898925e+00
-5.675763094531447450e+00
-5.632249046835538842e+00
-5.686604445527541962e+00
-5.625437671295053121e+00
-5.655713961806225321e+00
-5.755696913139831672e+00
-5.646226031442452609e+00
-5.633524722643209692e+00
-5.642810374146926655e+00
-5.657718813982684836e+00
-5.642442702896159012e+00
-5.636794292276253060e+00
-5.636965610449879982e+00
-5.629429154545813496e+00
-5.637120643816710519e+00
-5.661507367831792870e+00
-5.646846682691082364e+00
-5.663878696472267826e+00
-5.653186500436094164e+00
-5.738869691495217751e+00
-5.724022395440037769e+00
-5.740346823210352056e+00
-5.665498725532614799e+00
-5.712768450479408067e+00
-5.708655066957078361e+00
-5.721187169979220499e+00
-5.710556949000745952e+00
-5.693867628205927289e+00
-5.520690784090633407e+00
-5.586742342795482763e+00
-5.540697285098663549e+00
-5.572604822057098950e+00
-5.518599093640252917e+00
-5.552509136740895634e+00
-5.521119149238937318e+00
-5.576592726357984198e+00
-5.639250266697175107e+00
-5.528004613232031517e+00
-5.480302062958255505e+00
-5.520668356988845282e+00
-5.537452872748610311e+00
-5.505000957973273046e+00
-5.488080343260666183e+00
-5.546304793627115259e+00
-5.492193218006893751e+00
-5.549125626411431256e+00
-5.538360077301088147e+00
-5.603649873206260956e+00
-5.555888481105186294e+00
-5.551008897879448512e+00
-5.525037087958867943e+00
-5.544861523548124005e+00
-4.736891921165707231e+00
-4.655654807331581324e+00
-4.615649081182895408e+00
-4.821084662162771650e+00
-4.787572611473818185e+00
-4.742575224659788091e+00
-5.063296485159541227e+00
-5.068025713199369342e+00
-5.035478510946867381e+00
-5.091389262027261609e+00
-4.751842742030395250e+00
-4.737394421109152098e+00
-4.657797314619498863e+00
-4.693314629633111856e+00
-4.775030337061015651e+00
-4.654817328722479886e+00
-4.656274091743710208e+00
-4.626462866208357561e+00
-4.621075642001834183e+00
-4.728302676396877402e+00
-4.630559006706571168e+00
-4.619288805605630266e+00
-4.603584642358572232e+00
-4.719596772766957216e+00
-4.709849475613705927e+00
-4.740788776255566717e+00
-5.496714728676535877e+00
-5.446053839181749900e+00
-5.384580200729770283e+00
-5.512325126311743873e+00
-5.670883157064101177e+00
-5.722405482699846502e+00
-5.600840440576366319e+00
-5.147125700998476105e+00
-5.215803987487818816e+00
-5.234488203273767404e+00
-5.765580435232818601e+00
-5.778997688930162191e+00
-5.782476431819634222e+00
-5.742948302986702558e+00
-5.773057709039766117e+00
-5.541828080598517836e+00
-5.517859824236560407e+00
-5.547571698229742942e+00
-5.525040126364508808e+00
-5.542575699846339354e+00
-5.667038048370899084e+00
-5.736194583343545261e+00
-5.288534314119262447e+00
-5.231035068473696370e+00
-5.275118423123473121e+00
-5.301787716501056735e+00
-5.330528891692438265e+00
-5.516674688333464971e+00
-5.296444369046959366e+00
-5.337475296667566482e+00
-5.348843877094124011e+00
-5.342120071524631086e+00
-5.335781153866182791e+00
-5.307157579423590121e+00
-5.318842814664741958e+00
-5.305553185798561167e+00
-5.314572353599086085e+00
-4.713532403470975574e+00
-4.731977023762425461e+00
-4.706588734833571763e+00
-4.718298168042345253e+00
-4.728229425581371714e+00
-4.724262655351233242e+00
-4.704996899883164829e+00
-4.718823011029057213e+00
-4.735293147408422776e+00
-4.718483548820022300e+00
-4.729221157654035501e+00
-4.694237523695446335e+00
-4.691652773224472384e+00
-4.707575069553754155e+00
-4.687801527094183740e+00
-4.703217118031061794e+00
-4.687072883947051238e+00
-4.681108781323440660e+00
-4.695416442608236984e+00
-5.199740041945204894e+00
-5.131698762159414784e+00
-5.144994677974276343e+00
-5.129941268447471003e+00
-5.163156097393324373e+00
-5.173434530467624803e+00
-5.191110620393024178e+00
-5.163559713397597228e+00
-5.165957034368336309e+00
-5.384994050463042470e+00
-5.339660410497234722e+00
-5.325770309765805344e+00
-5.326579944809984646e+00
-5.285974148504574366e+00
-5.397530838718423318e+00
-5.384782699027608643e+00
-5.322140813602730169e+00
-5.291304698265355988e+00
-5.100832680283168052e+00
-5.263012056804341476e+00
-5.234268098317163442e+00
-5.343904235865831076e+00
-5.303435363600526919e+00
-4.876571021821126450e+00
-4.852319978965890179e+00
-4.852575567921412869e+00
-4.866212197516056825e+00
-4.867983093145372919e+00
-4.775723326270409963e+00
-4.714010090942819531e+00
-4.726693983244729225e+00
-4.875575757579544423e+00
-4.870864335892299835e+00
-4.951374745656893062e+00
-5.266577528697389710e+00
-4.918438614642516526e+00
-5.275907141426005253e+00
-5.279465846276994334e+00
-5.204900022557506389e+00
-5.159710280105301194e+00
-4.906069541170245962e+00
-5.203185076067205372e+00
-4.955398726262598252e+00
-5.341778498786021956e+00
-4.946615059489819721e+00
-4.897288201432115962e+00
-5.313916272632258853e+00
-4.937834483612352443e+00
-4.932568398285400946e+00
-4.956452549747141667e+00
-5.250720785643877342e+00
-5.239172376631369588e+00
-5.249576671910165970e+00
-5.226869912089336268e+00
-5.140373101294873237e+00
-5.250037791189409830e+00
-5.249192123198057836e+00
-5.230180099922826287e+00
-5.238150651360220955e+00
-5.114564119835752543e+00
-5.071500206674341094e+00
-5.136659947626130318e+00
-5.135372876399308950e+00
-5.156982804959417521e+00
-5.121680109395073011e+00
-5.257697308047819540e+00
-5.236271260961351537e+00
-5.107392746222613411e+00
-5.138203877379624807e+00
-5.114814742679729243e+00
-5.561554879008477670e+00
-5.559057100650268701e+00
-5.578390263832215368e+00
-5.566448301483219119e+00
-5.579627526726434361e+00
-5.561765581758637111e+00
-5.543907510198950561e+00
-5.570016851036151628e+00
-4.740835004151637833e+00
-4.743557089868471799e+00
-5.084235204241035255e+00
-4.715238163837657481e+00
-4.722361093402789756e+00
-4.779243038755929263e+00
-4.666657672605733609e+00
-4.739753760522259718e+00
-5.681664347250889868e+00
-5.650923374686406042e+00
-5.517862180634501179e+00
-5.567172547605591326e+00
-5.542321602451486307e+00
-5.515310331577676806e+00
-5.544793700444619944e+00
-5.626128654526566741e+00
-5.692160019113101654e+00
-5.673941157984537575e+00
-5.675129674856763451e+00
-5.636791999629653382e+00
-5.653010844935289825e+00
-5.638935896431085837e+00
-5.640628503720299669e+00
-4.758395083767840816e+00
-4.753083165896756945e+00
-4.726428596389555814e+00
-4.728998107164866127e+00
-4.734133726065416603e+00
-4.719463422548326292e+00
-4.730360328541072690e+00
-4.741698836189693900e+00
-4.787413318739066170e+00
-4.788909846237643819e+00
-4.805434063476033302e+00
-4.780872704953240238e+00
-4.788398533367624665e+00
-4.727634092068927707e+00
-4.742904575966360170e+00
-4.818891757532355768e+00
-4.701100637737800625e+00
-4.820925028012789326e+00
-4.843312796038159007e+00
-4.809752359980125291e+00
-4.811528450316115091e+00
-4.754872938760807521e+00
-4.781343870405274643e+00
-4.802897611894243468e+00
-4.788350690022301848e+00
-4.771797396573962402e+00
-4.798891572139448947e+00
-4.822565333792955933e+00
-4.815213551505110878e+00
-4.810370528542209811e+00
-4.817546934484976617e+00
-4.830473473602739709e+00
-4.795734757130470705e+00
-4.809590273314250375e+00
-4.827654162294860107e+00
-4.826890471239641656e+00
-4.849699475511581426e+00
-5.107662112739766336e+00
-5.112012388044067102e+00
-5.104701298717679414e+00
-5.100177865232414121e+00
-5.104470374089050466e+00
-5.113322061635502180e+00
-5.304990846682723138e+00
-5.300156027624028710e+00
-5.299620217769045460e+00
-5.295002100289614155e+00
-5.301920896342038780e+00
-5.301597706055410697e+00
-5.297083135473911852e+00
-5.299261341326268138e+00
-5.295235678171518856e+00
-5.295068876557937898e+00
