1.106319611594092578e+02
9.858529661684707435e+01
1.024194207349919594e+02
1.079787198682046778e+02
1.214191532753491600e+02
1.132478080644797984e+02
1.000946724315222554e+02
1.013772922378789332e+02
1.208701043411413281e+02
1.209368935469510689e+02
1.082221439689015341e+02
1.062312044757842671e+02
9.864374155399514166e+01
1.094750567687367919e+02
9.878826780744697089e+01
1.047279690040021336e+02
1.102112141155342186e+02
1.234187692212500167e+02
1.071819302424473364e+02
1.027463950105821766e+02
1.072878743596685354e+02
9.813448778733938127e+01
9.862021705807752880e+01
1.094441354592565290e+02
1.104846891471052857e+02
1.295797096404653246e+02
9.458110060922396656e+01
1.072851625754173739e+02
8.926930179586973679e+01
1.182231620869916924e+02
1.153228634627082414e+02
1.191036307541400276e+02
1.145898445582496379e+02
1.070090429881943663e+02
8.762054985210508562e+01
1.086640697188340710e+02
1.172397288245780942e+02
1.175158530650600142e+02
1.029745741090709572e+02
1.103286351394999798e+02
1.173809167639944917e+02
1.234495293296480014e+02
8.637232647393325635e+01
1.055462319839173659e+02
1.069590786799729187e+02
1.086039504226928472e+02
1.089521712622990464e+02
9.916413123157003895e+01
1.282157675617614814e+02
9.749654685534908083e+01
1.163366285597472540e+02
9.855460309525750517e+01
1.215069618638662519e+02
1.054785915137426286e+02
1.134662183498285515e+02
9.284403493935330687e+01
8.994095105503689069e+01
1.064292735732055775e+02
1.678366093716457783e+02
1.310638192102955770e+02
1.144643912480459846e+02
8.468357613768945669e+01
1.113913043817383510e+02
8.281286536722488734e+01
8.536740512793980429e+01
1.170357106770782707e+02
1.237285638890524950e+02
9.665957975382822553e+01
9.425751929966429543e+01
1.231073074452558842e+02
1.035763085519525646e+02
1.073999550022319340e+02
7.937009030682834521e+01
1.242920871254491004e+02
1.244161005331594083e+02
9.302765234358442115e+01
1.029043289719609788e+02
1.143967025691652140e+02
1.121398370168965357e+02
1.075210545686034180e+02
1.206068129389088170e+02
1.157152024885271260e+02
1.237152765927032476e+02
9.975226395865718132e+01
8.599947819756009437e+01
1.053851263801420117e+02
1.291405046161276289e+02
9.621566491319657644e+01
1.010133115207408281e+02
9.097370852209479608e+01
1.199128458354075946e+02
1.171027298567142054e+02
1.260657848977920565e+02
1.009331300513428999e+02
1.012840967464198059e+02
1.176380460093574385e+02
9.538981976187147893e+01
1.147212580781004618e+02
1.055239626738047605e+02
9.236557581955915452e+01
1.141175335039244345e+02
1.270573195894699978e+02
1.179704620955610181e+02
9.747638676202693375e+01
1.177361603933274523e+02
1.104617771007345084e+02
1.101488391350518441e+02
9.829122152527284584e+01
1.055716556166996014e+02
1.143022953744806784e+02
1.211773664964819233e+02
1.087186634224246689e+02
1.055744159034674681e+02
9.801347999687240531e+01
1.203019409493993521e+02
9.996679066744360398e+01
1.228952273482135809e+02
1.121874087209261006e+02
1.045819719399355563e+02
9.416238855102092487e+01
1.025748052171678353e+02
1.212336144836463916e+02
1.426894233231626004e+02
1.045496701987257353e+02
1.103641939825621847e+02
5.775421038870392465e+01
1.059859497026358497e+02
1.261873902439923825e+02
1.133672617647879974e+02
1.069281209632812164e+02
1.017359619793719787e+02
1.066767983050617516e+02
1.199426097800225648e+02
1.074576408262062728e+02
1.014848475129282264e+02
1.025755258303914701e+02
1.031463285814537727e+02
1.080822132654160441e+02
1.184639658217319891e+02
1.233231175661110512e+02
1.193177999456264899e+02
8.073499814160878429e+01
1.019065140354633314e+02
1.072356113253342187e+02
9.684992953401589943e+01
1.171908158742024568e+02
1.007789291725291321e+02
1.035866023144708379e+02
9.712915376683861268e+01
1.266338581785919075e+02
9.956611421416351959e+01
1.231406200583359407e+02
9.123842059338217325e+01
1.109331870183653024e+02
1.177749744742268661e+02
9.641629856700811274e+01
1.016853370194392454e+02
1.308251581714804104e+02
1.156415978770732096e+02
9.722134332327647144e+01
1.140498993211942746e+02
1.022401284283677683e+02
1.087558770627870786e+02
1.286842793497427806e+02
1.145470521683207323e+02
1.094606752574010500e+02
9.357604822377358289e+01
1.000053783796671496e+02
1.081749243093640160e+02
1.245094505622651724e+02
9.031066568298894026e+01
1.165341021551395357e+02
1.116251941138601893e+02
1.196366252150043010e+02
1.054573422317432403e+02
9.203184264278759485e+01
1.114062483713136231e+02
1.148947707270325935e+02
1.208270274533005022e+02
1.162245240401194621e+02
1.056025832354154375e+02
1.282174761567413555e+02
8.391794326045076957e+01
1.087192370251550244e+02
1.033449836984788845e+02
1.033820975328440426e+02
1.155390352178035585e+02
9.106033227394776475e+01
1.087548281236858827e+02
1.101714376540005844e+02
1.251220695221339412e+02
1.105442795930850934e+02
1.302395066469280493e+02
1.126920786085715349e+02
1.039085074314117918e+02
9.551208636790140361e+01
1.169718977237988469e+02
8.950782604530418496e+01
9.668701429692509919e+01
1.138286456111492555e+02
1.040033917793776084e+02
1.023486443255460472e+02
1.200805073575743478e+02
1.182053226922151623e+02
1.198506043493426318e+02
1.246546234600097449e+02
9.914898418689901405e+01
1.008055514962628934e+02
1.062943434363004371e+02
1.038051958662844498e+02
9.712199328937894904e+01
1.241339310688639301e+02
1.012540896601654765e+02
1.110910300615415451e+02
1.169522049436910436e+02
9.485918954991342389e+01
9.932631961467234305e+01
1.283670603535994701e+02
1.075665083083470250e+02
1.026227610125789624e+02
1.034298427753023191e+02
1.052482758046548952e+02
1.011868566941724339e+02
1.000622194615011438e+02
1.187946352253152043e+02
1.030067789469668185e+02
1.162607863531965222e+02
1.149383134607730028e+02
1.212923489161417052e+02
9.684156784556805064e+01
9.433974755040705418e+01
1.128492792908915305e+02
1.151700366301895855e+02
1.140793685654256251e+02
9.959602740752337979e+01
1.090106372819397933e+02
1.093603273373007312e+02
1.110963408445726515e+02
1.067480831504604879e+02
1.192310645402049971e+02
1.018230240189969749e+02
1.139425132182468730e+02
1.025704609243099981e+02
1.139187915906115052e+02
9.828974186008102265e+01
1.232237548207226183e+02
1.111565678331837006e+02
1.227644252763022763e+02
1.134325902129836550e+02
8.085179389667123928e+01
1.226971968236038322e+02
1.026880872305125365e+02
8.912017856803952043e+01
1.050055497889139389e+02
1.180843304776194032e+02
1.062707254963306269e+02
9.849145601563287755e+01
1.302017322288620278e+02
1.177710662228462155e+02
1.223007005659665509e+02
1.083294675115474064e+02
1.073883670064344642e+02
1.057711627012150615e+02
1.094338601187490667e+02
1.017105202864905067e+02
1.018513893396120267e+02
1.117132578588636562e+02
1.095920795104179604e+02
9.747906604276785458e+01
1.100410943889147148e+02
1.090867422884939231e+02
1.019910880176958443e+02
1.189232533996189574e+02
1.173845290130473131e+02
1.125380606758067898e+02
1.081384184258534162e+02
1.244914131844567891e+02
1.235197981271770971e+02
9.456989666560529884e+01
9.312848247031880078e+01
1.026686471020710059e+02
1.159498989798607482e+02
1.033033626267931311e+02
1.104446065656126166e+02
9.823856165485312886e+01
1.184044380398773626e+02
9.925464369968094047e+01
1.139700628037054315e+02
1.138458148666533560e+02
1.098087660394314753e+02
9.857246485146522730e+01
1.272431919639887639e+02
9.664425502037762783e+01
1.028631670370944704e+02
1.177277256188915260e+02
1.069099989063717544e+02
1.057946122747477204e+02
1.042454223379813385e+02
1.180320424673299300e+02
1.032010553957068311e+02
1.174792708766844953e+02
1.012325899586430040e+02
9.226674102218572671e+01
1.075438565842238319e+02
1.233675656066334767e+02
1.123802839628639987e+02
1.218475935096512757e+02
9.257792793962104838e+01
9.052367345011775512e+01
1.205363509886278166e+02
1.213257756481361582e+02
1.040112128490177525e+02
1.037123795626632869e+02
1.151240294017873254e+02
1.324508693438034754e+02
1.160726152681705940e+02
1.005733371667975007e+02
1.009944185025100865e+02
9.197323675766418205e+01
1.112005693052455513e+02
1.045415346705869553e+02
1.038969420949268567e+02
1.143291682985396278e+02
1.053378592415952966e+02
1.110897112042399044e+02
1.075027413237614553e+02
1.035550834543395524e+02
1.225542680552172925e+02
1.066437606099626834e+02
1.314624026315647143e+02
1.174725469776713709e+02
9.349657301245738950e+01
9.751743699368770990e+01
1.026848786050831990e+02
1.133596085846771331e+02
9.719710643598001809e+01
9.774970657526012019e+01
1.324991960285955770e+02
1.175982231270495078e+02
1.058430948100250362e+02
1.118214253197824064e+02
1.079808326540589576e+02
9.733192457581247936e+01
1.182501658167259251e+02
1.150817282796399184e+02
9.895117567376559009e+01
1.112572913434679691e+02
1.033159877079857409e+02
1.120304802691422879e+02
1.152028593426151133e+02
1.145202602405420436e+02
1.122064012043209402e+02
1.009576815152087761e+02
8.658162626477150070e+01
1.227217715790690420e+02
1.234388248125627001e+02
1.031692991630163050e+02
9.792015528813419678e+01
1.117286547048035033e+02
1.065861168290705052e+02
1.041972378467188491e+02
1.171321590955543002e+02
1.111284088334861195e+02
1.100317622555633079e+02
1.020718791035735222e+02
1.109858451611431889e+02
1.136962363749777012e+02
1.046760206972611797e+02
1.031652806537106670e+02
9.564171774624107059e+01
1.077602153824977478e+02
9.689161578250950413e+01
1.282421442041444379e+02
1.069867300562398782e+02
1.133265307186555333e+02
9.291775663043262057e+01
9.869909714551501168e+01
1.156787510354858313e+02
1.081378359763961754e+02
8.426277215346901528e+01
1.110921329751946445e+02
1.115066133495989362e+02
1.362494191881012853e+02
9.112150841023358794e+01
1.232194240356256074e+02
1.010019081164754056e+02
1.284470914563952988e+02
1.151069477635825393e+02
7.980420925762068407e+01
1.090979295456764078e+02
9.919306366291229438e+01
9.829081938614905312e+01
1.186753436659104750e+02
9.791372908082146864e+01
1.241130632063857462e+02
1.139128440527284027e+02
1.220530569982536093e+02
1.010164083733542100e+02
1.224191324601624729e+02
1.034958731628956627e+02
1.027328786599608179e+02
1.015166135204059685e+02
1.062674411806037682e+02
9.872632268693681112e+01
1.262116305122430333e+02
1.127259300834095939e+02
1.141818087142869729e+02
9.684917178497589418e+01
9.837086418098652985e+01
1.110754913516269795e+02
1.076813004556438216e+02
1.211722379078189960e+02
1.096301346146988038e+02
1.080209855901103992e+02
1.626480497817213120e+02
9.953361676421519633e+01
5.672605029891518313e+01
9.765569696166015490e+01
1.129234665299711793e+02
1.157480523931170211e+02
1.232655849839463258e+02
1.008439805843187855e+02
1.242187046323608115e+02
1.151617196771308755e+02
1.096920323985575436e+02
8.802632260090567229e+01
1.150507274020719564e+02
1.023051924448636782e+02
1.240520130272817454e+02
1.251071733312757885e+02
1.173383028023730930e+02
9.590857938452518283e+01
1.034264539189773018e+02
1.056976671100534872e+02
1.073510828684094065e+02
1.183960291642227816e+02
1.067447557806266616e+02
1.263154930781301744e+02
1.202613028383042746e+02
8.801929702831304780e+01
9.539355126251494710e+01
9.678866943721243388e+01
1.056389461926937514e+02
1.210867122174817183e+02
1.058553266470360938e+02
1.118777839385667363e+02
1.135127370641574345e+02
1.298684380243386158e+02
1.181871183803377789e+02
1.037904754063734174e+02
9.782343454198773713e+01
9.077586872207740498e+01
1.134795491258992826e+02
1.034164775202985425e+02
1.013817750532994353e+02
1.110888933540585839e+02
1.182191600780093950e+02
1.224191645005902132e+02
9.863932537018982316e+01
1.261433078771870413e+02
1.063031057230651015e+02
9.309392014048586361e+01
1.065593456062077422e+02
1.054478520530998509e+02
1.202214576922741571e+02
9.705483273022956325e+01
1.070192621130582751e+02
1.257524413335670346e+02
9.727285097028294558e+01
1.260236799212228931e+02
9.911554055240981143e+01
1.056519220470736400e+02
1.044157940151154520e+02
1.179819233723622318e+02
1.239665898171532916e+02
1.061686823900425622e+02
9.963088030928564365e+01
1.050099027731248640e+02
1.174147260168254689e+02
1.244189228271163756e+02
1.124964494144348066e+02
9.810234121451053113e+01
9.798765399207761106e+01
1.174402740177605153e+02
1.155948410852233650e+02
9.899082571757874405e+01
9.375104265768959522e+01
1.044892322929301685e+02
1.185790603668807535e+02
1.131298037212408190e+02
1.178665915131462611e+02
1.110386499732374688e+02
1.203703899277377758e+02
8.958057057630469444e+01
9.894823205033722502e+01
1.002174994647183581e+02
1.385857210189069804e+02
9.676666866721089377e+01
1.019790900399767963e+02
1.188808297133682430e+02
1.023637243436235451e+02
1.030296122956451512e+02
1.109134721303278184e+02
1.180660970813790698e+02
1.037568663959282134e+02
1.176095502795685519e+02
1.026821396057347755e+02
9.666726216737700383e+01
1.051686984382900363e+02
1.213365179959653091e+02
1.256080092134931760e+02
1.025440115082918879e+02
1.069014186935625048e+02
1.195534754280704419e+02
1.112241809940804842e+02
1.121893856928601849e+02
1.225859241570953486e+02
9.838656277663011451e+01
8.515763962811087140e+01
1.007431702185106275e+02
9.955801724270244790e+01
9.577223616742280399e+01
8.983609051971660620e+01
1.289403672424786009e+02
1.343759889150755953e+02
9.377784754559171176e+01
1.152228578223176072e+02
1.082515814888934642e+02
1.102096079801337254e+02
1.141364781885080646e+02
1.137381347569991163e+02
1.046014985955767571e+02
1.251963778432502608e+02
1.110479137477093587e+02
1.167356851327246972e+02
9.887534122031966888e+01
9.693531817874408318e+01
1.161040110915833736e+02
1.139574323859564942e+02
1.172454535391239290e+02
9.279749613786046325e+01
1.014659524668269057e+02
1.121271030635943333e+02
1.165876065646448154e+02
1.215900547732704524e+02
1.084278348126435816e+02
1.107862438174172723e+02
1.068859874935693881e+02
8.752275911497842742e+01
1.037041506314189832e+02
1.050253033045673732e+02
1.024112062765974258e+02
1.044091562157200315e+02
1.267502561609289700e+02
1.123350224872985592e+02
1.062215649274731391e+02
1.155414197885027647e+02
1.136745395247881305e+02
9.769604683255451505e+01
1.058341082064951024e+02
1.155199786478670063e+02
9.515436597918582606e+01
1.293334200601895247e+02
9.631755285524531018e+01
1.011797756083910400e+02
1.143833937293467784e+02
9.993798247664932433e+01
1.160672512223541588e+02
9.670650305845886407e+01
1.086472953942243862e+02
9.873255714449206266e+01
1.154330087141908336e+02
1.225469780540076954e+02
1.110254757663982730e+02
9.699517986120596902e+01
9.846224726713940356e+01
1.240060077895510773e+02
1.205505119103123519e+02
1.011471194733120029e+02
1.157469449569736213e+02
8.374005320956773346e+01
1.168311840077759598e+02
1.264602882824243721e+02
1.118986805723396856e+02
1.004836149039919206e+02
1.107531432518172494e+02
1.090239450629034792e+02
1.034926125191763333e+02
1.050254104571638436e+02
1.258370897354656677e+02
1.113497829227719649e+02
1.001073287774364644e+02
1.104821269597048570e+02
1.208846132042635730e+02
9.503434909840116518e+01
1.056507782219914304e+02
1.054130293833122067e+02
1.167381471571863045e+02
1.108211636648777585e+02
9.836979478113418907e+01
1.168259224805950822e+02
1.128157962217898671e+02
1.217144655845807364e+02
1.014288901249737620e+02
1.166533809492332381e+02
1.058321101268153370e+02
1.085542208480538022e+02
9.906751039430888284e+01
1.154380793952147428e+02
1.064295764336629588e+02
1.128415681078498949e+02
1.195274045441874478e+02
1.169981040712701628e+02
9.936590482667902791e+01
1.014957082047810673e+02
1.359095899573413249e+02
1.229169530188626283e+02
1.055904038080557257e+02
1.007429712690006056e+02
1.020138206775749268e+02
5.857767112372403062e+01
1.034770718508740970e+02
1.029143465395033559e+02
1.192927854311929394e+02
9.761287669311246873e+01
1.207264130900655630e+02
1.094107045098271840e+02
1.239827660230189110e+02
1.134264890371564007e+02
8.867040153266019331e+01
1.043097927725731182e+02
1.116534074222640953e+02
1.061821402360086779e+02
9.838798226347091713e+01
1.325988753943692018e+02
1.029416467053239046e+02
1.051404085815473479e+02
8.735862580992586857e+01
1.062089917214060506e+02
1.598372997362954493e+02
1.021560099135627837e+02
8.904982800240040319e+01
1.202107896079043741e+02
1.199565834824422836e+02
1.118273093987394020e+02
1.068173882932074008e+02
1.005441412451235550e+02
9.230287401732574892e+01
1.068896679196494262e+02
1.030311434526582701e+02
1.154473505185215032e+02
1.010095894644350807e+02
1.225666246818018692e+02
1.050449116405922467e+02
1.173261223633829218e+02
1.008983675253605270e+02
8.942174068883531390e+01
1.077828368753493322e+02
1.318257970029450519e+02
1.049193051623640400e+02
1.131428237027130308e+02
1.066383515828573394e+02
1.069022603699554708e+02
1.061306942089259024e+02
1.056491861097488112e+02
9.913466171443805308e+01
9.166811354424342539e+01
1.545997149760473803e+02
8.390829468329745566e+01
9.763185164087306589e+01
1.241382048387599895e+02
1.021200039535826107e+02
9.651997044203113774e+01
1.174965305494463053e+02
1.179177297802800268e+02
8.088474106160470001e+01
1.015802090125039427e+02
1.138795955932781112e+02
9.343272821005520257e+01
1.291666672427184324e+02
1.267874886126018907e+02
8.920558353288150499e+01
1.034900931032519793e+02
1.024645860684909877e+02
1.183849699986675290e+02
1.185186601694512518e+02
1.168091586044473047e+02
1.104219797018653679e+02
1.030246443977304125e+02
1.157295519003070723e+02
1.235476774259316670e+02
1.040832186390877752e+02
1.003038231241011005e+02
1.032128320251542561e+02
1.119148980321623412e+02
1.067295532006228171e+02
1.172969939547656253e+02
1.133813755760201758e+02
1.040554187028314459e+02
1.052248321745353934e+02
1.100615265931851354e+02
9.082172249002137221e+01
1.019938900829498039e+02
9.431392201954356835e+01
1.287512023567435335e+02
1.129338775380124815e+02
1.097954905901697202e+02
1.082052907565636701e+02
9.402808134722513955e+01
1.119128637935291977e+02
1.168050983921212378e+02
1.068416069228898522e+02
1.254050594458890515e+02
1.017584977950364191e+02
8.662081451685759248e+01
1.076983148223504401e+02
9.490419255847230318e+01
1.151339861627699008e+02
1.381271345647834892e+02
1.013258778696772993e+02
9.751359277320636920e+01
9.909185851659967170e+01
9.838651471219232292e+01
9.913283690740024667e+01
1.204455614512360029e+02
1.112276715388313022e+02
1.178965398890023550e+02
8.782664301325485212e+01
1.148389324719608311e+02
1.252529070289319151e+02
1.061432672640136303e+02
1.257453342541166847e+02
1.302117280877358780e+02
1.075211287140610494e+02
1.072487824005345232e+02
8.752673118327220436e+01
1.112501321195667146e+02
1.102848493590787058e+02
1.068414364953645901e+02
1.124255756435276510e+02
1.123024334975218892e+02
9.867990404503053981e+01
1.267493147046798612e+02
9.825006563722160990e+01
1.094619314498188203e+02
1.121317697968189151e+02
9.744873625064651890e+01
9.534716122651265380e+01
1.234843761769058403e+02
1.193917612754871413e+02
8.099276826561901999e+01
1.050243557902231402e+02
1.210748513219678557e+02
1.054835193675887979e+02
1.364849859459118022e+02
1.037261099447636212e+02
1.166837668705585287e+02
9.764807055307301198e+01
1.092512637370390820e+02
9.686893431770971574e+01
1.119575416398116374e+02
1.183676951806089335e+02
1.185869051963414904e+02
1.203805355789023963e+02
1.021956739869044384e+02
1.131372750041133912e+02
9.630919167863697794e+01
1.025143995128404413e+02
1.224132189287292647e+02
9.292686463420233167e+01
1.100279963608499969e+02
1.162959966642492162e+02
1.067863180773316145e+02
1.145564759955611436e+02
1.042077478662966428e+02
1.060210648848294852e+02
1.140101754385203776e+02
1.113952711830651481e+02
1.056615332064384063e+02
9.350348352338693303e+01
1.216120951778628552e+02
1.026553396105907439e+02
9.928295754767579240e+01
1.312368109036681005e+02
1.098676216896002700e+02
1.039744056229025659e+02
1.210226864166295258e+02
1.156921755445218309e+02
1.078273947127521950e+02
9.632055276221291251e+01
1.137926621842484423e+02
1.180279795821120956e+02
1.215099578408462548e+02
9.648036517682982094e+01
1.221302230961492654e+02
1.072339600863575839e+02
1.169548444256654420e+02
1.046845941842020551e+02
9.955736163660418470e+01
1.044631934063557850e+02
1.154507799320235506e+02
1.139691746244364623e+02
1.171194523658541300e+02
9.655656769340494350e+01
1.020583376821227546e+02
1.092454917024864329e+02
1.092981468713961846e+02
1.029494281748397526e+02
1.127611241806383333e+02
1.260725105121506147e+02
1.107072150668116279e+02
9.424713959599498025e+01
1.011664549517297331e+02
1.056272680535845581e+02
9.179219832797151923e+01
1.170737557033207992e+02
1.113234134953070935e+02
1.088992738788254258e+02
1.064791039104408128e+02
9.695493590397792616e+01
1.232169664569812966e+02
1.149597098949056857e+02
9.388100320918751152e+01
1.215344731143312202e+02
9.120728757690748978e+01
9.230759361389665685e+01
1.126908990554359775e+02
1.099946960001619232e+02
1.240847942232641401e+02
1.181206811942257389e+02
9.388340901048900378e+01
1.122996704908367178e+02
1.085579134823426983e+02
1.063158325299582572e+02
1.015042128840551641e+02
1.092980636769690932e+02
1.189730327387481026e+02
1.104768567338741008e+02
1.052879088846174369e+02
1.129833651027093566e+02
1.227259196922939282e+02
1.035293489496955459e+02
1.016692717728948736e+02
1.029696736909585866e+02
1.294062977750049583e+02
9.827494036250229215e+01
9.001557233189089402e+01
1.304652450143932469e+02
1.097281950624287532e+02
1.121776119245874952e+02
1.137349446914457047e+02
1.203406945427085191e+02
9.990485051161353169e+01
9.379075963501126978e+01
1.130183184332460513e+02
1.111550458900602081e+02
1.203357501235196452e+02
1.010771897407621509e+02
1.076511498961295814e+02
1.105197339392392735e+02
1.055981268197812568e+02
1.029117717003789636e+02
1.026221100332319338e+02
1.282883330239160102e+02
1.126740390162102443e+02
1.094296317993994734e+02
1.007280562729992681e+02
1.122659066915504127e+02
1.239674039855455874e+02
1.041382274631438065e+02
1.149027844204941857e+02
8.871422042304664046e+01
1.053947216993056628e+02
1.209244784632664533e+02
1.106033864855803017e+02
1.033756464007492895e+02
1.184459144893399269e+02
9.816939095121240655e+01
1.005191200277744485e+02
1.039922243317932811e+02
1.015326040553288180e+02
1.227220866380587836e+02
1.017348521669718195e+02
1.112786044864858894e+02
1.131466567314727598e+02
1.044937172230744125e+02
9.950026032898270500e+01
1.121787325059012659e+02
1.273595736041554289e+02
1.140282081347476151e+02
9.843649475592036424e+01
1.267081414814872318e+02
1.188606265208384372e+02
9.490127403052775890e+01
1.115850900619089145e+02
8.486241039165780364e+01
1.079041178663616591e+02
1.079397781982880673e+02
9.952849095010222413e+01
1.192222682071958673e+02
1.098509561324609507e+02
1.166081254586150635e+02
1.017528174755366450e+02
1.096446351660049885e+02
1.164153538780609267e+02
1.080317011000124410e+02
1.044289892265503852e+02
8.575844934507755113e+01
1.396675835510887396e+02
1.238236966217327790e+02
1.032243252671061811e+02
1.024110710675654445e+02
1.219275517222774852e+02
1.004018221947654581e+02
1.043739499416038683e+02
1.041023356280000343e+02
1.094994501139635332e+02
1.170086197249325721e+02
1.099591396623690684e+02
1.071712481510235477e+02
9.888049245359560757e+01
1.153229963873959321e+02
9.754740719331527998e+01
1.179313928364485093e+02
1.255971518090500183e+02
9.178601466113529739e+01
1.102414597598522477e+02
1.047766797547364916e+02
1.245593143767005984e+02
1.025378646258404842e+02
9.864850476044102834e+01
1.096266456080533374e+02
1.156510577764829293e+02
1.010560860174353053e+02
1.102431318099854565e+02
1.041048959810224517e+02
1.220042328981554931e+02
1.078147425409234899e+02
1.099585585876861131e+02
1.002040169013551605e+02
1.021760169808218706e+02
9.711398932358603986e+01
9.981109700108501670e+01
1.341043646264872109e+02
1.175146176415282611e+02
1.113027574242372850e+02
1.015735875318606958e+02
9.609800808727702304e+01
1.305800205207873148e+02
1.310204635263952184e+02
9.549376685648496732e+01
1.067377659117995563e+02
9.783909857511747532e+01
1.355620187270633608e+02
1.154065817272822585e+02
1.045018044376422210e+02
1.019018167463609927e+02
9.703693806207115813e+01
1.068354047648924734e+02
9.377987949807081236e+01
1.101020840231009856e+02
1.278430476008323780e+02
1.162041654985319212e+02
9.945329560524433532e+01
1.124850273019888363e+02
1.257713344110485281e+02
1.168969829704645917e+02
1.014050197261821609e+02
1.050774230994220204e+02
9.177511203186405453e+01
8.800927600055554478e+01
1.379463398457416758e+02
1.095250989579588747e+02
9.629994805777445777e+01
1.033184221648650691e+02
1.100385493929443186e+02
1.000349584523907964e+02
1.008483275828875207e+02
1.305871110715591499e+02
9.011672925507983223e+01
1.093439360430580223e+02
1.174447261670720479e+02
1.038705141227094941e+02
1.077766423737890875e+02
1.054947278926161260e+02
9.873673771487727890e+01
1.165112164195878819e+02
1.228502490273293688e+02
1.264704199322457612e+02
1.051543571044273335e+02
1.017894925988137800e+02
1.183544119878324210e+02
9.932712369633385663e+01
1.006405410649006456e+02
1.009762207357240413e+02
1.020130252273675779e+02
1.096683179092127034e+02
1.058159233372487762e+02
1.056091661265197530e+02
1.293828841983801112e+02
1.037790107255570291e+02
1.172158334848961942e+02
1.179376847586712955e+02
1.023075130177037124e+02
1.166276144614355843e+02
9.845677540295663732e+01
1.009246523348013937e+02
1.262024276887137688e+02
1.154002509377412480e+02
9.885775044000816081e+01
1.105565405965850232e+02
1.031144026045399613e+02
1.160605028138452752e+02
1.084072870077413455e+02
9.579576188762463573e+01
1.219399183281429231e+02
1.172016111353865853e+02
1.082850315531775323e+02
1.129746180920773071e+02
1.041685491512851485e+02
8.385348745494351874e+01
1.162753657636518057e+02
1.144382159007122226e+02
9.643539407288317022e+01
1.084805244026536286e+02
1.026483418567344472e+02
1.179254476720760749e+02
1.071838815775293341e+02
1.125813015721422943e+02
1.042406288702064217e+02
1.141395676371568157e+02
1.127094790726748244e+02
1.150904605244323307e+02
1.011478471041655780e+02
1.013784065128169942e+02
1.110090319034016204e+02
9.825551389720584439e+01
1.123725656077370019e+02
1.129651084310157785e+02
1.230131115476309986e+02
7.416468536358976849e+01
9.029128609213732659e+01
1.327985393586698137e+02
9.949186051070371661e+01
9.780291541354588958e+01
1.366009391564627151e+02
1.034197875898366874e+02
1.204304984080436896e+02
1.081722116047536844e+02
1.103690508450118983e+02
1.084241434512206581e+02
1.056150451992123465e+02
1.024005222812777021e+02
1.062484823590729661e+02
1.128705332227056459e+02
1.229651778161837115e+02
9.366840270487735154e+01
1.177205313823838395e+02
1.096566220969269523e+02
1.126416741642670161e+02
1.052188282674475346e+02
1.007661448295744293e+02
1.270002594224169457e+02
1.010954172232756463e+02
9.360818347768766046e+01
1.023481341365067010e+02
1.084364202687387433e+02
1.286884294404322020e+02
1.202286340348847062e+02
1.003951388114847418e+02
1.148265703326312206e+02
1.025505236506801054e+02
1.126179244127360448e+02
1.007087193891801888e+02
1.254572763507027986e+02
1.051912228720687779e+02
1.190870078051142258e+02
9.437182051918607328e+01
1.070663246229018171e+02
1.068875949843545641e+02
1.018779798632924383e+02
9.645844587413212423e+01
1.076428260834567823e+02
9.141015872289858635e+01
1.167332184518150910e+02
1.065126484969518685e+02
1.074198211849231370e+02
1.253888714383050882e+02
9.233613477635236677e+01
1.289893799615402656e+02
1.191929107427605743e+02
1.066932661178959165e+02
1.269559278277125287e+02
1.157422407044350763e+02
1.021079009847302927e+02
1.133962959377007849e+02
9.102479264547399396e+01
1.253814212162144486e+02
1.020001744254066409e+02
9.793229138949695312e+01
1.042186830405641018e+02
1.031857032260154057e+02
1.266818250102536041e+02
9.910087151292958652e+01
1.178966038364253421e+02
1.015000243197169567e+02
1.204328503223568561e+02
1.287905925103636946e+02
1.061217394651208252e+02
1.021231003256174290e+02
1.103915132365432328e+02
1.147056675723570862e+02
1.162163556303092378e+02
1.056579259994516349e+02
1.078458141754302773e+02
1.026178399882741132e+02
1.258557608216741244e+02
1.051379265339565450e+02
1.270300354536092016e+02
1.012802070175141154e+02
1.009616111415179631e+02
1.236673760624535277e+02
1.143414251366427976e+02
1.176967460125878944e+02
9.811464394217588847e+01
1.199852827356588705e+02
1.189948479134427402e+02
1.064506461483989881e+02
1.256834601558075235e+02
9.134576881611040733e+01
9.361501441571260784e+01
1.040614097325813390e+02
1.231375226607886333e+02
1.132074144676100502e+02
1.149162658683022897e+02
1.012112847042244397e+02
9.838385928588914453e+01
1.122316733795499886e+02
1.021717796951579231e+02
1.135720955245151913e+02
1.122204108564060618e+02
1.118933850135683059e+02
1.040720836770405953e+02
1.170346164636970201e+02
1.132451560578270744e+02
1.233198379069581705e+02
1.136262481737417573e+02
1.150971851396978991e+02
1.096984523011950188e+02
1.055727653405126887e+02
1.208155675792687731e+02
8.984095347735625126e+01
1.037889512970042745e+02
1.176561483783983135e+02
1.231061200582643522e+02
1.048002657965582927e+02
9.854928901876895964e+01
1.240859143763030232e+02
1.201352079589743909e+02
9.642352577908700084e+01
1.142041627400525812e+02
1.116269110664884323e+02
9.594775774185330874e+01
1.070410442342586350e+02
1.147347137231408851e+02
1.115861619116268173e+02
1.146161281764204602e+02
1.057582708174710149e+02
1.074198545158660352e+02
1.208676040944189651e+02
1.124124570532230933e+02
1.050433248603843879e+02
1.054706501068741460e+02
1.114127254658378803e+02
1.404021517634251950e+02
9.893708134755694061e+01
9.980923136675056639e+01
1.013952831594021973e+02
9.806047882954800343e+01
1.084834879641962573e+02
1.243724441742875655e+02
1.073614806687559167e+02
1.151558963622212275e+02
1.110250272456626419e+02
8.774947467231885412e+01
1.156636684245467848e+02
1.039794599934868131e+02
1.047029279535351520e+02
1.153754169734777832e+02
1.058255399130022170e+02
1.108641207957081463e+02
9.642046395693984095e+01
1.037013455764009962e+02
1.009296996289681800e+02
1.174935747804683501e+02
1.208221348599788456e+02
1.123569016718071083e+02
1.149052578733938788e+02
1.127835125383976447e+02
9.600151678062519522e+01
1.095276243324292409e+02
1.114111956965995489e+02
1.146226473239061932e+02
1.163246320821706803e+02
1.022876609909138210e+02
1.023406133426007898e+02
1.040175479510731122e+02
1.135606295975197639e+02
1.094433073282389728e+02
1.123431228970327425e+02
1.012574646493886945e+02
1.150088019564662147e+02
1.053425254765667489e+02
1.153509045420306478e+02
1.069143894512092885e+02
1.292655037537938654e+02
1.020955796946311267e+02
1.096283088464417688e+02
9.692628379562181351e+01
1.098250336889276895e+02
1.053091910656500261e+02
1.029061069059960118e+02
1.354949137902790142e+02
9.823934238934701568e+01
9.834187991241923044e+01
1.091016513623187052e+02
1.110467866541945483e+02
9.674784626583621616e+01
1.089196531950503015e+02
1.032118408940591365e+02
1.192110645976150209e+02
1.091182454128916390e+02
1.165315799564829291e+02
1.043330006118476945e+02
1.188216642312064835e+02
1.257943155824326453e+02
1.019198405642975445e+02
9.373683597042625593e+01
1.068613809164958610e+02
1.270171444572111596e+02
9.179479832582806864e+01
1.198544743988382493e+02
1.112211222958877244e+02
1.085435123329913125e+02
9.977962590439614132e+01
1.155170225423397028e+02
1.201460260398458360e+02
1.069215610674406065e+02
1.062988725103820826e+02
1.104004869876102646e+02
1.133404912480071260e+02
1.017782747684002373e+02
1.256668067676176435e+02
1.015138344741214098e+02
9.952414919606756882e+01
8.834963544407243319e+01
1.049026273870433954e+02
1.407086169526910169e+02
1.191346564694896273e+02
1.024331826918850652e+02
9.356884082427048099e+01
1.004754046136260968e+02
1.164892594533298791e+02
1.362429732468886812e+02
1.054488478823278399e+02
1.047331222960601878e+02
1.303761156842976163e+02
9.899375422686235027e+01
1.138897477456343807e+02
9.796098449870922309e+01
1.037121247292927393e+02
1.090935944046385089e+02
9.972980255585019904e+01
9.750628434888534457e+01
1.072313409905740826e+02
1.077442061789694066e+02
1.162750259984072727e+02
9.563997823721858538e+01
1.156398214078719775e+02
1.097093510545366115e+02
1.159301872408580749e+02
1.081183308708595519e+02
1.217922098382049398e+02
1.028530602973802246e+02
1.041540380223004121e+02
1.015573203883729718e+02
1.062360574313744479e+02
1.007249842499643506e+02
1.245044994539100855e+02
1.250024046262554123e+02
9.628072119641539928e+01
1.064434815282388769e+02
1.064158992973719506e+02
9.026833470609007293e+01
1.181194921421222261e+02
1.304131103496640378e+02
9.803673820110941506e+01
1.147874075105010263e+02
1.068336795090951767e+02
1.206880406412020790e+02
1.102903022832606865e+02
1.184718505791133367e+02
9.975388720890602201e+01
9.805853908603886282e+01
9.628108304506783099e+01
1.318003770505434034e+02
1.080020763554424263e+02
9.787767295782624899e+01
1.118574173180203530e+02
1.087642798683471028e+02
1.042437199109813122e+02
1.201742844322067754e+02
1.058398846624786103e+02
1.060264685644665548e+02
1.023921210466313880e+02
1.160830497593261867e+02
1.141701314949839627e+02
1.028670678813674897e+02
1.213484439323362807e+02
9.303681607410111098e+01
1.188019650874822730e+02
1.155029500283953894e+02
1.304990786228348725e+02
1.044935714645095288e+02
9.501563005804160866e+01
9.474131827139498796e+01
1.070250768302488211e+02
9.257749247320518293e+01
1.144059825489355120e+02
1.334239143366449980e+02
1.070560753233217923e+02
9.902548095663198069e+01
1.071763617427838824e+02
1.051020380156924574e+02
1.163350183744181408e+02
1.072127028864939433e+02
1.057395289962162792e+02
1.065302571946380112e+02
1.161453149216847152e+02
1.117340262269241009e+02
1.047143921696488320e+02
9.902478269107471931e+01
1.136665937195711393e+02
1.117880950819706527e+02
1.310089010723226295e+02
9.498440247478004039e+01
8.660434512040370691e+01
1.019761619727289599e+02
1.312307570045153113e+02
1.042004550157023033e+02
1.350022071530251822e+02
1.008130154176963060e+02
9.529366685144341886e+01
1.051355388782804141e+02
1.008613777428806486e+02
1.223073092085054867e+02
1.393479960338131889e+02
9.400369002621522441e+01
1.100671637476813061e+02
1.184628647516391737e+02
9.738108854060190822e+01
8.485563165028749211e+01
8.971963117794598475e+01
1.323123782956468801e+02
1.030228358858904727e+02
1.277889773335416805e+02
9.898247411382078553e+01
9.901214892834005354e+01
9.513235075103975191e+01
1.038327708895576080e+02
1.001241437038202520e+02
1.159228350334362858e+02
1.135785837854342475e+02
1.218707084899584174e+02
1.095163916479047401e+02
1.056664385311333803e+02
1.319357607998312858e+02
9.785852323667783992e+01
1.014550728312383114e+02
1.054087905778453234e+02
1.206215480838627201e+02
9.715284152630182746e+01
1.093731959527529227e+02
1.012421840005255973e+02
1.219116464331828382e+02
9.988434433710501992e+01
9.068893810986469362e+01
1.086791989627945583e+02
8.373896595757378236e+01
1.176870641477197665e+02
1.291411956291811407e+02
1.118926326226271186e+02
1.131717291886290013e+02
1.268743975293004098e+02
1.110925901033856462e+02
9.665353817608905729e+01
9.714106140307367809e+01
1.072376567562011473e+02
1.096370691675902833e+02
1.110659812891279188e+02
1.199513385167059027e+02
1.146575967437148478e+02
1.199550485448412047e+02
1.126133349725148918e+02
9.615068979140413319e+01
1.023403425566905582e+02
1.087248798576250977e+02
1.054135020498833768e+02
1.114320028022313949e+02
1.182972634748058596e+02
1.018888340360997660e+02
1.097315088539205163e+02
1.087707842236377047e+02
1.198386931912042286e+02
9.883040121686049417e+01
1.216535697782359335e+02
1.201680194972955888e+02
1.226056236007738534e+02
1.040464024299682961e+02
9.568399647289400889e+01
1.078745526599264224e+02
1.051877935180997667e+02
1.062162540812841200e+02
1.048388300189276379e+02
1.116240953272246372e+02
1.273864892000108284e+02
7.610595406339508884e+01
1.277583432030408090e+02
1.193353083906946637e+02
1.067863305469531809e+02
1.197361754099204205e+02
1.083115715811159134e+02
1.012654618918500375e+02
9.930745548478678586e+01
9.721627772840568582e+01
1.054542149832006572e+02
1.234986522827267663e+02
1.214848271187671571e+02
1.088681533774224306e+02
1.019377053480916544e+02
1.105493776192889186e+02
1.145148553502725690e+02
9.654969588800946667e+01
1.112395010802265176e+02
1.288751238115305000e+02
1.001848159800482421e+02
1.050827328202038586e+02
1.057254560024937007e+02
1.214451588349849800e+02
1.044085952604878713e+02
1.170741035032067572e+02
1.142599266387786372e+02
8.758968169281455118e+01
1.185008459808496184e+02
9.716946312784618556e+01
1.166663261803364549e+02
9.546262617209620771e+01
1.264913406664351356e+02
9.841171199618563037e+01
8.270146437770736725e+01
1.367115528176120733e+02
1.191254592286387748e+02
1.041403210374619448e+02
1.080196071588708691e+02
1.049972525317620011e+02
1.255826887826548841e+02
9.479966772230061167e+01
1.169604856175801473e+02
1.190442972562406965e+02
1.081181817400346716e+02
1.038067897991137727e+02
9.636395252129028677e+01
9.518003623209709474e+01
1.032975523860399534e+02
1.008021821696869154e+02
1.353593691949638185e+02
1.165461097186809525e+02
1.408449786736311466e+02
1.084937763437074096e+02
1.001365561913011817e+02
1.028463608677097767e+02
9.890506546154350076e+01
9.666146827733800251e+01
9.927988110979362091e+01
1.122404794039958915e+02
9.505367382897821926e+01
1.051698996728978273e+02
9.643751862308602085e+01
1.202812968881552962e+02
1.047903223844127467e+02
1.058383703918442080e+02
1.224138259185972260e+02
1.134729435922390195e+02
9.844249537366485470e+01
9.671836737920763483e+01
1.210065066856016500e+02
1.196469899440106843e+02
1.030628483569682174e+02
1.116354944542241014e+02
9.317486227217470685e+01
9.334307490116339068e+01
1.256172446252654140e+02
1.049573009252851108e+02
1.216292579789764972e+02
1.231762672540368300e+02
1.059205550538004417e+02
1.109439487582526880e+02
1.095311653581550644e+02
9.810881861889919264e+01
1.084491020252606006e+02
1.188842001915741236e+02
1.039967254747061389e+02
1.133636407994384427e+02
9.537974388425762129e+01
1.011560772796090930e+02
8.681677917363212771e+01
1.210687149798876590e+02
1.202625981388704446e+02
1.168304140275101588e+02
1.055291382838698979e+02
9.072138554159886326e+01
1.151158354789374698e+02
1.055179313169661270e+02
1.183544094244486757e+02
1.176602587146176973e+02
1.028086220275127118e+02
1.024736358876091202e+02
1.150724977878271602e+02
1.105512780865159357e+02
1.064946385242228928e+02
1.184080880887056821e+02
1.017646002123731535e+02
1.065403441968785216e+02
1.122607806384478408e+02
1.003454380307228320e+02
9.874401410119197919e+01
1.317316683520101890e+02
1.058566099018265447e+02
1.158919667147359860e+02
1.052442988574835141e+02
1.062166944160555033e+02
1.096618332450123177e+02
1.116000052251557975e+02
1.077564621756416869e+02
9.955527171941092490e+01
1.081723418486733124e+02
1.461299968811112251e+02
1.011738548684298422e+02
1.083604527555773416e+02
1.113760779651978936e+02
1.147820898289835441e+02
1.089847320042619856e+02
1.117161421665650067e+02
9.276437540431656714e+01
1.052499082062815603e+02
1.062105321154607509e+02
1.095362953637635997e+02
1.068859270328613462e+02
1.298325166151526560e+02
1.284533385400404200e+02
9.968190968268841345e+01
1.100129079727035162e+02
1.049763848613191897e+02
1.126502493712899593e+02
1.087061515240522169e+02
9.594460178627906544e+01
1.125966807405903722e+02
1.204447545699371886e+02
1.037679533559215344e+02
9.948921719382087758e+01
1.136544805846370991e+02
1.396753422841384520e+02
9.238853705530303273e+01
9.902249903199222558e+01
1.009833804402606319e+02
9.613993570408683809e+01
1.219586341067358148e+02
1.065488931698470338e+02
1.072875497100085198e+02
1.028097457441662925e+02
1.180979553925491388e+02
1.079365864738452103e+02
1.281882512233339355e+02
1.026270186803089217e+02
1.019249586860095320e+02
9.901251024575928739e+01
1.134127319706228150e+02
1.249623614834598158e+02
1.075701350949963171e+02
1.059442051726484095e+02
1.048979141949845229e+02
1.047712144420054869e+02
1.077664541800848070e+02
1.110396903053937336e+02
1.004631264413044107e+02
1.152496716227525582e+02
1.068894265747047143e+02
1.137364100922308268e+02
1.082303232591899871e+02
9.501366860758176358e+01
1.269410083894880614e+02
8.967686271289464628e+01
1.068140043525674940e+02
1.015448026985020391e+02
1.299290130526752023e+02
9.628126475245346683e+01
1.136353268286187017e+02
9.965863329166646167e+01
1.290682077624856277e+02
1.029228564842244538e+02
1.108545371978943592e+02
8.961222284986391173e+01
1.113049906478136961e+02
1.149386963944114086e+02
1.176534195991760896e+02
1.141246942853817643e+02
8.710227310113747023e+01
1.087492413237825133e+02
1.147017748707892650e+02
1.173727959615350755e+02
1.201398021597076706e+02
9.091782174150642959e+01
1.029327377247263087e+02
1.061705775479697280e+02
1.035686497216453432e+02
1.135462396561500213e+02
1.273495381808495637e+02
1.097038102476602859e+02
9.319269921711921256e+01
1.064963249341602420e+02
1.110093445384097350e+02
1.257223452500485479e+02
1.033237129096512916e+02
1.150448906281408625e+02
8.106776918932604303e+01
1.185623374782571204e+02
9.411797706621608484e+01
1.110007190430532944e+02
1.055978672433834333e+02
1.192446374218041711e+02
1.153083074228158438e+02
1.052190144186680527e+02
1.004722608180496906e+02
1.106944853786622645e+02
1.193302099338643529e+02
9.323614887466294476e+01
1.059519976391504628e+02
1.211562301138359743e+02
1.069940903653647126e+02
1.054217253546534891e+02
8.907681631747230711e+01
1.218225280503766470e+02
1.020137416498161542e+02
1.067141442035767085e+02
1.285163156212153410e+02
9.520307341728475592e+01
1.112391713100789588e+02
1.297560413040369838e+02
9.990048392466900395e+01
1.061756158280347222e+02
1.036492780623373875e+02
1.147515834496135767e+02
1.047024201417788873e+02
1.244225121286886093e+02
9.244342513822090268e+01
1.107272801780510747e+02
1.248054404334698688e+02
1.031859588885055246e+02
1.281924282595427371e+02
9.587052681164753665e+01
1.203287286843158626e+02
9.648548403441229482e+01
1.364819897749752613e+02
1.061998868162662006e+02
9.241247039801925212e+01
1.010349025488792876e+02
9.070013982109168182e+01
9.020392353104267613e+01
1.495034983035175742e+02
9.136451311708856338e+01
1.161523356859328544e+02
1.057024898157263806e+02
8.054526129114901778e+01
1.171287649681326428e+02
9.780505569630342677e+01
9.376130821190136544e+01
1.461402724914030387e+02
1.162085355982538886e+02
1.235505491227049220e+02
9.661063559269391021e+01
1.029883174706934028e+02
1.024907963618060620e+02
1.153805099549974784e+02
1.147449169524499553e+02
1.135024251480103885e+02
1.324989820050367371e+02
9.985632817921047888e+01
9.054313532166996481e+01
1.151411609680588555e+02
1.059804190935296759e+02
1.009432053231171835e+02
1.310426002066792535e+02
9.667569201727656036e+01
7.806125309969922910e+01
1.233855671049013267e+02
1.251168242314863051e+02
1.177042777777442950e+02
1.059978274966899221e+02
1.078350323336919843e+02
1.226356618465623853e+02
1.178113583427868036e+02
1.029318129152052421e+02
1.129966119640960471e+02
9.806548397806417938e+01
9.418986502478318812e+01
1.135894596519007536e+02
9.418288406321191530e+01
1.010501943409861241e+02
1.261334924180886219e+02
1.100628376866847304e+02
1.082884007612070576e+02
1.030261685049865008e+02
1.082630591345722451e+02
9.603988482615365285e+01
1.222737098727928213e+02
1.238110844720649482e+02
9.978590727826846773e+01
1.024592977906657723e+02
1.120058756080926372e+02
1.081745905157643222e+02
1.024132553751977923e+02
1.222700617715181579e+02
1.093100021333480640e+02
1.210967981426651647e+02
9.434300231209732601e+01
1.138923756726314878e+02
1.003241093954399190e+02
1.199648022146367765e+02
9.764274885273641758e+01
1.019910381374971280e+02
1.138956624719269115e+02
1.156103560676209980e+02
1.519942879182128763e+02
8.768901542402359439e+01
9.356754930254713543e+01
1.065661172294761627e+02
1.013882414370129794e+02
1.153702973213161727e+02
1.148326512567640805e+02
1.138416724110050353e+02
1.111591497967072399e+02
1.108603391825358102e+02
8.757775981109082863e+01
1.160262331636124600e+02
1.066670195973868118e+02
1.188363032492426612e+02
1.179206306285952195e+02
1.039843635999489777e+02
1.289418770682044908e+02
1.036810756920191920e+02
9.802179497673402864e+01
9.502409034312491087e+01
1.196950116962595985e+02
1.242472203191482834e+02
9.701769948986159875e+01
1.059567943859287737e+02
1.213670634657545975e+02
1.007498961055861457e+02
1.057700920965772156e+02
1.055748435778332919e+02
1.125474567311489977e+02
1.247425317998304024e+02
1.133163599699795299e+02
9.787181902214324225e+01
1.021432734486690350e+02
1.193659892024877962e+02
9.917295911620699655e+01
1.100049885703605526e+02
1.215072743690742954e+02
1.099790816794419754e+02
9.357711250137492698e+01
1.027150826568800568e+02
1.055677893596496659e+02
1.296933358254505322e+02
1.099728828085036696e+02
1.044003945783556873e+02
1.037669126105047326e+02
1.429871130363125928e+02
1.009567389125748065e+02
1.026311264111178048e+02
1.141947836385844397e+02
8.448810612728175329e+01
9.761205041987119557e+01
1.073899320337288117e+02
1.244850431902573860e+02
1.047041784431479954e+02
1.081020085955405392e+02
9.824410413760925564e+01
1.107530948019369674e+02
1.008757922145432815e+02
1.025492150909530267e+02
1.151686848968306691e+02
1.061575458973687489e+02
1.132599500576734073e+02
9.191035922941465230e+01
8.803450296863194069e+01
1.224835204508899977e+02
1.339713150986368078e+02
1.182850670538688007e+02
1.038764936135545582e+02
1.138377407802714316e+02
1.078444515208940402e+02
9.513669190339722093e+01
1.183999565288714990e+02
1.091263586148338334e+02
1.199596773327637891e+02
1.019120786351551970e+02
9.629578387366973402e+01
1.220942329659685015e+02
1.087981310213650374e+02
1.062864491839915928e+02
1.074199272036530601e+02
1.089549356000944726e+02
1.013927779311323434e+02
1.141177635203671059e+02
1.178400585567002139e+02
1.206837209616269746e+02
1.079660796154579998e+02
9.655476457653827538e+01
1.104667693648823388e+02
1.183083427523163493e+02
1.003510761021502447e+02
1.080486459366743048e+02
1.055943903053820492e+02
1.026691680461538141e+02
1.109375617593313734e+02
1.131182077767240486e+02
1.155712888452392093e+02
1.169264467313850560e+02
1.113890296112884641e+02
9.504379826779508278e+01
1.096674134110583765e+02
1.025654955889070123e+02
1.208486747568242521e+02
1.236910367570425819e+02
9.851256103855813251e+01
1.129091405211046606e+02
1.015209866221014323e+02
1.104247823951134961e+02
1.069056717860081136e+02
1.280713337104705261e+02
9.447458693037057742e+01
1.092643672432437398e+02
1.155978642273437202e+02
1.046762654173558786e+02
1.019790293587986127e+02
1.184939801157199923e+02
1.020105518423732178e+02
8.904696561496047025e+01
1.113089865939984264e+02
1.168263270088550314e+02
1.105505195058660775e+02
1.146283290142112037e+02
1.060826422021078628e+02
9.577503317884448109e+01
1.000886064157019177e+02
1.032311397685512588e+02
1.207481152821126216e+02
1.066996699209382626e+02
1.143392634273421606e+02
1.102822733023925537e+02
1.358403854821134473e+02
8.947090851341455675e+01
1.103422400161858690e+02
9.514699405766380380e+01
1.002018426477207100e+02
1.294401156777253732e+02
1.199748842083974409e+02
9.909337262934019464e+01
1.089179429057651731e+02
1.152629004774847061e+02
1.124482915086870634e+02
9.838102596451801674e+01
1.248140564206588721e+02
1.110573837250118601e+02
9.976411289722780396e+01
1.046722451693189981e+02
1.110138125131812643e+02
1.037947917363566290e+02
1.091215899630441584e+02
1.006558201209190884e+02
1.134901879359280059e+02
1.090362226087047191e+02
1.079407997128153340e+02
1.162940546889631150e+02
9.300506822779529159e+01
1.091997274380496208e+02
1.089620171424057986e+02
1.045032725495703829e+02
9.817300341733596269e+01
1.187789904007632629e+02
9.603104044470050837e+01
1.135164201537726996e+02
1.221455286321324252e+02
1.284160099504177879e+02
9.339677795919074299e+01
9.380602068137713445e+01
1.189063438611578789e+02
1.062586276993099261e+02
1.088605990522015361e+02
1.026105254656977195e+02
1.172665994921877086e+02
1.002974953540059460e+02
1.001669815918836974e+02
1.121582217501908332e+02
9.680008635174515064e+01
1.029028500840191640e+02
1.186969759154177950e+02
1.142069705251492877e+02
1.092330924112609267e+02
1.150883103351351195e+02
9.727068099673827817e+01
1.209183282454843038e+02
9.880628866991126813e+01
9.319137063240998486e+01
1.050855054005503462e+02
1.027377933713420504e+02
1.023708663573317921e+02
1.067098750461321401e+02
1.050192035248437463e+02
1.248191190759806801e+02
1.109494441357875019e+02
1.130013103184690095e+02
1.136145644119498570e+02
8.740293678377661024e+01
1.241532733647085109e+02
1.172337030750966136e+02
9.385479538735663141e+01
1.082765950348188539e+02
1.144063188112766767e+02
1.122805530824243334e+02
9.446736431539865464e+01
1.011681397363933570e+02
1.224066247179204083e+02
1.177493974227945870e+02
1.260858634837315293e+02
9.779533471016476653e+01
9.843700286834669555e+01
1.016607075201154515e+02
1.095524418277192211e+02
1.151520523479174045e+02
1.136134072192236459e+02
1.159279858648033326e+02
1.084231305691232023e+02
1.069162279501869790e+02
1.031599470347829026e+02
1.193069373498234427e+02
1.011447884090254377e+02
1.165948905677335574e+02
1.036529473988930050e+02
1.092418192902222813e+02
1.184374817995939964e+02
1.268228645738951599e+02
1.038624998561202517e+02
9.580256364536595015e+01
1.412766277289933612e+02
1.158065814586886688e+02
8.971308080060968848e+01
1.019634686203329039e+02
9.565318740713148316e+01
9.471399027786711144e+01
1.087865212008492790e+02
9.573026243237336530e+01
1.125688178964782225e+02
1.072855518108195980e+02
1.157085257738940385e+02
1.148392499950697498e+02
1.133866724532285559e+02
9.512484055945310502e+01
1.255609981278474834e+02
1.104917878670996600e+02
8.986407480625329924e+01
1.274738461513342855e+02
1.085492574908471823e+02
1.038871258235100044e+02
1.109032035330731532e+02
1.265699623803420906e+02
1.151861183376469029e+02
1.015951825988660460e+02
9.903059730052716247e+01
1.145076661615146776e+02
1.120586374619612826e+02
1.158167278284670516e+02
9.455096178587010058e+01
1.130653001153894195e+02
1.042971518683524721e+02
1.185223482921444145e+02
1.152958906033924080e+02
1.187205068059399906e+02
1.171505388258926814e+02
9.287802541618553676e+01
1.084418682768912134e+02
1.254665478277719473e+02
1.120240924158473490e+02
9.787605975165814698e+01
1.065030102891126376e+02
1.124058780208507358e+02
1.111764857872885983e+02
9.307656895059515989e+01
1.068909570783140452e+02
1.236598499156991977e+02
1.443506192507248898e+02
1.055848735388574937e+02
6.099217852336332157e+01
1.098940816821487942e+02
1.039298018598130540e+02
1.075981998767432941e+02
1.233949989689298832e+02
1.056014250703492507e+02
1.227163193752737271e+02
1.073995786790963507e+02
1.239378777580559756e+02
9.469752063530476960e+01
1.114510437424627867e+02
1.136330701761521880e+02
1.046299203750174200e+02
1.124452765068676143e+02
1.102805889482422117e+02
1.187719099335483008e+02
1.119007601047305371e+02
1.098028849987015860e+02
1.004478013822124609e+02
1.099420937994225653e+02
1.103334712944295148e+02
1.141448866988387181e+02
9.663110565837419585e+01
1.076159640910888555e+02
1.156776326823428178e+02
1.137401506011039203e+02
1.093897671861323744e+02
1.173393741127384260e+02
9.536978400364932895e+01
1.127300128301345836e+02
1.030436896520829606e+02
1.169353144134928471e+02
1.076145771858137010e+02
9.409828490276404978e+01
9.409422287739418778e+01
1.083587403387132611e+02
1.326336110880097294e+02
1.115104342599347405e+02
1.032983729530942725e+02
1.176383999640845843e+02
1.096759499260852238e+02
1.245000793203927714e+02
1.060585761201317183e+02
9.418131052007946380e+01
1.092268968395722624e+02
1.115867630651935656e+02
1.061551311959709381e+02
1.074670507299109516e+02
1.071579370810611067e+02
1.150714987598553876e+02
9.831257424041042725e+01
1.096683355333215388e+02
1.070008505482605869e+02
1.174496452668539064e+02
1.203044809782907123e+02
1.034247561772388480e+02
1.122449587050254536e+02
1.067355835276860176e+02
8.986202398932522328e+01
1.363264541684653466e+02
9.912765257728005963e+01
9.990456425640817884e+01
1.200509757302573917e+02
1.407497101112070936e+02
9.062794581390117798e+01
9.650839622224738434e+01
8.677042972325443770e+01
1.062755521435158954e+02
9.492183909048297608e+01
1.192312775739673043e+02
1.217001502540906444e+02
1.082408439566966365e+02
9.489545648075613826e+01
1.114985801438331379e+02
8.795287655503825874e+01
1.024942761332331713e+02
1.385321663369171574e+02
1.036433800026507299e+02
1.001451445472029746e+02
1.145909040586291923e+02
9.842889260872222223e+01
1.126979777062872898e+02
1.100352415939929926e+02
1.268594066348908171e+02
1.181794259876428868e+02
1.134094871529712947e+02
1.056149202954663195e+02
1.094572464290022680e+02
1.074949321364052963e+02
1.196203149293371268e+02
1.148414601893912277e+02
9.930521305529939013e+01
8.993106906054300964e+01
1.120139730847379411e+02
8.994312773358132063e+01
1.322164741936214227e+02
9.890062680617698732e+01
1.218709217044964248e+02
1.056839428112092492e+02
1.139329971155407861e+02
1.037624620844121353e+02
1.104118701931907793e+02
1.088789878718427673e+02
1.136525429329117145e+02
1.119803650968739959e+02
1.026799456021052066e+02
1.246336523474223412e+02
1.124389856028050900e+02
1.089375788429974250e+02
9.869642504730968824e+01
1.090324542874437981e+02
1.152746080590719089e+02
9.835049486654034467e+01
9.699427616774875105e+01
1.116222200753661298e+02
1.227420970037045720e+02
1.015489397072202706e+02
1.144378582617675875e+02
1.073653049026880524e+02
9.952920155270307134e+01
1.098285692559460500e+02
1.089603411308553689e+02
1.216387876536651333e+02
1.174021166214956224e+02
9.931231796321439731e+01
1.125085795364619941e+02
9.775415258804758878e+01
1.049952791902488087e+02
1.188203021364590626e+02
1.292431624409256301e+02
1.030828356732931042e+02
1.043864496907599602e+02
1.004858825662194732e+02
1.243762572732124312e+02
1.180459117567723979e+02
1.167179373038560470e+02
9.688792114429692504e+01
1.221731435961642376e+02
1.185197953272238180e+02
1.124301524727748074e+02
8.462826728038213275e+01
1.150273420554049721e+02
1.172781468429909353e+02
1.052475074030649864e+02
1.040711242385637689e+02
1.026526832647209915e+02
1.117490254478063889e+02
1.043475196437569394e+02
1.346397312936071273e+02
1.095506581897052740e+02
9.654778058442437327e+01
1.035508473253233035e+02
1.038066524308664071e+02
1.238081721723395106e+02
1.052950165724694074e+02
1.083994543493623581e+02
8.231200882280428743e+01
1.030458750427471699e+02
1.341771526718359837e+02
1.161611696532845457e+02
9.515933109850391247e+01
1.181716957372554333e+02
1.182904236563885405e+02
1.002409675399290307e+02
1.098045349778656572e+02
1.111412041306078464e+02
1.273339873331973848e+02
1.051539225378982110e+02
1.074346291925477459e+02
9.235041499666388631e+01
1.076664104557961252e+02
1.143303378402688253e+02
1.231531329137672941e+02
1.213976371974386126e+02
1.046973616523132478e+02
1.038006707534599968e+02
8.458418316136310011e+01
1.204180530840547902e+02
8.880821243737904069e+01
1.120486679460241675e+02
1.150186088533244657e+02
9.958166497432087283e+01
1.225786868294783147e+02
9.721245198690196787e+01
1.160845697725948753e+02
1.047959287345588848e+02
1.214675483880249232e+02
1.077475869976155991e+02
1.080304579061482713e+02
1.005632163637122147e+02
1.049806258725050583e+02
1.055993223609789879e+02
1.083012635431811077e+02
1.069722089430967031e+02
1.135816205800424541e+02
1.133054711606426537e+02
1.040742215782835842e+02
1.107193429121225421e+02
9.644748894764826730e+01
1.466413025327585160e+02
1.024637250886104454e+02
1.127221107484962062e+02
1.049179474213190275e+02
1.028843591616173541e+02
1.046421225596931066e+02
1.283102536708250341e+02
1.007252734699798822e+02
1.023734236111657623e+02
1.062123761658727688e+02
1.157061888986296623e+02
1.393263740511185063e+02
1.031509836665385222e+02
8.987992351864258467e+01
1.043267961486222646e+02
9.733276517638707048e+01
8.160141959841551795e+01
1.065685363574501423e+02
1.143453407935433006e+02
1.380572483656709721e+02
1.164171774094060510e+02
1.216259606489500129e+02
1.027966207305891260e+02
9.419540239226159883e+01
9.934698636444922215e+01
1.206475248590339646e+02
1.055005932961905870e+02
1.100416188528877086e+02
1.108211924973733744e+02
1.188809725310765089e+02
1.273980103835312718e+02
8.243848051997781567e+01
1.029350894134808954e+02
1.005177928320831739e+02
1.171721009563216285e+02
1.128220662184841956e+02
1.116188428885837851e+02
1.111736929390420698e+02
1.147899528031838230e+02
1.036991699121106620e+02
1.105618752610113376e+02
1.018143884906399279e+02
9.473558738562573467e+01
1.447739348779446402e+02
1.104963414868234963e+02
9.072574427402277308e+01
1.116203378291133816e+02
1.082942388434754548e+02
1.056929110716852733e+02
1.306818825041952437e+02
1.391473792475851781e+02
1.096850653797504691e+02
6.043015035291264780e+01
1.262271885538759051e+02
1.109786738285354488e+02
1.108655350637775996e+02
1.054501344331452657e+02
9.644834015342908629e+01
1.041640944162379583e+02
1.149244987235470319e+02
1.094686993926226108e+02
1.016945896662709714e+02
1.211790900901674917e+02
1.129658223722689030e+02
9.283699689710266512e+01
9.881338674393026622e+01
1.036453985178656723e+02
1.103975370644882616e+02
9.457144105809383916e+01
1.275192786917490224e+02
1.181094527308353861e+02
1.168209017501787628e+02
1.456708120653840695e+02
1.090019999023534183e+02
1.053028407101757153e+02
1.142244038096922623e+02
1.030477105216554037e+02
1.089887075766132369e+02
1.121319697729465190e+02
1.163325865462778097e+02
1.004854363401776567e+02
1.051616324259086923e+02
1.171166791587656490e+02
9.611444499889445581e+01
1.424946030019485761e+02
8.882034025738612115e+01
1.029033281612871633e+02
9.948677823113528973e+01
1.111798809607976040e+02
1.007377885333731768e+02
9.640566800437136408e+01
1.042965441393644568e+02
1.171378653132373557e+02
1.129538659292022373e+02
1.060340606892910955e+02
8.887398539403274356e+01
1.054208793609547570e+02
1.090438206848308340e+02
1.382011937999771760e+02
1.179598652577613791e+02
1.187517059395625409e+02
1.079112214890739097e+02
1.161383038226332047e+02
9.758790796953553581e+01
1.018097541925010034e+02
1.222108541034571800e+02
1.024851797536306890e+02
1.153356854512094571e+02
1.048352328566312366e+02
1.289525009446894899e+02
1.037854654096098699e+02
1.097067259192690329e+02
1.008418045503691189e+02
1.052321200764834543e+02
1.149290231025830735e+02
1.094875224376368266e+02
1.216507850362707046e+02
1.103334914466784227e+02
9.043988839405319879e+01
1.085620225199047866e+02
1.222360593729974312e+02
1.382987956237610092e+02
9.253183755139920663e+01
1.118616685002840114e+02
8.558670596246174966e+01
1.099544141378102040e+02
1.164650743936201707e+02
1.164761583718169931e+02
1.123228713591394268e+02
1.021356269667077754e+02
1.112041972193737394e+02
1.270001735442802442e+02
9.628887892527765757e+01
1.104134767944707676e+02
1.283926716432775095e+02
1.111134481380666159e+02
1.052858005277166455e+02
1.045034483969165535e+02
9.702730538615486466e+01
9.462252915611938420e+01
1.184235075610837811e+02
1.062025430266974695e+02
1.260317596716067783e+02
1.095938702946024534e+02
1.050247265618740187e+02
1.031425938628294858e+02
1.031675555519662595e+02
1.335299773853315628e+02
9.709493819328025666e+01
1.114788121535303986e+02
1.041768828156493356e+02
9.480845664551418395e+01
1.011124980454131332e+02
1.065404170611221559e+02
1.154135036610131522e+02
1.292144510304077301e+02
1.007217726402831914e+02
7.979567335560994934e+01
1.128491276910855845e+02
1.094855067879023949e+02
1.220490376534748833e+02
1.055652620628492144e+02
1.199413264325613397e+02
1.262719383055706572e+02
1.023041595069828134e+02
1.121687568599367069e+02
1.023154470452564482e+02
1.011387520513000453e+02
1.123269611227625404e+02
1.152856097924044292e+02
1.253801801508815288e+02
1.088762309821811556e+02
1.022391439652033398e+02
1.215453992691616349e+02
1.204483548518902154e+02
1.206710244721055290e+02
1.015332514048648420e+02
8.947437309686117146e+01
1.049440496839238506e+02
1.251831955367939315e+02
1.007601881269672504e+02
1.132274890541539776e+02
1.152393670396710803e+02
9.696897119904738815e+01
9.936024212046856974e+01
1.274391790435907978e+02
1.175377331089123487e+02
1.010903175371740161e+02
1.130664904440968712e+02
9.758164800224142255e+01
1.162463287107071892e+02
1.070679221135528962e+02
1.319553602912947952e+02
1.024328217472690028e+02
9.097140913289926800e+01
1.041556311688077443e+02
1.122662707854593407e+02
1.081361940803989086e+02
1.079571723209225951e+02
8.708323972304330596e+01
1.221917055137652568e+02
1.174884567036715879e+02
1.139894021794512611e+02
1.155638239454306131e+02
1.208294072161102548e+02
1.020818145944271862e+02
9.657142945309625759e+01
1.047400645657154143e+02
1.066329428734193101e+02
9.846056794731994444e+01
1.099997927312240762e+02
1.015494442569982283e+02
1.177335469000680774e+02
1.201345209270295271e+02
9.645844865332975360e+01
1.015323699399354496e+02
1.163965237785269977e+02
1.212936073887189394e+02
1.113893306656565159e+02
1.114727385239720689e+02
1.093081986695069361e+02
1.248507906618467729e+02
1.122091054628351259e+02
1.103813297969787044e+02
1.055799362802189592e+02
1.183033355043626216e+02
1.137128035732503406e+02
1.004368643857296632e+02
9.726628731612380818e+01
9.997789998941408385e+01
1.290697241743399104e+02
1.154913352499250863e+02
1.040365900351519031e+02
1.109923862505171712e+02
1.226361794313175437e+02
1.105415173556468460e+02
1.005519067249368561e+02
1.149345162007989529e+02
9.201413215081231556e+01
1.132645090147650393e+02
9.594622889340473648e+01
1.113238132702137477e+02
1.125844541422868019e+02
1.018968575637791929e+02
9.711255956075737572e+01
1.295341633678592075e+02
1.102335941963899728e+02
1.034556133401165852e+02
1.131335214405489467e+02
1.093967955870961930e+02
1.051057216714535514e+02
1.155495495780565136e+02
9.645906293254131469e+01
1.354021180470023182e+02
1.062398869062327549e+02
1.131246467043118713e+02
8.780197240165574613e+01
1.074477438257749782e+02
1.291475325455431573e+02
1.201849990107990322e+02
8.898384156814474011e+01
1.026750834820440303e+02
1.179090024687113925e+02
9.110763558137865914e+01
1.096177536556159708e+02
1.218849183869283195e+02
1.036076477344961972e+02
1.188788812414173890e+02
9.388493410279696150e+01
1.082353738862431811e+02
1.230718097822825143e+02
1.217448879039405512e+02
1.076689389882976968e+02
1.036156111584365078e+02
9.977487324978496019e+01
1.253102400480188976e+02
9.801290169540067154e+01
1.136848409094355503e+02
9.315260907724884021e+01
1.206576315191012725e+02
8.275504162641384198e+01
1.099247537157851724e+02
1.145807527470103508e+02
1.133002313158636127e+02
1.018621677935679912e+02
1.256904245188871556e+02
1.147479380695207993e+02
1.160801898687414564e+02
1.027577517707900228e+02
9.598549957397408150e+01
1.169117720269254903e+02
1.109956412839301692e+02
6.551973931238090643e+01
1.081155611335347544e+02
1.217257846138247999e+02
1.033380213503332641e+02
1.314710168665720005e+02
1.160544708614427805e+02
1.092095651314350562e+02
9.946987653408339725e+01
1.142401431533003375e+02
1.000369354096534948e+02
1.060842922535034063e+02
1.263318778564581351e+02
1.225802042553748521e+02
1.060185044370004306e+02
1.030489022859702288e+02
1.180400388336643260e+02
1.115567522240673810e+02
8.982677148638347830e+01
1.075244967269466798e+02
1.000717100456582784e+02
1.420523576855371459e+02
1.105221181149632343e+02
1.067737050010100290e+02
8.255618938675307561e+01
1.246108344618598522e+02
1.058622640834999515e+02
1.249988907461565191e+02
9.843748683724945181e+01
8.657691709383617251e+01
1.131965166557162803e+02
1.284666688310669542e+02
1.030998351864766391e+02
1.084314035604156032e+02
1.148832175034082184e+02
8.894926594154247823e+01
1.118105934687544192e+02
1.060742069850870735e+02
1.067617862829696094e+02
1.149621753946780842e+02
1.163838084723367814e+02
1.173589852950427712e+02
9.492858705613781467e+01
1.106337708855131723e+02
1.023360401203412096e+02
1.125937203935504414e+02
1.027354801039251129e+02
1.034518479830985598e+02
1.073296458455427000e+02
1.318728906200194899e+02
9.921998386828038008e+01
1.103566346722571865e+02
1.098145786066425131e+02
9.922112487915366330e+01
1.042124125800396541e+02
9.524355922248406614e+01
1.045904912209051787e+02
1.160252149929274594e+02
1.047540007190792295e+02
1.164858334482363205e+02
1.169058132432086552e+02
1.191685487791945803e+02
1.146412512370785208e+02
1.038115386199303742e+02
1.036183007122901358e+02
1.043792385138467580e+02
1.107771017269401739e+02
9.739937585643302498e+01
1.087243228030950633e+02
1.046439010471960813e+02
1.242075003768623702e+02
9.752931723966918298e+01
1.206793820032623756e+02
1.064940628066006809e+02
8.899323659250626406e+01
1.237934696433385966e+02
1.163383949329744240e+02
1.065847359000007089e+02
9.688885900009317709e+01
1.183614217754260096e+02
1.042031479298913439e+02
9.765937421725868717e+01
1.082568687884978544e+02
1.073197067078874625e+02
1.249573323658798358e+02
1.108435938252876838e+02
1.184770646794247995e+02
1.013749635660221031e+02
9.999866261659671807e+01
9.619889624683214890e+01
1.316185521454050047e+02
1.041712987095761349e+02
1.110975750091503471e+02
1.076496323379349604e+02
1.160527918870965465e+02
1.050944135537319539e+02
9.544118522724591003e+01
1.201194201669934785e+02
1.245113702349630387e+02
1.074361152943303210e+02
1.089735119796646075e+02
1.065406635672200082e+02
1.067404190071627568e+02
9.990933685561641653e+01
1.122311603072320736e+02
8.837160922075692326e+01
1.069819651241560763e+02
1.341357320160691984e+02
1.089043368144385511e+02
1.027094471822131112e+02
1.140578796109518152e+02
1.043208246255207996e+02
1.216652664587788735e+02
9.881576880285351194e+01
1.096661610515827334e+02
1.050673475832524417e+02
1.030888057375199480e+02
1.046076702182923128e+02
1.221711415086494839e+02
1.259808832778644074e+02
9.596063040954415158e+01
1.067522358148545720e+02
1.053091636290704685e+02
1.072943937763609625e+02
1.193572335649619305e+02
1.130981857066464471e+02
1.173477158812002870e+02
9.382517216011292760e+01
1.163591765581495991e+02
1.311523409472070796e+02
9.114011434753042806e+01
1.237495604926469355e+02
9.450267242278540891e+01
9.122284720463203200e+01
1.022204653081878263e+02
1.189524948473022334e+02
1.251833596091168346e+02
8.514545243432414168e+01
1.189080661620414929e+02
1.094633078784574991e+02
1.000460858322416300e+02
8.724517462110118515e+01
1.636348480168937556e+02
9.430349284062458537e+01
7.929431727355506609e+01
1.409808269511821379e+02
9.042336847413909595e+01
9.299751063836336584e+01
1.377058583848021271e+02
9.627862967624197665e+01
1.118941036436220884e+02
1.146982895252104839e+02
1.028571356850210350e+02
1.018955088154837370e+02
1.238509630117353595e+02
1.201409633289587333e+02
1.047986380763982908e+02
1.040923801946199916e+02
9.974358488313525584e+01
1.196130152613280444e+02
1.030228725211339054e+02
9.749314150725813022e+01
1.132130938532039153e+02
1.115097664249176006e+02
1.106995347573216009e+02
1.246182272151675505e+02
1.024437453261191564e+02
1.094666711326967317e+02
1.224540429554238870e+02
1.156988248359938467e+02
1.071659394906390190e+02
1.026230187064041530e+02
1.049294590844241668e+02
1.016512553132097736e+02
1.048397271605301029e+02
1.030114521795151887e+02
1.192278438548287340e+02
1.153119736464279299e+02
1.132783470887632120e+02
1.011614217419762838e+02
1.008069602319205131e+02
1.160509687378044106e+02
1.082345859253583029e+02
1.190321450062306354e+02
1.137739533854999934e+02
9.912360294985329290e+01
1.125478254060825378e+02
9.634369520470946213e+01
1.169857199237672347e+02
9.261822342676886421e+01
8.975975718550756710e+01
1.426499562150752638e+02
8.996609797932174502e+01
1.406751800934567314e+02
1.103642082275751619e+02
1.033737718815751947e+02
1.299684623386383180e+02
1.003199830098422183e+02
1.196137998171133461e+02
1.057585144967488304e+02
9.192176680677340528e+01
1.154281717658783180e+02
9.486511168254909876e+01
1.221073326644038985e+02
1.126989523400104787e+02
1.056458372377598920e+02
1.052447384301274269e+02
8.369545703030270545e+01
1.187006136316930736e+02
1.180953003828944645e+02
1.104010006706638762e+02
1.191430097037183202e+02
1.059823069725799201e+02
1.003412207867915527e+02
1.095586480173607669e+02
1.235388462378270162e+02
1.046656944276126069e+02
1.144277953647077766e+02
1.030578208822345800e+02
9.323350945860264005e+01
1.220148720708575638e+02
1.106076765960311690e+02
1.163878643363302672e+02
1.011941555138271553e+02
1.105777306661158832e+02
1.181955737073443515e+02
1.137145848332148006e+02
1.052500156404812799e+02
1.159718692802227196e+02
1.029523428807104466e+02
9.680923759226197944e+01
1.275399300421517665e+02
1.031646795637404637e+02
1.157737608468605970e+02
1.099547899166727234e+02
9.290342746286657416e+01
9.710128086645916312e+01
1.174741905021340926e+02
1.192243765188440818e+02
1.140594637691230560e+02
1.001060781279214211e+02
1.108761292995277614e+02
9.791529132089979726e+01
1.104251410597815095e+02
1.188821515454590383e+02
1.162636639754300347e+02
1.119270616067352790e+02
1.277215911833366846e+02
1.031710321991840402e+02
1.017517739567560540e+02
1.009870275257530494e+02
1.083551272627614139e+02
9.739806626025527692e+01
1.150860247657122244e+02
1.289033854200746703e+02
1.158643698065949224e+02
9.733744945530284554e+01
1.014145882856184073e+02
7.758645795600354234e+01
1.172800279954154092e+02
1.233318632586009329e+02
1.064232469833226276e+02
1.181077759875041977e+02
1.095244092015431789e+02
8.148701859797444058e+01
1.084890292215937109e+02
1.228208505949392304e+02
1.124780126899525783e+02
1.239374754316368836e+02
1.058452351117139187e+02
9.624524533675295856e+01
1.156795448222785581e+02
1.010871159954970295e+02
1.127752001616519095e+02
1.135436921420523362e+02
1.154670763546218097e+02
9.894716429522209467e+01
1.161095191686660968e+02
1.151824313770206913e+02
1.173785031839622519e+02
1.032479636675962382e+02
1.056015349134837322e+02
1.289890686805536291e+02
1.088806142427965540e+02
1.067522321513934855e+02
1.108230538300166899e+02
1.147313708203197962e+02
1.071363715473871281e+02
1.139753920555429829e+02
9.495285805992320149e+01
1.133820941604332972e+02
1.152659263010631605e+02
1.197931059111372605e+02
1.148537487593271180e+02
9.645542844547293271e+01
1.047258226924027440e+02
1.146555598902019000e+02
1.057649809500906031e+02
1.299282595127489799e+02
1.052350469196151010e+02
1.124865515997186662e+02
1.031290598884441749e+02
1.040406117659051830e+02
9.671783446045556332e+01
1.072407913525814394e+02
9.456817362512057912e+01
1.055825537980827562e+02
1.110986697410648532e+02
1.068908016286646614e+02
1.288632078777768868e+02
1.021262382384257847e+02
1.189493080505048539e+02
9.799854379157810058e+01
9.640359521807347676e+01
1.070001330163785696e+02
1.307269754905745742e+02
1.006179819973756082e+02
1.090209561346434128e+02
1.076801179356022260e+02
1.109108944629751363e+02
1.041384287851409027e+02
1.222700250357602272e+02
9.497590467410876158e+01
1.171449183570498747e+02
9.978083555514048442e+01
9.967752035913100883e+01
1.208422294672941888e+02
1.220856544012148674e+02
1.050389491368796797e+02
1.070843189564398301e+02
1.144244899514607852e+02
1.131529342438713570e+02
9.432731374452727380e+01
1.213049246636524003e+02
1.300762245853567833e+02
9.517558777872363862e+01
8.971781890097611267e+01
1.164374840479268158e+02
1.059698542875427592e+02
1.177526721595495616e+02
1.080360184379863711e+02
1.056339351909625890e+02
1.234682643011110628e+02
1.087807105376088543e+02
1.056085547185581106e+02
1.046927462539039908e+02
1.062453456432407108e+02
1.061636283907257905e+02
1.094729571669317920e+02
1.023939530394837050e+02
1.031655138430538727e+02
1.274639930597531361e+02
1.176693951906030691e+02
1.022255411269422325e+02
1.004888364546764024e+02
1.093778969734446491e+02
1.273867027723421899e+02
9.509066002264565043e+01
9.129874772991180976e+01
1.167510627507066658e+02
1.092947834058885945e+02
1.110400388201529296e+02
9.163068361319035660e+01
1.272134847075625714e+02
1.248345929964676202e+02
1.044659489049104906e+02
1.062209950210925626e+02
1.059274100018179467e+02
1.022248677538038066e+02
1.134792543319474447e+02
9.919835863533538145e+01
1.190987546332220006e+02
1.187038851552724310e+02
1.166012040451150540e+02
9.189733256550560725e+01
1.080588364611554368e+02
1.178432634705243629e+02
1.021948823960255481e+02
1.159046346297618015e+02
9.760428308681352405e+01
8.387816435525161296e+01
1.165315515621943945e+02
9.468333863645709414e+01
1.131024602902607370e+02
1.413036776443669567e+02
1.171388259158394192e+02
8.161581797106842373e+01
9.493504092159601271e+01
1.201073594167516205e+02
1.287054817336721158e+02
1.023923093772461357e+02
1.069778023137135960e+02
9.988723388722691254e+01
1.328177499059091531e+02
9.024782234087601296e+01
1.133880050501935557e+02
1.032593332932940342e+02
1.216887536706218498e+02
1.015147172075020023e+02
1.111389371191039714e+02
1.115538728540608986e+02
1.106893020878591614e+02
9.709957358372312797e+01
1.025707970662027151e+02
1.140038531993393036e+02
1.050312900415984103e+02
1.082238735974377164e+02
1.060235095741168863e+02
1.177426403990631343e+02
1.305289675812698249e+02
9.349646379805825802e+01
1.009901660163958041e+02
1.003791777542974444e+02
1.009605756825448850e+02
9.973700926280062617e+01
1.005885755291390780e+02
1.067927087836649065e+02
1.139476826533286840e+02
9.942714925258451331e+01
1.219138429667673762e+02
1.122238193727108353e+02
1.260717612055316721e+02
1.081843360636024585e+02
1.070829290762886643e+02
1.025735081636584880e+02
1.041553688641652826e+02
1.076483062222255001e+02
