1.179167290425404389e+02
1.245845992927359163e+02
9.556193432726968240e+01
1.043288694335718816e+02
9.891463286537495492e+01
1.253466857031213380e+02
1.113414112375249516e+02
1.049415051787256203e+02
1.104499328046830868e+02
1.062888677282342229e+02
1.228535997450856740e+02
9.856605991402288680e+01
9.671195625301216126e+01
9.891272495544012600e+01
1.253309013389153677e+02
1.086977013747037404e+02
1.255724651549678157e+02
9.804141929929323851e+01
1.032004852180998569e+02
1.222997399056344108e+02
1.025967407497639954e+02
1.315090564645476263e+02
1.025013988447922628e+02
1.138799812144535935e+02
9.766614684515964484e+01
9.237776782621831728e+01
1.197538445457947489e+02
1.041289189323317856e+02
1.092720829402135507e+02
1.190003862762371369e+02
9.493990144868499215e+01
1.135659450118567264e+02
1.130074790160461049e+02
1.019192360268573196e+02
1.372306323979233298e+02
1.120635640363497316e+02
1.024984363056772878e+02
1.080944405442390490e+02
9.278286364818556820e+01
1.158574056867676632e+02
1.077699616903153697e+02
1.135405412608183724e+02
1.093901259898536722e+02
1.135128089312492250e+02
1.366665836166115753e+02
1.115064599661182001e+02
1.020377952656255616e+02
1.005952574875963705e+02
1.196097146887021552e+02
1.116630110347908129e+02
1.093868431730029869e+02
1.086714876216581729e+02
9.017871323185367771e+01
1.041165663011673956e+02
1.318969018732279324e+02
1.105358110866176560e+02
1.066846195322571305e+02
1.161551135522192624e+02
1.091557454216248857e+02
1.094482917874295396e+02
1.098682896601203396e+02
1.022984183855285778e+02
1.096371024354593686e+02
1.295331137292009487e+02
1.033883839198438892e+02
1.108804687088154708e+02
1.191158243430552375e+02
1.125292223858414786e+02
9.005333581328847004e+01
1.057535492362414971e+02
1.167580659765225448e+02
1.123824130402334305e+02
1.050699923087066736e+02
1.252389900307102835e+02
1.013320769014734992e+02
1.297253331587299954e+02
7.673779258414637638e+01
1.364909091727614054e+02
8.895178259282981514e+01
9.223568358217097796e+01
1.208282793772486770e+02
8.589725501739063418e+01
1.078223862737739012e+02
1.253971959781141834e+02
1.014220537545278233e+02
1.111636694785455717e+02
1.178605414886476979e+02
1.226703397869817422e+02
1.016790063873156669e+02
9.403073408433823488e+01
1.029020043791319807e+02
1.171167271632544953e+02
1.184935100385725946e+02
1.038928970553348705e+02
1.007555371993893232e+02
1.116523451827602713e+02
1.245288459511736505e+02
1.047703752563156456e+02
1.108545084941202106e+02
1.042179302091473829e+02
1.198084959862800645e+02
1.121522559403602344e+02
1.117257388755224952e+02
1.084948190457769499e+02
1.115078663109769082e+02
1.080807996598849883e+02
1.212935253937278475e+02
9.355635706334861368e+01
1.030880972990037350e+02
1.106858461882081741e+02
1.131365903063754814e+02
1.024617458984463525e+02
9.413687248244328032e+01
1.276910815339443133e+02
1.056764207201166812e+02
1.060390042211780468e+02
1.310892632221312795e+02
1.019708214903396737e+02
1.096057995529931333e+02
1.212206177758969687e+02
1.061041260956109227e+02
1.261918620021364319e+02
9.835170141264363508e+01
1.100388593954761802e+02
1.047755176764416092e+02
1.090808785617987695e+02
1.156842738552241059e+02
1.096643363227587571e+02
1.187875165812388332e+02
1.073309266072054982e+02
1.014036501943488133e+02
1.026551439266219177e+02
1.204257464291388260e+02
1.032212224036416472e+02
1.249901620983417985e+02
1.073079025154072781e+02
9.614083555365816380e+01
1.028188388145481156e+02
1.036333236186734155e+02
8.393532788371292952e+01
9.802991694438198067e+01
1.025922636248480302e+02
9.758593727832675313e+01
1.248460655717661041e+02
1.024781626737262883e+02
1.192796169274105011e+02
1.058204873724875199e+02
1.051644952515960938e+02
9.848130316916710569e+01
1.066717965639461596e+02
1.178478106585661749e+02
1.263294845643603992e+02
9.871078047922524945e+01
1.103666422302371899e+02
1.116353230029644834e+02
1.073497557738220394e+02
1.027244812391991928e+02
1.116299912388817575e+02
1.131616550029653183e+02
1.086291668697273423e+02
1.306508916628760630e+02
1.003901472223519278e+02
1.151589721801580879e+02
1.189544029573901724e+02
8.903337662209587222e+01
9.761820582216661535e+01
1.260334366208895602e+02
1.119980207248984385e+02
1.117679316208750180e+02
1.034065931499758761e+02
1.066105883988817880e+02
1.197625566130131176e+02
1.005201579425324923e+02
1.050567909915214102e+02
1.148416609957595682e+02
1.043600869549493098e+02
1.065683319331481158e+02
1.227861881104645221e+02
9.595678196468777799e+01
1.323398242131355005e+02
1.057556133547318638e+02
9.914176696798064370e+01
1.145045628375394529e+02
1.083010661297756201e+02
1.070721182176780104e+02
9.371561598450782071e+01
1.070360916317488318e+02
1.165339499918088251e+02
1.117129900569720746e+02
1.180510556856408613e+02
1.074185672829580369e+02
1.051688919659535486e+02
1.126255941410717298e+02
1.077651180261030817e+02
1.172384092399331905e+02
1.058592494320841126e+02
1.150302351817860682e+02
1.029096544638273798e+02
1.179240825920734324e+02
1.075538955940572379e+02
1.088624747603511480e+02
1.031718360834003079e+02
1.170362304494759087e+02
1.025580065893828845e+02
1.101584502916676058e+02
1.044004435065039331e+02
1.014349253972732328e+02
1.009134708255326558e+02
1.276480609760185274e+02
1.013373104041167636e+02
1.173618552172625016e+02
1.110504697865936663e+02
1.041546700216112527e+02
1.117138951625375682e+02
1.124618924489509055e+02
1.078819616365428402e+02
1.096068109145153500e+02
1.019390152242083616e+02
1.105551043394543456e+02
1.229797257218926489e+02
1.228052747680927723e+02
9.646795284770720968e+01
1.029739273753352080e+02
1.006992647657418019e+02
1.286550649067189909e+02
9.904963224427874025e+01
1.079595533274935377e+02
1.124306279001428805e+02
1.076618366526470396e+02
1.164477006910420585e+02
1.055889280604284295e+02
1.286594174186957389e+02
9.418947416743618817e+01
9.746763761503608237e+01
1.092189660747554285e+02
1.031384555731497699e+02
1.024078396829003168e+02
1.144931687228203145e+02
1.312580849963545688e+02
1.115820843898913068e+02
9.412458563879171436e+01
1.302667866738822511e+02
1.025908451167417041e+02
9.068285084734614543e+01
1.072630777023995705e+02
1.083116902478698051e+02
1.181191291042374161e+02
1.149915135863117683e+02
1.230503012020669473e+02
9.664144503517394469e+01
1.062158955540114391e+02
1.039888137509460506e+02
1.099377391104330570e+02
1.199700489904651448e+02
1.167976031246840734e+02
9.355854195724329259e+01
1.093517960750344429e+02
1.106261217779290575e+02
1.040112077220652083e+02
7.434322545817161654e+01
1.238841316863046416e+02
1.080814837425745907e+02
1.275529863232995922e+02
9.859848210198339302e+01
1.084208631317519433e+02
9.881952493278527072e+01
1.131189371615313206e+02
1.065617237141657228e+02
1.361067117094223420e+02
9.780961275672527222e+01
1.065146354401857138e+02
1.136816770107844548e+02
9.204676440450268160e+01
1.086067809623215652e+02
1.033371222689093827e+02
1.119666275764846262e+02
1.311365331736449207e+02
1.003637669122059748e+02
1.140916349098191347e+02
1.124629311799256612e+02
1.130060261152666499e+02
9.781543951374321466e+01
1.167051597548638284e+02
1.197857548624413226e+02
9.933989351344588670e+01
1.119509132253870831e+02
1.015613335038256508e+02
1.002087473681800844e+02
1.251410877622694215e+02
1.068552626090755524e+02
8.823527802277401122e+01
1.250409343112471277e+02
1.150617763401532443e+02
1.040089422362357539e+02
1.191323590179027150e+02
1.049612453162031045e+02
1.271133014697323063e+02
9.761631087393608652e+01
1.042622186721168873e+02
1.152498523498659608e+02
9.470014869809693892e+01
1.191774988314733719e+02
1.293406166836662123e+02
9.690943106354153258e+01
7.507224382058770118e+01
1.249197929977545130e+02
1.223386236688868536e+02
9.419388012808694555e+01
1.213159712128613563e+02
1.043114563384028344e+02
9.742858871322670211e+01
1.124432535596404108e+02
9.376006171798098876e+01
1.284961728927839033e+02
1.101136214187685454e+02
1.047385212559267273e+02
1.018479153349490929e+02
1.134311734316328995e+02
1.178615436884977896e+02
1.074882471424899109e+02
1.052359245236706471e+02
1.084771218212394785e+02
1.148337619159069192e+02
1.196656674542300749e+02
1.020222709855607803e+02
1.068801697854616606e+02
9.732981370622788120e+01
1.146966216079063514e+02
1.041352701295512162e+02
1.204491844227096493e+02
1.046389368540538811e+02
1.133136245558668662e+02
1.273051217486897144e+02
9.990635756468178386e+01
1.047827457016711321e+02
1.066696249928721585e+02
1.133266885196876359e+02
1.080772800105054188e+02
1.129423233252079370e+02
1.140770636954829342e+02
1.017950298218290897e+02
1.093588009366048510e+02
9.375016433074897293e+01
1.218350662042123531e+02
1.061224049208088474e+02
1.115376408012656384e+02
1.120485863424073756e+02
1.112069343214792525e+02
1.177437497954497019e+02
1.147542917505149376e+02
1.042321655203289765e+02
1.064809927051780534e+02
1.011803751848504618e+02
1.173562815748267383e+02
1.075528916721945620e+02
1.004090141144766477e+02
9.888278530936531752e+01
1.080949624476211994e+02
1.257858238571453455e+02
1.088268027241179823e+02
1.230835738431809006e+02
1.076172814949483012e+02
1.089999118211985802e+02
1.015765997516899120e+02
1.093713684567599103e+02
1.107064700456373032e+02
1.129360330325689716e+02
1.125989115268397143e+02
9.919528295858826539e+01
9.354497058678100530e+01
1.240238696863350754e+02
1.154948203489886254e+02
1.064923649061458661e+02
9.226380839202589357e+01
1.104121703946443631e+02
1.127311298608328514e+02
1.183291840546083478e+02
9.394698658311067163e+01
1.135185437432055977e+02
1.102739922053809778e+02
1.007118100242967103e+02
9.267013295395123862e+01
1.324166563356101562e+02
1.057667551825739594e+02
1.248972632127055107e+02
1.103311147050323626e+02
1.105316866364572661e+02
1.122115446892206165e+02
9.918133511936613900e+01
9.471992700972441526e+01
1.109406847381503098e+02
1.037301416088195936e+02
1.021386655172977385e+02
1.070739212755083827e+02
1.220686802069321146e+02
1.094324423894593821e+02
1.099490174590313529e+02
1.079639696386881980e+02
1.086132941489156423e+02
1.064101488673583447e+02
1.204053492871179003e+02
1.212976166446402715e+02
9.047678873656877840e+01
1.135209643525077894e+02
1.232806160996111657e+02
1.057643800515079846e+02
9.842161635052454471e+01
1.052382982723732141e+02
1.093371664327445956e+02
9.841892556682275028e+01
1.234225187919918767e+02
8.865425011762344809e+01
1.126461972497053807e+02
1.034950253143463215e+02
1.250051953625158490e+02
1.284740431121971085e+02
9.932392156926482585e+01
1.007150922516840552e+02
1.112614190276243562e+02
1.145493597644635457e+02
9.159256022670217590e+01
1.066293611226603417e+02
1.119699884954268754e+02
1.203363356866473879e+02
9.598361911223868503e+01
1.072747370848068016e+02
1.309721205709806782e+02
9.950922024837480251e+01
1.119970407822720659e+02
1.066845772755543322e+02
9.965688577814992755e+01
1.217413714092779315e+02
1.002042429950485598e+02
1.150178507740443621e+02
1.190604957473629497e+02
1.014058357687354146e+02
1.132720914093537772e+02
1.221467940737629476e+02
1.042650607903205753e+02
1.109799118664103474e+02
9.727921971273256929e+01
1.050858138277470744e+02
1.034581192530582427e+02
1.218560775994723855e+02
8.948276090280315032e+01
1.114296609290382349e+02
1.232750359634751476e+02
1.068196480170850720e+02
1.081648116511822906e+02
1.180553129929188430e+02
1.201465452439304329e+02
1.000349364209590561e+02
1.116089730027778302e+02
9.687646973529783168e+01
1.122355648060865718e+02
1.111226459226868997e+02
1.029099953783308194e+02
1.255298232070548607e+02
9.511311914307968607e+01
1.056892486588891984e+02
1.103857266728920052e+02
1.212336617462224382e+02
8.837340905538890468e+01
1.143519089819420032e+02
9.764794345678919285e+01
1.201092638339995773e+02
1.175284769012232715e+02
1.028379056638192139e+02
1.103766840093403374e+02
1.126131474214975867e+02
1.087926180319340688e+02
1.037588954603509848e+02
1.055162567476347704e+02
1.167110410938860952e+02
9.137384977850122425e+01
1.087555523375917375e+02
1.061874132353318174e+02
1.214889705716916808e+02
9.570234083177257389e+01
1.213264610749486820e+02
9.740760601420039677e+01
1.059607173177361403e+02
1.291309611880944033e+02
1.132078101104269052e+02
1.152533361195109620e+02
7.841668278745072485e+01
1.034289061390776254e+02
1.355974629056767640e+02
1.060579752230764257e+02
1.018563982832550749e+02
1.011879685658764458e+02
1.015165802701444733e+02
1.089920894233286361e+02
1.009113575111834962e+02
9.511683952755778648e+01
1.056356176371541267e+02
1.092153734225173594e+02
1.144063006546856514e+02
1.262240615497032366e+02
1.229223010278965944e+02
1.002548070904325499e+02
1.157363579935085909e+02
9.597688800777878271e+01
1.175222595443797928e+02
9.309685203004426057e+01
1.035935468931466801e+02
1.226630102409754670e+02
1.211027332867819837e+02
1.052534844804441292e+02
1.003793881753142045e+02
1.008006642744978052e+02
1.117206539882487988e+02
9.828507083781818210e+01
1.083817879778889051e+02
1.060978678991388904e+02
1.062290023036785840e+02
1.258434749734419142e+02
9.336742462123557118e+01
1.051066412144646449e+02
1.021797760578431138e+02
1.143373841508115021e+02
1.228233546683952682e+02
1.137813678223238441e+02
1.018847243595947702e+02
1.115014507035405416e+02
1.091908711835108647e+02
1.066872970917270891e+02
1.243077399073436169e+02
1.032415279253911251e+02
9.967687203167420762e+01
9.621769793461798770e+01
1.107584399449588801e+02
1.146781998454618616e+02
1.185812553720053160e+02
1.133596739334470840e+02
9.409337702958946181e+01
1.199694122465998447e+02
9.689815360235074593e+01
1.096808568596391495e+02
1.210905688430556353e+02
1.136711911543114439e+02
1.129888330637765392e+02
1.187806225948773999e+02
9.825323072210764508e+01
1.182917651484644210e+02
1.158804417863526055e+02
1.018405742788868480e+02
1.021805757743455985e+02
1.152322516906267396e+02
1.028570108723740333e+02
1.126305390038343148e+02
1.197332141307573750e+02
1.093432555432227389e+02
1.273020658283498676e+02
1.168177719167058370e+02
9.866793977625161460e+01
1.048117692631575579e+02
9.844885339812825009e+01
1.070625291001853299e+02
1.053746235484455696e+02
1.048318473131363078e+02
1.366318166464265573e+02
1.069808668155294242e+02
1.081059796118178440e+02
1.185523508885201522e+02
1.008951299828791832e+02
1.088972395380944818e+02
1.118541788691014460e+02
1.059984325866852402e+02
1.162745362098560946e+02
1.140314562474563473e+02
9.845157113198177967e+01
1.106987842833254518e+02
1.101056805903509996e+02
1.173870184315156138e+02
9.684178027181314974e+01
9.970204642075350421e+01
1.137702129744163386e+02
1.202741527694905272e+02
1.054882267435089602e+02
1.191796058936185716e+02
1.106336530893213990e+02
1.012899204651168077e+02
1.186357695302680924e+02
1.052005970284429992e+02
9.743558007069550797e+01
1.004151608188662408e+02
1.095054407135594516e+02
1.131562004844989104e+02
1.172886930981610334e+02
9.423771257738086149e+01
1.199920490264985489e+02
1.064363737363870683e+02
1.162129145931302361e+02
1.249676253449592593e+02
1.136297818116742064e+02
9.888353134190336391e+01
9.565735149177916696e+01
1.266655154948592354e+02
1.083280003175859036e+02
1.021613394048597030e+02
1.059446705061950667e+02
1.128368718451137767e+02
9.695929147417385252e+01
1.123358179077894619e+02
1.077963628969311856e+02
1.075588491343276303e+02
1.156877873995778288e+02
9.650581758965419965e+01
1.058137229472775971e+02
1.225344464413044676e+02
1.088827950573533627e+02
1.057274385212320027e+02
1.059384231232839113e+02
1.038243161880113945e+02
1.046199687758839474e+02
1.080805436973316773e+02
1.198376992185776970e+02
1.130287381043706745e+02
1.255045909128089789e+02
1.035190991826763565e+02
1.300375955552069627e+02
1.030783500196862121e+02
1.028531004281528425e+02
1.060268690532274434e+02
1.085294986271735951e+02
1.087389955535061006e+02
1.252808209436310847e+02
1.239571922705142839e+02
1.009175027060634164e+02
1.130101207713054237e+02
1.036855453033794845e+02
1.034247656608752521e+02
1.113345111634299940e+02
1.201208492289803047e+02
1.195667461408222607e+02
9.594754522035023570e+01
9.649354838495349895e+01
1.195136094452393536e+02
1.059011743218987931e+02
1.105741300824343796e+02
1.009212454282548350e+02
1.088448036050402692e+02
1.265339149777028069e+02
1.036300657396587610e+02
1.055349049175517564e+02
1.006344224825236324e+02
1.146745676656867516e+02
1.138673841017022141e+02
1.069839230484302135e+02
1.058682890961442808e+02
1.133084397374806116e+02
1.164245170448147348e+02
1.211374974008785586e+02
1.050994984383501958e+02
8.085531033615515639e+01
1.256088734237178102e+02
1.067778210654867905e+02
1.228172851352757817e+02
1.137954652626692535e+02
1.051647693637870020e+02
9.978014056212843741e+01
1.116156026759699245e+02
1.019065020643313488e+02
9.737950334612422409e+01
1.094969002700572673e+02
1.274444127557466118e+02
1.050390048235164926e+02
1.203246211891555504e+02
9.915383705544361703e+01
1.220529014796432534e+02
1.032577008594476524e+02
1.029833835057141158e+02
1.106879477400195810e+02
1.113514279625972989e+02
1.086505786600823740e+02
9.954263890473357890e+01
1.208923045197674071e+02
1.050990881576628908e+02
1.072876336736849652e+02
1.093417234258008079e+02
1.100005868415356645e+02
1.084354661331168757e+02
1.181945429789135602e+02
1.094751097152080064e+02
1.007876793324872011e+02
1.235578401305241982e+02
1.126394473185596183e+02
1.129355010757758890e+02
1.265310751318773868e+02
1.035988362096505142e+02
1.034293208138854254e+02
1.147916281405504293e+02
9.870039674768513294e+01
1.079119067657946403e+02
1.131814425062791827e+02
1.010615168527936873e+02
1.102612117519241650e+02
1.163887111354433870e+02
8.908396577166915620e+01
1.271957547104188819e+02
1.176202463346314886e+02
8.796308353454399764e+01
1.061425319130311777e+02
1.166059972666578091e+02
9.127008594679423936e+01
1.387565424551618776e+02
1.096042283764110010e+02
1.139742431985595061e+02
1.206179437764825906e+02
1.096014840626698259e+02
1.084087914561782782e+02
9.345701725551415961e+01
1.168625542641415791e+02
1.309223130911696558e+02
1.000095887717343999e+02
1.024201498762464411e+02
9.067639662256021893e+01
1.081043977226726298e+02
1.086495282339134576e+02
1.166578834155089623e+02
1.060492923356015353e+02
1.223930329068674610e+02
1.176745750059830868e+02
1.036695162741753222e+02
1.010468861953413864e+02
9.802827661588864316e+01
1.125541485907463226e+02
1.036610157931625622e+02
1.096035373023193671e+02
1.042626826368981909e+02
1.112792722299097363e+02
1.028777588697400205e+02
1.232797092059302884e+02
1.027189053794826492e+02
1.010699392148805913e+02
1.258449197431729516e+02
1.137922526926043361e+02
1.140749997580450668e+02
9.880030722792247388e+01
9.095430526157893780e+01
1.233347844008761740e+02
1.187370245170976943e+02
1.073036610441033929e+02
1.053033022499086258e+02
1.074718221503490980e+02
1.097277946612105097e+02
1.083164708427302401e+02
1.130868104229127624e+02
1.141033943771291348e+02
1.084647965915579562e+02
1.030936737999192729e+02
9.707549142044021551e+01
1.060263353552493584e+02
1.193144600441794125e+02
1.202504688232366306e+02
1.004145611168165999e+02
1.078919266336852587e+02
1.193693644733644277e+02
9.804547272375356215e+01
1.046502453007663718e+02
1.055078497859075952e+02
1.065914885965619874e+02
1.236854889081042757e+02
9.291951087672684650e+01
1.209567997285805490e+02
1.074032756582297594e+02
1.130332896893374084e+02
1.186285594389838280e+02
1.050374012536679942e+02
9.228524462771873971e+01
1.030011146263483255e+02
1.229974118563727643e+02
1.213474174168060387e+02
1.000670666863057932e+02
1.105346022443308840e+02
1.205087823648651977e+02
9.723010437019102881e+01
1.064463488144304222e+02
9.782314625086884519e+01
1.078061563645786123e+02
9.205164401205487934e+01
9.658448806424208044e+01
1.311839927175706748e+02
1.254497855817840133e+02
1.072618411123835216e+02
1.101367717999385292e+02
9.421826653152514552e+01
1.000319931154128881e+02
1.360599738896778774e+02
1.044398685498650252e+02
1.050986218584086060e+02
9.985356634643984819e+01
1.059841245279820185e+02
1.086844630418682272e+02
1.133129614266946135e+02
1.244290422597105845e+02
1.118198613394245342e+02
9.859990209213334822e+01
9.891990294993657074e+01
1.131716299168067792e+02
1.122604603173141982e+02
1.064941100378899819e+02
1.030316004011255018e+02
1.076128678885970942e+02
1.143388016404144025e+02
9.897662742325201179e+01
1.100156642417554025e+02
1.094132275886889971e+02
1.176035606490055585e+02
1.143000849383872577e+02
1.062238401435922555e+02
1.288074193852599763e+02
1.074746657195789794e+02
1.001166206439108777e+02
1.071245686344582140e+02
1.065528802239930570e+02
1.042126939737004818e+02
1.038199959206952059e+02
1.333170702489611870e+02
9.349400430481780688e+01
9.648788807088168085e+01
1.201603456040663360e+02
1.118110434961444071e+02
1.114204727116479319e+02
1.167306106758938284e+02
9.469544349161583341e+01
1.129965350751805744e+02
1.149389808704785736e+02
1.080268251275979168e+02
1.268813434326969229e+02
9.746059569509662879e+01
1.228141980395029691e+02
1.033084553389714557e+02
9.736741788061485181e+01
1.061470894342201348e+02
1.178139061573859863e+02
1.141471003877329906e+02
9.770946367582567404e+01
1.136654719270740657e+02
1.007300352940411159e+02
1.102290411121934142e+02
1.263635669445233276e+02
1.007496360251652732e+02
9.478090250878742040e+01
1.171707798812047514e+02
1.099985448152752667e+02
1.037602478784683910e+02
1.260827403176898258e+02
8.956956470759131150e+01
1.124513689431462069e+02
8.777191672405608358e+01
1.167726997621270328e+02
1.162164229293442901e+02
1.011772524834386218e+02
1.441622276055666134e+02
9.990578366969900515e+01
1.019678658676032370e+02
1.355775464935946957e+02
9.660985199211943097e+01
1.209400499849859330e+02
1.151007500509700492e+02
1.106907190111509465e+02
9.150461401621809898e+01
1.001096340636609625e+02
1.168421786720749083e+02
1.096295781095739699e+02
9.995093568394830186e+01
1.073816994455442000e+02
1.119577264820736247e+02
1.264973683233928341e+02
9.789038567841265603e+01
9.703067050770872015e+01
1.067723962784406240e+02
1.181894885540880864e+02
1.165412059163176082e+02
1.201520318607229001e+02
9.851553856299445044e+01
1.103448493096211109e+02
8.893480811824943544e+01
1.078908446307593323e+02
1.028929523419854632e+02
1.375237287153657348e+02
9.555976036834286447e+01
1.204066548945902753e+02
1.117392635974349560e+02
1.167883710650198310e+02
1.067720593861345009e+02
9.624308771961116804e+01
1.149226351399811108e+02
1.183232804418889543e+02
9.707218364103196961e+01
1.234932190209654834e+02
8.994500997718665758e+01
1.122337220872114614e+02
1.186252857918480572e+02
1.156344526969802473e+02
1.025834548476309322e+02
1.148872869164477777e+02
1.171111149287142297e+02
1.150870991283587159e+02
1.013615985718640360e+02
1.102756444717995663e+02
1.064977744739767900e+02
1.049410613967621089e+02
1.075777066891388642e+02
1.276122976384967274e+02
1.094324236738008551e+02
1.053661723248269908e+02
1.005903574149117929e+02
1.164889238774325975e+02
1.028064369659177402e+02
1.339792504872545749e+02
9.780676707759559463e+01
1.023360781320049426e+02
1.113883084498013574e+02
1.078983806364625906e+02
1.111805510308977318e+02
1.110611900798098759e+02
1.014222516780784957e+02
1.064233204316823702e+02
9.475895833292510417e+01
1.304873403294080276e+02
1.129373482918063019e+02
9.796086786389786027e+01
1.027760690768694332e+02
9.952412004795431244e+01
1.012509701765715988e+02
1.418966051028248785e+02
8.841676490601091132e+01
1.292964383727940287e+02
8.759419697191252396e+01
1.357662093459029506e+02
1.044083305637286401e+02
9.992764983015244695e+01
1.034795347062685380e+02
1.160941989408604798e+02
1.147325103049378612e+02
1.173227593975838943e+02
1.156478487258426782e+02
9.003516513822142997e+01
1.309042184981333037e+02
1.217116149157316727e+02
8.415582279457210291e+01
8.532475173833702797e+01
1.250896313101626731e+02
1.129001313887015101e+02
1.212750902219383846e+02
1.038428084305040073e+02
1.144514499164626642e+02
1.001509010108035369e+02
1.111985046850577845e+02
1.025418256859928761e+02
1.005995811840304697e+02
9.986617585282375842e+01
9.079719197184715540e+01
1.440083988785453357e+02
1.098979908118623143e+02
9.906864364134034417e+01
1.257168244132738977e+02
1.194954218939280537e+02
9.641657763822591676e+01
1.081665848650003170e+02
9.366646903185603890e+01
1.062700076833316132e+02
1.032187739133385520e+02
1.130299902439852673e+02
1.097257000344442304e+02
1.382397738873909248e+02
9.483462586105504499e+01
9.193283884939543782e+01
1.060653768154629972e+02
1.203261497269625977e+02
9.995148146931414601e+01
1.147295152697370213e+02
9.557470522633838073e+01
9.840358225779559120e+01
1.207974990222642191e+02
1.080879880867697267e+02
1.165053474913221407e+02
1.051878104629096669e+02
1.157410033408922061e+02
1.080788704936605171e+02
1.123124253442360185e+02
8.296186915847228249e+01
9.874676645131664543e+01
1.330953710128840157e+02
1.057113285352283185e+02
1.157090656318624298e+02
9.948342003248839660e+01
9.572017525940927385e+01
1.282779434757212016e+02
1.213906117931954896e+02
9.780218712161578765e+01
1.154021735509216313e+02
1.020830279142624022e+02
1.238577849875613595e+02
1.151768839119584129e+02
9.656570553095474452e+01
1.121745157499428416e+02
1.052227154100490765e+02
1.127340608950502343e+02
1.121408573057021840e+02
9.632081441694428747e+01
1.230756508832218685e+02
1.105823149944486232e+02
9.726296786065762490e+01
1.038278297761981293e+02
1.111487997973258643e+02
1.076567500052066322e+02
1.205938747690690889e+02
1.105440259500839772e+02
1.026423555566110082e+02
8.244165512891856906e+01
1.064656548192068470e+02
9.726572417819443217e+01
1.388798244604811316e+02
9.393674936299348133e+01
1.234429471071648976e+02
1.003970775659477823e+02
9.589110524135713831e+01
1.212524352287338161e+02
1.340426433892749856e+02
7.991271918897091098e+01
1.258599375246849519e+02
1.332011152163238137e+02
1.017261042672228371e+02
1.147388433776457219e+02
1.108914437848584384e+02
8.880057000962760583e+01
1.046723486587053031e+02
1.002566576516793901e+02
1.316816934855465888e+02
1.052054912680872576e+02
1.143471222795032247e+02
1.067317773223009993e+02
9.624742975702235981e+01
1.093355850611594065e+02
1.145542746929227604e+02
1.261262987656962338e+02
9.360547660320509067e+01
1.031830677205064575e+02
1.047003684824636593e+02
1.176329811248235586e+02
1.053814060028434483e+02
1.091183718309260939e+02
1.112209098807918792e+02
1.152342642177387830e+02
1.092630653157406613e+02
1.134431181018650250e+02
1.064645289703156408e+02
1.002066732251261385e+02
1.065163971582201015e+02
1.050997524134791519e+02
1.107768238217898897e+02
9.556085680532571303e+01
1.268341379850604227e+02
1.093333401534836611e+02
1.162794073181492251e+02
9.869337498957216326e+01
1.129548183904259986e+02
1.047655769471172960e+02
1.119726425178979525e+02
1.109541938951742850e+02
1.041327391084032286e+02
1.072966606690265365e+02
1.275299955857687735e+02
1.187762175864387046e+02
1.000557555697131562e+02
1.003022456349271039e+02
1.038854287679220789e+02
9.369640568442470396e+01
1.522873608463830806e+02
1.035729585277844507e+02
9.623899806607251151e+01
9.995047493812332107e+01
1.053379436753887148e+02
1.116601105160874852e+02
1.111550124052557180e+02
1.138238675434566574e+02
1.084835453252214847e+02
1.064198799239833733e+02
1.169196084300420182e+02
1.182173084151180689e+02
9.746387779007302754e+01
1.087961749381413910e+02
1.128305335070061375e+02
1.055966747305870825e+02
1.111496714640285433e+02
9.474344525143652618e+01
1.218999151555247380e+02
1.061198898263522779e+02
1.190246287766617712e+02
1.110115034915959313e+02
9.878981432129941709e+01
1.107146298923609748e+02
1.109693841244441899e+02
1.288976517912275028e+02
1.072103519598352364e+02
1.056863243508015273e+02
1.218363316722972058e+02
8.834925483492062881e+01
9.048993626565743398e+01
8.374574315197460805e+01
1.065456737317940537e+02
1.117975479255713083e+02
1.071140448554046003e+02
1.336057203785234719e+02
1.092260364968146007e+02
1.087193407562611185e+02
9.620439951031956127e+01
1.302669744261343965e+02
1.121278533715044858e+02
9.972178263012615673e+01
1.098842752467338357e+02
1.149396106123005978e+02
1.045382901529963817e+02
1.203664986840811935e+02
1.207257407198813723e+02
9.736825171005401103e+01
9.872199278992270877e+01
9.702636417006996794e+01
1.082791522176190000e+02
1.324342638418484057e+02
1.014963841114060443e+02
9.975579517050884704e+01
1.398987696010503328e+02
1.105272344801566078e+02
1.074535679206403529e+02
9.547580802086783081e+01
1.174658943299102987e+02
1.261538608158374331e+02
1.033341626629401304e+02
1.081760823458436533e+02
1.018369231383722138e+02
9.328126188387160767e+01
9.752262588527734977e+01
1.271117840921778566e+02
1.027972160065959315e+02
1.146274311615177197e+02
1.147532397808704872e+02
1.002227157887117386e+02
1.061539360515990751e+02
9.769484440449664930e+01
1.005001991395360363e+02
1.095197792877308132e+02
1.275142024753427847e+02
1.106162812968025406e+02
1.043098922168529015e+02
9.968387049101636421e+01
1.224490843830029121e+02
1.032629457687639700e+02
1.003063372370445876e+02
1.238715154581989708e+02
1.049789011981468150e+02
7.797962502246518568e+01
1.137094440467299847e+02
1.094341627155376528e+02
1.227518176797644145e+02
1.184593974098564217e+02
1.130841033603100243e+02
1.067705261066000588e+02
1.230746564892828587e+02
9.056342869705507326e+01
1.099698271225714024e+02
1.082190239138856498e+02
1.092607886516852744e+02
1.216453404441836597e+02
1.133850054355282140e+02
1.039033905352498124e+02
9.332403713346100460e+01
1.109849370780868867e+02
1.206584396342996826e+02
1.016814326462108227e+02
9.951513910832618137e+01
1.112185192962182896e+02
9.438361190706997661e+01
1.310052332848928813e+02
1.121053203828251128e+02
1.051723716125417525e+02
1.169527549125344166e+02
1.095509101185368763e+02
1.082073994198626394e+02
1.043672369248286600e+02
9.990249524871357778e+01
1.059822898611517132e+02
1.021355924688797643e+02
1.094748320608511136e+02
1.233542017825642887e+02
1.132761969733265488e+02
1.173798911772562406e+02
1.083825901488020094e+02
1.021038691412333748e+02
8.379729673662505718e+01
1.166321776040659159e+02
1.143928287987613004e+02
1.062012068162272556e+02
1.074398868794752815e+02
1.206465549675842368e+02
1.035280420555380516e+02
1.322250153288190688e+02
9.794604402813379807e+01
1.147351919493250421e+02
1.092543661812062510e+02
9.543799115203185579e+01
1.279735707924389061e+02
1.121909774405984024e+02
1.045096962158750955e+02
9.551568022140391179e+01
1.114202220731409767e+02
1.025511994704388457e+02
1.106299659553359049e+02
1.097632766564291984e+02
9.716994547592895515e+01
1.065086010971485706e+02
1.263489720480103529e+02
1.055976066901184112e+02
1.034130638566619211e+02
1.049077615220641064e+02
1.178781741640576683e+02
1.108707748734725129e+02
1.144080987603330328e+02
1.050267245957826674e+02
1.140659499715426932e+02
1.047119548085490095e+02
1.109118650830616559e+02
1.083773268240043990e+02
9.823573054358308809e+01
1.208450347752703493e+02
1.037622202678479226e+02
1.125293973203596494e+02
1.100314320835572630e+02
1.152502892734346318e+02
9.461877401899786832e+01
9.868236436913834098e+01
1.012972977222717361e+02
1.383929944627702184e+02
1.021481728487203640e+02
1.134392703085483873e+02
1.066896456896705274e+02
9.829203667183590198e+01
1.078719973776947541e+02
1.051750979795259298e+02
1.185927068596533331e+02
1.178676653753819323e+02
1.022557911959418817e+02
9.928682547148436299e+01
9.156267183319145886e+01
1.354781443874811941e+02
1.287266880067017496e+02
9.912435451222089000e+01
1.073957721376668104e+02
1.294050569817993050e+02
8.876564122834184900e+01
1.101795442904816724e+02
9.197175797028688748e+01
1.224046763824024566e+02
1.018271787923659559e+02
1.128154464455374324e+02
1.128088762572428863e+02
1.131013805503257004e+02
1.119083088027201285e+02
1.013481573648124225e+02
1.114904990684196520e+02
1.092097849502886788e+02
1.088257205568430948e+02
1.139428150176039196e+02
1.217198338620098212e+02
8.219738529204666122e+01
1.455399108347574781e+02
1.151481958496051874e+02
1.103316967299756755e+02
9.062801774473321359e+01
1.222263738578087953e+02
1.088546333306716463e+02
1.042164576762028787e+02
1.136948214949928655e+02
1.036963545939592990e+02
1.104219157193343790e+02
1.167575885764930064e+02
1.106746472642010275e+02
1.006719568683154336e+02
1.137908268704611743e+02
8.579321490039558284e+01
1.331796055971167902e+02
9.128639268150944019e+01
1.323632380673311104e+02
1.124672276686918337e+02
1.236495719265074626e+02
1.012883873214504291e+02
9.289561728460846268e+01
1.043392142920666430e+02
1.071079181870001094e+02
1.050883284255211265e+02
1.050405628791675099e+02
1.076346474364193000e+02
1.233451258963393400e+02
1.072730829259448768e+02
1.096007953144776508e+02
1.252655906447821792e+02
9.747173391493574002e+01
9.775171769249776332e+01
1.260049120282226482e+02
1.033253034451450247e+02
1.175350375708737971e+02
1.174895300024196132e+02
1.060389452263046906e+02
9.720207912177855292e+01
1.163051722530178438e+02
1.014090911095166376e+02
1.311710146007716560e+02
9.635174804871574850e+01
9.953727263854878515e+01
1.013627532408806644e+02
1.196711331083116363e+02
1.030186158579856937e+02
1.247222639177813903e+02
1.087436499127839227e+02
1.125071807132396202e+02
1.125546999990295518e+02
9.768705766231853715e+01
9.651552374034216086e+01
1.125435756754970242e+02
1.221023522455960943e+02
1.107185426911862720e+02
1.084149318582024648e+02
1.073685805414618812e+02
1.002285892476123621e+02
1.066450431764612432e+02
1.055304125626926464e+02
1.200001995244771393e+02
9.668485899759704694e+01
1.064040430981987555e+02
1.216088693905929716e+02
1.074511770875095209e+02
1.065443031190613539e+02
9.576597810676244649e+01
1.116963435327227501e+02
1.051227660576634122e+02
9.957476481048119865e+01
1.092130625098051127e+02
1.230470771077351344e+02
9.889667201738478752e+01
1.002310785677079537e+02
1.024668129231807683e+02
1.193901372435633306e+02
1.109405027831183332e+02
1.130167033082321382e+02
1.027774404757728774e+02
1.047147607651654937e+02
1.113320247488779273e+02
1.195320154571513740e+02
1.037849925562585014e+02
9.386122788245930337e+01
1.404072050863235575e+02
9.327667844146598952e+01
1.068595972801593632e+02
8.578040301611788720e+01
1.212242113451837753e+02
1.243504698709575962e+02
1.102102024733104457e+02
1.075938813062240911e+02
1.133384689821786395e+02
9.350080573266276929e+01
1.283671652822941098e+02
1.190035623952957877e+02
1.092746933073801046e+02
9.026724851769664326e+01
1.041643180141416707e+02
1.244494462970844353e+02
1.142071537172956539e+02
1.014684083827556975e+02
1.144939585403915459e+02
9.791661859074474705e+01
1.034182301210004482e+02
1.092076748985620611e+02
1.099430145980091993e+02
9.691690693233343268e+01
1.124935765749042957e+02
1.226957372428379927e+02
1.015836244387014773e+02
1.082763638813748912e+02
1.196024186315070494e+02
1.131798184759109063e+02
1.056493223131723767e+02
1.085355319355103774e+02
1.034867899168696397e+02
1.110460759705531189e+02
1.239139056507261927e+02
1.125124683420125109e+02
1.033860751743574156e+02
1.024172275040093041e+02
1.110086732567995256e+02
9.109442085451149751e+01
1.133478790137236984e+02
1.418479599975547103e+02
1.061823965168041468e+02
9.177003439502158244e+01
1.044298375535948651e+02
1.242926843546004108e+02
9.696799304998897640e+01
1.215408732577659237e+02
9.801310623595867355e+01
1.052329146398934654e+02
1.058845571493217790e+02
1.166557568182914650e+02
1.242566426578312075e+02
1.010548284654108784e+02
1.072439390710270288e+02
9.924738272670292361e+01
1.170351228560928547e+02
9.673785140830014484e+01
1.225895372005687847e+02
1.043156358449430456e+02
9.816472173559887437e+01
1.176834044955618737e+02
1.153867685071488722e+02
1.091217842136922513e+02
1.039712442107767885e+02
1.136399834581428507e+02
1.142071282771695593e+02
9.890133993965211801e+01
9.747006715124680909e+01
1.318097798232296327e+02
1.133491209980045227e+02
1.225245923608372891e+02
9.537569922383777055e+01
9.028924774834658251e+01
1.012881324323384433e+02
9.651355407746409298e+01
1.205046270745587975e+02
1.003854310058499948e+02
1.058215311262513438e+02
1.280180345860026989e+02
1.072148446744502763e+02
1.279794650097984032e+02
1.041183307055326281e+02
1.116638722098610828e+02
9.186889750617950767e+01
1.076901938298276207e+02
1.155200779363844532e+02
9.422676639479752225e+01
1.237269002873523931e+02
1.117390015277528192e+02
1.031156568228336710e+02
9.850217288168467178e+01
1.146744135998996228e+02
1.084596090010620912e+02
1.189341473283624993e+02
1.204221757185894290e+02
1.155933903687336937e+02
1.007026231383176338e+02
1.092143634754208534e+02
1.271886146248257887e+02
1.165550966847288947e+02
1.055650014643070449e+02
8.903783304704388968e+01
1.023141809037316676e+02
1.144865240643029694e+02
1.233674476483747355e+02
1.065706365263069841e+02
9.361352395766975576e+01
1.036657395132912427e+02
1.132203645159279972e+02
1.098054457712027414e+02
1.135960900993747629e+02
1.092694927382533052e+02
1.081974186863890139e+02
1.219847863945126534e+02
9.312205122939731439e+01
1.065101771834854958e+02
1.095750324510717491e+02
1.048793297392152937e+02
9.386802084568604698e+01
1.280608966995912965e+02
1.129785843835005466e+02
1.112410448675975374e+02
1.126574043137566292e+02
1.149972607450687008e+02
1.084081960096081900e+02
1.161866662830054793e+02
1.078761351625450544e+02
1.182167735670632425e+02
1.109098765879875828e+02
9.396389573769971548e+01
9.403531037834127915e+01
1.244586074775282896e+02
1.085130599241122837e+02
1.281205075720632465e+02
9.297033078649664617e+01
1.038938747752546305e+02
1.121432745221014642e+02
1.256424599570649576e+02
9.729169440616506392e+01
1.171753856152467108e+02
1.008477832152821634e+02
9.469589918810392248e+01
1.215266576417989199e+02
1.238418691899714759e+02
1.139802824671773323e+02
1.155544113005175291e+02
1.038859670711507022e+02
1.229205815131030306e+02
9.823504081138322874e+01
1.138672981083702211e+02
1.149513816658550951e+02
1.227160651081035354e+02
1.075779959040014830e+02
1.001894195315345257e+02
1.000071122157946064e+02
1.152521073066948247e+02
1.429598156659860706e+02
1.141282121548842099e+02
9.404390611747403739e+01
8.906383635440182900e+01
1.066052655347329363e+02
1.063106471170713689e+02
1.332843898282082193e+02
9.677887192408451256e+01
1.034028417303490386e+02
1.047160015128585258e+02
1.077430841001484083e+02
1.204896058230353475e+02
1.060807574994013720e+02
1.045303111367714024e+02
1.088082964491838993e+02
9.797065709960362767e+01
9.118024898765314390e+01
1.076268561113692215e+02
1.162525604814438793e+02
1.014238041061988724e+02
1.378110206172407857e+02
9.980253864472680903e+01
8.604243199174050005e+01
1.349835074010132132e+02
1.045016224672550607e+02
1.140847832379338058e+02
1.172306010538808749e+02
1.076801542593965024e+02
1.089245077686898782e+02
1.042648873978437791e+02
1.032691394328143275e+02
1.028031436837993908e+02
1.157655061084657291e+02
1.118709134389725364e+02
1.132451320963279926e+02
1.009946078546123118e+02
1.109500331337323189e+02
1.036342277675901187e+02
1.146672858130171164e+02
8.998777226616091696e+01
1.274827479571553113e+02
9.495224236080090918e+01
1.185597116857222062e+02
9.947272145827055567e+01
1.216154024529588327e+02
1.070460248642697962e+02
1.112985664621832740e+02
1.092526935093245015e+02
1.075670518901613946e+02
1.146839224200814300e+02
9.548000145283306495e+01
1.192188996301638753e+02
1.003176609516983007e+02
9.891305559479252452e+01
1.023571410707553895e+02
1.042495005362995784e+02
1.346172166270993387e+02
1.103171692546188041e+02
1.040338727482264005e+02
1.225164956126133688e+02
1.037830986522910024e+02
1.296100938395765070e+02
1.046754353878267523e+02
8.337370759631848216e+01
1.314401115607381314e+02
9.990781090862604685e+01
1.014375344154508980e+02
1.136510336050290277e+02
1.096723855421874418e+02
9.404699834200106068e+01
1.024455734314441457e+02
1.190857454001630344e+02
1.015206865055034342e+02
1.338347196122464879e+02
1.078512354644357458e+02
1.059545185825224394e+02
1.029169743208839805e+02
8.349416144226785264e+01
1.236395182836083819e+02
9.945310039155506843e+01
1.038818561846015456e+02
1.313792528852470980e+02
1.106733127758039075e+02
1.061535270768818151e+02
1.045911043517663757e+02
1.048214735797350130e+02
1.214592449512072250e+02
1.060176723517067785e+02
1.115600910594134376e+02
1.041131469860128362e+02
1.074737823131869590e+02
1.109241471271763686e+02
1.195806899556805405e+02
1.158447552817281121e+02
1.031538227010346844e+02
9.671828937082590016e+01
1.303277610589705375e+02
1.185271565300706840e+02
1.062430684173735784e+02
1.030474355109513453e+02
1.262728043072937254e+02
1.027413262455018952e+02
9.038315640656733763e+01
1.079348168141209641e+02
1.277630955660326180e+02
9.601026046189592478e+01
1.028232295133422980e+02
9.773577377798810062e+01
9.983505775021110651e+01
1.107842201581034658e+02
1.039410036669016506e+02
1.262747678407829426e+02
1.141596516952752296e+02
1.072487396759493379e+02
9.741166132391707322e+01
1.279056238133918839e+02
1.120366025356477451e+02
9.993062077913869246e+01
1.124018606961837037e+02
1.244406574505705265e+02
9.958782906266870327e+01
1.081897778550054028e+02
1.111818236649394152e+02
9.800493828621799253e+01
1.165295063662745889e+02
9.013985050616194883e+01
1.063950770458898205e+02
1.372410685244774413e+02
1.147575112405863820e+02
1.039326830968748254e+02
1.037739788592502919e+02
9.774236414276009555e+01
1.230172112107344873e+02
1.014662057856116490e+02
1.104678482232983896e+02
1.287169387571291281e+02
9.773496669038173934e+01
1.204875618807777897e+02
1.279393962665681812e+02
7.750104916506136021e+01
1.071244597432655183e+02
1.092460331053973448e+02
1.068087042594575706e+02
1.185442860140290975e+02
9.793946585751770328e+01
1.091320181557619975e+02
1.087738312027300793e+02
9.769273625800609295e+01
9.275983906456795580e+01
1.231846369352091557e+02
1.147102106722945791e+02
1.038917517437475624e+02
1.193632606969343044e+02
1.050336071259021793e+02
1.068462258673336294e+02
1.003222279381030120e+02
1.146048457948053709e+02
1.098197196810757958e+02
9.934071799279654158e+01
1.106767412052940358e+02
1.133709146566332890e+02
9.275652586595047921e+01
1.007662795399539561e+02
1.307296595926848966e+02
1.019532790569500520e+02
1.055897891658126042e+02
9.865220326431945352e+01
1.061276943646406608e+02
1.269770987721525444e+02
1.143831690642257257e+02
9.732099990393763278e+01
1.128296386949071888e+02
8.637738104989074372e+01
1.126820885924450408e+02
1.326742580725567677e+02
1.089034868065074448e+02
1.139835319576931312e+02
1.121496021249518122e+02
9.799927885976545383e+01
1.069466982694273867e+02
1.316296780232036383e+02
1.029952680333374815e+02
1.305618250738486097e+02
1.144878474516771121e+02
9.894580417236301173e+01
9.738972255741636275e+01
1.173392354673757012e+02
9.216704116943888891e+01
1.034196949135811110e+02
1.208719403585388648e+02
8.815955210345801163e+01
1.025965644380063964e+02
1.179126844781648629e+02
1.229163753477507157e+02
1.196938514077310032e+02
1.244421170113753163e+02
9.598067177777232928e+01
1.063162069635195195e+02
9.978659473683222814e+01
1.056166825144065626e+02
1.064472516310541437e+02
1.173013554063388284e+02
1.081542265769206210e+02
9.900358846896307341e+01
1.198090955266765576e+02
1.065247235301292505e+02
1.363313423771333248e+02
9.442481913991007048e+01
1.059603405410430810e+02
9.745322770603495144e+01
1.084202739622458296e+02
1.111709714832875449e+02
1.030021906916109486e+02
9.462020005379969234e+01
1.123659251433568187e+02
1.205464663232262126e+02
1.053152845966148021e+02
1.192984966397884676e+02
1.094125760749967924e+02
1.096998813747664769e+02
1.112216554399525279e+02
1.147672121339008271e+02
1.084669605531059773e+02
1.031465108930475338e+02
1.010910288272561104e+02
1.070132054416898910e+02
9.541121102291245393e+01
1.220809897004767919e+02
1.488529693229162092e+02
7.676428173440764624e+01
1.082669079652192750e+02
1.114516367119601625e+02
1.039222227283351856e+02
1.131434637864532959e+02
1.078402874576090937e+02
1.117244629558866365e+02
1.040699671229970988e+02
1.058616495417139163e+02
1.398468729196830225e+02
1.084786220285285765e+02
9.829258797318446739e+01
9.787325091023646451e+01
9.935219110737786252e+01
9.482376279360057936e+01
1.071020100768994752e+02
1.035861357614747789e+02
1.037758457555184322e+02
1.152820019668050975e+02
1.088706552153143576e+02
1.193528544341852182e+02
1.048823158558855937e+02
1.097737940307117555e+02
1.025323655108956444e+02
9.361031189775501105e+01
1.319610413171287462e+02
1.069741825608659127e+02
1.053831589223702423e+02
1.054766369778649278e+02
1.093598439402546205e+02
9.175166912475532399e+01
1.164503440467846076e+02
1.042782478103573567e+02
1.254197682865360264e+02
1.144380518659047681e+02
1.148800931648103330e+02
1.211597245152298825e+02
8.724591279274561373e+01
1.242241329011538653e+02
9.806421342407952579e+01
1.285957253125070565e+02
1.166639671051442662e+02
9.937724977372432988e+01
1.208603831676375506e+02
1.001805441605854270e+02
1.068949517171586763e+02
9.991717916234111385e+01
1.071337269584414571e+02
1.229268402047329261e+02
1.098197756225877271e+02
1.052751114320879111e+02
9.707815447977019119e+01
1.066026909975080201e+02
1.179143680291766145e+02
1.187934671476337485e+02
9.434841381251710857e+01
1.242159670096491340e+02
1.115478049516001278e+02
1.211830840654297106e+02
1.067464552432919760e+02
9.838321386681523961e+01
1.016623642731850197e+02
1.014040178251371742e+02
1.123223420095978042e+02
1.241010145847767916e+02
9.502335222352546396e+01
1.110382855221207876e+02
1.054324764900559046e+02
1.028413722345027423e+02
1.195103776843775165e+02
1.039045843737795565e+02
1.107105948685302934e+02
1.125973482916566581e+02
1.147992739255936101e+02
1.081414712172152406e+02
1.068012343058281601e+02
1.125220494503696642e+02
1.059892781076523107e+02
1.171820765227589476e+02
1.008442727965762487e+02
1.118464873821318974e+02
1.067403084402614013e+02
1.203751342806513520e+02
1.229643185082124717e+02
9.448292565809721566e+01
1.048022801413149949e+02
1.075635315264163268e+02
1.036726943473251765e+02
1.150406668158877466e+02
1.228062103667511309e+02
1.105082109424236734e+02
1.044075734274832854e+02
9.752247741625215838e+01
1.030704349150317398e+02
1.123613170017029006e+02
1.322617071026121494e+02
1.110925902262748366e+02
9.369487310837308769e+01
1.022102122629095646e+02
1.007049173435173515e+02
1.114620892201144784e+02
1.145936298990760633e+02
1.010848003349152009e+02
1.082280604605299175e+02
1.070282300525333881e+02
1.141399012401932822e+02
9.921206163088731955e+01
8.486113135748870206e+01
1.381263059931074508e+02
1.122059196128354159e+02
1.022960757347892269e+02
1.184360559259148431e+02
1.052754272066453325e+02
1.316454278385178895e+02
9.761169640422461669e+01
7.783211707253019540e+01
1.193361600651477232e+02
1.234007585430144047e+02
1.275183350454270084e+02
9.959523636116435341e+01
1.086821102564382500e+02
1.109100871224373748e+02
1.013575919285298426e+02
1.078520680734666115e+02
1.113886893551293724e+02
9.849727162141947190e+01
1.175366285858253406e+02
1.091212905419204873e+02
1.067270039254674288e+02
1.133306177620782904e+02
1.090284291608761293e+02
1.123892309769611586e+02
1.055827746022517317e+02
1.149849193816935724e+02
1.029189318156116997e+02
1.111362980798755302e+02
1.046988480486484150e+02
1.131668039814447440e+02
1.149426294032487306e+02
1.289230986823700107e+02
8.479429136830144387e+01
1.074553226272212925e+02
1.189277700240332791e+02
1.146008520452170387e+02
1.118626911364638232e+02
1.128511574216411617e+02
1.101678664431429269e+02
1.040060174700090840e+02
1.247867228301991815e+02
1.053722513999779409e+02
1.133943627439446118e+02
9.554490784987754637e+01
9.364857768580398556e+01
9.314418424492220083e+01
1.318522996015656759e+02
1.341466428655012351e+02
9.682950982003076490e+01
1.115120807303151906e+02
9.902097652146846940e+01
1.258808304913006140e+02
1.148857528041743450e+02
1.006865009664155224e+02
1.054346481010739893e+02
1.074133925489514070e+02
1.202541255142166818e+02
1.116778484883314206e+02
1.215145183303953331e+02
9.475643373653750245e+01
9.273187145976800139e+01
1.117974492555484574e+02
1.108453810098611569e+02
1.145831710428703900e+02
1.126825835233479438e+02
1.082488035702867251e+02
9.433864886554489715e+01
1.104487714813317041e+02
9.743631012746165254e+01
1.267561860671078762e+02
1.143430192208063971e+02
1.042552722060184323e+02
1.152044059851597382e+02
1.081792521656816461e+02
1.028282862126415296e+02
1.221522332677549230e+02
1.046862713731140246e+02
1.274003433936433822e+02
1.015161936132685838e+02
1.264542627343620183e+02
7.872576219780192730e+01
9.314583532162988888e+01
1.217374630242164102e+02
8.993605738850956755e+01
1.389265460611925107e+02
1.027622565942024409e+02
9.117360100384195221e+01
1.391440022102100329e+02
1.028961899980526340e+02
1.044786792124984913e+02
1.195649187549027488e+02
1.017391615867198169e+02
1.074626576318492965e+02
1.235463901732839673e+02
1.106683166515950489e+02
1.010375208583092501e+02
9.247890513112693611e+01
1.156710017886443040e+02
1.164425510459260096e+02
1.038314867659357503e+02
1.351900196848073108e+02
9.800315897555077527e+01
9.674308540244282995e+01
1.000656215476294761e+02
1.080741475067202231e+02
1.237054391839185143e+02
1.115186713907380636e+02
1.034196954991731872e+02
1.167091383199358887e+02
9.328616545549454031e+01
1.255135246186355431e+02
1.051117202452246033e+02
9.806456856426312640e+01
1.034130531199195673e+02
1.267322635515741780e+02
9.107251983100807990e+01
1.014525336648217575e+02
1.064587605820239702e+02
1.139800074580894318e+02
1.119637318653116012e+02
1.124563374185497366e+02
1.101578923605180620e+02
1.213888910556230201e+02
1.127379650024586510e+02
1.103412767412454087e+02
9.984041732043193917e+01
1.057364827482852974e+02
1.052688053431397037e+02
9.982268466687872888e+01
1.002313900659459307e+02
1.204294998680890671e+02
1.146605940592484387e+02
1.078243451511831950e+02
1.133733332465277215e+02
1.045786771292330286e+02
1.042453957774317956e+02
1.059125616928490103e+02
1.298995773611410129e+02
1.061243023817226572e+02
1.041497709264540674e+02
1.044076693176128572e+02
1.034717743528558884e+02
1.066034348758584827e+02
1.199726377790553613e+02
1.027935526650913829e+02
1.181901801437339259e+02
1.079466088332802656e+02
1.183640447971791190e+02
9.258200597400320930e+01
1.135074675549051051e+02
1.041629646924499042e+02
1.176898386703412598e+02
1.110955429051061287e+02
1.092630125241173289e+02
1.059452737903830837e+02
1.074773919740812147e+02
1.055341205227297650e+02
1.174804703320255754e+02
1.116726800253906191e+02
1.193926815564820032e+02
1.070848576235841989e+02
1.040069949871910353e+02
1.071966685401893216e+02
1.068544771037959862e+02
1.338295337397514118e+02
1.002928368395668173e+02
9.905621614688224952e+01
9.906041484769733074e+01
1.102104546303308723e+02
1.144133577322435258e+02
9.794225366135368915e+01
1.129903411062314689e+02
1.061705385314556196e+02
1.147161336095169304e+02
1.285002730001471321e+02
9.672099411067799224e+01
1.081368344540702964e+02
9.230046348185312866e+01
7.727959675348402868e+01
1.004203330762743320e+02
1.196346298797648302e+02
1.399248194313544502e+02
9.227075647547530934e+01
1.114132765865661696e+02
8.893430017245074737e+01
9.227158937949600670e+01
1.239202449464684150e+02
1.139034365566050440e+02
1.168877604939482353e+02
1.001837528080928479e+02
1.071427539821532520e+02
1.094525964352121719e+02
9.961178518678585192e+01
1.242216524759124070e+02
1.143473659578932597e+02
9.903088519522452771e+01
9.291708663191425899e+01
1.210587185743069085e+02
1.090007529508999085e+02
1.282989437057828184e+02
1.006731070587697019e+02
1.061814666725326362e+02
8.606748533778231547e+01
9.741359505228555804e+01
1.182183009584228017e+02
1.230072958261092282e+02
1.200555044082286145e+02
1.079577759448190619e+02
9.073203017797207792e+01
9.658060954439906709e+01
1.185181337095765599e+02
1.056617385797932229e+02
1.311381797881299747e+02
1.083560188912247639e+02
1.166208696090677535e+02
1.086680770242715113e+02
1.009564733659515099e+02
9.458133815630716867e+01
1.236029865967074670e+02
1.121010741211152322e+02
1.181178475799343204e+02
1.192108706942057523e+02
1.146167746070088924e+02
1.035698740616818583e+02
9.027848754850306534e+01
1.067975531770529329e+02
1.211451147250446212e+02
1.040506379226562643e+02
1.009192335701721959e+02
1.200888276779980544e+02
9.286228105281067258e+01
1.162428287986132887e+02
1.242633289932103651e+02
1.011412199152416491e+02
9.338494854709121284e+01
9.098828469717619782e+01
1.234102939036104374e+02
1.269594134687820883e+02
1.114792906245166506e+02
1.033496631660268861e+02
9.840084145091185519e+01
9.667447538213966141e+01
1.188191155817776945e+02
1.107319712066734212e+02
9.438788888852636205e+01
1.250114361599087403e+02
1.107184345115014139e+02
1.009215747884509966e+02
1.108068517088071303e+02
1.060274997629480254e+02
1.054191347484143932e+02
1.234065147786368186e+02
1.097330976818388848e+02
1.288313451811235950e+02
9.705714136260286296e+01
1.029133026077557673e+02
1.098700425233426046e+02
9.556473161778242797e+01
1.256982126973426119e+02
1.106032419452562436e+02
1.059007006571875991e+02
1.143177877830554650e+02
9.639456514501389961e+01
1.232264390761709905e+02
1.027241483279304362e+02
1.093080913612609066e+02
1.109301638939022041e+02
1.217927564256496566e+02
1.047407367743377762e+02
1.053649355464361150e+02
1.033068897965668640e+02
1.109986219236271126e+02
1.006818499607806956e+02
1.016899589185785828e+02
1.122411429962189828e+02
1.189657795364064015e+02
1.102159228166659801e+02
1.034046377274992778e+02
1.123687342765405646e+02
1.025895304247813158e+02
1.090299651993670551e+02
1.243835673307516885e+02
1.049386971957945889e+02
1.202561531580919194e+02
1.106325968934720834e+02
8.839183219436043260e+01
1.190651570376427344e+02
1.019534282818919451e+02
1.110654002647043370e+02
1.042685887853736233e+02
1.058162546483317215e+02
1.133348922874236706e+02
1.096641426962568033e+02
1.067051781560825958e+02
1.062212632665119258e+02
1.064811257421842186e+02
1.204144428579213724e+02
1.112222233282950725e+02
1.082764469905812774e+02
1.001098966900828344e+02
1.083587942813483664e+02
1.104069446835563468e+02
1.054118957436954531e+02
1.130608546065395501e+02
1.042137887590850340e+02
1.134158586517876017e+02
1.096431848795612041e+02
1.094376927167757572e+02
1.138453406477265446e+02
1.104254079130087121e+02
9.690554591882552415e+01
1.029211804913947361e+02
1.211668941294381767e+02
1.071647343130572523e+02
1.062846045834715625e+02
1.108669691538025290e+02
1.216948288752526395e+02
7.557024510603534395e+01
1.191614980407609607e+02
1.086927414673042733e+02
1.105516353246350576e+02
1.159136670828980868e+02
1.249232415633393174e+02
9.347731315368233140e+01
1.072174022921670229e+02
1.070190793088444394e+02
1.165898637058171801e+02
1.026876842334932292e+02
1.212342492967184171e+02
1.156608571609148868e+02
1.131550527160950850e+02
8.708005450616170151e+01
1.050304728906647966e+02
1.118468191750546197e+02
9.581494116678774731e+01
1.108129485104143015e+02
1.091882407699193323e+02
1.107289643743772416e+02
1.051837652479535450e+02
1.218547015853060742e+02
1.118560855450633227e+02
1.008271345509668322e+02
9.255556355151446724e+01
1.160287946269242241e+02
1.163719169012663031e+02
1.152145597001676549e+02
9.450755655317804838e+01
1.075365475940470219e+02
1.136695270850078430e+02
1.275070072004878199e+02
1.168116229381878384e+02
9.719535367812706284e+01
1.028622608661983975e+02
1.161800705131249458e+02
9.623311374427616727e+01
1.172761573502824319e+02
1.194988580311252235e+02
1.034193683939043211e+02
1.075984551500175428e+02
8.810592899734862726e+01
1.143037966842745163e+02
1.118452334772964889e+02
1.207172316806380366e+02
1.095809465683193480e+02
1.224856017607907717e+02
9.130177428277048080e+01
1.058119035492728699e+02
1.124047448666057250e+02
1.118384639992721361e+02
1.112231504937244324e+02
1.041210399486560760e+02
1.077293835349844358e+02
1.236203236035186990e+02
1.131921035602286594e+02
1.010733704081029600e+02
1.070807328190032166e+02
1.057082074715379179e+02
1.110068628669503852e+02
1.207345946596629318e+02
1.124333285065562364e+02
1.141607002208318988e+02
1.144088135195677722e+02
1.180946154636016274e+02
9.384467515463742870e+01
1.016099056101258071e+02
1.050914219165442347e+02
1.159185902507625485e+02
1.064012529281194475e+02
1.047501637947077455e+02
1.116384981408139083e+02
1.128487260521052491e+02
1.074293800119423423e+02
1.083014496256293171e+02
1.121871939104654246e+02
1.073698597690731589e+02
9.980515504657766712e+01
1.206350368998517553e+02
9.789338331645517144e+01
1.078827721614079849e+02
9.931484565234097772e+01
9.241190246350578263e+01
1.347984345814990093e+02
1.208837930522459061e+02
1.226222475155896490e+02
1.162546784916471410e+02
9.256091180216871805e+01
1.301217456603355913e+02
1.406633918705612132e+02
9.179956533772862315e+01
8.852320360763501128e+01
9.492972523531985019e+01
1.042137830441271120e+02
1.158199084386963165e+02
1.033877947989109174e+02
1.238536531819030131e+02
1.160412423300922455e+02
1.012583114177998738e+02
9.544319847621218855e+01
1.230903353814983774e+02
1.018561466101557045e+02
1.063166599084476189e+02
1.084599396581226642e+02
1.056052036823376170e+02
1.114346025612067024e+02
1.130787095358300718e+02
9.659421924097641465e+01
1.027837031224944013e+02
1.111909109793793817e+02
1.198548612759061598e+02
1.156689153124797400e+02
1.004519689186581104e+02
1.114931271229216492e+02
9.656783043122280219e+01
1.146555843555598955e+02
1.146486635188891228e+02
1.189709629843205931e+02
1.113899739248025895e+02
1.193069940580728883e+02
1.145255066221231175e+02
1.099220226714471096e+02
1.056876721413570834e+02
9.419234095135765017e+01
1.127350916944479309e+02
1.201957427665841180e+02
1.224765974513935447e+02
1.168981098860894718e+02
9.668770248959992841e+01
9.770255690462009568e+01
1.264776688788690251e+02
1.166898511634451552e+02
1.135311132616677270e+02
1.004011456487509832e+02
9.967740484949926838e+01
1.099430035961923267e+02
9.825001734476917647e+01
1.133825213338366495e+02
1.162499239650773859e+02
1.045095598471951632e+02
1.147388857982578401e+02
1.222638145684895079e+02
1.064225370860521735e+02
1.248152801965644443e+02
1.087326511146332564e+02
8.385634317694685080e+01
1.087766010435766617e+02
1.009467883289997587e+02
9.851779019781453428e+01
1.090079678354274648e+02
1.216720122360993201e+02
1.113197695383199033e+02
1.129932202309300351e+02
1.139095467369812269e+02
1.043115638058811072e+02
1.080584268608742065e+02
1.014979164956850468e+02
1.148857277841500064e+02
1.136862266542970445e+02
1.174609780514703061e+02
1.050974176393751804e+02
1.323590180474789690e+02
9.791793121188287330e+01
1.275678125301040637e+02
1.061150867333969501e+02
1.195411587462117353e+02
1.140991741012933289e+02
9.371933017523191722e+01
9.861944221201207483e+01
9.970741322374759363e+01
1.159365380428491363e+02
1.351550468664483446e+02
1.042609216817465523e+02
1.037531897834513757e+02
1.273697798041777816e+02
1.046011076836339555e+02
9.820418758315136643e+01
1.058560617311315895e+02
1.107866731777033635e+02
1.090206700558074573e+02
1.004732069973704967e+02
1.248305375622971667e+02
1.179832430764183897e+02
1.051086323369062683e+02
9.330478315951397406e+01
1.084259456558041563e+02
1.243470304194380986e+02
1.104256270598153549e+02
1.179796975989932122e+02
1.156476984690492316e+02
1.261585255502294558e+02
1.009136579935475453e+02
1.078479237538842739e+02
1.024360462233074571e+02
9.905584495906030895e+01
1.267644394354515498e+02
1.033596748548401649e+02
1.051329269452694746e+02
1.084284898998601534e+02
1.129079758847703232e+02
9.541023419333913580e+01
1.428035865552276675e+02
9.737535721060733351e+01
1.102461263516013190e+02
8.586115829163836111e+01
1.021937779914132562e+02
1.130933498847739145e+02
9.995749064717698218e+01
1.068974302137415719e+02
1.020459562861088187e+02
1.191517395657632221e+02
1.055692727560857236e+02
1.199978889557689001e+02
1.135763520806580544e+02
1.160302465129359035e+02
1.078457847296822933e+02
1.053222714162820068e+02
8.397564093455129353e+01
1.254020724495997143e+02
9.917511377407954853e+01
1.060268566947032127e+02
1.283424930174823544e+02
1.017656933880751779e+02
1.065705515406942396e+02
1.112720636708174879e+02
9.377179515978164659e+01
1.151334870245381978e+02
1.330533503372770952e+02
1.360849524128937844e+02
9.384329948092961615e+01
8.954814779085053544e+01
1.117714838859780571e+02
1.011404735560210071e+02
1.173486435299823967e+02
1.044443778279809720e+02
1.064991996927050906e+02
1.150069470725836283e+02
1.146719150263928384e+02
9.868652823752566405e+01
9.536897988118073499e+01
9.706829488045275411e+01
1.254589344632811390e+02
1.232546261202425626e+02
1.141486108908515007e+02
1.005594236169487772e+02
1.236335985028176054e+02
1.121938014787071296e+02
1.178171904082503545e+02
1.111156484628292276e+02
1.045481264340314596e+02
1.072253241437065441e+02
1.030422892824442584e+02
1.083225522102488014e+02
1.071039307976695198e+02
1.085682685469211464e+02
1.106136854934807445e+02
1.018074324674209379e+02
1.275466761546390160e+02
9.927317479962194113e+01
1.100500602050761501e+02
9.669613157789869717e+01
1.149996184807719999e+02
1.025750802343354309e+02
1.163816515078603402e+02
1.137719304799576037e+02
1.091301191662590782e+02
1.314600509527915051e+02
8.715270261332737789e+01
1.170598860838512536e+02
9.129162816313652229e+01
1.053207261171611151e+02
9.493240973120114745e+01
9.792037233397596196e+01
1.256437957728243902e+02
1.178627215656169369e+02
9.852867481958817564e+01
1.204032820241528157e+02
1.084145634240972811e+02
1.062896761592654400e+02
1.065416679588729778e+02
1.126267025980615273e+02
1.136112813830792305e+02
1.089203067265436573e+02
1.155859673894832440e+02
1.109775479725473986e+02
1.028427129036989101e+02
1.026704123746839201e+02
1.105031124811443561e+02
1.147178119396358369e+02
1.170790050453043563e+02
8.444874554511795850e+01
9.811906483815916147e+01
1.061725416543682456e+02
1.331945850881946001e+02
1.070707794521727436e+02
1.220968990840371475e+02
1.097951437917865007e+02
9.766141925493172948e+01
1.149276904471064569e+02
1.001904119537330757e+02
1.093874592633357139e+02
1.160009771437051569e+02
1.100862427541786417e+02
1.042456290926988487e+02
9.761386591988797079e+01
1.006768550282640717e+02
1.283417378946870713e+02
1.137982035360144835e+02
1.056261619280635529e+02
1.023176822173637674e+02
8.611810222403845216e+01
1.018387999605343595e+02
1.257990276988813463e+02
1.163613182522056064e+02
1.124462232335940115e+02
1.122040498679288163e+02
1.256430029255019889e+02
9.574715039850802611e+01
1.129173147578285494e+02
1.053280818913371206e+02
1.100018619613047974e+02
1.032378032699790396e+02
1.091715428123430485e+02
9.543117344230043386e+01
1.247245302033449548e+02
1.021156563733731701e+02
1.071519755703658490e+02
1.158430497802356740e+02
1.119853749711898416e+02
1.183194610408588261e+02
9.964300468337928862e+01
9.937153248400387895e+01
1.238348773584537383e+02
9.833603196273968194e+01
1.037566536841949585e+02
9.462170764490656438e+01
1.292567955100006998e+02
9.948038375516370024e+01
1.028247675035683812e+02
1.083673632067943799e+02
1.139219740836443009e+02
1.247780723821019961e+02
1.051432746489198564e+02
9.947072320888774755e+01
1.277732611076040001e+02
1.187120646630968821e+02
1.042245232202348433e+02
9.712814927311509905e+01
1.037120577371439367e+02
1.307872394072178963e+02
1.001297239068357925e+02
9.848856207112302741e+01
1.074736984646498428e+02
1.088591478544887252e+02
1.098647825615527154e+02
1.192311666937652319e+02
1.185961894128681280e+02
9.986072744336260598e+01
1.077267389019058186e+02
8.464480467097388328e+01
1.227204452269796064e+02
1.003279850026516300e+02
1.169431909251809572e+02
9.724079420371189997e+01
1.173733148781113584e+02
9.638915374929281654e+01
1.238830504447128220e+02
1.083374446019516029e+02
1.010046841837721701e+02
1.144368546954933379e+02
1.075603958696194979e+02
1.009614226473809993e+02
1.238719439599533416e+02
1.065847213324358052e+02
9.069467472455774271e+01
1.215613232164826911e+02
1.205793170739062248e+02
1.488863534261105031e+02
1.174362264577880666e+02
8.375664003907195365e+01
1.010675588202751101e+02
1.168785462366792558e+02
9.627431794844056867e+01
1.124106926520782253e+02
1.176767286488511957e+02
1.113815423110606417e+02
1.061616557322413996e+02
1.013300262250691759e+02
1.156258357447947134e+02
1.254173553599247271e+02
1.084744780351613684e+02
1.002847293576171950e+02
1.122571850983355830e+02
1.100012793943367626e+02
9.490885051420833918e+01
1.083319324414103733e+02
1.056812947137821226e+02
1.250415154133986420e+02
1.010458033357358403e+02
1.072255659801161585e+02
1.009062137208697010e+02
1.013075158186293407e+02
1.065652220055272181e+02
1.353236905490416007e+02
1.239537330680363993e+02
1.076246020256031386e+02
1.223742508612895392e+02
1.075953743823231292e+02
1.299046233234979866e+02
1.022305499422117805e+02
1.180146127631243758e+02
9.647484900423371812e+01
9.252635424700692113e+01
9.160513680967544303e+01
1.185645733050985484e+02
1.215664822116485340e+02
1.048387452201978931e+02
9.213312480179992292e+01
1.165240565852464982e+02
1.266660717711913549e+02
1.284495176254647788e+02
1.083418001226817182e+02
8.733195065323123174e+01
9.991409455669713680e+01
1.005570768082409927e+02
9.718346195982667268e+01
1.123017640417970284e+02
1.161932328022793541e+02
9.137105367443217574e+01
1.203269120324377894e+02
1.157983132865380185e+02
1.382396518781561667e+02
9.500347960613110843e+01
1.056580806161797170e+02
1.153068190608925079e+02
1.039580698359090860e+02
8.714839675582609857e+01
1.266863713007519863e+02
9.833984638655206822e+01
1.086938244962418594e+02
1.088291261493394586e+02
1.144296869556792444e+02
1.160279073268101371e+02
1.018525861527751033e+02
9.898113621831011244e+01
9.904331706158590976e+01
1.000879504721124675e+02
1.186785576629963828e+02
1.122793071763032913e+02
1.212207131384185175e+02
1.002621709578047273e+02
1.650850982278304571e+02
9.651801458970631131e+01
8.987413498435005010e+01
1.131012127634710822e+02
8.941418374895039278e+01
9.873356039318281319e+01
1.060813015371781205e+02
1.078367363217473525e+02
1.159805723415631604e+02
1.111397200748792784e+02
1.159785497647820591e+02
1.187927552103364661e+02
1.005599140832627114e+02
9.144598929138875576e+01
1.204834330947920762e+02
1.216190452320810067e+02
9.857082887577118413e+01
1.021415918346103950e+02
9.663217175678673243e+01
1.150618388584257445e+02
1.103951810786443701e+02
9.863668530787829525e+01
1.180784477639402326e+02
1.211670342193421703e+02
1.150436848574679090e+02
9.186788221204373883e+01
1.368224328815200579e+02
8.949468051184480544e+01
1.182509735966717273e+02
1.035725822080173799e+02
1.024113677746285020e+02
9.217499273922328484e+01
1.153895233146589874e+02
9.691613931458053344e+01
1.109485084418464140e+02
1.189347545765845666e+02
9.848080183737063464e+01
1.170277419694896963e+02
1.079357485262440406e+02
1.153706946835446558e+02
9.296450236767732633e+01
1.052184022307215230e+02
1.198634185844152285e+02
1.141405674214032757e+02
1.195153745566042431e+02
1.086539903467614323e+02
1.051137963804072371e+02
1.204009978379888963e+02
1.022534415795605014e+02
9.655938008573586728e+01
1.239945325218429417e+02
9.766102732702258038e+01
1.111467099810238466e+02
1.108533134847291421e+02
1.184640884210189427e+02
8.455274427782977398e+01
1.109606278151799614e+02
1.264162013881023938e+02
1.038873521738498766e+02
9.998217322071167246e+01
1.073242975197698144e+02
1.071747564766762935e+02
1.132039867328555118e+02
1.029654936504653335e+02
1.279065499326378728e+02
9.734499698720505023e+01
9.157481418951805097e+01
1.190681789314229917e+02
1.004739723276512109e+02
1.293822169808840385e+02
1.082067401676561502e+02
1.083024287569743933e+02
1.068603835202648611e+02
1.021384338340878202e+02
1.102640328058009658e+02
1.181870447878988557e+02
8.125873968775172784e+01
1.095947015831201981e+02
1.154992347122218348e+02
1.194668616784276054e+02
1.241753569938305617e+02
1.033179354827843923e+02
1.089685153397286825e+02
1.080254478501725117e+02
1.010438699230024184e+02
1.112744000896616541e+02
1.111970418014828113e+02
1.016144054008753130e+02
1.144363989945173046e+02
1.101722034387324527e+02
1.188440336711230430e+02
9.819144083984544125e+01
1.005205348722996064e+02
1.197406987593113143e+02
1.012980614347065682e+02
1.134343910539584925e+02
1.157729332188669389e+02
1.059443703502848990e+02
1.148249963853214126e+02
1.033660839288878748e+02
1.145471782483629539e+02
1.080485927991530275e+02
1.032509786625444406e+02
1.129379190291386834e+02
1.028731925866488695e+02
9.454034341839059152e+01
9.601526972556565909e+01
1.085449039695418207e+02
1.166810190871916291e+02
1.134710429877762863e+02
9.788040259028032608e+01
1.172268289560140175e+02
1.022546168220251843e+02
1.123196082800048998e+02
1.185950930794985396e+02
8.634580828372520500e+01
1.260550591981781281e+02
1.142200702216985349e+02
9.198896703332155766e+01
1.049123359431036278e+02
1.141666440008210373e+02
1.259527694351659903e+02
1.062670595962333238e+02
1.028282260788519835e+02
1.009180473549518524e+02
1.017043613617850752e+02
1.103898366231886712e+02
1.250824343582075215e+02
1.057215088052615926e+02
9.760664620161605853e+01
1.175151326126456297e+02
1.010936062134012019e+02
1.193170550128135261e+02
1.135510672392012737e+02
1.045110587142867757e+02
1.052416848219103827e+02
9.976952964058575901e+01
1.139192236427496709e+02
1.006460652836907741e+02
1.027248807271706710e+02
1.227897039124991210e+02
1.184317860601659476e+02
1.029782406137306339e+02
1.100060088033168029e+02
1.099355948227274524e+02
9.707910183645707036e+01
1.167584538743586791e+02
1.060990280070344198e+02
1.045304540669540643e+02
1.218689762294914232e+02
1.224151630907960850e+02
9.166137883295066047e+01
9.273199764629251263e+01
1.150283145486309735e+02
1.253348282967298672e+02
1.028405295342030144e+02
9.793546413192532896e+01
1.067637868081463779e+02
1.159073967432513257e+02
1.091837973106942883e+02
1.061954996893188223e+02
1.187119913941490950e+02
1.059589737481492193e+02
1.066004137918786796e+02
1.051323338680199271e+02
1.222678947621072609e+02
1.070969118343000304e+02
1.085613259390414242e+02
1.118538897151536560e+02
1.150106489716650344e+02
1.155057049334851342e+02
9.959336447757254973e+01
1.099754785689585503e+02
1.035003885647445685e+02
1.271359825363746694e+02
1.236956863317287230e+02
9.688105272255688760e+01
1.095079920186802838e+02
1.144815297291218599e+02
1.046814258441853838e+02
1.066137021208606086e+02
1.157692831668563684e+02
1.230449865941968426e+02
9.156965031596595850e+01
1.072552069651326718e+02
1.018034402317376248e+02
1.146974568876722032e+02
1.004444946422414233e+02
1.098500088649863073e+02
1.147364487931964021e+02
1.031096257634726783e+02
1.045452283544664311e+02
9.504177285534073860e+01
1.079296510971075236e+02
1.359379764801423107e+02
1.056911448371730131e+02
1.095610475907207331e+02
1.078474210806231639e+02
1.231025452291554956e+02
1.199197839666651504e+02
9.495545941192240491e+01
1.019093178179564774e+02
1.016157754258707229e+02
9.753296465657702186e+01
1.170332676923198250e+02
1.126883567173539262e+02
1.317988329204876834e+02
9.061541505920770589e+01
1.156745609443996585e+02
1.187684852472833796e+02
1.053186413848958409e+02
9.801724156792181475e+01
1.076344806813203547e+02
1.110879895030555531e+02
9.665402205997274621e+01
1.183874856045199095e+02
1.257838248220721908e+02
1.047542327353302483e+02
9.659128884771062928e+01
1.083409569553044065e+02
1.003146762265678831e+02
1.115885444942329769e+02
1.164811291785193390e+02
1.070944415031140693e+02
1.196846644402166646e+02
1.016347483854262634e+02
1.082149293109304011e+02
1.147971849793871542e+02
9.867295160426954226e+01
1.105029520529618878e+02
1.049542119294919047e+02
1.185620432609725725e+02
1.146501129253669689e+02
1.193519250177904354e+02
1.043711157769388791e+02
9.693401114113774497e+01
1.169071205198824970e+02
1.048562621085485063e+02
1.001286118550070370e+02
1.154760669493600602e+02
9.909243273050792311e+01
1.358360574373776331e+02
1.046627897132608922e+02
9.501337568641415032e+01
1.041258583425441628e+02
1.112387665251504245e+02
1.080577338063494750e+02
9.776651913505219227e+01
1.058249144141254163e+02
1.268629528826062796e+02
9.940980450951251157e+01
1.208430478061702047e+02
9.690815909457830912e+01
1.006284463445890935e+02
1.269864035293712590e+02
1.130825441184084923e+02
1.245096436661913515e+02
1.107066033965733709e+02
1.220863177629056651e+02
9.973611121983995531e+01
9.731581764136551271e+01
9.738152894085044409e+01
9.946464931389742503e+01
1.055596428276640211e+02
1.330997321548110222e+02
1.268672837710481502e+02
9.711321223924825574e+01
9.856583538933305988e+01
1.032903204349472901e+02
9.565342291972191902e+01
1.090039306649681237e+02
1.096646679032025986e+02
1.126458987479485359e+02
1.233926487422294542e+02
1.273562021767081234e+02
1.064170474989685147e+02
1.070796652043389088e+02
9.684041647780973960e+01
1.102185407413649898e+02
1.068678230442721571e+02
1.188965886825136096e+02
1.245362532804548863e+02
1.087664739024138072e+02
9.929053634047100729e+01
1.107753068843177573e+02
1.111227350418522093e+02
9.883904862593479379e+01
1.055025279591680203e+02
1.032960649263354611e+02
1.255836729064809276e+02
8.926900707519448019e+01
1.202274568744157932e+02
1.050352838393165769e+02
9.566089073196516779e+01
1.032992458028838314e+02
1.312832625327866936e+02
1.252980966932223197e+02
9.846802646758098376e+01
1.056387500766587948e+02
1.047216262954607799e+02
1.009170044897025491e+02
1.024285890734440869e+02
1.258779899676187455e+02
1.265401877125181329e+02
9.207966810882697928e+01
1.090709759148426770e+02
1.212638911773696861e+02
1.068975385998113268e+02
9.671459052650227761e+01
1.148100470446805446e+02
1.082372548329511943e+02
1.238849321325783137e+02
1.170467769705627461e+02
9.100104817889857145e+01
1.036288613087909880e+02
1.010722079756665011e+02
1.197730840805093919e+02
1.086467665619054941e+02
1.249978423908548848e+02
1.130545673839295375e+02
1.116149337537949862e+02
9.840606550451224166e+01
9.645360262209926816e+01
1.480199675325779651e+02
1.005336706602050327e+02
1.060807706925494074e+02
1.004829253974040739e+02
9.752814533391779150e+01
9.057659508305830798e+01
1.216179732265035227e+02
1.252759989987576290e+02
8.410038642165272904e+01
1.053197579031056108e+02
1.108000929633338245e+02
1.133843365105208534e+02
1.007208498227290789e+02
1.011544379549482358e+02
1.224977166584182413e+02
1.157556470884039896e+02
9.861053358791204460e+01
1.063021604872713084e+02
1.119065825966765715e+02
1.082347729362312805e+02
1.159173294128392371e+02
1.202940482414504828e+02
1.282012119258767768e+02
9.759506899321151252e+01
8.525842396701699499e+01
1.247720990451496874e+02
1.148224655129568674e+02
9.564806514857666286e+01
1.106972623703680085e+02
1.007112371579495829e+02
1.171509991577036232e+02
1.065771477317882017e+02
9.624753485343646275e+01
1.248316316498057716e+02
1.158217345344755529e+02
9.659029315170550944e+01
1.206733208432635678e+02
1.038480373243206856e+02
9.807403608714264465e+01
1.217501896872640401e+02
9.457860120353377908e+01
9.983344272735479308e+01
1.316521343725405018e+02
1.051022078356386089e+02
1.228789742085179881e+02
9.840326219470962599e+01
9.006291603246144462e+01
1.020955686916294809e+02
1.020068548109508839e+02
1.114319935944059807e+02
1.220155544169986825e+02
9.846029140751828379e+01
1.044363578589045005e+02
1.028699352912060334e+02
1.074020991598281398e+02
1.229476033671401751e+02
1.084901737566984252e+02
1.095012381296768353e+02
1.063208577971283120e+02
1.041143339257316995e+02
1.170418984328626522e+02
1.112470198936510997e+02
1.054987075611436325e+02
1.170273777815594656e+02
1.168406022834534923e+02
8.640539474235771422e+01
1.142570412288068411e+02
1.284474789345217403e+02
1.128303182378490703e+02
1.076885170007008554e+02
1.053363105758404288e+02
1.071450496007092568e+02
1.026424894427930212e+02
1.166868700558141825e+02
9.446037726171043403e+01
1.230885368777439055e+02
1.086148369213762663e+02
9.360263579348048779e+01
1.039838244217832397e+02
1.396095041058686945e+02
9.739179235532233747e+01
1.115993800089696748e+02
1.034146553093628995e+02
1.185491238106351943e+02
8.491396482545837898e+01
1.009795020071328651e+02
1.231282106391474400e+02
1.180661500261716412e+02
1.048649473221953201e+02
1.008210924778325506e+02
1.294554310242049837e+02
9.039932026432542500e+01
1.116464663859735253e+02
1.158191892069150555e+02
1.076815804009470128e+02
1.110514062029452589e+02
1.122968238545284976e+02
1.304983606751768548e+02
1.236905945632892383e+02
1.068758652580876287e+02
1.289893782973366285e+02
1.086262060521908097e+02
9.166175698314027898e+01
1.225307854154251856e+02
9.925586217216782359e+01
9.893703031944718873e+01
1.198381383866727958e+02
1.246601931181039475e+02
1.316529621929460632e+02
8.796928376362581048e+01
9.189540447821190128e+01
1.085437769030545070e+02
1.122199255865629510e+02
1.052395489908475525e+02
1.209751261637896249e+02
1.009807889567224919e+02
1.071770211854724408e+02
1.057155688583850832e+02
8.429118294361929031e+01
1.164827297143515210e+02
1.330939995597629206e+02
1.022964578907436675e+02
1.079149394549667420e+02
1.110798112679294860e+02
9.612027589145135664e+01
1.026340390410104391e+02
1.218337689325127542e+02
1.189483605088762630e+02
1.056378274073746582e+02
1.084408349985847053e+02
1.063313267975965033e+02
1.262963618864334876e+02
1.189599228070333083e+02
1.014163482438230801e+02
9.616093828288656198e+01
1.057439458236511882e+02
1.012795753723017214e+02
1.095687701139075898e+02
9.984512589528131343e+01
1.140348209950996221e+02
1.243374391966595027e+02
1.159763296560507229e+02
1.174522042007467206e+02
7.410012093655562637e+01
1.257214342471933577e+02
1.008664623383111376e+02
1.019204973790088644e+02
1.089642255936321646e+02
1.028260401537269644e+02
1.030524663269034988e+02
1.154387511254516738e+02
1.226371523410006859e+02
1.016160169159136188e+02
1.203039377242546095e+02
1.091652146804975132e+02
1.076811676963753257e+02
1.175950853518906882e+02
1.049339658972228193e+02
9.286095832399558958e+01
1.092349675546609689e+02
1.104714026855546933e+02
1.119809830362205219e+02
1.001513329851495087e+02
1.056890392312094065e+02
1.182276349163735318e+02
1.001938219653065261e+02
9.847202514471521795e+01
1.027596515735995979e+02
1.328027639468271275e+02
1.159930335419913519e+02
1.013270176932844322e+02
1.163996439544621921e+02
1.030721373121021571e+02
1.211544236759704631e+02
1.155145276851233120e+02
9.752223031448336599e+01
1.031379858026365781e+02
9.538898963863562130e+01
9.921183668001400235e+01
1.153075170951196640e+02
1.243256518652136435e+02
1.093779480076826331e+02
1.117744022600809046e+02
1.153939093087529670e+02
1.150935842222702092e+02
1.081784406936212406e+02
1.136850641460551117e+02
8.928192840453877466e+01
1.122066185268146370e+02
1.050972098556834453e+02
1.057231620558573724e+02
1.171561380805994901e+02
1.046186960572252360e+02
1.184570473735546869e+02
1.044165177054363483e+02
1.254404065548435767e+02
1.055824742040362878e+02
1.008325723360293154e+02
1.236040180718938473e+02
9.028522468993692485e+01
1.211867159947062760e+02
1.027474257766024408e+02
1.067640315582403332e+02
1.073906756497915325e+02
9.997803696575238064e+01
1.028943666735288645e+02
1.075471707911489005e+02
1.172373874098032331e+02
1.244465054983833738e+02
1.024532024414652938e+02
1.133005775296924185e+02
1.247280352778245742e+02
9.511023249358311205e+01
1.134759637897915070e+02
1.085355953408275553e+02
9.651741366380667841e+01
1.059809915992154146e+02
9.445056681829736078e+01
1.029505058456094417e+02
1.369837962536782356e+02
1.243896602183937290e+02
8.540416066117401783e+01
9.343816134273112084e+01
9.866745332021436354e+01
1.050330257902309796e+02
1.378050817065626461e+02
1.185297087589733138e+02
9.706437451798474569e+01
1.051095713656180521e+02
1.250102038855641240e+02
8.661318498453317716e+01
1.186012378960102467e+02
9.767755455885622951e+01
1.165483931776502686e+02
1.067670239131226850e+02
9.715158412361972751e+01
1.167646838363837531e+02
1.092125837980198781e+02
1.255704563810045897e+02
1.070372576242038036e+02
1.011595612846445391e+02
1.072155296142920946e+02
1.054420581600928983e+02
1.110009343987408670e+02
1.062502439025574006e+02
9.709171871244664942e+01
1.022754588097463255e+02
1.379359146212521523e+02
9.889442221918234566e+01
1.224837776656461870e+02
1.080175782159382436e+02
1.020653919209480307e+02
1.137912788319338091e+02
1.035736723099208803e+02
1.045844180510442953e+02
1.078451282638525726e+02
1.295380556508028747e+02
1.078718449814220435e+02
1.171052855106937471e+02
1.091848550318101445e+02
1.133779751797023323e+02
1.213540743934783137e+02
1.072541228259396178e+02
8.373499978389662601e+01
9.486586950928806061e+01
1.296580413653472874e+02
1.030336044378470461e+02
8.282114011034022383e+01
1.279473680247062219e+02
1.178270879735995180e+02
1.431508478634477797e+02
8.824718236462666709e+01
9.262088962287471361e+01
1.257843331941991920e+02
9.689813253054619224e+01
9.573703490972276597e+01
1.277538719673313352e+02
1.062159581085404625e+02
1.062085032722410745e+02
1.068821475834526353e+02
1.076194480629187211e+02
9.832622521083681022e+01
1.314303631172109306e+02
1.202603062233217770e+02
9.848483821765969992e+01
1.054485321409808876e+02
9.536840129850031644e+01
9.187868089013024075e+01
1.129658886531210129e+02
1.199746692946764597e+02
1.008771334823351822e+02
9.839881992958594026e+01
1.200182058354623962e+02
1.126861810810714957e+02
1.246488341320080053e+02
1.143961961408723340e+02
9.646522407433219826e+01
1.040817352291494728e+02
1.070444278229913380e+02
1.091372748010091271e+02
9.331340933887753408e+01
1.159823315839937692e+02
1.351881171037449008e+02
8.500575155725394438e+01
1.003644411003052426e+02
1.125098131149558753e+02
1.109990164396379129e+02
1.342589883947523788e+02
1.068929803765747408e+02
1.078956488475896123e+02
1.002443296949450939e+02
1.017711883226261307e+02
1.227566098284389540e+02
1.137251793268773810e+02
1.075698128356973768e+02
1.276602190173927198e+02
9.878484610773314500e+01
1.060933792724431726e+02
1.087181235631586418e+02
1.063230679988797220e+02
1.080030060953361328e+02
9.676799317648891474e+01
1.110422948714231950e+02
1.055862774878153374e+02
1.066896845803144771e+02
1.239482265681661488e+02
1.118954183401131672e+02
9.772976683808610687e+01
1.073115299204390993e+02
1.073408321825584153e+02
