-5.438444422412403334e+00
-5.392139594243107403e+00
-5.321229123238571113e+00
-5.137539322218622750e+00
-5.463192456777409944e+00
-5.466957807576011241e+00
-5.505299852071478206e+00
-5.482233073305467386e+00
-5.499684555564489763e+00
-5.513842656811037024e+00
-5.510014474484260738e+00
-5.472084705543123206e+00
-5.117250444544469090e+00
-5.133655495951089165e+00
-5.121961586643978492e+00
-5.133082556980759215e+00
-5.148514697669153151e+00
-5.140533229258903880e+00
-5.128212289492240394e+00
-5.131148661502874297e+00
-5.152898151088615819e+00
-5.161402438515277247e+00
-5.131443766486004421e+00
-5.397689847732911161e+00
-5.432785666941310154e+00
-5.477393305850611682e+00
-5.513122090875528514e+00
-5.060713589528483602e+00
-5.411570017574803160e+00
-5.435784471006884999e+00
-5.368342925002765220e+00
-5.329090512056675166e+00
-5.389820622443190601e+00
-5.160340457848359819e+00
-5.429625286276463569e+00
-5.445997169192842158e+00
-5.415767333247657689e+00
-5.124212451393555412e+00
-5.502112296682810211e+00
-5.550728974718131425e+00
-5.723021319888034419e+00
-5.421349743991703996e+00
-5.523881708077860608e+00
-5.697760815896040221e+00
-5.521959570283107688e+00
-5.545976746327287543e+00
-5.477371693284103671e+00
-5.531499795602195846e+00
-5.567279435067792548e+00
-5.713929108743329266e+00
-5.481016402373122709e+00
-5.469764381245898477e+00
-5.538506289853683207e+00
-5.589841376618227109e+00
-5.446969401694532031e+00
-5.480736672439199708e+00
-5.500780971206014947e+00
-5.544245003845018616e+00
-5.583739656026012632e+00
-5.663747950114029983e+00
-5.654053271509526191e+00
-5.748974733052979680e+00
-5.746910561918774363e+00
-5.649405858570162309e+00
-5.643807992639379378e+00
-5.632830576784411569e+00
-5.631701413274162960e+00
-5.645120126111760506e+00
-5.671055745692619610e+00
-5.626376464601755778e+00
-5.672207194578954059e+00
-5.629073206035384302e+00
-5.683201540888317638e+00
-5.621434678293068643e+00
-5.652395110607827178e+00
-5.751796308292261628e+00
-5.643094456123984415e+00
-5.630079304115571226e+00
-5.639909421605892703e+00
-5.654777163168035692e+00
-5.637855781004264877e+00
-5.633196524236772085e+00
-5.633479126651307567e+00
-5.626052416260162836e+00
-5.633756891313677961e+00
-5.657424637372329812e+00
-5.643503787841244623e+00
-5.660164808060862640e+00
-5.650093991020127326e+00
-5.730590863891306341e+00
-5.717370688335754458e+00
-5.736490868509119601e+00
-5.657391722368941167e+00
-5.706720306710913349e+00
-5.703302794318450886e+00
-5.716028714378566633e+00
-5.705565830008236361e+00
-5.687742011841756984e+00
-5.512394054570201263e+00
-5.578551361437901868e+00
-5.533061498127500144e+00
-5.564418487383433920e+00
-5.510141087391565939e+00
-5.545319117661803077e+00
-5.511836019537996734e+00
-5.569308077735055207e+00
-5.631739753220783129e+00
-5.519738734173368577e+00
-5.473341544961140670e+00
-5.513553122450574051e+00
-5.531529694137151232e+00
-5.500001380472885337e+00
-5.478430245832890400e+00
-5.538850646271676226e+00
-5.484089253553314336e+00
-5.542133931263964364e+00
-5.530485929499001863e+00
-5.597163261343904850e+00
-5.547608649961044414e+00
-5.542185369672335327e+00
-5.515693066366228692e+00
-5.535937070860151188e+00
-4.741627252229178247e+00
-4.661253670089216428e+00
-4.616216519916090277e+00
-4.829264105890612058e+00
-4.789033260989401519e+00
-4.746018655753236892e+00
-5.065168792222352501e+00
-5.072258555258686741e+00
-5.041076753263436849e+00
-5.101224588933434667e+00
-4.691891051405401747e+00
-4.686569994820963814e+00
-4.624441270967039053e+00
-4.690495730158556142e+00
-4.776087542233672600e+00
-4.660363220439482035e+00
-4.653765064811953067e+00
-4.643604902117587585e+00
-4.630207220465961448e+00
-4.731537668676041974e+00
-4.638466088299040280e+00
-4.618895074802470191e+00
-4.612870347936355309e+00
-4.722288537784691265e+00
-4.715289885849433205e+00
-4.746269271065857609e+00
-5.497651338625987094e+00
-5.448697953337916289e+00
-5.385858426412313271e+00
-5.515591300274975239e+00
-5.665927134777154706e+00
-5.717197327744770519e+00
-5.595649911346296967e+00
-5.151603618582768718e+00
-5.214285645193666774e+00
-5.235475773831111290e+00
-5.758122686915212007e+00
-5.772742380180818422e+00
-5.780247925313565460e+00
-5.734483436344184781e+00
-5.767161172085859988e+00
-5.544232143190465756e+00
-5.519476088119219526e+00
-5.548581943719745446e+00
-5.526524621945045901e+00
-5.543929450045234297e+00
-5.662273023672012684e+00
-5.732297912282587227e+00
-5.293186814144630326e+00
-5.234321932127214971e+00
-5.278881887453962918e+00
-5.305715276121670598e+00
-5.331296899994608651e+00
-5.517581234334978824e+00
-5.295566593725077986e+00
-5.339200344184383162e+00
-5.350436320453454186e+00
-5.343304547910111779e+00
-5.337414733561968383e+00
-5.305075383020383839e+00
-5.315566228951100314e+00
-5.304080369870482592e+00
-5.311941176939061648e+00
-4.722858894515096218e+00
-4.738116485977846182e+00
-4.716205624079163883e+00
-4.724281419559254402e+00
-4.736617582501811974e+00
-4.723107335646790972e+00
-4.710512295642859115e+00
-4.729411905361846635e+00
-4.735380705695821035e+00
-4.721638882506497659e+00
-4.736326435260449053e+00
-4.698757960567033543e+00
-4.696600879818052299e+00
-4.718955191482090861e+00
-4.700905367548696923e+00
-4.711023764886896892e+00
-4.696835331853850271e+00
-4.689627445690864427e+00
-4.701831719169519808e+00
-5.199800638393882402e+00
-5.152929296106491641e+00
-5.167223012014512840e+00
-5.146117943824549457e+00
-5.181121522060170292e+00
-5.173624662536195018e+00
-5.205337585743180284e+00
-5.181972998257041496e+00
-5.167965553177747751e+00
-5.386032848142252583e+00
-5.341162617026427917e+00
-5.325951035597002559e+00
-5.327767254670628283e+00
-5.284128450524454124e+00
-5.399546576325044533e+00
-5.386668627042585200e+00
-5.323614091284010641e+00
-5.299652401131480062e+00
-5.109581668015274580e+00
-5.266030069403664804e+00
-5.240297323655894957e+00
-5.347094860385187332e+00
-5.307802185754218804e+00
-4.889539785424954488e+00
-4.861323906383506532e+00
-4.864071142595721042e+00
-4.877998849945082149e+00
-4.877373909736499868e+00
-4.783986606266615205e+00
-4.728382911463755889e+00
-4.741068144751379165e+00
-4.887097931348706403e+00
-4.885212621036060021e+00
-4.956293265475435916e+00
-5.266623994263222919e+00
-4.921180452208391287e+00
-5.272232760525726647e+00
-5.281712131541916655e+00
-5.202762197501879626e+00
-5.158033064319998751e+00
-4.910324814098864898e+00
-5.207642699873793468e+00
-4.964317434299273302e+00
-5.343186732071970368e+00
-4.947689511321192946e+00
-4.899268094063636170e+00
-5.312826865934303200e+00
-4.940742828960188682e+00
-4.934326058682491301e+00
-4.963206320336636779e+00
-5.251356623202610763e+00
-5.240027302474775439e+00
-5.248787560106614514e+00
-5.225390001614226954e+00
-5.141066679031617070e+00
-5.250128357611931307e+00
-5.248391198141806768e+00
-5.232430189776893670e+00
-5.236250119580687645e+00
-5.118192358387148033e+00
-5.078620812182386146e+00
-5.143245304870219137e+00
-5.139826647495130629e+00
-5.156582134143348206e+00
-5.123510798945574152e+00
-5.259095945659474580e+00
-5.231372494176343757e+00
-5.109325352974906309e+00
-5.142413456209157907e+00
-5.114321699143932420e+00
-5.555050092694559183e+00
-5.553188402692770254e+00
-5.572609587020763477e+00
-5.559299499566171754e+00
-5.570704242174697285e+00
-5.568900570507614667e+00
-5.534484027487343916e+00
-5.562223657376968333e+00
-4.739294080826284450e+00
-4.751338986989299684e+00
-5.089307306402993447e+00
-4.714619497714882534e+00
-4.686351765397672509e+00
-4.724476344464624944e+00
-4.606907349150827891e+00
-4.701511634953286389e+00
-5.675858055996209295e+00
-5.642674905999488288e+00
-5.512236643475214137e+00
-5.565195229418061551e+00
-5.539890670172967546e+00
-5.508589870909846198e+00
-5.537786930866798407e+00
-5.620649740935873773e+00
-5.688989489180887205e+00
-5.670424461297495888e+00
-5.671499953117409731e+00
-5.633622292521970998e+00
-5.650263274160280069e+00
-5.635218904176709565e+00
-5.637551924471894793e+00
-4.762529025744447253e+00
-4.758779092439318958e+00
-4.735659742802493355e+00
-4.737993647500548633e+00
-4.742541661546557208e+00
-4.728479355722273070e+00
-4.734576005196107218e+00
-4.742080867261901034e+00
-4.784156314975835045e+00
-4.787349092260901884e+00
-4.804378466432175365e+00
-4.777548548656159966e+00
-4.783871411724407885e+00
-4.734096808568569514e+00
-4.747202570224612117e+00
-4.819242728151929001e+00
-4.706604216926483453e+00
-4.820657388280393363e+00
-4.845965921423725398e+00
-4.809878715578589592e+00
-4.810794592927972957e+00
-4.754035196626348991e+00
-4.781894111670673020e+00
-4.804788813044816642e+00
-4.791211723258049560e+00
-4.769585278640529502e+00
-4.799247377786418411e+00
-4.830301280683978682e+00
-4.815895736988228926e+00
-4.806936830172442221e+00
-4.817737643477280507e+00
-4.829857457785379893e+00
-4.802190902401713757e+00
-4.808590275264482017e+00
-4.827748647146443695e+00
-4.828045933919772992e+00
-4.850452935013066735e+00
-5.084018879821053716e+00
-5.093947235822736452e+00
-5.081388175793921214e+00
-5.078050105221810995e+00
-5.081257958449012513e+00
-5.094820830435363490e+00
-5.278880177055919276e+00
-5.274668333546132182e+00
-5.275212430554050869e+00
-5.270360769438196868e+00
-5.274690378047321992e+00
-5.274997533183951148e+00
-5.271736230806220114e+00
-5.272953913500240120e+00
-5.268915509987866841e+00
-5.270453580499681046e+00
