-5.435219120304296325e+00
-5.388570158004382549e+00
-5.320997842059984606e+00
-5.138029571073488455e+00
-5.460685062744333962e+00
-5.462874538615423603e+00
-5.502123340629364812e+00
-5.479552291831149446e+00
-5.496973263910866159e+00
-5.510928910256147617e+00
-5.506974351972904635e+00
-5.470146272287571776e+00
-5.112890685031129756e+00
-5.126130505422875849e+00
-5.118900723662907382e+00
-5.133210209401712021e+00
-5.145841636644529871e+00
-5.137792861240999542e+00
-5.130237911674035978e+00
-5.131060406508633598e+00
-5.149455262284482693e+00
-5.161433965607604257e+00
-5.129819353024649864e+00
-5.394272701495440359e+00
-5.431136053111176309e+00
-5.475235416644307129e+00
-5.511574260394882074e+00
-5.060564161070064237e+00
-5.412551204125330528e+00
-5.432972236935431631e+00
-5.367369687981189408e+00
-5.327165545688725246e+00
-5.387316366932503264e+00
-5.153891028852687128e+00
-5.424830505601504704e+00
-5.443756026766767064e+00
-5.413635676567690957e+00
-5.123430294737494783e+00
-5.505410339653129093e+00
-5.550826694521394877e+00
-5.727658101250218792e+00
-5.425418727448533041e+00
-5.528142905358078174e+00
-5.701156134542847198e+00
-5.524283500451823592e+00
-5.549952481108756608e+00
-5.480934166155760678e+00
-5.533492459755308346e+00
-5.570961872812469906e+00
-5.718934581161789765e+00
-5.485497377349821235e+00
-5.472973819745375224e+00
-5.542963388417917692e+00
-5.593909361948776748e+00
-5.451627160957000839e+00
-5.484280981756529449e+00
-5.503985404543552562e+00
-5.547537503638514167e+00
-5.586876262250651592e+00
-5.667229164304678157e+00
-5.660265470197968440e+00
-5.753079066572898803e+00
-5.751168614908539034e+00
-5.653455172040507293e+00
-5.647280641498347187e+00
-5.638609590770384372e+00
-5.638038550950712491e+00
-5.648822100486205144e+00
-5.674648917863731157e+00
-5.630256788032466986e+00
-5.676704222627654950e+00
-5.633721677413793927e+00
-5.687648839948891144e+00
-5.625217843872333923e+00
-5.656215067622101245e+00
-5.755647667271638568e+00
-5.646564620294655334e+00
-5.634216855527868439e+00
-5.644346603332160761e+00
-5.657522979164014032e+00
-5.642854853335082410e+00
-5.636085605000697107e+00
-5.639600867653070893e+00
-5.629468564180144519e+00
-5.639059802932777643e+00
-5.662375302085464135e+00
-5.648471665918477491e+00
-5.664006820557553112e+00
-5.654286617816772775e+00
-5.733619383387725144e+00
-5.720384756760722667e+00
-5.738635076621017461e+00
-5.660380452854982813e+00
-5.710208628907684769e+00
-5.706628066875836680e+00
-5.719317530449537834e+00
-5.708121946724224571e+00
-5.689439441513227891e+00
-5.511726308270588071e+00
-5.579069742725529579e+00
-5.532722881325107700e+00
-5.563035120702961578e+00
-5.511613530401048955e+00
-5.544929655396437340e+00
-5.514397398990006138e+00
-5.568608030608316994e+00
-5.635865065341095104e+00
-5.519778004157493534e+00
-5.473628933668408969e+00
-5.509852556341241048e+00
-5.529979350464315324e+00
-5.503553175166721267e+00
-5.479971804877908248e+00
-5.538565773330643260e+00
-5.484018620542343569e+00
-5.541026335227654975e+00
-5.531608806351424157e+00
-5.596490377359622848e+00
-5.547316173595049804e+00
-5.542138361959533022e+00
-5.515950411493540706e+00
-5.535300833818382671e+00
-4.739124789337441968e+00
-4.657909546302045456e+00
-4.609217477037417687e+00
-4.823349183199977297e+00
-4.781168645571253428e+00
-4.739970945883062114e+00
-5.065053547233010711e+00
-5.075223227674452886e+00
-5.042004699213703312e+00
-5.098898861029836027e+00
-4.679998135950475202e+00
-4.715135576350538926e+00
-4.654724125864399653e+00
-4.685142387437718270e+00
-4.771183069611308447e+00
-4.656984388768168337e+00
-4.647336563157853817e+00
-4.629856635100852102e+00
-4.625247561551677933e+00
-4.727749701930000548e+00
-4.630746553819065525e+00
-4.617706274733948568e+00
-4.605616800632425623e+00
-4.718356717654462074e+00
-4.708416043069934886e+00
-4.734889735457469051e+00
-5.494689358525411293e+00
-5.444267513781834822e+00
-5.384726522035335528e+00
-5.510349785104073028e+00
-5.670966585698159257e+00
-5.721090883704197161e+00
-5.601017107935170714e+00
-5.145068525403512005e+00
-5.206188744121479139e+00
-5.229971527280792287e+00
-5.761733228917353955e+00
-5.776674319428435567e+00
-5.783352326403459642e+00
-5.737725316617768634e+00
-5.771694948325193586e+00
-5.541077198045892160e+00
-5.515395312346077716e+00
-5.546150491465722254e+00
-5.522428806799073442e+00
-5.540784597795177291e+00
-5.666671174580576675e+00
-5.738031219353538326e+00
-5.294936372568264993e+00
-5.225443100784204375e+00
-5.284600479540461748e+00
-5.306760211747404199e+00
-5.334909261427157823e+00
-5.512817994145778222e+00
-5.294839989002823266e+00
-5.334266975209044581e+00
-5.345969806520803225e+00
-5.338704216802223179e+00
-5.332866677661857402e+00
-5.304459869240691461e+00
-5.312070366511272290e+00
-5.301994001953311830e+00
-5.308475312842353411e+00
-4.716080240753677266e+00
-4.730649142852367817e+00
-4.710208205673366955e+00
-4.720019676871172187e+00
-4.731070898994210516e+00
-4.725262035988482268e+00
-4.708667387876054100e+00
-4.723401270389463669e+00
-4.732478761405691792e+00
-4.717055447904450638e+00
-4.732294549655615690e+00
-4.695989773397586831e+00
-4.695508429726358735e+00
-4.714638565995772801e+00
-4.692987072423671080e+00
-4.707330303164323659e+00
-4.693338124470055384e+00
-4.686856310263509684e+00
-4.695316628233697998e+00
-5.197349035379491333e+00
-5.132018031766004462e+00
-5.145118884060650544e+00
-5.131962546956259530e+00
-5.163536185316000449e+00
-5.170674633434454215e+00
-5.195631764902734595e+00
-5.161613678845825781e+00
-5.162421062760612855e+00
-5.382505011791452354e+00
-5.336772040561751140e+00
-5.321848019097844329e+00
-5.322595483897162083e+00
-5.277908644252276460e+00
-5.394428542747609967e+00
-5.382650016762707601e+00
-5.321320163135217385e+00
-5.289116409004404495e+00
-5.102608321580873074e+00
-5.258297513051329197e+00
-5.229864500994323429e+00
-5.339616793153528995e+00
-5.300861607294144129e+00
-4.879209381542391810e+00
-4.854567549784120750e+00
-4.857063054170961180e+00
-4.869952839860600236e+00
-4.873438175968430208e+00
-4.775280988911242197e+00
-4.723134265013246846e+00
-4.727173855688785231e+00
-4.878023126189573233e+00
-4.870813431312752684e+00
-4.952358783272376996e+00
-5.268090917881728785e+00
-4.917535213576927688e+00
-5.271009621986239679e+00
-5.276134188122859392e+00
-5.201638109658335729e+00
-5.157040234988373051e+00
-4.911655439455745231e+00
-5.200718459594325438e+00
-4.956638326746938716e+00
-5.338665478645737927e+00
-4.945551876357366261e+00
-4.895330048092020547e+00
-5.310671810201774257e+00
-4.934793633674550151e+00
-4.931110835290092531e+00
-4.955373073277848484e+00
-5.243129856863908422e+00
-5.231732840249374128e+00
-5.247347201411916906e+00
-5.223307623823174595e+00
-5.135301161698230032e+00
-5.252648515346394653e+00
-5.255539925725199346e+00
-5.236375611132314312e+00
-5.235885675312998089e+00
-5.110880554118486074e+00
-5.074212496314305376e+00
-5.138169189315521024e+00
-5.132787884517542309e+00
-5.153570439726010477e+00
-5.123531751054880345e+00
-5.256575133525086763e+00
-5.231253482360556539e+00
-5.106373767375478323e+00
-5.140260443623668962e+00
-5.110367889308959022e+00
-5.551198984162288852e+00
-5.547931950018943681e+00
-5.576195354055706765e+00
-5.560607391803708666e+00
-5.567630902627311862e+00
-5.549308240707859774e+00
-5.525017264547172680e+00
-5.561799888787337665e+00
-4.735900388919855430e+00
-4.739791188804624689e+00
-5.094414809063915861e+00
-4.720710899107233516e+00
-4.694438810850781074e+00
-4.752771988086108124e+00
-4.600874782920413075e+00
-4.690746960778790609e+00
-5.675732392455926423e+00
-5.645276188302366549e+00
-5.514981940351911582e+00
-5.566829074592388515e+00
-5.544401620469404435e+00
-5.508641977973865345e+00
-5.539397056732583202e+00
-5.632351635707545157e+00
-5.692996389902250876e+00
-5.674230644689345127e+00
-5.675342830185098997e+00
-5.635991161535076621e+00
-5.653171853043616579e+00
-5.639027384616474237e+00
-5.645491092959360024e+00
-4.754486714169016359e+00
-4.753976923355136108e+00
-4.726685924020858742e+00
-4.732543352166417527e+00
-4.735147977236093375e+00
-4.718501565409967569e+00
-4.730240322301538569e+00
-4.732802070807164974e+00
-4.771603418040364808e+00
-4.779664031595972418e+00
-4.797471863068992093e+00
-4.777002977719846832e+00
-4.778798636904730834e+00
-4.730083130205974484e+00
-4.741652086674533528e+00
-4.811951993876538047e+00
-4.701339358799248913e+00
-4.822955956024768120e+00
-4.847629107641497015e+00
-4.803728131289263459e+00
-4.808175139280359112e+00
-4.750868452738711945e+00
-4.780849130362219590e+00
-4.798748273329056069e+00
-4.783495887535503144e+00
-4.770611676096635279e+00
-4.792795706035828829e+00
-4.823585445822897277e+00
-4.811835883798656788e+00
-4.803206456040172156e+00
-4.815315329133187383e+00
-4.822963169332395772e+00
-4.798727352789267542e+00
-4.801085190560264948e+00
-4.822311557908182778e+00
-4.826038473022498998e+00
-4.847055041572355449e+00
-5.102770694753202996e+00
-5.105732565315558524e+00
-5.100853586356794089e+00
-5.094854246343089699e+00
-5.097831283923341061e+00
-5.107074988855765163e+00
-5.302090296989753426e+00
-5.297400251349421829e+00
-5.297869768495673704e+00
-5.293198653356323113e+00
-5.298852802583491339e+00
-5.299272700661093793e+00
-5.294529535154734567e+00
-5.296925167486117303e+00
-5.291370327868963663e+00
-5.294385322118117188e+00
