-5.435044729326662605e+00
-5.388023156431839489e+00
-5.320238712311931906e+00
-5.131261398823265374e+00
-5.459211067686417174e+00
-5.462533029556066566e+00
-5.501754059911144523e+00
-5.478188491733635423e+00
-5.496112945826291174e+00
-5.510496663474087065e+00
-5.505579669954203226e+00
-5.468299907795362458e+00
-5.111208933843886193e+00
-5.127459123379429329e+00
-5.115750368282949267e+00
-5.131928936346444203e+00
-5.145297326231842661e+00
-5.137150881370903477e+00
-5.121592769663727118e+00
-5.125840644700590865e+00
-5.151511068397888415e+00
-5.159619250758969322e+00
-5.126401206837674529e+00
-5.394021329967310763e+00
-5.429192695792179002e+00
-5.474106266702727375e+00
-5.510826874001794273e+00
-5.050582836614753823e+00
-5.409713742332060704e+00
-5.431127414682916488e+00
-5.365196160186586738e+00
-5.325192959674912352e+00
-5.385895035782247042e+00
-5.156816991765754032e+00
-5.424873085588441946e+00
-5.444163370059016849e+00
-5.412867516092948250e+00
-5.115259498708453201e+00
-5.501097080106008619e+00
-5.548777826131674473e+00
-5.721892855864524563e+00
-5.421834045187553741e+00
-5.519989067907749458e+00
-5.697141795913889695e+00
-5.520818145389035259e+00
-5.545044285757684932e+00
-5.476457339179614081e+00
-5.529624059391930579e+00
-5.564981627384701923e+00
-5.712560157145007977e+00
-5.480746808116447433e+00
-5.470038754853896457e+00
-5.537467900410253385e+00
-5.588281696743094606e+00
-5.445022880497850437e+00
-5.481270056448419581e+00
-5.498572210686864636e+00
-5.543036706796995894e+00
-5.581691710362379766e+00
-5.662032136557463069e+00
-5.652040919585196832e+00
-5.746509775540367571e+00
-5.744502944430665892e+00
-5.647527829155387202e+00
-5.642201261375549670e+00
-5.630042996239299491e+00
-5.629270983147863561e+00
-5.642637900922298222e+00
-5.668678662112526467e+00
-5.623498160193170392e+00
-5.669571927077507567e+00
-5.627448284573353554e+00
-5.680302324317906937e+00
-5.619902557073364946e+00
-5.650338256410948112e+00
-5.749394947890833052e+00
-5.641031226410125221e+00
-5.628453110528729653e+00
-5.637827911069488884e+00
-5.652356573720430433e+00
-5.635919096355954672e+00
-5.631443909004743453e+00
-5.631799026055073654e+00
-5.623961349322130765e+00
-5.632539729780821069e+00
-5.654525122622780842e+00
-5.640746479396896440e+00
-5.657000898530905708e+00
-5.646965298026372260e+00
-5.728260599615684789e+00
-5.714926417092912381e+00
-5.733239690112630349e+00
-5.655923081423728682e+00
-5.705285949425003444e+00
-5.700913096127971258e+00
-5.714027606309904250e+00
-5.703225651736554269e+00
-5.685680306314679022e+00
-5.509537225044909725e+00
-5.577432493583117434e+00
-5.532976580033629688e+00
-5.561828635648488728e+00
-5.509024775387342920e+00
-5.541586843779396254e+00
-5.511504487860164225e+00
-5.567169223759007579e+00
-5.630942305175049789e+00
-5.516521977330075543e+00
-5.470022674044564326e+00
-5.509163041452993070e+00
-5.527418466231798000e+00
-5.498655765187576705e+00
-5.476334924275624516e+00
-5.536673059868348012e+00
-5.482432820931445683e+00
-5.540866799232797568e+00
-5.529825082334527409e+00
-5.594702901783719540e+00
-5.546808491079903369e+00
-5.542024115777825166e+00
-5.514966848324779569e+00
-5.535218840355614844e+00
-4.738760042902058878e+00
-4.659746373091391725e+00
-4.611396278857388786e+00
-4.825962582372651077e+00
-4.786634070442019606e+00
-4.738877744834006478e+00
-5.064867136598440567e+00
-5.070867518650639560e+00
-5.038443356435916343e+00
-5.096046938749045907e+00
-4.723171565376507175e+00
-4.724031224735889545e+00
-4.646187326501521220e+00
-4.692365250729259252e+00
-4.778429288051147417e+00
-4.657754097761691803e+00
-4.649588440129130973e+00
-4.634528551562075549e+00
-4.624621990021875462e+00
-4.729262705184179794e+00
-4.634667045298325405e+00
-4.618652228822855754e+00
-4.609462126805818905e+00
-4.720476524673819618e+00
-4.711970640407233013e+00
-4.743158780814262343e+00
-5.495171572062034215e+00
-5.445526737395911532e+00
-5.384805755926143966e+00
-5.510794713059272709e+00
-5.665643651766464117e+00
-5.715769640805244300e+00
-5.596852352609294812e+00
-5.146266266192990990e+00
-5.212620736945469346e+00
-5.233967722020706148e+00
-5.755798061158945877e+00
-5.770337142169032596e+00
-5.776970566592155798e+00
-5.732714852786445547e+00
-5.765330692206400265e+00
-5.540664880725613806e+00
-5.515680097579378049e+00
-5.545113632391028169e+00
-5.523346986241619128e+00
-5.540533952295603193e+00
-5.661955890528174606e+00
-5.728981195316783293e+00
-5.290936771522596338e+00
-5.229572844355048211e+00
-5.277636384928015900e+00
-5.302404315383578037e+00
-5.329470567060592856e+00
-5.514259326115253934e+00
-5.292681818772641655e+00
-5.336550165088457476e+00
-5.347146539761556738e+00
-5.339930372549219761e+00
-5.334435211764398055e+00
-5.304442956294803224e+00
-5.315792423614439599e+00
-5.303300946343227018e+00
-5.310844266776978628e+00
-4.719386459243782639e+00
-4.737507577724134222e+00
-4.714051961115582223e+00
-4.726369614858676904e+00
-4.736606665850289666e+00
-4.725679928187807910e+00
-4.709945018413987050e+00
-4.729796369408120427e+00
-4.738081169836873663e+00
-4.723221860308719044e+00
-4.736981934612201961e+00
-4.698081209685311066e+00
-4.699415650374399789e+00
-4.714501388077973587e+00
-4.695851637384866883e+00
-4.709325618893843490e+00
-4.691594676077762927e+00
-4.683795829553222489e+00
-4.695924003347702325e+00
-5.197973415370767292e+00
-5.129635490467986614e+00
-5.146759166775341399e+00
-5.130732209000624877e+00
-5.166467164862186934e+00
-5.170418895018034533e+00
-5.192711614413726195e+00
-5.164739474965182708e+00
-5.166050270068343053e+00
-5.383912037627614389e+00
-5.337953691684441004e+00
-5.322875673986471767e+00
-5.324811987988492312e+00
-5.282102997511265663e+00
-5.397123056516687001e+00
-5.382862098699035869e+00
-5.321106717300213340e+00
-5.293385937533005681e+00
-5.105087263612218429e+00
-5.260763780395548928e+00
-5.233132741912302599e+00
-5.342218913340577302e+00
-5.303602958432021452e+00
-4.882224799664652615e+00
-4.855662462700323090e+00
-4.859837215079228834e+00
-4.872028635321578705e+00
-4.875761770774159842e+00
-4.775641151000433737e+00
-4.715230988013992430e+00
-4.726902613833702915e+00
-4.880724060114588703e+00
-4.874911019847743887e+00
-4.953359465493608838e+00
-5.266063526892496682e+00
-4.918922138936419941e+00
-5.271422735951339256e+00
-5.278483053704158934e+00
-5.202743777229190236e+00
-5.155564236930785249e+00
-4.908243767682484382e+00
-5.203182507894222653e+00
-4.958352073421264272e+00
-5.339854772886758028e+00
-4.948486269197283960e+00
-4.897901627050094575e+00
-5.313115041110505032e+00
-4.939639040917860768e+00
-4.933290965626141222e+00
-4.960646112070239866e+00
-5.248746953595657239e+00
-5.237129885139023777e+00
-5.246533998767095142e+00
-5.224813195704287594e+00
-5.138448546167388997e+00
-5.247232317560248660e+00
-5.247056805818466785e+00
-5.230925815363389297e+00
-5.236732764099368609e+00
-5.110808420360894999e+00
-5.066787050092329991e+00
-5.136333048133030488e+00
-5.135796340212536393e+00
-5.154192679110736641e+00
-5.119085027199751892e+00
-5.256065940531676084e+00
-5.230933249216875858e+00
-5.106272270727617801e+00
-5.138411678000793792e+00
-5.108103476987391645e+00
-5.548722424294213695e+00
-5.547539719534758440e+00
-5.570214610322372195e+00
-5.557483130718598119e+00
-5.568499478693308191e+00
-5.550879506270887553e+00
-5.527970006128035685e+00
-5.557964929985641511e+00
-4.736809814172612931e+00
-4.746920753701762585e+00
-5.088271817515666484e+00
-4.706303291229490426e+00
-4.716594071636789565e+00
-4.773271791120478724e+00
-4.685577475452400442e+00
-4.731633243678309064e+00
-5.671321681450381291e+00
-5.639933920922675092e+00
-5.508113755476100160e+00
-5.557095155331404079e+00
-5.538089829249038587e+00
-5.506575992650883045e+00
-5.537357753338906008e+00
-5.616003949884367685e+00
-5.686310703448478776e+00
-5.667889442435392056e+00
-5.668922472922898415e+00
-5.632549987983527906e+00
-5.649154577894687002e+00
-5.633294709011477330e+00
-5.636866220926584958e+00
-4.763450364786867119e+00
-4.760255037890318341e+00
-4.729836401521642308e+00
-4.738638535288626663e+00
-4.742976659754045698e+00
-4.728655821646425395e+00
-4.733920787978228795e+00
-4.743076732642400373e+00
-4.788560257938540232e+00
-4.791359944472902477e+00
-4.809391115635400560e+00
-4.785653210930122192e+00
-4.790743822607216096e+00
-4.734129637617101594e+00
-4.744682176454825040e+00
-4.819479294062650077e+00
-4.706258957119417552e+00
-4.828091839179947442e+00
-4.849996510785208770e+00
-4.814203900696939264e+00
-4.812027185405735707e+00
-4.751712841254190245e+00
-4.785527548279266519e+00
-4.807587044355932981e+00
-4.792913951175347798e+00
-4.773973259821077342e+00
-4.800989931038255776e+00
-4.828614571502387598e+00
-4.820444815941721473e+00
-4.805326423197390007e+00
-4.819778640192392771e+00
-4.832259939281948746e+00
-4.801237766565614962e+00
-4.813027167127668093e+00
-4.832127667149058503e+00
-4.827488076775761527e+00
-4.852477818410733335e+00
-5.114401817298139363e+00
-5.118385612225226033e+00
-5.112656712560576189e+00
-5.106671839587883177e+00
-5.111431145480115568e+00
-5.119378312104686302e+00
-5.289796572505059302e+00
-5.285760810937979670e+00
-5.282599751208735483e+00
-5.280913091372141821e+00
-5.285666569881016130e+00
-5.286468019801204399e+00
-5.281938630072330554e+00
-5.285150531138619989e+00
-5.279939379059767290e+00
-5.281953369741267501e+00
