-5.438450260119870983e+00
-5.393297526837508293e+00
-5.324383414379631141e+00
-5.135850528150164074e+00
-5.466005551561326392e+00
-5.467480943704383201e+00
-5.506981605309905881e+00
-5.485317133656598898e+00
-5.501715128713447811e+00
-5.513030820103502094e+00
-5.510131121405846599e+00
-5.472858711919061037e+00
-5.116748404638645553e+00
-5.135778381142082516e+00
-5.120956152513885584e+00
-5.133337076975902136e+00
-5.148167795015189618e+00
-5.143175755789409997e+00
-5.130850418425821680e+00
-5.132885838723272087e+00
-5.157296818653459347e+00
-5.164264034686095073e+00
-5.134996331148578896e+00
-5.399182237525014472e+00
-5.433653321820738569e+00
-5.478559635655082971e+00
-5.515448187765057853e+00
-5.062849968094805142e+00
-5.412412825444873121e+00
-5.434323027102664128e+00
-5.366563012555416456e+00
-5.331122775308130279e+00
-5.391068698454371422e+00
-5.159320854531926237e+00
-5.430882921100605110e+00
-5.448644384128743745e+00
-5.417440053582515347e+00
-5.125884693252803714e+00
-5.505745137730705174e+00
-5.552609459422255256e+00
-5.724791671467004406e+00
-5.424321373183580874e+00
-5.525866266467926557e+00
-5.700259097045981882e+00
-5.525174674488499527e+00
-5.548773171121091252e+00
-5.481737755466335571e+00
-5.535825806531746274e+00
-5.570416003025878915e+00
-5.715503270771510103e+00
-5.484910475628822724e+00
-5.474638524494995551e+00
-5.541877195910153375e+00
-5.591839749944247373e+00
-5.449292426912194287e+00
-5.482358751568045641e+00
-5.500629158776293437e+00
-5.546634375467806244e+00
-5.585444813353047877e+00
-5.665116724116908031e+00
-5.656507643090388449e+00
-5.747827854140671988e+00
-5.745631461092331804e+00
-5.651076642762878244e+00
-5.645522841303839634e+00
-5.636993475637507522e+00
-5.636051134611407498e+00
-5.646167205748762186e+00
-5.672207903582434874e+00
-5.629188077567373050e+00
-5.675607526755584331e+00
-5.631370749648500151e+00
-5.685333383437115806e+00
-5.624331122575086717e+00
-5.653290557466752908e+00
-5.751107378060829056e+00
-5.644454261079560276e+00
-5.632765238613696823e+00
-5.641772691236183412e+00
-5.656038245689861022e+00
-5.639785628381074112e+00
-5.633920898726514359e+00
-5.636029129957027983e+00
-5.626880398589905852e+00
-5.636340576843936745e+00
-5.658426119414885491e+00
-5.644304565402114449e+00
-5.664715854362514236e+00
-5.652580367601339972e+00
-5.733229248284842150e+00
-5.719464588973491637e+00
-5.738540170199831536e+00
-5.660401067978618528e+00
-5.709191815927420421e+00
-5.705343681586063198e+00
-5.718075260820960182e+00
-5.707541282282623030e+00
-5.690433288957557068e+00
-5.515036104097098324e+00
-5.582533610823791292e+00
-5.537159276952117182e+00
-5.567337379509374351e+00
-5.511593360025679011e+00
-5.545489906027036398e+00
-5.513705063289592090e+00
-5.571508743634383087e+00
-5.632769173371353411e+00
-5.524970306959551714e+00
-5.479188866999403551e+00
-5.519798157792989990e+00
-5.537296420480005921e+00
-5.503000164320959620e+00
-5.483675624056736808e+00
-5.542130626601452725e+00
-5.488564755136533968e+00
-5.545002873927368903e+00
-5.533015889786407016e+00
-5.597985660282949638e+00
-5.552234258896469044e+00
-5.545590745005691602e+00
-5.522066436445326687e+00
-5.541263936233944420e+00
-4.739429180548942355e+00
-4.669208340539696245e+00
-4.616556525447041537e+00
-4.820814001897228529e+00
-4.784685746177518517e+00
-4.744053629628730562e+00
-5.062306149279253376e+00
-5.071369867651050356e+00
-5.038398084700032697e+00
-5.096006471887423395e+00
-4.685339194760031134e+00
-4.675903476949720528e+00
-4.610890443283092388e+00
-4.691426159639971338e+00
-4.773492888217476526e+00
-4.658849974298512997e+00
-4.643978792985614668e+00
-4.630892097512083083e+00
-4.626061040642159838e+00
-4.734400333093471858e+00
-4.633237440383630279e+00
-4.622871823392189938e+00
-4.603469599940344992e+00
-4.720630579537536065e+00
-4.713797997086215830e+00
-4.735505484906836315e+00
-5.501252660603863198e+00
-5.451754387139455815e+00
-5.389520880163328087e+00
-5.514667237119795118e+00
-5.669696746457159264e+00
-5.719647005494600478e+00
-5.599677257447853940e+00
-5.152265417850828477e+00
-5.218313356922637425e+00
-5.241548744476056676e+00
-5.761237208778184460e+00
-5.775528042266367734e+00
-5.782886075596953113e+00
-5.737930964179448701e+00
-5.769111503745419256e+00
-5.542838209262137994e+00
-5.519953852800924210e+00
-5.548161112785057192e+00
-5.526452404712530964e+00
-5.542907030252091971e+00
-5.665773051486256762e+00
-5.734951862067174666e+00
-5.290512977329772326e+00
-5.239810190055088412e+00
-5.277959752214768763e+00
-5.306857653086664683e+00
-5.337342989001362170e+00
-5.520158303325792382e+00
-5.304978374105387751e+00
-5.349002710890698786e+00
-5.360510467226109910e+00
-5.352622355551653222e+00
-5.346759524453733370e+00
-5.309129359740203391e+00
-5.318982607631185466e+00
-5.308691955205757651e+00
-5.315393014293835705e+00
-4.715226114499590615e+00
-4.737983627195319514e+00
-4.707775327354554840e+00
-4.720861447086747376e+00
-4.734194596190764770e+00
-4.729531391652974648e+00
-4.710621397884719563e+00
-4.727041604235520111e+00
-4.739602631297183066e+00
-4.725104306349578565e+00
-4.734795396102719600e+00
-4.696092404603582793e+00
-4.691548461560242522e+00
-4.714590171612767833e+00
-4.692243229684182282e+00
-4.707340895668341574e+00
-4.691513172865223069e+00
-4.684631845271878703e+00
-4.695684502752147438e+00
-5.202022682599865888e+00
-5.137139286999710563e+00
-5.152702116252915410e+00
-5.139110009872275953e+00
-5.172759146373099526e+00
-5.174671548822900924e+00
-5.201659029047797311e+00
-5.170161623390103323e+00
-5.166562277811427073e+00
-5.387953700992399675e+00
-5.343908452576690671e+00
-5.328800343568552478e+00
-5.330351476353937912e+00
-5.292310117811362069e+00
-5.401335693510688429e+00
-5.388299847426129219e+00
-5.325602596900370855e+00
-5.297442603766829627e+00
-5.106300814484971085e+00
-5.269021590845327729e+00
-5.239538938773358190e+00
-5.347990166122669642e+00
-5.309567158157571853e+00
-4.873561126843363844e+00
-4.841135679836361838e+00
-4.848233752210389547e+00
-4.867550207026734022e+00
-4.869882444989570125e+00
-4.770134842418051413e+00
-4.681936490320775412e+00
-4.712050644314050629e+00
-4.870162133658870296e+00
-4.864984316698610201e+00
-4.955545840345923381e+00
-5.271901713872832573e+00
-4.923161200138847171e+00
-5.277719053241494152e+00
-5.285988934082980428e+00
-5.211186843178355232e+00
-5.166817226133546548e+00
-4.916654114126710162e+00
-5.209906092422777135e+00
-4.964875436128102670e+00
-5.345709996292004718e+00
-4.953594794774372367e+00
-4.904625915723370255e+00
-5.319000379117383659e+00
-4.946728112347172690e+00
-4.938127015737540759e+00
-4.962871865291196727e+00
-5.250839243968325576e+00
-5.241475183383004222e+00
-5.257950175287914085e+00
-5.231309481120543836e+00
-5.142050244873371589e+00
-5.252510161854448079e+00
-5.250446058755903422e+00
-5.234596901075811992e+00
-5.241716061281935346e+00
-5.120699461912108674e+00
-5.074312789751659558e+00
-5.140497916372913423e+00
-5.133905271539730641e+00
-5.160779209598178596e+00
-5.127845960015188886e+00
-5.264619297003588549e+00
-5.234601839029811465e+00
-5.111104737104604112e+00
-5.141359979400916380e+00
-5.116152984082699362e+00
-5.555900568612696766e+00
-5.550395611652270134e+00
-5.574395614606898697e+00
-5.561411247490053888e+00
-5.571315207189287300e+00
-5.562467185612775644e+00
-5.533151241649838958e+00
-5.562590325036673278e+00
-4.739868654450703822e+00
-4.748283993463922492e+00
-5.085624920954693096e+00
-4.711759251240845714e+00
-4.665932158044849842e+00
-4.723776906453287516e+00
-4.612896293043235119e+00
-4.689680353058611750e+00
-5.677290511191350753e+00
-5.646643772132510897e+00
-5.515171028593696789e+00
-5.562035842457698109e+00
-5.540420285599993555e+00
-5.509606207754263352e+00
-5.541984771783396546e+00
-5.622247723058285906e+00
-5.689805032570827592e+00
-5.670544372216363094e+00
-5.671814902771817657e+00
-5.635294383211022051e+00
-5.650886186305970504e+00
-5.636804580545576648e+00
-5.636157018325071100e+00
-4.770524622973086437e+00
-4.759275368457960731e+00
-4.733568018534955790e+00
-4.740684305536337462e+00
-4.740657677219096477e+00
-4.726307773765794806e+00
-4.740891973449272712e+00
-4.746976456761419882e+00
-4.794084268505567792e+00
-4.794259606558963327e+00
-4.804310185552710166e+00
-4.784702400721524640e+00
-4.795147602345421589e+00
-4.734671462244974371e+00
-4.749921484914696457e+00
-4.826559824969854695e+00
-4.713191469638897679e+00
-4.828775147152722269e+00
-4.850466146712631321e+00
-4.818600687940277183e+00
-4.817762810676935459e+00
-4.757358829306135739e+00
-4.788605459998754199e+00
-4.814326383213259675e+00
-4.798672700795914459e+00
-4.779431065103366905e+00
-4.802615814198847310e+00
-4.824289954572385852e+00
-4.826257585843936049e+00
-4.813754367244758470e+00
-4.824296173327504711e+00
-4.831172216013816190e+00
-4.801363595739001511e+00
-4.818314730407243118e+00
-4.833940365050098720e+00
-4.832781042843574681e+00
-4.853881077491180918e+00
-5.113685709576048843e+00
-5.118429090399618353e+00
-5.112527909140465177e+00
-5.105627459293631709e+00
-5.110501506402752803e+00
-5.120193907847744086e+00
-5.311403192800882245e+00
-5.307593910219456923e+00
-5.303773480317349964e+00
-5.302719593964521749e+00
-5.308583203905457459e+00
-5.308573162965263492e+00
-5.303510422930386881e+00
-5.305714934247389714e+00
-5.301303646375242096e+00
-5.303054098646160952e+00
