-5.438323991037056437e+00
-5.392451161136498250e+00
-5.323508598272903569e+00
-5.135713653728563699e+00
-5.465365260851695162e+00
-5.466353925072406916e+00
-5.506361251206637775e+00
-5.484910178713821693e+00
-5.501423495381289719e+00
-5.513516621120173156e+00
-5.509792578440587008e+00
-5.472224719724274600e+00
-5.118360264009632843e+00
-5.134468847783113077e+00
-5.120090981133540886e+00
-5.131527530604375720e+00
-5.146966348640997779e+00
-5.141592570609901713e+00
-5.130364082356362765e+00
-5.132108356398308757e+00
-5.158769931086311544e+00
-5.164825382040413082e+00
-5.138014873407200866e+00
-5.401078149209454615e+00
-5.433006558929599272e+00
-5.479195336960786200e+00
-5.515998207949085241e+00
-5.070249099256506575e+00
-5.414078217757077205e+00
-5.436492957799003101e+00
-5.370291830904843522e+00
-5.334006491091583868e+00
-5.392229820068199508e+00
-5.160324318514117437e+00
-5.431330780816088222e+00
-5.449992997458790178e+00
-5.418056662966738379e+00
-5.123924471572092187e+00
-5.507832182063290283e+00
-5.556657234962703917e+00
-5.725473905956911302e+00
-5.423647640093200550e+00
-5.524812573152163786e+00
-5.700574848704179409e+00
-5.522986190458544442e+00
-5.548260967351007267e+00
-5.478943004823403129e+00
-5.534194842337830877e+00
-5.568725346628561113e+00
-5.716650065973951200e+00
-5.483457246284883624e+00
-5.472929295110607661e+00
-5.539751917298869621e+00
-5.591414098120860210e+00
-5.450118430104154754e+00
-5.482273619661779840e+00
-5.502510232339500540e+00
-5.546959369434397047e+00
-5.585080643520788257e+00
-5.663977559490386504e+00
-5.656494030553804286e+00
-5.748641380219813080e+00
-5.746817355776969727e+00
-5.649705799918157467e+00
-5.643881678919767886e+00
-5.634308438148634579e+00
-5.635539707661360254e+00
-5.645130848657238687e+00
-5.670686486050994013e+00
-5.630631158818783177e+00
-5.673074380264542249e+00
-5.629391173732508413e+00
-5.684504995497319690e+00
-5.621908529649359387e+00
-5.651191379871955078e+00
-5.751643241175845134e+00
-5.643046378454236844e+00
-5.630924513158899636e+00
-5.639829312434476272e+00
-5.654893063945506171e+00
-5.640161283878972753e+00
-5.632249351251373604e+00
-5.635083576686426454e+00
-5.625945189213931386e+00
-5.633797954451197576e+00
-5.658557282598946969e+00
-5.644396782735424445e+00
-5.662459115944294297e+00
-5.652166291862912750e+00
-5.732662929960707920e+00
-5.718740346663847340e+00
-5.737493196545399243e+00
-5.660469787464534441e+00
-5.708644030657494817e+00
-5.704156591330582060e+00
-5.717326765265242194e+00
-5.706968278439204845e+00
-5.689535097252278462e+00
-5.516124501261627344e+00
-5.584580391992699511e+00
-5.538558453933966064e+00
-5.568764582156998877e+00
-5.514826602023266133e+00
-5.549604486206746401e+00
-5.516294540049455186e+00
-5.573051354307675176e+00
-5.636158422579358174e+00
-5.524640766874261644e+00
-5.476781127453098641e+00
-5.517382862064292404e+00
-5.534499694304212625e+00
-5.501143928060952426e+00
-5.483218767215668699e+00
-5.542223911469483788e+00
-5.488929649961680646e+00
-5.546991982186703751e+00
-5.534629362401241259e+00
-5.601103846506090278e+00
-5.553576952193552074e+00
-5.548623325191472944e+00
-5.521374074007522559e+00
-5.541407142534297670e+00
-4.737676481931731409e+00
-4.666523274888701778e+00
-4.614878501925259613e+00
-4.823297760373828957e+00
-4.787728416871953385e+00
-4.748392829259603154e+00
-5.058796467581343492e+00
-5.070723187328483483e+00
-5.037349964731340890e+00
-5.098972002589729158e+00
-4.695522712025745449e+00
-4.681680674781623530e+00
-4.616121945940597548e+00
-4.698737675632688848e+00
-4.778706467632129140e+00
-4.661361430157938024e+00
-4.646021074172315579e+00
-4.628894509732408125e+00
-4.626096622792577939e+00
-4.741884915556584090e+00
-4.637940418276995658e+00
-4.626227600172840404e+00
-4.612000053547113509e+00
-4.724471168399985821e+00
-4.714404805832404399e+00
-4.740652981105512254e+00
-5.502827169782634975e+00
-5.454250903014893126e+00
-5.389599761989411597e+00
-5.517850313878191137e+00
-5.668804230856872906e+00
-5.719995159744001967e+00
-5.599191974072954103e+00
-5.149855030132070688e+00
-5.220572982446803678e+00
-5.242008021815576235e+00
-5.760188288826732617e+00
-5.774295542884278376e+00
-5.781268866657734762e+00
-5.737878300940238319e+00
-5.769006009182537476e+00
-5.545313231163764733e+00
-5.521711418454846587e+00
-5.550765685619651002e+00
-5.530156024728295705e+00
-5.546168537827548484e+00
-5.665560388979523410e+00
-5.732962718023231652e+00
-5.297223090810448731e+00
-5.239381371993570014e+00
-5.279386112013415122e+00
-5.307133751104145425e+00
-5.337869560951490122e+00
-5.521000215314150417e+00
-5.306779746406537157e+00
-5.350015957998852656e+00
-5.359846699028553374e+00
-5.352040121366660408e+00
-5.347120784808698346e+00
-5.313826701862272905e+00
-5.328059044449322101e+00
-5.312271291432147713e+00
-5.322525258788226132e+00
-4.724392606609853829e+00
-4.739121593556227197e+00
-4.715510230552222737e+00
-4.726300493971493211e+00
-4.737035037678002602e+00
-4.730962835050692483e+00
-4.715892148450670618e+00
-4.732151245583592569e+00
-4.740208156959501373e+00
-4.726152008932503534e+00
-4.737605354061892982e+00
-4.701733756982651613e+00
-4.697259400203901869e+00
-4.716870300158020335e+00
-4.694574015533101274e+00
-4.709440169157550926e+00
-4.691753289628805668e+00
-4.688858987393158984e+00
-4.697177717763997506e+00
-5.201959143448751099e+00
-5.132509774855693152e+00
-5.144692438248435806e+00
-5.131481586785332283e+00
-5.162670099734899765e+00
-5.174197061916889773e+00
-5.190851466513366930e+00
-5.157388983937132743e+00
-5.166519377197771767e+00
-5.391259862969447703e+00
-5.345741220012350858e+00
-5.332662828594479265e+00
-5.333458610803555544e+00
-5.293184103089575210e+00
-5.405950185870286084e+00
-5.391868708090784779e+00
-5.327252370443281038e+00
-5.293741776320494807e+00
-5.101933746684867543e+00
-5.266892150004307993e+00
-5.237052975960787116e+00
-5.347584431513121572e+00
-5.306556111974139789e+00
-4.881594618833598354e+00
-4.856860998438725652e+00
-4.856856907681089908e+00
-4.868227700893974941e+00
-4.871577516027712385e+00
-4.775165988441134601e+00
-4.711587938321001090e+00
-4.731227749867409571e+00
-4.879339847448549428e+00
-4.874810906565396174e+00
-4.956222451193637468e+00
-5.268672501579006351e+00
-4.921548158704539766e+00
-5.274491854555684256e+00
-5.282629945538628746e+00
-5.206230103891330785e+00
-5.158546490546303431e+00
-4.907060950449266379e+00
-5.209338287764698094e+00
-4.966649872626292428e+00
-5.348923683883120006e+00
-4.952008699961570670e+00
-4.903318876071909749e+00
-5.319782518640175262e+00
-4.947274914789969280e+00
-4.938643446214559418e+00
-4.965727899819812663e+00
-5.255588323899060832e+00
-5.245661563452348020e+00
-5.257190884515249074e+00
-5.230189041099399638e+00
-5.141022660837297309e+00
-5.251719628337207624e+00
-5.252590255138770203e+00
-5.235544941643534678e+00
-5.242873017022661841e+00
-5.122160058688742801e+00
-5.082522404975089003e+00
-5.139948164252222895e+00
-5.137601318293548047e+00
-5.162699903275620450e+00
-5.125971678817171195e+00
-5.261392718464060536e+00
-5.238209936298369840e+00
-5.111025557695040078e+00
-5.144475689878183822e+00
-5.118292954418667939e+00
-5.563703936999832678e+00
-5.563923995123604804e+00
-5.576545094760001930e+00
-5.566167268453627415e+00
-5.582572631579222566e+00
-5.565758734167696176e+00
-5.548342002580690213e+00
-5.568286453900565647e+00
-4.744242017623183649e+00
-4.747553890557803413e+00
-5.082722195973500945e+00
-4.721233674563263705e+00
-4.687979730919464849e+00
-4.720033030180414535e+00
-4.650779641131995490e+00
-4.692654556223576634e+00
-5.683369617177121746e+00
-5.649340642110797006e+00
-5.514693402754000218e+00
-5.564469903588487476e+00
-5.538932887289507612e+00
-5.515014280036626637e+00
-5.544718090706751923e+00
-5.625909493117197790e+00
-5.689429994702501325e+00
-5.670631903667849194e+00
-5.671646359611472121e+00
-5.633131334512079924e+00
-5.648752230580252665e+00
-5.634819209606408030e+00
-5.638928996357313039e+00
-4.766375425160906509e+00
-4.766231824640639658e+00
-4.737914812059344172e+00
-4.738916962068433492e+00
-4.744148285908009299e+00
-4.724868354666946324e+00
-4.741051764326480011e+00
-4.745723387906543245e+00
-4.790695339798882735e+00
-4.793216070709899412e+00
-4.808433844263728218e+00
-4.781860836003348325e+00
-4.790477142967229263e+00
-4.736788008033030017e+00
-4.749109191571474042e+00
-4.828838790894487865e+00
-4.708575137800178112e+00
-4.824816065551796207e+00
-4.844843341734716091e+00
-4.817909320748533730e+00
-4.818359468758683484e+00
-4.759983257447625959e+00
-4.795886635646019691e+00
-4.810445827508938343e+00
-4.792615037205901984e+00
-4.777654194385961617e+00
-4.802669191650799085e+00
-4.825528099154199779e+00
-4.826343804595333076e+00
-4.813476568055234495e+00
-4.828214544857668322e+00
-4.834329687745802850e+00
-4.803508002228902285e+00
-4.817414098575887316e+00
-4.831122210695055763e+00
-4.833004453776965192e+00
-4.860179100267661312e+00
-5.073318935038362731e+00
-5.081433084443871095e+00
-5.071007679780633381e+00
-5.061406623865542187e+00
-5.070177451709358962e+00
-5.088967770996998041e+00
-5.300050969222676933e+00
-5.297466753687633201e+00
-5.293612018281072196e+00
-5.290033364435625884e+00
-5.296569699379142904e+00
-5.296361914071376908e+00
-5.292583436411868014e+00
-5.294078911537273946e+00
-5.289996729240580287e+00
-5.290313024795413099e+00
