-5.437828790229528586e+00
-5.392196530316605951e+00
-5.323541192590844240e+00
-5.136821625181751116e+00
-5.466015096478956004e+00
-5.466781972906437304e+00
-5.505886777006585575e+00
-5.485000492314360265e+00
-5.501789145477807175e+00
-5.512732787069649198e+00
-5.510426848024884805e+00
-5.472712585039036348e+00
-5.117540451102022381e+00
-5.136805378736917227e+00
-5.118860118888818533e+00
-5.126758089078776059e+00
-5.148382354340478528e+00
-5.141978379047373870e+00
-5.130841976315190678e+00
-5.129802526920635763e+00
-5.157058091431327540e+00
-5.163488882334210217e+00
-5.136726375610036754e+00
-5.403636643180207422e+00
-5.433998654889747648e+00
-5.480680822055614243e+00
-5.517363454794582900e+00
-5.068469977352499711e+00
-5.413823057283077667e+00
-5.434413899574608742e+00
-5.372722002109897588e+00
-5.333897050929807371e+00
-5.392418025094455558e+00
-5.156101039492966720e+00
-5.432125635357304638e+00
-5.450203871915621612e+00
-5.417607722842396001e+00
-5.119573039417455007e+00
-5.508311072850268886e+00
-5.554286276943287248e+00
-5.725870416200905311e+00
-5.423819649035744206e+00
-5.523249430470820620e+00
-5.700878292097786293e+00
-5.523005760407341924e+00
-5.549114160662310447e+00
-5.480479668447945762e+00
-5.533901455846842232e+00
-5.568182686519657310e+00
-5.716875271170528627e+00
-5.483354051176276833e+00
-5.473344446998908985e+00
-5.541132502496152412e+00
-5.591231993176121406e+00
-5.449843951831461197e+00
-5.482022969670064860e+00
-5.500172309572309182e+00
-5.545795742369788783e+00
-5.585372620452592862e+00
-5.665568036757055559e+00
-5.658415076533020560e+00
-5.749394393853047625e+00
-5.747865239855816100e+00
-5.650524970943673786e+00
-5.646913478715447354e+00
-5.637194508535613657e+00
-5.638008279782219745e+00
-5.646983132436724340e+00
-5.673112801183860299e+00
-5.631510353376604883e+00
-5.673882951375305517e+00
-5.631752562600017775e+00
-5.685977012762197802e+00
-5.623750732045702527e+00
-5.654842415584613313e+00
-5.751730912953100905e+00
-5.644043902182908745e+00
-5.631897229814703643e+00
-5.640829265500657108e+00
-5.656137112681688173e+00
-5.642485890441678364e+00
-5.635259125355152499e+00
-5.636652886000178775e+00
-5.627992721771212459e+00
-5.636384312492264570e+00
-5.660927323926381760e+00
-5.645814642862654331e+00
-5.663724583933821499e+00
-5.653550349622547877e+00
-5.731735820702267503e+00
-5.718815023502954453e+00
-5.737619572245217014e+00
-5.657673996507274872e+00
-5.709291588740492251e+00
-5.704112689035460093e+00
-5.718275923456523024e+00
-5.707521367004187773e+00
-5.689507360518346601e+00
-5.514583486200738349e+00
-5.580721894049881726e+00
-5.536605670462037665e+00
-5.565246789403530236e+00
-5.512702025356033708e+00
-5.546171052632466569e+00
-5.514030533745568619e+00
-5.569460674732511052e+00
-5.634480422718989523e+00
-5.520043956907230154e+00
-5.475585154255060871e+00
-5.515993417308589386e+00
-5.531190127500302367e+00
-5.500990674444296680e+00
-5.478356539224405353e+00
-5.538110418769820242e+00
-5.487137828927385996e+00
-5.544090123765761824e+00
-5.532295502437368562e+00
-5.597929197854386807e+00
-5.550596542677797451e+00
-5.547045968705121233e+00
-5.516530811783863619e+00
-5.538875161596170216e+00
-4.738137556010944884e+00
-4.665599075844234278e+00
-4.610931187930669140e+00
-4.819108810551637312e+00
-4.784141974471800118e+00
-4.741113024901671302e+00
-5.061985480212903177e+00
-5.071589289265026501e+00
-5.040308638046107959e+00
-5.098533125639266750e+00
-4.658489931611402568e+00
-4.649168110125170728e+00
-4.606413745934481163e+00
-4.694537706285177414e+00
-4.766748922380382503e+00
-4.655129433068037059e+00
-4.637570482026767138e+00
-4.619921785706712747e+00
-4.619436780671849263e+00
-4.735939822535804922e+00
-4.630029084570155717e+00
-4.616497677187028970e+00
-4.601576785849143647e+00
-4.717050569091415291e+00
-4.711790638611933701e+00
-4.744638780662636890e+00
-5.501119510399142598e+00
-5.452406913098450048e+00
-5.389301779000629011e+00
-5.514976115277383961e+00
-5.669402502957943568e+00
-5.720442478215327142e+00
-5.599616406870356222e+00
-5.146500734112668951e+00
-5.218721722836889398e+00
-5.239962841367995061e+00
-5.760466686237769807e+00
-5.775357750360743836e+00
-5.782137186259295625e+00
-5.736245292945707952e+00
-5.770312537475269288e+00
-5.544256928366518622e+00
-5.520093036681903875e+00
-5.548100181256201857e+00
-5.527578673001638521e+00
-5.544924464259429975e+00
-5.666488584093970715e+00
-5.735289128239137391e+00
-5.293265057291885789e+00
-5.238507624251003136e+00
-5.281363983506375703e+00
-5.306736334936161370e+00
-5.333164211302835689e+00
-5.517396665868787409e+00
-5.308369249840105830e+00
-5.348247946999940439e+00
-5.358470264536737915e+00
-5.350735991514595113e+00
-5.345637715519100830e+00
-5.311719721291344953e+00
-5.325356892234109019e+00
-5.311027575287750935e+00
-5.320329905499701972e+00
-4.716916844481204407e+00
-4.734006722085412733e+00
-4.713172650073764736e+00
-4.720225383502810068e+00
-4.728290663299345553e+00
-4.726452280839675169e+00
-4.710727669006527840e+00
-4.724713960315707340e+00
-4.736571525714965425e+00
-4.725716078466678738e+00
-4.735248547550731324e+00
-4.697292939296451308e+00
-4.684381691379117640e+00
-4.708833249251762609e+00
-4.684566988259668996e+00
-4.698833885250447651e+00
-4.684239357048840091e+00
-4.679964494908056771e+00
-4.687102606136108740e+00
-5.201896404482098113e+00
-5.131135896105756267e+00
-5.147030513712882893e+00
-5.132724102506928787e+00
-5.163370741368117578e+00
-5.175577248425977217e+00
-5.195374384242644084e+00
-5.156480624878447827e+00
-5.167521923609424306e+00
-5.390421348421941872e+00
-5.346338699681148832e+00
-5.331846609065353348e+00
-5.333775136720277921e+00
-5.288860931116595943e+00
-5.403321927569582961e+00
-5.390068967215939644e+00
-5.327553059390997880e+00
-5.295353306118810721e+00
-5.102182707544772988e+00
-5.268176945189934735e+00
-5.238335155299601809e+00
-5.347004665473157559e+00
-5.307234037099391344e+00
-4.878662179398708609e+00
-4.851969059611469959e+00
-4.854524411283138718e+00
-4.864695526232122091e+00
-4.867959894863880699e+00
-4.770480523974189424e+00
-4.709965453937001278e+00
-4.720135364849745052e+00
-4.877334583168269511e+00
-4.870789383663633565e+00
-4.955448797535667360e+00
-5.270150520078519030e+00
-4.921287666254233528e+00
-5.275789552970555185e+00
-5.282261388440244509e+00
-5.204498143561560930e+00
-5.161223079098536282e+00
-4.910101162911984396e+00
-5.208195860642349295e+00
-4.963255102163441457e+00
-5.347231721025201168e+00
-4.947473441341435851e+00
-4.896079018577148112e+00
-5.319842292662638528e+00
-4.941433084012571086e+00
-4.930988369733382726e+00
-4.957535505471957649e+00
-5.257203625773531286e+00
-5.242177931629750098e+00
-5.251973437930876898e+00
-5.230671688811705522e+00
-5.138992382904599587e+00
-5.250115935877539108e+00
-5.247310209800016167e+00
-5.230725883484058869e+00
-5.246533936853054136e+00
-5.121959328065177175e+00
-5.076719379077727190e+00
-5.138767962760935504e+00
-5.137549198307581833e+00
-5.162616918401089272e+00
-5.128016703831027812e+00
-5.265313424892905658e+00
-5.242523625561146261e+00
-5.109473572888153292e+00
-5.141639285440923857e+00
-5.117580440767881989e+00
-5.560686590085094139e+00
-5.560919370395061456e+00
-5.572703512241738544e+00
-5.564548233665224330e+00
-5.577753652744916302e+00
-5.566493207615161865e+00
-5.547974066104993440e+00
-5.563502276840268657e+00
-4.732368288977379045e+00
-4.740940544404015355e+00
-5.081943788386731775e+00
-4.713159978320874188e+00
-4.669181284022800860e+00
-4.687996336878310188e+00
-4.681968965977694630e+00
-4.671151095853550927e+00
-5.680738871080429853e+00
-5.644705138952790691e+00
-5.513913829110985709e+00
-5.562667515869640589e+00
-5.538903837352338044e+00
-5.509231295529265715e+00
-5.538943384989648777e+00
-5.625092101446888648e+00
-5.690278199722032859e+00
-5.672316304149473964e+00
-5.673497327009892288e+00
-5.635621668526201056e+00
-5.650945453463507739e+00
-5.637058071924614389e+00
-5.635474361428330248e+00
-4.766165075955433039e+00
-4.759375833572554448e+00
-4.731370159286161226e+00
-4.736219832680849784e+00
-4.736545954688783588e+00
-4.721939518702319205e+00
-4.735277605647159938e+00
-4.741116716611132098e+00
-4.790907610713506237e+00
-4.794747592216694443e+00
-4.803348092544807102e+00
-4.779805325251006209e+00
-4.792707310140748689e+00
-4.726242867774152145e+00
-4.742919604632007236e+00
-4.823017370051566388e+00
-4.699175470092334272e+00
-4.819536165647956949e+00
-4.842188855366653222e+00
-4.816648879638140812e+00
-4.819414732811908131e+00
-4.753822272119887060e+00
-4.788388182090009160e+00
-4.805390704333606600e+00
-4.792375863918488577e+00
-4.775278656179822612e+00
-4.797596251426510250e+00
-4.820653766457923872e+00
-4.821354494878372421e+00
-4.806962683533896552e+00
-4.822289408201495320e+00
-4.830915426311610972e+00
-4.797384628693736275e+00
-4.811121346559633416e+00
-4.827364465680300754e+00
-4.828370896769255793e+00
-4.859128844859430529e+00
-5.090270982646746489e+00
-5.094857900378373827e+00
-5.089349371422607682e+00
-5.082431362116767382e+00
-5.088147016920536281e+00
-5.095851193270354074e+00
-5.304848391918699946e+00
-5.301296452591643060e+00
-5.294808516581340996e+00
-5.294650909539088346e+00
-5.300433803789496245e+00
-5.300778763354937695e+00
-5.295642115124376659e+00
-5.298331846605992546e+00
-5.293994846097111129e+00
-5.295511520307093711e+00
