-5.436777595407709995e+00
-5.391051997404590956e+00
-5.320227546876226121e+00
-5.130902277490877239e+00
-5.462913589546674054e+00
-5.465544492640429297e+00
-5.505598035485742336e+00
-5.484554678185837417e+00
-5.500723800649320872e+00
-5.512809319098231242e+00
-5.509430112661721779e+00
-5.471558031057727867e+00
-5.110033231224004879e+00
-5.133180526050996839e+00
-5.116165283014960430e+00
-5.127755026697392360e+00
-5.143172862592837902e+00
-5.137272399670238521e+00
-5.121955843712997059e+00
-5.126493013220808415e+00
-5.154167178938897642e+00
-5.158985032217558775e+00
-5.133003200630493090e+00
-5.398925681491680173e+00
-5.432633073365721543e+00
-5.477582785225658668e+00
-5.515826496927628497e+00
-5.055414593368019460e+00
-5.411880065696665021e+00
-5.434701204643140215e+00
-5.367455579046254144e+00
-5.328033614232902337e+00
-5.389901012599850993e+00
-5.156794945182271661e+00
-5.431250377241148897e+00
-5.447895446173300904e+00
-5.416082338106491534e+00
-5.118300955508537697e+00
-5.506588660124329238e+00
-5.554977481870328582e+00
-5.726323075273510810e+00
-5.423959562289031311e+00
-5.523516036419591657e+00
-5.700638173629198668e+00
-5.523682724132749300e+00
-5.548937125683173655e+00
-5.480136058227460083e+00
-5.534193098633305219e+00
-5.568608453342474895e+00
-5.717471834522100949e+00
-5.484366801453309570e+00
-5.473617882847426230e+00
-5.540327864818911152e+00
-5.591780576399273173e+00
-5.447007146187121229e+00
-5.483338988720618090e+00
-5.499974103614968968e+00
-5.547137440243158579e+00
-5.584441611433947905e+00
-5.663661386615932436e+00
-5.653427053550895920e+00
-5.747819265011373524e+00
-5.745842790498167929e+00
-5.648680008606059566e+00
-5.643284083259859862e+00
-5.634619782021363044e+00
-5.631599821451230170e+00
-5.644145783844471076e+00
-5.669761067420208356e+00
-5.625366617056354102e+00
-5.671753928973145342e+00
-5.627999080558736544e+00
-5.682921417743573400e+00
-5.621519300637070948e+00
-5.650828487359282448e+00
-5.750775701659175176e+00
-5.643044658900561394e+00
-5.629774674162564274e+00
-5.638589797312770102e+00
-5.654313977964131155e+00
-5.638555974436999740e+00
-5.632133564685653404e+00
-5.631785396316396408e+00
-5.625840815780519755e+00
-5.632890099814294338e+00
-5.657511897206429552e+00
-5.642611584022025895e+00
-5.660883320780805583e+00
-5.649378500655920732e+00
-5.733097400147556755e+00
-5.718991528646988343e+00
-5.737863064827055659e+00
-5.660283268949863889e+00
-5.708329373912535587e+00
-5.704545917941826083e+00
-5.717337469817860729e+00
-5.706839223282504037e+00
-5.689222445529487082e+00
-5.514099039656563228e+00
-5.583256188725087554e+00
-5.535354492448067987e+00
-5.567087513190766224e+00
-5.511373156744071800e+00
-5.546086898891551265e+00
-5.513434155258234881e+00
-5.572358793655600273e+00
-5.636184155747706370e+00
-5.522076987833322015e+00
-5.474133808074332919e+00
-5.515462959316298708e+00
-5.532922285931562989e+00
-5.501673541652549737e+00
-5.481937368614818951e+00
-5.541059707248503052e+00
-5.485939518657951375e+00
-5.544012112871610221e+00
-5.531057121675293509e+00
-5.598613456469945682e+00
-5.550574337995842100e+00
-5.545724848454052669e+00
-5.519560090911017625e+00
-5.539610065623882917e+00
-4.737107054047417165e+00
-4.662055484879889633e+00
-4.621537722793114256e+00
-4.821792061769851756e+00
-4.785046683428416436e+00
-4.743998155932483307e+00
-5.057661400493293158e+00
-5.067692231159829142e+00
-5.032300719599843042e+00
-5.092984290710598216e+00
-4.733785929708915319e+00
-4.719122948836658615e+00
-4.640859398439046046e+00
-4.693701142477635813e+00
-4.780850915637603116e+00
-4.652918532397889884e+00
-4.646934146689604361e+00
-4.626259076208254051e+00
-4.623793917037458456e+00
-4.736650184860810242e+00
-4.629184123681759466e+00
-4.621418534292986102e+00
-4.607834864328470559e+00
-4.721438297572865039e+00
-4.710311069861714550e+00
-4.742109991261829194e+00
-5.500775825644539374e+00
-5.450744000397475197e+00
-5.388389303657789675e+00
-5.514767399203130083e+00
-5.668156460947824549e+00
-5.719631383829519855e+00
-5.598762774622430882e+00
-5.146593403551579904e+00
-5.214642676730310455e+00
-5.238619123866796734e+00
-5.759988899281123231e+00
-5.774144496200648291e+00
-5.781629870174486818e+00
-5.737628759575156501e+00
-5.768831867529468305e+00
-5.544563266950247815e+00
-5.520087433673425359e+00
-5.549569330543501877e+00
-5.528418115616246631e+00
-5.544530305470814824e+00
-5.665302728147089795e+00
-5.732945655766044091e+00
-5.290553915741056379e+00
-5.234672422151971816e+00
-5.273559862841088020e+00
-5.303691112408772668e+00
-5.332320119864946584e+00
-5.519512475183941724e+00
-5.301080495313131635e+00
-5.344046213885614627e+00
-5.355254234317510686e+00
-5.347646526892906316e+00
-5.341873683128870454e+00
-5.307914255261927394e+00
-5.320693456859422632e+00
-5.305239526532528060e+00
-5.314819617241389516e+00
-4.714858470506092303e+00
-4.732472043765934444e+00
-4.706797683640909113e+00
-4.716916495650507635e+00
-4.731115191456388480e+00
-4.725083442329751193e+00
-4.706600920475670691e+00
-4.722098210710020005e+00
-4.734184077335576113e+00
-4.721759496167156733e+00
-4.731280149819287573e+00
-4.695964458834497535e+00
-4.690127122636824630e+00
-4.709883077921678485e+00
-4.685962919049103448e+00
-4.701564894912761083e+00
-4.685701063343505446e+00
-4.680386095865402218e+00
-4.695713708049702895e+00
-5.196857844730049081e+00
-5.130124245162985375e+00
-5.143728661937079671e+00
-5.126694739282907420e+00
-5.160008165596480012e+00
-5.167938033552630372e+00
-5.192121220990234320e+00
-5.157817437166744234e+00
-5.161565982849149137e+00
-5.387710782395667586e+00
-5.342588707911606782e+00
-5.329622365241778681e+00
-5.329649498660317342e+00
-5.288371346726529865e+00
-5.402095968404040605e+00
-5.387504751015904425e+00
-5.323457662963578585e+00
-5.292659710012332930e+00
-5.097765085837837162e+00
-5.264149176394523622e+00
-5.235590442600434713e+00
-5.344877024565919399e+00
-5.304743519910564586e+00
-4.879714670701318369e+00
-4.854158469626368877e+00
-4.858009954738988334e+00
-4.865878505113172103e+00
-4.868183787834660770e+00
-4.770915275822438240e+00
-4.718445556881203373e+00
-4.722401982644139906e+00
-4.877737392476586109e+00
-4.869374812922914408e+00
-4.949182136567201518e+00
-5.267672547026995389e+00
-4.918206154574547462e+00
-5.274079448382121171e+00
-5.279725809183636542e+00
-5.201450261554588117e+00
-5.154931718691287301e+00
-4.902708404032612322e+00
-5.202391616820249531e+00
-4.962018390206724305e+00
-5.346881150991145581e+00
-4.947024109958984894e+00
-4.897686831799974883e+00
-5.316818922115762902e+00
-4.941785382652315484e+00
-4.934639243224883565e+00
-4.959692376051775042e+00
-5.249384550813517514e+00
-5.238173133519978819e+00
-5.253100081642661401e+00
-5.223837618454367338e+00
-5.135386017045996176e+00
-5.245134956087992073e+00
-5.241879018682682023e+00
-5.227226846700700591e+00
-5.234934873346388073e+00
-5.114594979976448741e+00
-5.079109258807601890e+00
-5.132826381652380476e+00
-5.134335144894906833e+00
-5.156248603417849630e+00
-5.119817552257907245e+00
-5.257700734915888852e+00
-5.231426953269752822e+00
-5.103930319808935856e+00
-5.140050036687579649e+00
-5.114974046517703599e+00
-5.560474286121433352e+00
-5.556843546572242332e+00
-5.574450263427096708e+00
-5.563502968853629049e+00
-5.573517790804631389e+00
-5.563753716759211265e+00
-5.542805214508061518e+00
-5.563591971399201697e+00
-4.738543672861430522e+00
-4.749426717065383663e+00
-5.078108760188457360e+00
-4.715131586464814006e+00
-4.695034738700485377e+00
-4.758105258746927468e+00
-4.571098679429133504e+00
-4.710854976469658340e+00
-5.678897560621270379e+00
-5.645948270413525094e+00
-5.514746677319489976e+00
-5.559750960549327381e+00
-5.538443058301798061e+00
-5.510949260342630218e+00
-5.538928440207014248e+00
-5.625345720263113414e+00
-5.689593319866862231e+00
-5.670145436356806457e+00
-5.671625175554213527e+00
-5.633567492490253237e+00
-5.649282703896460589e+00
-5.635904139787682787e+00
-5.631327671959283521e+00
-4.764897727670460270e+00
-4.761019006484025873e+00
-4.729365400282531162e+00
-4.731420366677114409e+00
-4.734629624442032281e+00
-4.723105862045477110e+00
-4.732842573479342008e+00
-4.747822129270633518e+00
-4.789127534356162563e+00
-4.793246995529492516e+00
-4.808111215151304130e+00
-4.779483650679865470e+00
-4.790928050483516110e+00
-4.728519233759168827e+00
-4.742430545869109615e+00
-4.822484221191228215e+00
-4.699828438784253493e+00
-4.817433833050754899e+00
-4.840231472382097166e+00
-4.814775659300334354e+00
-4.814232712259098435e+00
-4.750647043937596514e+00
-4.785230695306314175e+00
-4.804931915596687197e+00
-4.792019049500388483e+00
-4.775455945343517250e+00
-4.798216368995082526e+00
-4.818056020081669111e+00
-4.820654760013491469e+00
-4.806590905506105571e+00
-4.819769101466248706e+00
-4.828386698015794565e+00
-4.800548496831994250e+00
-4.809714985077151894e+00
-4.825476454741393084e+00
-4.828966966363910984e+00
-4.847896024904906120e+00
-5.076986260998279654e+00
-5.084301718713599705e+00
-5.074014818556037199e+00
-5.063711276791099003e+00
-5.071205214190990240e+00
-5.087071926883682593e+00
-5.299116650259792394e+00
-5.295593391222828572e+00
-5.290167665250839590e+00
-5.287943469039129596e+00
-5.295411756636178247e+00
-5.295050010683715058e+00
-5.291171299310345688e+00
-5.293700221703206310e+00
-5.288834188670325176e+00
-5.289213175369239295e+00
