-5.441108237662176883e+00
-5.397208591988312598e+00
-5.326899737439706684e+00
-5.145578217203732763e+00
-5.466601699302688466e+00
-5.471138503190895008e+00
-5.508163315332047283e+00
-5.486777134030267788e+00
-5.505469873942143266e+00
-5.518279601634744402e+00
-5.513742629226738856e+00
-5.477377505294099613e+00
-5.115249320947010681e+00
-5.138562799519780455e+00
-5.120913970978081764e+00
-5.141300933389552519e+00
-5.151453817998164375e+00
-5.142178230265469274e+00
-5.130267687849062952e+00
-5.130448253467761788e+00
-5.165460255906562104e+00
-5.165078479679989343e+00
-5.132080501390732685e+00
-5.410757428815536230e+00
-5.440036022360270174e+00
-5.483488998409028703e+00
-5.518882886780641428e+00
-5.058997918387504455e+00
-5.418475869774013631e+00
-5.441671036308403764e+00
-5.375935637659919664e+00
-5.344121114997701483e+00
-5.394640282533159414e+00
-5.164469543207162339e+00
-5.432549882267558417e+00
-5.450873757560748878e+00
-5.421990831722989235e+00
-5.126258536364364460e+00
-5.512581681707998449e+00
-5.556613381232924809e+00
-5.728683386357921847e+00
-5.427662292225662100e+00
-5.528218179552276901e+00
-5.703195674184227570e+00
-5.528891499108731011e+00
-5.553625833374807641e+00
-5.484353731903019558e+00
-5.539606760821548903e+00
-5.573153653941410823e+00
-5.720352256750871334e+00
-5.490229279887500091e+00
-5.478100773258363532e+00
-5.547044757505588564e+00
-5.596858102365704468e+00
-5.454692297429760472e+00
-5.488173135135510528e+00
-5.509155891360157931e+00
-5.549968778027658978e+00
-5.588515288753717059e+00
-5.673088587062201427e+00
-5.668337909874282765e+00
-5.758328102379867808e+00
-5.756225578161354939e+00
-5.660065192786613686e+00
-5.651719969199353599e+00
-5.644719500769390663e+00
-5.644877232753363394e+00
-5.653346529847139479e+00
-5.680824411591844481e+00
-5.641387168613884562e+00
-5.683284517515660994e+00
-5.639722981026000781e+00
-5.693705896392704524e+00
-5.632378856671715006e+00
-5.660616372348203029e+00
-5.761168247014350818e+00
-5.652552364636332705e+00
-5.640076639720268403e+00
-5.651352194427113673e+00
-5.663527025949072424e+00
-5.647960180948586206e+00
-5.643182858789590917e+00
-5.645026601471852423e+00
-5.633717301374422171e+00
-5.643659618611153839e+00
-5.668945984131306126e+00
-5.656441272538350162e+00
-5.671741706764921176e+00
-5.661186631262090430e+00
-5.736196379797118716e+00
-5.722546978077133417e+00
-5.740001949557053784e+00
-5.661953765640302727e+00
-5.712753984164477217e+00
-5.707626464923760246e+00
-5.722111193182117361e+00
-5.711099282274372690e+00
-5.693525603938564217e+00
-5.518861658981252916e+00
-5.581527047202233582e+00
-5.536778121716919188e+00
-5.569143862426515490e+00
-5.514548664981823833e+00
-5.549800201094433838e+00
-5.518373821814313018e+00
-5.573999878604003477e+00
-5.636222378587318005e+00
-5.529691269752421867e+00
-5.482830763970995669e+00
-5.520725350006959964e+00
-5.541003337340288937e+00
-5.504398955157432383e+00
-5.484286198012795488e+00
-5.544549193725126557e+00
-5.490083084873528918e+00
-5.547768530748754756e+00
-5.538215308760790379e+00
-5.600872891960334776e+00
-5.551126241845078191e+00
-5.542639713132154533e+00
-5.525445245634191593e+00
-5.538604411001617933e+00
-4.737403717467118192e+00
-4.653562913917817845e+00
-4.614666859603430815e+00
-4.831115102386815074e+00
-4.785420516011528846e+00
-4.738614923814130186e+00
-5.065667550285746223e+00
-5.074486237456367732e+00
-5.043333212048679570e+00
-5.106247743762995839e+00
-4.780589426374486806e+00
-4.766222354808044237e+00
-4.691461106700534955e+00
-4.702552310433917526e+00
-4.787033223958617967e+00
-4.647680798227577625e+00
-4.642974130507414365e+00
-4.613505338532686295e+00
-4.618133857031683220e+00
-4.731196175586751984e+00
-4.625084104074642433e+00
-4.614636337700509294e+00
-4.619014880743725016e+00
-4.712224931868082223e+00
-4.704898682312273372e+00
-4.749454222038218987e+00
-5.498617518990339903e+00
-5.449549031667630494e+00
-5.387438296754402778e+00
-5.512522634199295446e+00
-5.671457068665836765e+00
-5.722455346134002419e+00
-5.599958256619321340e+00
-5.148046578424514408e+00
-5.203475706833826209e+00
-5.234668927144518591e+00
-5.764082995049360392e+00
-5.778517004034268822e+00
-5.783948685794238820e+00
-5.740349511861423615e+00
-5.773319797350310090e+00
-5.544551256634445480e+00
-5.520402166152228673e+00
-5.549464370416105297e+00
-5.527362317163758476e+00
-5.544625316792419767e+00
-5.668094270182979955e+00
-5.740234753502966747e+00
-5.296723081367062491e+00
-5.233914965346243342e+00
-5.285800326486697287e+00
-5.309515790839657967e+00
-5.335469586969801448e+00
-5.517295373576466488e+00
-5.300716000715982368e+00
-5.337335920626829378e+00
-5.348962658513025659e+00
-5.342298260269529031e+00
-5.335705045097665078e+00
-5.305039232928784543e+00
-5.315028445158897163e+00
-5.303703045901441371e+00
-5.308896398439730824e+00
-4.708157427533562256e+00
-4.726581816929917856e+00
-4.692486176519340191e+00
-4.709714289096861073e+00
-4.722957941116947111e+00
-4.710673696834433599e+00
-4.699967886838307685e+00
-4.716276463807403729e+00
-4.722887427078679146e+00
-4.713772256610963218e+00
-4.723303862648646323e+00
-4.686272586612105329e+00
-4.686686247739912048e+00
-4.706662342897730333e+00
-4.683919453508047503e+00
-4.697371153765126373e+00
-4.684270887502339775e+00
-4.669600254136352824e+00
-4.686595696488918605e+00
-5.202202236064136009e+00
-5.163737918680473271e+00
-5.174542361350940034e+00
-5.176021940289558643e+00
-5.208841049348111873e+00
-5.173213074381520116e+00
-5.220934885691729477e+00
-5.203732476265020779e+00
-5.163093163371408778e+00
-5.386898067179134664e+00
-5.340304264693738645e+00
-5.323880750243031201e+00
-5.327127852765371152e+00
-5.279131675409947988e+00
-5.398758005412054750e+00
-5.387251276463997485e+00
-5.323751602247919656e+00
-5.304460047343489748e+00
-5.117871847422898135e+00
-5.271745827525953665e+00
-5.250211995911549856e+00
-5.347910926311651103e+00
-5.309435146919275539e+00
-4.888769985093460058e+00
-4.860417668586050510e+00
-4.864272484150818698e+00
-4.883629018557731349e+00
-4.874010027517522659e+00
-4.782482102744165076e+00
-4.736944055259932007e+00
-4.739861536100151262e+00
-4.885735231068681017e+00
-4.881320878509174399e+00
-4.947968822072329687e+00
-5.266022355804436117e+00
-4.915271053484552510e+00
-5.274925553693543101e+00
-5.275581103459379584e+00
-5.208779175550535712e+00
-5.162436528964508220e+00
-4.907452048255686705e+00
-5.204751299964680555e+00
-4.961070308671012619e+00
-5.341785126704684750e+00
-4.938963872026956636e+00
-4.887163480589899578e+00
-5.311704172881543506e+00
-4.929607185326180030e+00
-4.922601972234776468e+00
-4.950439209065833346e+00
-5.248181999596227776e+00
-5.234144170885442371e+00
-5.242231048819535388e+00
-5.221999328991255851e+00
-5.138049593485378708e+00
-5.265589346549201188e+00
-5.265023826608656421e+00
-5.245188367349705949e+00
-5.260072728606352221e+00
-5.120433372879130474e+00
-5.076493429684960645e+00
-5.151258268513513983e+00
-5.139831770013015166e+00
-5.160313589650375121e+00
-5.124577398652146343e+00
-5.267033668823779990e+00
-5.250176255029316508e+00
-5.113612092047161717e+00
-5.144153715582424624e+00
-5.109991862948525920e+00
-5.565826321992636494e+00
-5.571817817035755738e+00
-5.578411103131591275e+00
-5.564854190534816780e+00
-5.583977337220964010e+00
-5.601761923960701495e+00
-5.557340927854133028e+00
-5.564165219226680392e+00
-4.732581993922270414e+00
-4.770722524252975383e+00
-5.092537695452701740e+00
-4.728821311255794413e+00
-4.842703246290674279e+00
-4.851894796751702543e+00
-4.953731826762709289e+00
-4.814765246070475513e+00
-5.682013467286504138e+00
-5.648944689414564735e+00
-5.512982200067842342e+00
-5.569956572896363589e+00
-5.547388355884648625e+00
-5.516846487741355887e+00
-5.542537749542625569e+00
-5.631430175428107532e+00
-5.698783695595097676e+00
-5.680272782761808692e+00
-5.681430619375747781e+00
-5.640900218693857937e+00
-5.656844824044908293e+00
-5.642282355852270115e+00
-5.658967346964645095e+00
-4.751390902202047073e+00
-4.751321044224519063e+00
-4.708658967856741207e+00
-4.725000467739184806e+00
-4.725986080147517754e+00
-4.715439451680520477e+00
-4.727113421234812485e+00
-4.732459173064530233e+00
-4.781558908302226740e+00
-4.792211421022714468e+00
-4.808182370912275516e+00
-4.777985091294968178e+00
-4.786923088331114684e+00
-4.718438462879343653e+00
-4.733172109346100775e+00
-4.800135944343480787e+00
-4.691630544818687909e+00
-4.807119997215226093e+00
-4.834410417396235893e+00
-4.800581801139939486e+00
-4.806925174439551363e+00
-4.744289361948175632e+00
-4.770362166993200148e+00
-4.789210743549281446e+00
-4.785639824331068048e+00
-4.766259121973178026e+00
-4.787075987468885074e+00
-4.815965835723708288e+00
-4.817602090329392794e+00
-4.788917993058723788e+00
-4.806521413891977623e+00
-4.814352539272558573e+00
-4.799459301026917757e+00
-4.797188506858033108e+00
-4.822246860775582178e+00
-4.820478438424172118e+00
-4.837046109376585079e+00
-5.107935365008383855e+00
-5.113614804998344532e+00
-5.108098269104912603e+00
-5.099190598061079882e+00
-5.105582002228092442e+00
-5.114250262000722635e+00
-5.296007057835511844e+00
-5.291979821384120264e+00
-5.289352834033408612e+00
-5.286732278860947432e+00
-5.294208679390811412e+00
-5.296002986139488833e+00
-5.289221068772210543e+00
-5.289324071337805577e+00
-5.284608241166836251e+00
-5.286123548606024514e+00
