-5.434693546028960043e+00
-5.388480263622783539e+00
-5.320457886168471262e+00
-5.133671757405060099e+00
-5.462180548059490270e+00
-5.465258462160006658e+00
-5.503927330381610084e+00
-5.482818402785830436e+00
-5.499303560327455820e+00
-5.509935878960547484e+00
-5.507634029412594501e+00
-5.470429529361570786e+00
-5.113390242439852962e+00
-5.132933553193098852e+00
-5.117003828078601657e+00
-5.124399909403248188e+00
-5.141941629769673838e+00
-5.136777306701725720e+00
-5.131392309772525806e+00
-5.128008031566555047e+00
-5.153326299766674445e+00
-5.160316588827068784e+00
-5.132041890479649204e+00
-5.394782760142375899e+00
-5.430386972167873694e+00
-5.476641538494561701e+00
-5.514413274183515234e+00
-5.062177254124181403e+00
-5.409831578866636903e+00
-5.432169745684801043e+00
-5.366181724537786302e+00
-5.327397972302253315e+00
-5.388183501588409641e+00
-5.153933025669861223e+00
-5.428869925616099934e+00
-5.446570802659685739e+00
-5.413545269362485257e+00
-5.120266558022580128e+00
-5.508204831568182414e+00
-5.555492338441541555e+00
-5.727771162633153779e+00
-5.425276946966086200e+00
-5.525877252876397527e+00
-5.702741187131212364e+00
-5.524661321715303330e+00
-5.550540805888111606e+00
-5.480254315303808355e+00
-5.535292290515378077e+00
-5.569820233306898238e+00
-5.718961272968923204e+00
-5.485237253504206656e+00
-5.474644769674006817e+00
-5.541241683409290353e+00
-5.592568876189059068e+00
-5.449158484995258789e+00
-5.484240120515494255e+00
-5.503810673844192536e+00
-5.548175498551038309e+00
-5.586808514651510293e+00
-5.666450700331539636e+00
-5.657037292243169979e+00
-5.751494789114222961e+00
-5.749784223758353185e+00
-5.652220468991755453e+00
-5.646489100597198885e+00
-5.637824732238521541e+00
-5.636207677498355828e+00
-5.647845098797586338e+00
-5.673446121624103000e+00
-5.631577685354296925e+00
-5.675540320812593187e+00
-5.631177473740993200e+00
-5.686366260847824705e+00
-5.624653153042239673e+00
-5.654729238339657016e+00
-5.754277051209878202e+00
-5.645793074496222808e+00
-5.632801431255597180e+00
-5.641867927415447070e+00
-5.656716801978773468e+00
-5.642253263647388550e+00
-5.635791219209455249e+00
-5.636724817827330369e+00
-5.628775673812889124e+00
-5.635475341155088636e+00
-5.661047782939697903e+00
-5.646068392889615595e+00
-5.663841832141261357e+00
-5.653987291773541202e+00
-5.734865735851427893e+00
-5.720114566525225541e+00
-5.738651888797330791e+00
-5.662257855373921345e+00
-5.710285468647695595e+00
-5.705954703459352295e+00
-5.719111114805582652e+00
-5.708555945393796627e+00
-5.691224478315656476e+00
-5.516133712878858120e+00
-5.585357902530734719e+00
-5.539884534526295035e+00
-5.568516867305116413e+00
-5.514163669311408889e+00
-5.547470700620054984e+00
-5.516229983485077426e+00
-5.573792214327433214e+00
-5.638334118739577683e+00
-5.523997563645309583e+00
-5.477700149753045089e+00
-5.518221307364787442e+00
-5.534924966649025002e+00
-5.502117198893897054e+00
-5.482274089684699092e+00
-5.541866316630669864e+00
-5.489376569711000187e+00
-5.548087731336300621e+00
-5.534589084830965788e+00
-5.600829192303152126e+00
-5.554817821152961521e+00
-5.548900461393723837e+00
-5.521818062718327091e+00
-5.543029649527693614e+00
-4.735929015524277474e+00
-4.665138746448715068e+00
-4.612582501126325951e+00
-4.819053149762165589e+00
-4.786005050581361608e+00
-4.743693524379981596e+00
-5.057505059308192941e+00
-5.067382542875821905e+00
-5.035367409419255758e+00
-5.094602474317472485e+00
-4.650630742532290363e+00
-4.637421380308867747e+00
-4.596311929969520982e+00
-4.685564555470860704e+00
-4.764895897384907819e+00
-4.658020139157183159e+00
-4.653539697558481514e+00
-4.626189431756490222e+00
-4.629019623663088723e+00
-4.737106328280606959e+00
-4.631444043700839508e+00
-4.618199854897256706e+00
-4.605107269288224003e+00
-4.716611601766413919e+00
-4.706296375496846096e+00
-4.737226032013893473e+00
-5.498680721086516954e+00
-5.450343604044914692e+00
-5.387215537103740459e+00
-5.513149271232086868e+00
-5.670133919648826293e+00
-5.721729497651472762e+00
-5.600448067045774359e+00
-5.146992446039306834e+00
-5.216029938893408158e+00
-5.240295488080692898e+00
-5.763050610621368364e+00
-5.776665721260513919e+00
-5.783353522720685369e+00
-5.740916853062715042e+00
-5.770870843213429247e+00
-5.541734290560573761e+00
-5.519060565780905314e+00
-5.548021363136514950e+00
-5.527254741913226965e+00
-5.543475725126246090e+00
-5.667019825921771670e+00
-5.734612546231486974e+00
-5.290784743144897107e+00
-5.238554624958927874e+00
-5.277956089687040553e+00
-5.303940851788841115e+00
-5.334492723706894424e+00
-5.517638825222850762e+00
-5.303805345660823178e+00
-5.344692329976053813e+00
-5.355980946018203070e+00
-5.347943861759954842e+00
-5.342611710454009177e+00
-5.312548192808948855e+00
-5.325838643467875499e+00
-5.308754426992160269e+00
-5.318217535065112855e+00
-4.714564264468361188e+00
-4.735609082035184159e+00
-4.709966688176429273e+00
-4.719205305323163735e+00
-4.729327584819980501e+00
-4.725763822738004549e+00
-4.709481864589146305e+00
-4.721550319465740664e+00
-4.734972287155470916e+00
-4.722215006805350335e+00
-4.729812261616156199e+00
-4.694423893300853301e+00
-4.692461661079066815e+00
-4.712351747318744621e+00
-4.689574585969531029e+00
-4.700448242445301794e+00
-4.686724531309966579e+00
-4.682711623509564269e+00
-4.692555319063624886e+00
-5.199595205137184983e+00
-5.137258850353842554e+00
-5.149325945281987948e+00
-5.138378826964814294e+00
-5.170843055862721194e+00
-5.169346320844564246e+00
-5.191589330502946353e+00
-5.165564803756506507e+00
-5.162815028415371543e+00
-5.387288655703318163e+00
-5.343694466377862717e+00
-5.330344597851527588e+00
-5.330456928464373689e+00
-5.289769465824146089e+00
-5.402006023851757988e+00
-5.387173624756998791e+00
-5.324371179493403439e+00
-5.291696330099901147e+00
-5.096572359040431266e+00
-5.263134913225023581e+00
-5.234561650518370968e+00
-5.343974869524574345e+00
-5.303994052599044551e+00
-4.874529352550104555e+00
-4.850017564495891165e+00
-4.852276525696085585e+00
-4.863249315400327788e+00
-4.865509332564961653e+00
-4.761620010477231268e+00
-4.701735753308977195e+00
-4.717329272963612929e+00
-4.870331446554689414e+00
-4.866468701108924932e+00
-4.950835612061192492e+00
-5.268025476046485522e+00
-4.916576611211771919e+00
-5.272285878316530727e+00
-5.280218919945785849e+00
-5.199978423101072167e+00
-5.158025951998806313e+00
-4.903334280690288871e+00
-5.202491588223375985e+00
-4.959220637766822648e+00
-5.345816531604111965e+00
-4.944185865728336182e+00
-4.894012173229973506e+00
-5.316231085755354080e+00
-4.938976806621258042e+00
-4.930099517445873047e+00
-4.957261253054443984e+00
-5.250528668172943725e+00
-5.238070223434052153e+00
-5.253823357856528986e+00
-5.227573760925360524e+00
-5.133575626993091667e+00
-5.246794252568700578e+00
-5.248421838293409358e+00
-5.229786722105058239e+00
-5.233516742355848628e+00
-5.110590795880235682e+00
-5.072676731919315785e+00
-5.135285566546894387e+00
-5.133262742783503363e+00
-5.157421922044465923e+00
-5.121251069350296170e+00
-5.257084634503173426e+00
-5.232758115530907084e+00
-5.106284527133700735e+00
-5.140216387803358877e+00
-5.114529629582922787e+00
-5.554318852298653297e+00
-5.552525349800164989e+00
-5.576411250965722211e+00
-5.564428302664408577e+00
-5.575056705513957489e+00
-5.540876783218375401e+00
-5.536858082495675681e+00
-5.563951456047859345e+00
-4.735457649027937421e+00
-4.745075324525916294e+00
-5.081844509098145224e+00
-4.709357464760651979e+00
-4.639193870507536843e+00
-4.679805327588064223e+00
-4.579901581720672077e+00
-4.644127121684046955e+00
-5.679757436852254315e+00
-5.648031108254421007e+00
-5.517705453929054649e+00
-5.566274120060922925e+00
-5.539727046736909521e+00
-5.513804661044940048e+00
-5.541117098349565673e+00
-5.621674386869413453e+00
-5.689359149981092934e+00
-5.671116417834864087e+00
-5.672651294928688692e+00
-5.635977802813751936e+00
-5.650789941888271883e+00
-5.636799606700187759e+00
-5.639642228203931573e+00
-4.762132619517843501e+00
-4.758300480911042740e+00
-4.731004597463255301e+00
-4.733769100437013044e+00
-4.733717080540319699e+00
-4.720222648709039959e+00
-4.734305478799903710e+00
-4.743802564957210421e+00
-4.777385077443336847e+00
-4.786146688284084405e+00
-4.798336267630964436e+00
-4.774005785482147601e+00
-4.782499609095510529e+00
-4.726731322723443540e+00
-4.742335249738597547e+00
-4.824124336746224095e+00
-4.704369050690897502e+00
-4.817534410704526593e+00
-4.838208854964716643e+00
-4.809918180922331921e+00
-4.809773962716159978e+00
-4.752677836694645386e+00
-4.783985118281853133e+00
-4.803492817211509447e+00
-4.788861635031864239e+00
-4.767108311056606595e+00
-4.799297597855245456e+00
-4.819614066951300124e+00
-4.817238451499891383e+00
-4.803725424239624786e+00
-4.817821488672907826e+00
-4.828369605774483375e+00
-4.797047087394121334e+00
-4.807029016512562869e+00
-4.823633284920407327e+00
-4.828369551632226475e+00
-4.848279250265747464e+00
-5.058015716705097198e+00
-5.063342385770880583e+00
-5.051312209137007514e+00
-5.045079199434094441e+00
-5.053259909734447497e+00
-5.069500652745563940e+00
-5.289951276948679393e+00
-5.286652067875206029e+00
-5.278054050688606225e+00
-5.277491700620860371e+00
-5.286081360192548928e+00
-5.285670792041782917e+00
-5.281506396690148541e+00
-5.282758407724950089e+00
-5.280059410766669181e+00
-5.279041393330015985e+00
