-5.441757970394863975e+00
-5.397086619451944678e+00
-5.324647491044182779e+00
-5.138103709539858066e+00
-5.467368603814731109e+00
-5.468188106235993828e+00
-5.507640988819812122e+00
-5.486462681359269844e+00
-5.503569141529666808e+00
-5.515311999425082767e+00
-5.511128961593896314e+00
-5.474502013707395420e+00
-5.121448612946891465e+00
-5.139359913991232709e+00
-5.113326958599484939e+00
-5.133836120000049519e+00
-5.155849608417191199e+00
-5.147557444692562711e+00
-5.135198136713474248e+00
-5.136295714663251744e+00
-5.164196514706320684e+00
-5.170429011893512339e+00
-5.139903919405212740e+00
-5.402321147383893241e+00
-5.438723164564712498e+00
-5.482620450398477452e+00
-5.518327959805279015e+00
-5.071433709712135141e+00
-5.416879354685717018e+00
-5.439272164212961336e+00
-5.371963438302826077e+00
-5.335839253615777267e+00
-5.394776426140100334e+00
-5.165698291791849250e+00
-5.435401549113477060e+00
-5.452677540042267346e+00
-5.421543544099533207e+00
-5.127588132028140677e+00
-5.504655211608297627e+00
-5.549968745298333950e+00
-5.726323189431078653e+00
-5.424799307629610823e+00
-5.525113068755272749e+00
-5.703486685457056282e+00
-5.524898978089750834e+00
-5.548995164021328641e+00
-5.481689855480095908e+00
-5.533633971139255259e+00
-5.567556647000604819e+00
-5.715930185965470756e+00
-5.485214918911879067e+00
-5.473227491803102751e+00
-5.542420461309105484e+00
-5.590112881441633874e+00
-5.450275834603056424e+00
-5.483867486049066819e+00
-5.501620363106907163e+00
-5.546061853276629705e+00
-5.585396900859384672e+00
-5.667362781131815019e+00
-5.657677963808693811e+00
-5.751440445301994941e+00
-5.748630718931289074e+00
-5.650698022609951465e+00
-5.645174251456132275e+00
-5.635550618767240394e+00
-5.635771693359566292e+00
-5.646025148145878525e+00
-5.672098992435029352e+00
-5.630857151351782441e+00
-5.674840548067889401e+00
-5.631947485012455346e+00
-5.683268727622079908e+00
-5.624853987959800072e+00
-5.653435443037147401e+00
-5.755183917149619965e+00
-5.647056511339669349e+00
-5.633796155576491493e+00
-5.643340824468373818e+00
-5.658843608736142450e+00
-5.642256146554367469e+00
-5.636601426751067123e+00
-5.638445196932724279e+00
-5.629925334293640837e+00
-5.637033840889017711e+00
-5.658573755022630714e+00
-5.645361902663679210e+00
-5.661701013230172386e+00
-5.652664020590930427e+00
-5.727205585883258898e+00
-5.715323121484493285e+00
-5.736566543590107869e+00
-5.652085130539015623e+00
-5.705525243182894002e+00
-5.701316759781326127e+00
-5.716347958012539365e+00
-5.706247806530930333e+00
-5.687002005174115027e+00
-5.517119505851545647e+00
-5.583312108355485748e+00
-5.541511873619761275e+00
-5.566279928601161053e+00
-5.514472319727368621e+00
-5.546901799823118040e+00
-5.515513230674342182e+00
-5.571070101261758722e+00
-5.635887686811559938e+00
-5.522702095470680916e+00
-5.479548273748433118e+00
-5.516838517947851628e+00
-5.533076143829602778e+00
-5.505117712107457706e+00
-5.481680052074857201e+00
-5.538906847115722343e+00
-5.489056166028262851e+00
-5.550135029698934908e+00
-5.536482538324536407e+00
-5.599912424020893731e+00
-5.557246990027672418e+00
-5.548274593902351448e+00
-5.520342875417654227e+00
-5.545297181889409011e+00
-4.737873193626479740e+00
-4.670279387580923647e+00
-4.619720488495998367e+00
-4.827480661077999002e+00
-4.792274294317924621e+00
-4.746920008999213181e+00
-5.068971308481640570e+00
-5.076208514612846834e+00
-5.048826775599662753e+00
-5.105870323906569475e+00
-4.698626926182925878e+00
-4.700038245160309991e+00
-4.627112994488474129e+00
-4.695032907020755708e+00
-4.779008029928750290e+00
-4.662481456995977602e+00
-4.648024227019774912e+00
-4.631945818891060718e+00
-4.626790068620997509e+00
-4.740432311755962580e+00
-4.637112716145050051e+00
-4.622434170183487900e+00
-4.616695132907768340e+00
-4.726733081360273481e+00
-4.716096637795701874e+00
-4.744202527799233238e+00
-5.504510385279021811e+00
-5.456596447055963139e+00
-5.393379617469742371e+00
-5.519196309296495961e+00
-5.669536708726173657e+00
-5.719991986508361492e+00
-5.601779506412861487e+00
-5.158194241692850568e+00
-5.221126561580749836e+00
-5.250201466400154615e+00
-5.755170616456946497e+00
-5.771802532623052429e+00
-5.782259945676941015e+00
-5.729509766222672162e+00
-5.766187073720859146e+00
-5.548029198889589786e+00
-5.522573754213282449e+00
-5.552220770756862045e+00
-5.531972637072116505e+00
-5.548582786270999101e+00
-5.669539075579180576e+00
-5.733434977244281860e+00
-5.302858667226892919e+00
-5.244152676771740573e+00
-5.290548297891152885e+00
-5.315007635336121972e+00
-5.344767109567296615e+00
-5.523349261183474468e+00
-5.312626270371952231e+00
-5.352270395823795823e+00
-5.362813521779917103e+00
-5.355229370406209277e+00
-5.349094965180499095e+00
-5.316976614922506172e+00
-5.330300844368147217e+00
-5.315119106582235631e+00
-5.323369740362612568e+00
-4.721702637715051054e+00
-4.742329426571942896e+00
-4.715942502631635058e+00
-4.724356056276597826e+00
-4.737124110229694374e+00
-4.729990345409434305e+00
-4.715457948051979820e+00
-4.730022765436828536e+00
-4.740152312982059080e+00
-4.725228742317431063e+00
-4.738374563193646694e+00
-4.702705252223974952e+00
-4.700875450953692081e+00
-4.723518391449409215e+00
-4.702614217906500471e+00
-4.714821655119004085e+00
-4.699144628750900665e+00
-4.693787113785633736e+00
-4.698532655090711607e+00
-5.208809882931365820e+00
-5.131737088539357394e+00
-5.150559438123437417e+00
-5.127701636747037384e+00
-5.168950069254865554e+00
-5.179381713908645324e+00
-5.201394976922269819e+00
-5.166371499946048829e+00
-5.172722483066799271e+00
-5.394352261619317801e+00
-5.349502864816600756e+00
-5.335269319354672746e+00
-5.335467101111150967e+00
-5.298461900819976478e+00
-5.407397905354931034e+00
-5.393558392948071933e+00
-5.331184036588375363e+00
-5.298079409357751679e+00
-5.110212720385896468e+00
-5.273776278937178041e+00
-5.244180220119456948e+00
-5.352237238581085244e+00
-5.311819227835473889e+00
-4.886863792687728747e+00
-4.859286867659366571e+00
-4.861603706337072062e+00
-4.869409541657542029e+00
-4.873496834148308032e+00
-4.772136493493770004e+00
-4.711245561327266351e+00
-4.722796469211546722e+00
-4.875688597537711111e+00
-4.872263968493629527e+00
-4.958455772242736259e+00
-5.274418462778825756e+00
-4.927660717265721857e+00
-5.279094872748454570e+00
-5.284281389182546640e+00
-5.213670120680873765e+00
-5.166351138175631519e+00
-4.918809908265033393e+00
-5.211664756713791036e+00
-4.967786023052275013e+00
-5.350476951842876083e+00
-4.954277601386927188e+00
-4.902223691832108265e+00
-5.321696781155766942e+00
-4.948561841279164319e+00
-4.938434060178047424e+00
-4.964036737193108451e+00
-5.259944542082409136e+00
-5.246907286052131525e+00
-5.260093334013495436e+00
-5.236171764988470478e+00
-5.144580716250188424e+00
-5.251850918804270130e+00
-5.255639758855804367e+00
-5.238954675199785527e+00
-5.245426149490008072e+00
-5.122626291967284473e+00
-5.078162029364936991e+00
-5.148017205201988133e+00
-5.141099739374701549e+00
-5.162280693211044102e+00
-5.129106435872839320e+00
-5.261544721461639540e+00
-5.241113529327819265e+00
-5.114328620293241201e+00
-5.144922652553409748e+00
-5.120813281522141658e+00
-5.551261661115995061e+00
-5.547973510328515268e+00
-5.571244414661039812e+00
-5.559290704419514562e+00
-5.568298000461087582e+00
-5.554584788109737659e+00
-5.532681444249067049e+00
-5.556925804210653297e+00
-4.740351416667293982e+00
-4.756875719651615597e+00
-5.092730243324346873e+00
-4.716724475505433389e+00
-4.695339494805498504e+00
-4.746863777545656582e+00
-4.666597707983699550e+00
-4.712975101026026792e+00
-5.673079531934273056e+00
-5.642444468336832664e+00
-5.513431353945495772e+00
-5.566266527585995050e+00
-5.543941241662734498e+00
-5.513125353605969892e+00
-5.543474374634709712e+00
-5.621693323299171041e+00
-5.686513243944855134e+00
-5.670174452224522987e+00
-5.671171055837907815e+00
-5.633103114944962186e+00
-5.647019514328522227e+00
-5.632101873420737981e+00
-5.639172814916650900e+00
-4.763770458368020044e+00
-4.764633803008496926e+00
-4.736915384848521704e+00
-4.739087400829308905e+00
-4.745797676685716837e+00
-4.725279096731133777e+00
-4.739799178298656379e+00
-4.745399983705727465e+00
-4.792718085373432579e+00
-4.792222642643041652e+00
-4.808453666907275270e+00
-4.783870028436641775e+00
-4.793536788290733597e+00
-4.732138771003558730e+00
-4.749449082774785502e+00
-4.825190680072797278e+00
-4.712826640000693956e+00
-4.831971047394098662e+00
-4.852208191908124135e+00
-4.814850088742109513e+00
-4.822926137027166327e+00
-4.756007835166257358e+00
-4.795400068489032996e+00
-4.812510914630951042e+00
-4.798099060784815961e+00
-4.780571702451213767e+00
-4.805022187500076924e+00
-4.830529330633391183e+00
-4.824254977421565727e+00
-4.814005422917506216e+00
-4.825854224576382023e+00
-4.838856010013005360e+00
-4.808201370077821224e+00
-4.821508935667387696e+00
-4.836572520688013910e+00
-4.837606260799456770e+00
-4.859994140351055592e+00
-5.109099392051401622e+00
-5.113816801546221313e+00
-5.109121739459482114e+00
-5.101939012736492529e+00
-5.106966135808804097e+00
-5.115316298016029606e+00
-5.309518835565686601e+00
-5.306166174780289069e+00
-5.303806683397730204e+00
-5.300774986936292343e+00
-5.306566829008675157e+00
-5.306898211342554461e+00
-5.301842099492317217e+00
-5.304061018379538694e+00
-5.299621254102769186e+00
-5.301834476132445850e+00
