-5.426875932882937015e+00
-5.346530484137601569e+00
-5.283720843824600166e+00
-5.076326825040839985e+00
-5.444926453654840515e+00
-5.456272393633483375e+00
-5.512071341032555694e+00
-5.467353874907240119e+00
-5.499252992422553277e+00
-5.527829450633985786e+00
-5.527564754751796094e+00
-5.473035681939204089e+00
-5.070456697771674293e+00
-5.085364843427718107e+00
-5.074964003197486306e+00
-5.131282428182931454e+00
-5.085497753560298761e+00
-5.091045248611181684e+00
-5.073290360394853593e+00
-5.094310554811540825e+00
-5.119559719367618555e+00
-5.100685506795689328e+00
-5.072445907586608627e+00
-5.391219304554203617e+00
-5.424176925432048435e+00
-5.479774254915989573e+00
-5.537430633468769514e+00
-4.985473036041024208e+00
-5.408134855592688695e+00
-5.418453081562377704e+00
-5.343264841784546526e+00
-5.285830096904360786e+00
-5.366420237588007680e+00
-5.099176234864005508e+00
-5.401618528766872096e+00
-5.432489528670437551e+00
-5.397519169135764905e+00
-5.053133401863429519e+00
-5.463294485237851106e+00
-5.533351604151274472e+00
-5.610347155503442096e+00
-5.359078193197439610e+00
-5.474881178088876865e+00
-5.573371754570252357e+00
-5.475285027565361951e+00
-5.477967554764097358e+00
-5.398316780765243905e+00
-5.468571793453608443e+00
-5.538847247710295463e+00
-5.642568757487476105e+00
-5.456710724459054696e+00
-5.427710175629452571e+00
-5.516783970846282692e+00
-5.590962571552895888e+00
-5.417400741942953957e+00
-5.434358921708144052e+00
-5.475185325298788541e+00
-5.531788201852805287e+00
-5.551045934367598633e+00
-5.566673754281096009e+00
-5.567183993192795555e+00
-5.629943894059559639e+00
-5.648391599623856507e+00
-5.593382371261186314e+00
-5.599278424186863390e+00
-5.598668195329684849e+00
-5.588685825934336826e+00
-5.603045535342891625e+00
-5.616272206186814664e+00
-5.583708850743893670e+00
-5.575760274846969899e+00
-5.579029501927254664e+00
-5.648544561853541701e+00
-5.541048709242001991e+00
-5.602989411303787470e+00
-5.621639866909887928e+00
-5.530133948372718322e+00
-5.527378203254204259e+00
-5.539719064175192109e+00
-5.546508863282065604e+00
-5.530504577919308495e+00
-5.547575566288704074e+00
-5.528735604020654115e+00
-5.526712116444659095e+00
-5.531008231766897154e+00
-5.581915156859344584e+00
-5.562185711498121243e+00
-5.578671487907183923e+00
-5.566867230766407992e+00
-5.798645995012525312e+00
-5.699887996661494149e+00
-5.607142800865313248e+00
-5.760033825372583571e+00
-5.729844720767361288e+00
-5.663170205929551670e+00
-5.622206394119977801e+00
-5.613465644183722070e+00
-5.685441504251941502e+00
-5.433153896655215753e+00
-5.532620655180297220e+00
-5.459422945154919660e+00
-5.520778791464466373e+00
-5.456456821915553590e+00
-5.495806600382501905e+00
-5.458225431373744385e+00
-5.513104208315442456e+00
-5.550413271856617037e+00
-5.470596206665516270e+00
-5.390018455042327794e+00
-5.430894002274371246e+00
-5.452884804080111891e+00
-5.422370157751101871e+00
-5.424696049861738700e+00
-5.482268830286097128e+00
-5.413924252188255792e+00
-5.452443447507330454e+00
-5.463216793487386980e+00
-5.534919602829059038e+00
-5.462420515075555372e+00
-5.456130685053113716e+00
-5.431381085693274713e+00
-5.441055007804252774e+00
-4.683538718001234891e+00
-4.591250519978482991e+00
-4.568249094144896993e+00
-4.745618940134009200e+00
-4.704005025759913750e+00
-4.651002910298442927e+00
-5.061245701825573207e+00
-5.073368021572801645e+00
-5.025294585305954520e+00
-5.103429767269030748e+00
-5.429510169779447892e+00
-5.298310590560993738e+00
-5.231380495822255838e+00
-4.675076144215820406e+00
-4.756424218423253691e+00
-4.689453589463267846e+00
-4.618500431264757289e+00
-4.646138292172565798e+00
-4.615464129636794866e+00
-4.625877880293991495e+00
-4.570179902821556617e+00
-4.591753902301339174e+00
-4.565943876813279623e+00
-4.680441315329995966e+00
-4.666669351022284751e+00
-4.702416168416863940e+00
-5.486735126088615466e+00
-5.407455904502012523e+00
-5.354835979342928098e+00
-5.494897016680427626e+00
-5.563363947588591429e+00
-5.611452447056268333e+00
-5.488880447693243347e+00
-5.065011903903269719e+00
-5.119515947835692415e+00
-5.153677672984122715e+00
-5.826501687619058956e+00
-5.717137559515038880e+00
-5.636008163104209601e+00
-5.846626260561420985e+00
-5.731856512126968894e+00
-5.548020278299726549e+00
-5.507859165397558598e+00
-5.556412620738933050e+00
-5.510783967255875382e+00
-5.545396327025208905e+00
-5.553641554699919602e+00
-5.637717627598564540e+00
-5.299412596197071501e+00
-5.149906670167121447e+00
-5.269095473979530375e+00
-5.314950265905711291e+00
-5.359461007008228250e+00
-5.515797287764645063e+00
-5.232820421592236926e+00
-5.313913501576526421e+00
-5.312414126658782543e+00
-5.302206704305771012e+00
-5.303751771205278409e+00
-5.271633205581613524e+00
-5.271311591912797745e+00
-5.277652299660270607e+00
-5.295326954818985854e+00
-4.684990423770594603e+00
-4.715729262518382647e+00
-4.666809315801462965e+00
-4.682591819710932413e+00
-4.703469990970295278e+00
-4.685288361089072318e+00
-4.672435952251157154e+00
-4.704039432239024876e+00
-4.712271563325042045e+00
-4.678029780972631002e+00
-4.662120683919644293e+00
-4.656741452335444009e+00
-4.679999066829250154e+00
-4.717950426160812505e+00
-4.698993658784957006e+00
-4.731743413771716256e+00
-4.685982201900927180e+00
-4.700209884877144972e+00
-4.745730349045610197e+00
-5.146176481914250367e+00
-5.147904688048615007e+00
-5.165312012928794161e+00
-5.157024578562418249e+00
-5.205047468231565055e+00
-5.120759799370332210e+00
-5.208819708313773056e+00
-5.205902458490736073e+00
-5.143926665418877775e+00
-5.351056002394377842e+00
-5.298860985487392483e+00
-5.282626970349563855e+00
-5.295344858149917400e+00
-5.211688962616295662e+00
-5.371292266181584729e+00
-5.353333395924028792e+00
-5.296817496757086907e+00
-5.278780261701196963e+00
-5.143022005554927389e+00
-5.240071958139147945e+00
-5.234229721546012293e+00
-5.332700784271540151e+00
-5.295491248120377747e+00
-4.968445974029899403e+00
-4.915243874726618500e+00
-4.938114434899777194e+00
-4.933130415789930723e+00
-4.939934004150711822e+00
-4.852284758475509996e+00
-4.810925997555532518e+00
-4.831200130704113249e+00
-4.983249863001379509e+00
-4.948662323035438071e+00
-4.984112436433789206e+00
-5.277234899981580796e+00
-4.978674811134380818e+00
-5.264892512393545054e+00
-5.272731548738450513e+00
-5.208065924362474064e+00
-5.138307044088817221e+00
-4.945045473652462498e+00
-5.203182130730150234e+00
-5.004926770102522404e+00
-5.321049082027666799e+00
-4.926481470210141822e+00
-4.921889085379211437e+00
-5.298255845080679372e+00
-4.920018568913880230e+00
-4.928863201452772458e+00
-4.989740480962454150e+00
-5.185916927424585765e+00
-5.227794726778576262e+00
-5.209059242559043845e+00
-5.194445552553037970e+00
-5.105742503312843183e+00
-5.238789132050170494e+00
-5.223262309901832268e+00
-5.222925494143638048e+00
-5.202997407551270825e+00
-5.081709226883214470e+00
-5.052495218996770454e+00
-5.099130862991326119e+00
-5.089779255341699837e+00
-5.101237923192785573e+00
-5.065894968406428944e+00
-5.236123397237823163e+00
-5.174621257234938376e+00
-5.046799489430444652e+00
-5.102594124510485329e+00
-5.078136013223632617e+00
-5.548064623682811281e+00
-5.600082595942144081e+00
-5.570645951756336700e+00
-5.570594943518925923e+00
-5.620424581622009974e+00
-5.590709655552988266e+00
-5.575411420387028194e+00
-5.591249079934585531e+00
-4.673560951253021400e+00
-4.690246022424725325e+00
-5.078360319650177424e+00
-4.674392872097476115e+00
-5.351119231926197095e+00
-5.404451308216771110e+00
-5.442597820066258585e+00
-5.285934729782267638e+00
-5.600528002977259057e+00
-5.606773776483652938e+00
-5.455225251580293921e+00
-5.503732716451856355e+00
-5.493165990269389454e+00
-5.482689914426938316e+00
-5.486629864189589867e+00
-5.567297704204936082e+00
-5.613752097379294703e+00
-5.587793163425028631e+00
-5.588668257847806409e+00
-5.591622016347002955e+00
-5.628055039764248590e+00
-5.607526929609933042e+00
-5.551678385957235839e+00
-4.725146828526046505e+00
-4.719368646390369904e+00
-4.674177192749394472e+00
-4.687812995301721131e+00
-4.693284594935271947e+00
-4.675782545052692640e+00
-4.672711535731687071e+00
-4.669140239086607913e+00
-4.772209404962951318e+00
-4.802424769258477610e+00
-4.822071445378764309e+00
-4.760955283589900944e+00
-4.812372328193673887e+00
-4.717463186625245442e+00
-4.712833335010325087e+00
-4.793283810700985192e+00
-4.662475533943836403e+00
-4.784593528475147295e+00
-4.850627813288583390e+00
-4.775200740967039614e+00
-4.749144728120297643e+00
-4.714545665387031015e+00
-4.724975227915424902e+00
-4.806295364352077826e+00
-4.793580916665294289e+00
-4.707186032860472658e+00
-4.779320721563022900e+00
-4.766389209614424693e+00
-4.778394757224689648e+00
-4.799785123758896432e+00
-4.794853668197961660e+00
-4.775652669572109765e+00
-4.739162966216928119e+00
-4.745978712552240353e+00
-4.800379193284402213e+00
-4.780757752344308997e+00
-4.833492780528551691e+00
-5.148584297321002978e+00
-5.145476689103404944e+00
-5.138865284928045618e+00
-5.130990170495191016e+00
-5.138826595791827323e+00
-5.149046058778869117e+00
-5.258166431594633927e+00
-5.247111053625459931e+00
-5.243299473777316422e+00
-5.244574939594687457e+00
-5.249388507357616085e+00
-5.253699040957203970e+00
-5.244790340008530727e+00
-5.251473456158268327e+00
-5.245134615255157229e+00
-5.247370768757525283e+00
