-5.437659521285617359e+00
-5.392340619027318205e+00
-5.322325037069587594e+00
-5.138860537973925169e+00
-5.463167313715329598e+00
-5.467072256110824036e+00
-5.506377357606509371e+00
-5.482912288017911528e+00
-5.500659496850736296e+00
-5.512440083448572281e+00
-5.510111921964607085e+00
-5.468509992126748820e+00
-5.115443859192613019e+00
-5.137779873845398804e+00
-5.126621001966117142e+00
-5.117470969134575220e+00
-5.147303857613484190e+00
-5.140694207879802136e+00
-5.121947240725027939e+00
-5.128872952914263372e+00
-5.158422451218181770e+00
-5.157673566618977468e+00
-5.134933732950627494e+00
-5.400948425669489517e+00
-5.434315363981450986e+00
-5.479741115233320414e+00
-5.517749022897720401e+00
-5.014911517049981171e+00
-5.410829898578392694e+00
-5.436823624480910944e+00
-5.370120196163742143e+00
-5.335896251662003209e+00
-5.393090279653415031e+00
-5.157847154218294428e+00
-5.432883232386193306e+00
-5.451213590273011889e+00
-5.418529204534880961e+00
-5.124331980855250990e+00
-5.510951355451768841e+00
-5.559392824964620949e+00
-5.729521204908650134e+00
-5.422271865024009152e+00
-5.518699287313848068e+00
-5.704766450800153876e+00
-5.528140193196076524e+00
-5.550774309525928096e+00
-5.471566341726632032e+00
-5.538175651723162396e+00
-5.570882672981369410e+00
-5.720153961749818272e+00
-5.483613697622943484e+00
-5.469450897875944406e+00
-5.543048044856617729e+00
-5.594160975141858394e+00
-5.443378591647562992e+00
-5.482085347414302312e+00
-5.500211231483215002e+00
-5.551215488237004614e+00
-5.589333555443662505e+00
-5.666946778146199293e+00
-5.659493992537668383e+00
-5.747853753026476831e+00
-5.747883029706024161e+00
-5.652435043223634104e+00
-5.648256616935172225e+00
-5.640436779447787430e+00
-5.640434770925304875e+00
-5.648855485223422512e+00
-5.674092819461527881e+00
-5.635313002930741888e+00
-5.676787953643469109e+00
-5.632584269176167169e+00
-5.686667793823744432e+00
-5.626492303363908931e+00
-5.656391342309264658e+00
-5.752635177951271217e+00
-5.646020937149947017e+00
-5.635352954913699364e+00
-5.643759914817366052e+00
-5.657390179207224534e+00
-5.643747458142008178e+00
-5.635226465157631814e+00
-5.639954853310482186e+00
-5.629168631541307199e+00
-5.637502706761056359e+00
-5.662854300396683804e+00
-5.647473768772138136e+00
-5.665191993794029379e+00
-5.655559441828375000e+00
-5.736512292568760607e+00
-5.723231723210102651e+00
-5.741249347527826785e+00
-5.662840492491660882e+00
-5.713223000297064758e+00
-5.708712367242863905e+00
-5.721859934696328587e+00
-5.711195905457229216e+00
-5.693832068608792873e+00
-5.515695210018726868e+00
-5.586979990400698703e+00
-5.543284045864060872e+00
-5.570733594797521171e+00
-5.512930603733719792e+00
-5.546156084151900423e+00
-5.520418758624670019e+00
-5.576470712019899523e+00
-5.639578117829330495e+00
-5.520667602991354173e+00
-5.476109019258849742e+00
-5.515929074946191335e+00
-5.534270216338268433e+00
-5.485070394757559420e+00
-5.484839720312645994e+00
-5.543893099697871030e+00
-5.491920690153242468e+00
-5.548835681576910872e+00
-5.536357785990555058e+00
-5.603082003596667526e+00
-5.557268501131535032e+00
-5.551329317524011486e+00
-5.522784989523239929e+00
-5.545221031692029179e+00
-4.741912517602433041e+00
-4.665214219693582187e+00
-4.621642032339971173e+00
-4.826550692315255020e+00
-4.783383182054181226e+00
-4.741249415483744123e+00
-5.064835625760588655e+00
-5.070552029203623690e+00
-5.040018091979288961e+00
-5.096977172290662494e+00
-4.649516624675821497e+00
-4.652663701701478693e+00
-4.587212196880589232e+00
-4.695096772883183611e+00
-4.778485083674445910e+00
-4.659302633249786219e+00
-4.646713780578548558e+00
-4.629906914501620285e+00
-4.619189477528951926e+00
-4.738068700785840193e+00
-4.639703478439377804e+00
-4.620360309291474898e+00
-4.608842692892182846e+00
-4.724815881897198366e+00
-4.713942435972569456e+00
-4.749541010960569132e+00
-5.502788064189608974e+00
-5.451985454608652581e+00
-5.388721913356969040e+00
-5.515247235298659234e+00
-5.673507656776676455e+00
-5.724233022556939332e+00
-5.602764071456320494e+00
-5.152356965377881792e+00
-5.219926613403517379e+00
-5.242352039116645379e+00
-5.763281918321945696e+00
-5.778411738511841200e+00
-5.784634675384048741e+00
-5.739036190592360143e+00
-5.773338253994620750e+00
-5.543804008786546333e+00
-5.519886306023200184e+00
-5.548331400738769403e+00
-5.526328842151071896e+00
-5.544048442704401225e+00
-5.669828352665990501e+00
-5.737449418286311165e+00
-5.294562908509815813e+00
-5.238592309532761782e+00
-5.277300496640466854e+00
-5.306423024760779761e+00
-5.334112018357481944e+00
-5.518766283195045474e+00
-5.302134721662344674e+00
-5.346945055277133818e+00
-5.359426138260854344e+00
-5.351095673236694772e+00
-5.345648132349495540e+00
-5.313704140097234685e+00
-5.323862576495607790e+00
-5.311543020803563664e+00
-5.317968361394372678e+00
-4.722345613630342775e+00
-4.739426992392155036e+00
-4.712652778012842880e+00
-4.721611521425855607e+00
-4.732691797301269432e+00
-4.731420744803743084e+00
-4.714173495535203706e+00
-4.728186605514642871e+00
-4.739406848365558034e+00
-4.724789453673970741e+00
-4.737701968328226876e+00
-4.698221963486679087e+00
-4.688588412901271596e+00
-4.710096673172905923e+00
-4.688937356462214545e+00
-4.700566585205094405e+00
-4.690009699533149501e+00
-4.681563467174263415e+00
-4.693790010240164179e+00
-5.201469568989062431e+00
-5.126526449553203690e+00
-5.139689574840540232e+00
-5.125036506098295419e+00
-5.163250537022048725e+00
-5.175558031534579939e+00
-5.187539859553529809e+00
-5.163739504275195458e+00
-5.168739047544341325e+00
-5.390412482322899379e+00
-5.346067635097283777e+00
-5.331131014389429268e+00
-5.333580689796042940e+00
-5.288453486104629064e+00
-5.402253248758325022e+00
-5.388481299954763770e+00
-5.327137376390549406e+00
-5.293439925772101873e+00
-5.100670262546477041e+00
-5.264231883649948429e+00
-5.234802528091532459e+00
-5.345704944298343975e+00
-5.306245992686930535e+00
-4.874472406542129654e+00
-4.851962793379943406e+00
-4.853096598382907523e+00
-4.863218449135017885e+00
-4.867593019116811526e+00
-4.763855799412717751e+00
-4.693233438203944452e+00
-4.713140137556251830e+00
-4.870122961292384645e+00
-4.866354210601637753e+00
-4.951039919020549185e+00
-5.267447883363877814e+00
-4.916915574056170968e+00
-5.275113206068433591e+00
-5.280765873264300581e+00
-5.206506171486304346e+00
-5.163022696647169063e+00
-4.905827764264757640e+00
-5.207484074531159912e+00
-4.959473714053721949e+00
-5.347732552699129727e+00
-4.950473256196344707e+00
-4.900181626043408123e+00
-5.318654847305412936e+00
-4.942183446606803088e+00
-4.933695164425047075e+00
-4.958546566087316698e+00
-5.254081172918133369e+00
-5.242820933380418325e+00
-5.254201402219647044e+00
-5.232251896406559410e+00
-5.143112183584335639e+00
-5.250606359328688022e+00
-5.250678910513263631e+00
-5.232175709993422963e+00
-5.241188815898264686e+00
-5.110184233904051965e+00
-5.074960642572684755e+00
-5.142068921815555527e+00
-5.140030264686272332e+00
-5.161946289864936865e+00
-5.127293267271833876e+00
-5.261004734398722960e+00
-5.237025899737094647e+00
-5.109336746060393786e+00
-5.144214298507018945e+00
-5.119368421297658678e+00
-5.562437672560349711e+00
-5.560925560901205600e+00
-5.580013688010779127e+00
-5.569932252974097331e+00
-5.581167019734995627e+00
-5.564420007609597540e+00
-5.544959453467623867e+00
-5.571138479992112202e+00
-4.735876265188338152e+00
-4.750145276184695398e+00
-5.086262937909918236e+00
-4.716236475924832305e+00
-4.641896633321861643e+00
-4.690445190915522922e+00
-4.589563740435782080e+00
-4.657259023949817056e+00
-5.682309658342091119e+00
-5.650639610455749029e+00
-5.517008843855425226e+00
-5.549576204021989589e+00
-5.544591043499214500e+00
-5.516776584484776258e+00
-5.545776368872968654e+00
-5.627589181098170634e+00
-5.692810791614865806e+00
-5.670230021834557377e+00
-5.674639501914856332e+00
-5.636912689845036795e+00
-5.652642116245357506e+00
-5.638889564795335652e+00
-5.643363280200733634e+00
-4.766802905474280649e+00
-4.762450460558551590e+00
-4.737330604939097078e+00
-4.737143393162660310e+00
-4.739900033304381033e+00
-4.726392621447189413e+00
-4.741137927241905636e+00
-4.746756627909864967e+00
-4.797431563395814891e+00
-4.802739595321142474e+00
-4.812291623970956778e+00
-4.788339665820230628e+00
-4.803323015179638666e+00
-4.735931781133555063e+00
-4.744697718251591034e+00
-4.823252930995118426e+00
-4.709471780364868465e+00
-4.824895502456069352e+00
-4.846128051533775682e+00
-4.821974788930030620e+00
-4.815734110623034248e+00
-4.754183588225701307e+00
-4.787463573578583542e+00
-4.813981915555941349e+00
-4.802316513831613065e+00
-4.777281160063311383e+00
-4.803058841290275716e+00
-4.826991787989393323e+00
-4.823463241236349397e+00
-4.807278099289248985e+00
-4.825920179975025981e+00
-4.830871512009573543e+00
-4.803471112817683242e+00
-4.815036678060838682e+00
-4.834436607239388728e+00
-4.835252423010868661e+00
-4.852447408979127630e+00
-5.104033331041923915e+00
-5.109869963640391255e+00
-5.103257630124478084e+00
-5.096766779021111304e+00
-5.102532547108064698e+00
-5.110265397447585123e+00
-5.306942614058715257e+00
-5.302976564908869150e+00
-5.298444345671708966e+00
-5.297299452159428768e+00
-5.303112690528823947e+00
-5.303650189144129889e+00
-5.298485302360724347e+00
-5.301392874827028479e+00
-5.296232899424285989e+00
-5.297824818000675506e+00
