-5.436333402998481112e+00
-5.389009206707621402e+00
-5.318950744699909805e+00
-5.132746673515994118e+00
-5.462995603277376766e+00
-5.465362368354852229e+00
-5.502899830360641786e+00
-5.481101761011970552e+00
-5.498218375062265295e+00
-5.510719076292396323e+00
-5.508955421680685305e+00
-5.469507894899434675e+00
-5.117635581307663273e+00
-5.131474279796583993e+00
-5.113166472421278641e+00
-5.131691155468641519e+00
-5.148628314558859387e+00
-5.140717651918283337e+00
-5.128902735737508323e+00
-5.131993778349865032e+00
-5.151607503534521015e+00
-5.162754776000861412e+00
-5.135803184488583639e+00
-5.397767414644447648e+00
-5.430782263990656666e+00
-5.474231580970162270e+00
-5.511555693917427057e+00
-5.062594015530283542e+00
-5.409531602686012519e+00
-5.433199485018675112e+00
-5.367114403636999320e+00
-5.324740149339866946e+00
-5.389139191687004171e+00
-5.158446132618836444e+00
-5.427712658637375398e+00
-5.446370221524047039e+00
-5.413063525833714529e+00
-5.124570555943993355e+00
-5.504461987353566066e+00
-5.551796361258676704e+00
-5.722831167485950665e+00
-5.421183319599161443e+00
-5.522010986939088539e+00
-5.698073807001380331e+00
-5.520089814576117249e+00
-5.545075968267785704e+00
-5.476507193934031292e+00
-5.531741098031130122e+00
-5.565482787220823013e+00
-5.713240540496026476e+00
-5.480204107480193265e+00
-5.469353903518431537e+00
-5.536971552934166318e+00
-5.588476287271774368e+00
-5.442629542051199643e+00
-5.478536793773187696e+00
-5.498019284734399825e+00
-5.543267403337694965e+00
-5.583142583129473202e+00
-5.662304961423360261e+00
-5.651652500802399892e+00
-5.746927511684386758e+00
-5.744314129729693796e+00
-5.646522230122796415e+00
-5.641659078205942812e+00
-5.625576533490316500e+00
-5.630025163366373597e+00
-5.642902030686280490e+00
-5.668703895168144768e+00
-5.620665033769800090e+00
-5.670417060236641049e+00
-5.625493675417118311e+00
-5.681237052384946473e+00
-5.619678579713464295e+00
-5.648861624783031665e+00
-5.751044350790467163e+00
-5.641398613748678237e+00
-5.628559206426531070e+00
-5.638443287382736813e+00
-5.652677537831030996e+00
-5.636880436710713482e+00
-5.630836631980545626e+00
-5.632238555303418437e+00
-5.624205843070225086e+00
-5.630084149122880355e+00
-5.656670612778235352e+00
-5.641734898885507832e+00
-5.657802198257019910e+00
-5.648900919229194351e+00
-5.731674310792235438e+00
-5.717943092394675908e+00
-5.736645306157697632e+00
-5.658559846337350763e+00
-5.706454522865014312e+00
-5.703782430316055141e+00
-5.715320650910465261e+00
-5.705417554394961677e+00
-5.688102026539734624e+00
-5.514744118448276389e+00
-5.579058948466969703e+00
-5.534913924124613693e+00
-5.567714786540989280e+00
-5.513194135518864947e+00
-5.548391034920581610e+00
-5.515275727448718968e+00
-5.571116366366718253e+00
-5.631284745945687398e+00
-5.522911864350180444e+00
-5.476908513556288938e+00
-5.517061018810289319e+00
-5.532299909741333899e+00
-5.499801189487621755e+00
-5.481439356897277904e+00
-5.541675739601495287e+00
-5.485944995723198936e+00
-5.545319411143706745e+00
-5.533059313082908659e+00
-5.600068572824235424e+00
-5.550109284419086464e+00
-5.545599539762576136e+00
-5.519260398260394496e+00
-5.538251357412341314e+00
-4.733622503988720531e+00
-4.659007517426912770e+00
-4.606516772957724548e+00
-4.819926992615911843e+00
-4.781852524040432151e+00
-4.738420959380837516e+00
-5.062697305101585776e+00
-5.071232300005249272e+00
-5.040894489251176225e+00
-5.098521493798447324e+00
-4.724720647887882485e+00
-4.707775314483279239e+00
-4.653693378503771072e+00
-4.690270142743454329e+00
-4.766043574686577244e+00
-4.659642111516778762e+00
-4.649782809905922853e+00
-4.627110285611049534e+00
-4.620570182922661751e+00
-4.732396331601814055e+00
-4.638387758361892210e+00
-4.617450371212791005e+00
-4.605528149738023380e+00
-4.717868186613039860e+00
-4.701768538819679932e+00
-4.737691356513993313e+00
-5.498765849890041579e+00
-5.449874431070559133e+00
-5.387402102430684181e+00
-5.514028944622582529e+00
-5.664344534085941518e+00
-5.716063845262536525e+00
-5.594319666909817634e+00
-5.148423231007619449e+00
-5.217827757841903669e+00
-5.236984243010063267e+00
-5.757956912348573653e+00
-5.772988348850823570e+00
-5.779608766484035876e+00
-5.734430860650339135e+00
-5.765800205717060756e+00
-5.541778032654455899e+00
-5.519020331282503911e+00
-5.547131238771375372e+00
-5.524301324907479049e+00
-5.542561807419404296e+00
-5.661554989324884879e+00
-5.730460861552999496e+00
-5.295280631741491106e+00
-5.237222245969505252e+00
-5.282804379691448560e+00
-5.304292726515388523e+00
-5.333311378517579193e+00
-5.516947443293449105e+00
-5.303203656181899817e+00
-5.345914538065760446e+00
-5.356704170166467271e+00
-5.349637891555771851e+00
-5.342784405813301163e+00
-5.312894974843907825e+00
-5.325269709377090877e+00
-5.310805483712873531e+00
-5.320444798595898916e+00
-4.723436690950197914e+00
-4.737943166531957573e+00
-4.713558206957185526e+00
-4.721710679270381128e+00
-4.730951272444297473e+00
-4.725854886660101783e+00
-4.710024572705249213e+00
-4.727028470496209778e+00
-4.740013302281508523e+00
-4.722103824639914293e+00
-4.730228183582407375e+00
-4.694272773691604783e+00
-4.694343102126776301e+00
-4.706913815949334001e+00
-4.689846338044363350e+00
-4.701511059524512426e+00
-4.689317532890210138e+00
-4.681100102758103176e+00
-4.694443029757723984e+00
-5.203459096306807474e+00
-5.125709906823610496e+00
-5.138547192336480940e+00
-5.124052165136170345e+00
-5.158803690398888087e+00
-5.176523004425667374e+00
-5.192278425468860092e+00
-5.155537596407842926e+00
-5.170792518332714138e+00
-5.386254138373952394e+00
-5.344690320741154466e+00
-5.330029173419442934e+00
-5.329739880770448579e+00
-5.287327646250385982e+00
-5.402197326526176013e+00
-5.387691785940070588e+00
-5.325283874468620837e+00
-5.293168936698258165e+00
-5.098289751638133360e+00
-5.264354818168342831e+00
-5.233974473824119400e+00
-5.345933750274199703e+00
-5.306271034404166365e+00
-4.869443179344703054e+00
-4.843092140882004237e+00
-4.849254950298459654e+00
-4.852624078592168821e+00
-4.859467011789619484e+00
-4.769826265669359522e+00
-4.689551624265155816e+00
-4.714443789453032885e+00
-4.870137149482387073e+00
-4.865108199489475815e+00
-4.952620262073547330e+00
-5.268459778033165897e+00
-4.913766801909935644e+00
-5.274695990865050810e+00
-5.282469552557603976e+00
-5.207428037629862949e+00
-5.160915612456490997e+00
-4.905333911408720660e+00
-5.207573999995005032e+00
-4.953579527552127715e+00
-5.343948740293261501e+00
-4.941787569143642145e+00
-4.896452135236211589e+00
-5.317901572955181067e+00
-4.933465120321899100e+00
-4.927972818814753353e+00
-4.954855984301731020e+00
-5.252965125199373198e+00
-5.242527849997526523e+00
-5.253240645061387326e+00
-5.228544257626494662e+00
-5.141485103873566942e+00
-5.244172137057845795e+00
-5.239626668270646270e+00
-5.227747789180641647e+00
-5.235148554781292596e+00
-5.119066195571427613e+00
-5.083699133706872431e+00
-5.135595833563431967e+00
-5.135220357147877834e+00
-5.159377934796260945e+00
-5.123460844624066368e+00
-5.257286483251542464e+00
-5.224708911817857349e+00
-5.109228521502766185e+00
-5.143624678012831630e+00
-5.114912207538198530e+00
-5.560696164640092753e+00
-5.559178556790301151e+00
-5.573508294128835416e+00
-5.561451652791918221e+00
-5.577754261393939039e+00
-5.560962373551244120e+00
-5.546055149850002586e+00
-5.563577809381167860e+00
-4.734427847933910805e+00
-4.748072487944685172e+00
-5.086795130267338649e+00
-4.712113866060628986e+00
-4.703053543144425142e+00
-4.747982991633667993e+00
-4.667673397739350527e+00
-4.691573228160669018e+00
-5.680869743072357814e+00
-5.649872756912041716e+00
-5.512897345462846488e+00
-5.565056809400247495e+00
-5.538386501347341451e+00
-5.511008186084628946e+00
-5.540586529277181427e+00
-5.615411833820740384e+00
-5.684841680798537134e+00
-5.666377205994527877e+00
-5.667545235123827574e+00
-5.631374693592925418e+00
-5.645870592563960066e+00
-5.631393565285866210e+00
-5.633422361548663382e+00
-4.759694971162757859e+00
-4.757792882696065817e+00
-4.731026533993683003e+00
-4.733041159790925434e+00
-4.732760975989942054e+00
-4.722354364503084767e+00
-4.729803115169511685e+00
-4.736078008242423643e+00
-4.783156806402950600e+00
-4.795500400337752822e+00
-4.801647485600593512e+00
-4.773784635687782441e+00
-4.791822478549895514e+00
-4.729219576216102006e+00
-4.742850454137229832e+00
-4.820632038939368869e+00
-4.703961103116068188e+00
-4.815554890130014698e+00
-4.844942587079823504e+00
-4.809446985886846271e+00
-4.817766786407642776e+00
-4.752613223735516534e+00
-4.779480964955150846e+00
-4.801658866361316669e+00
-4.792069948435902838e+00
-4.769978109697117219e+00
-4.796052553194346757e+00
-4.818531728664236624e+00
-4.823693351012128261e+00
-4.798760376494784374e+00
-4.813617155499652966e+00
-4.825602024804512169e+00
-4.795830686685827793e+00
-4.811827592580950608e+00
-4.827282700367849344e+00
-4.828641722980025364e+00
-4.848129964321671537e+00
-5.077615648187437714e+00
-5.083443279052375807e+00
-5.076093800002837497e+00
-5.070968520330339402e+00
-5.077459227812997966e+00
-5.084088107715914795e+00
-5.285839956252509353e+00
-5.280947201889199860e+00
-5.278282237289844581e+00
-5.275592831138838257e+00
-5.281757083492397697e+00
-5.281770002852560708e+00
-5.277234839822789070e+00
-5.280548307270541031e+00
-5.275374930767271486e+00
-5.277818566363552399e+00
