-5.451480236549914871e+00
-5.406191640817683997e+00
-5.336732413086314963e+00
-5.140698022635827868e+00
-5.479740071695703207e+00
-5.480808203645146648e+00
-5.519988510596129494e+00
-5.498441324572793221e+00
-5.517266235021359932e+00
-5.528526969013930703e+00
-5.523829205361120209e+00
-5.486329491083156817e+00
-5.127564730414382765e+00
-5.140609856593694182e+00
-5.127962608619052176e+00
-5.135291650055272328e+00
-5.154315678587137128e+00
-5.149532615545384218e+00
-5.140382277340503236e+00
-5.135775956623495730e+00
-5.164951880799405259e+00
-5.171064490288788562e+00
-5.141071679974043462e+00
-5.413180962325660595e+00
-5.447101430143928447e+00
-5.491853590681444963e+00
-5.527968982468131287e+00
-5.073981116718247364e+00
-5.426216172063347720e+00
-5.448907822654119215e+00
-5.381566654608167077e+00
-5.343093853662121973e+00
-5.403315936841308620e+00
-5.168564373895115693e+00
-5.442353380652057204e+00
-5.460324004848515322e+00
-5.431177591291778128e+00
-5.130798303557657647e+00
-5.529335004184007474e+00
-5.577679484549316946e+00
-5.753362292038545434e+00
-5.446525436713539392e+00
-5.549325645655776462e+00
-5.727267176987473896e+00
-5.546395014588546779e+00
-5.571025284492550078e+00
-5.505191204274356487e+00
-5.555456807048448908e+00
-5.592220353873039507e+00
-5.745487884281690327e+00
-5.507521797038221756e+00
-5.498095615663067370e+00
-5.566511137826950950e+00
-5.617707720825984019e+00
-5.471863247494143323e+00
-5.506347037275100220e+00
-5.525034988649977663e+00
-5.571277373234152286e+00
-5.609768898646196433e+00
-5.692910649648590393e+00
-5.683433155244674850e+00
-5.779664399636565975e+00
-5.778737061270096120e+00
-5.679712796606599667e+00
-5.671650451406903493e+00
-5.661964614108756955e+00
-5.661400955961140902e+00
-5.673759532237911074e+00
-5.701256454260160034e+00
-5.658178977764612760e+00
-5.702075144660019745e+00
-5.659078424019555520e+00
-5.713563702578882797e+00
-5.649931753198265127e+00
-5.680408357820574849e+00
-5.781646060915863750e+00
-5.670966165692993499e+00
-5.657889618294683842e+00
-5.667358143718346675e+00
-5.682180852929576531e+00
-5.665120511238949774e+00
-5.660210882361084828e+00
-5.661972312568216203e+00
-5.652880457239325196e+00
-5.660569106486224911e+00
-5.686550936815617519e+00
-5.671511347420948645e+00
-5.688085447018265128e+00
-5.678453140481862782e+00
-5.766038986930166921e+00
-5.749281583296958154e+00
-5.762777163676845227e+00
-5.692793444437053374e+00
-5.738367005787872621e+00
-5.733010084840771015e+00
-5.744913603790592127e+00
-5.734525279393370312e+00
-5.718961053860101451e+00
-5.539186206953659486e+00
-5.606777300145744825e+00
-5.563214529037518119e+00
-5.593837914332174144e+00
-5.539412744341905004e+00
-5.574347673710716045e+00
-5.540518450153072649e+00
-5.596985482338090456e+00
-5.661199835152285864e+00
-5.549004007894295931e+00
-5.502260484656737560e+00
-5.540872703098461471e+00
-5.558678919649658212e+00
-5.526681084497143459e+00
-5.506983274808242790e+00
-5.567070751252233052e+00
-5.513882387641809935e+00
-5.572935922932040320e+00
-5.560289753770369714e+00
-5.626343437907402212e+00
-5.577798799157200449e+00
-5.572016962975218313e+00
-5.544627886994170751e+00
-5.564970407451577117e+00
-4.731402750307617033e+00
-4.659511265006738512e+00
-4.612457463594493490e+00
-4.824955320650741619e+00
-4.784007434392660407e+00
-4.738070719871561920e+00
-5.075527196751909997e+00
-5.078877077682920849e+00
-5.051328003850970028e+00
-5.110433587713048453e+00
-4.680210014460797652e+00
-4.669715741259929054e+00
-4.619400245123589599e+00
-4.688860757842096660e+00
-4.769789302485603066e+00
-4.655500610328568989e+00
-4.652526870365775835e+00
-4.623524816796998671e+00
-4.620427914245184731e+00
-4.727809515594159961e+00
-4.627453412423689905e+00
-4.613050524714976675e+00
-4.607159168297325635e+00
-4.713960795352434729e+00
-4.707509584246975187e+00
-4.747611010951262145e+00
-5.509419893188680639e+00
-5.461346554871601811e+00
-5.398262511721688028e+00
-5.525951390115901418e+00
-5.692901773514465802e+00
-5.746637937985639155e+00
-5.623010198974752960e+00
-5.148432061161339668e+00
-5.217306153959745174e+00
-5.241136916515525712e+00
-5.793119371617113877e+00
-5.805091311727108128e+00
-5.807474985157901948e+00
-5.772193111407424304e+00
-5.799433087805353715e+00
-5.557079985384940635e+00
-5.534021781088377168e+00
-5.561891396871657456e+00
-5.538605600983722788e+00
-5.557994130784342346e+00
-5.690484166891094375e+00
-5.761574411058560052e+00
-5.305826204013381897e+00
-5.238125631387974046e+00
-5.294167863221384884e+00
-5.316503197287486771e+00
-5.344855572173788261e+00
-5.529758903958803984e+00
-5.308362770433940447e+00
-5.348369131609241656e+00
-5.360177752091660253e+00
-5.352495804907491106e+00
-5.347974272713617694e+00
-5.318799027025357340e+00
-5.329156041831140556e+00
-5.315599553632063490e+00
-5.324688397113991556e+00
-4.711229364373826556e+00
-4.732451087183271454e+00
-4.710272618531249122e+00
-4.713970467513488138e+00
-4.725320960454825858e+00
-4.722715928920490747e+00
-4.705192481696613527e+00
-4.719981587746716833e+00
-4.729731310735808769e+00
-4.716099566031505930e+00
-4.728761970597598285e+00
-4.689871559637056819e+00
-4.684489825794905471e+00
-4.709545376063312361e+00
-4.692569459681977584e+00
-4.697390657333984976e+00
-4.685558693702564170e+00
-4.677254642626013315e+00
-4.692599548423977751e+00
-5.207086549544692744e+00
-5.133097413708870960e+00
-5.142217053602301746e+00
-5.130944476626278394e+00
-5.163985789377495195e+00
-5.178197224927870046e+00
-5.200192551177938327e+00
-5.155618708165479624e+00
-5.174122840002878476e+00
-5.395066962962953738e+00
-5.350729151304248532e+00
-5.334926868126139254e+00
-5.335093763389179067e+00
-5.290539781636667271e+00
-5.409801858353954884e+00
-5.396160731737642990e+00
-5.331352783622268277e+00
-5.299040829144042952e+00
-5.103085009291487673e+00
-5.270904580149966101e+00
-5.242090230885625424e+00
-5.352992005929605668e+00
-5.310559876237310739e+00
-4.878324868074597198e+00
-4.854580596492517053e+00
-4.852234608623737344e+00
-4.862646404878547379e+00
-4.869811258431886003e+00
-4.776346491529090521e+00
-4.707633243536834655e+00
-4.728286494887064428e+00
-4.876091854492641708e+00
-4.872279181057984410e+00
-4.954479001171823604e+00
-5.272559494883335418e+00
-4.913944284076899649e+00
-5.278930900046813868e+00
-5.287591575557057055e+00
-5.209710997570397240e+00
-5.163862453515887019e+00
-4.908798668802058174e+00
-5.212498903427247754e+00
-4.957563945882409229e+00
-5.350070882031273456e+00
-4.944519443509599377e+00
-4.893635321451212050e+00
-5.321250606595556931e+00
-4.935304591593690837e+00
-4.929106089760243670e+00
-4.958667898090791226e+00
-5.258544306020983328e+00
-5.245010269498251887e+00
-5.255743322214666335e+00
-5.234231576457954560e+00
-5.150736786600368156e+00
-5.264447292156942737e+00
-5.266367644958953598e+00
-5.251518780599726099e+00
-5.250005838957979343e+00
-5.127772052694082205e+00
-5.084672619179433362e+00
-5.148298995299551706e+00
-5.148500148464988158e+00
-5.163932579610726492e+00
-5.137671395162413113e+00
-5.269152646646088733e+00
-5.244421734035457305e+00
-5.120314557436059566e+00
-5.151720415479027260e+00
-5.125867606208106331e+00
-5.582961598364949651e+00
-5.583020576374821076e+00
-5.598093262876055576e+00
-5.588729580638769789e+00
-5.603019227542406888e+00
-5.586201542953403987e+00
-5.568147861830842871e+00
-5.589810157619211850e+00
-4.727866404892586694e+00
-4.753823893294328862e+00
-5.101060826417715077e+00
-4.712785415349656226e+00
-4.674738837181134699e+00
-4.722429702499964854e+00
-4.603724647213848442e+00
-4.669351762233418413e+00
-5.705154908467366504e+00
-5.674871563309893396e+00
-5.536016824751080811e+00
-5.587872866130760841e+00
-5.568855474095956382e+00
-5.538527567285079556e+00
-5.567154854968350719e+00
-5.651088506030139236e+00
-5.717231499207406031e+00
-5.697727509217823894e+00
-5.698729040006753621e+00
-5.660217840549279344e+00
-5.676044557919058597e+00
-5.661022602781898172e+00
-5.667073569374206699e+00
-4.758090442804195241e+00
-4.754332839083733830e+00
-4.725731779837287760e+00
-4.728898997813615779e+00
-4.732763844363375050e+00
-4.716515799437876133e+00
-4.730816299833424665e+00
-4.736126235914960958e+00
-4.774180060393697467e+00
-4.789663074564179723e+00
-4.797324087976981843e+00
-4.778230999208997964e+00
-4.787452195702202040e+00
-4.722987001064006485e+00
-4.735685144841103700e+00
-4.821520580808946299e+00
-4.700581055918086726e+00
-4.811601010712935000e+00
-4.836716488142708492e+00
-4.807114744084578284e+00
-4.814433787653978669e+00
-4.747727430644069990e+00
-4.774046012314325793e+00
-4.804562065964835149e+00
-4.789868227847678739e+00
-4.766016002578846944e+00
-4.792060293959472084e+00
-4.816948004047175047e+00
-4.822362723818665486e+00
-4.800571872680463592e+00
-4.817498253649691087e+00
-4.825621510270770465e+00
-4.793227581871452259e+00
-4.807576784526908398e+00
-4.823462233598326598e+00
-4.822856596385949324e+00
-4.848195806718804235e+00
-5.136730597807644294e+00
-5.141275135754309389e+00
-5.135418110784579326e+00
-5.129169795214352234e+00
-5.134460014902590075e+00
-5.142697535751521443e+00
-5.323083984835862204e+00
-5.320323520962227271e+00
-5.315532057719265957e+00
-5.314483324950891152e+00
-5.320128845501072234e+00
-5.320888972455775523e+00
-5.315303965735821201e+00
-5.316760778487349626e+00
-5.313582824018673101e+00
-5.313827383535214111e+00
