-5.440490152978745719e+00
-5.392946766391108149e+00
-5.322906473350870193e+00
-5.132141815907822036e+00
-5.467099796126175804e+00
-5.468875417803164218e+00
-5.508691650174546872e+00
-5.487360905985537940e+00
-5.502943001470051776e+00
-5.515639535699742524e+00
-5.510620284306006589e+00
-5.474129622980755450e+00
-5.115729290813935570e+00
-5.130580021338190910e+00
-5.116334454945262955e+00
-5.127953801541260681e+00
-5.144112574589828846e+00
-5.139811978645492552e+00
-5.125196754481227579e+00
-5.126245132473945532e+00
-5.154335586171615802e+00
-5.161410822147853850e+00
-5.132832878959626477e+00
-5.398798579493857552e+00
-5.434139045259888334e+00
-5.480756986151538612e+00
-5.517483127109527707e+00
-5.063076240963137131e+00
-5.413517391336373663e+00
-5.436049357264417736e+00
-5.369763355368431412e+00
-5.333030937275226258e+00
-5.391136223077853451e+00
-5.155815782551967708e+00
-5.433168704140281413e+00
-5.449945144918818762e+00
-5.416831023867352712e+00
-5.121973561921958407e+00
-5.504647322088342953e+00
-5.553733279538245249e+00
-5.724521833452366870e+00
-5.422553331593970682e+00
-5.523202272425444370e+00
-5.699999012755567307e+00
-5.522779698345603450e+00
-5.548419781688568087e+00
-5.479866415552568704e+00
-5.533947309753529886e+00
-5.567570186063623972e+00
-5.715554028660816854e+00
-5.484040719714067258e+00
-5.472308503905659371e+00
-5.540815517738479912e+00
-5.591263357699478576e+00
-5.448725967767231282e+00
-5.481299189054888998e+00
-5.501139273181637535e+00
-5.545914396861292062e+00
-5.585037200115797518e+00
-5.664813114237503555e+00
-5.656757357403336961e+00
-5.749360824564112349e+00
-5.747449684001884940e+00
-5.649154093566088441e+00
-5.644641209037392748e+00
-5.635635342815613846e+00
-5.636033939241004376e+00
-5.645161612630260173e+00
-5.671430706154917623e+00
-5.629522073956943373e+00
-5.673291033588649057e+00
-5.630426639441059145e+00
-5.684068854083561995e+00
-5.622985785188686414e+00
-5.651972644740518525e+00
-5.752220431904869535e+00
-5.644213422044583872e+00
-5.630887942488095987e+00
-5.640823077413178233e+00
-5.656713565753406670e+00
-5.640393437160186707e+00
-5.633988420788297979e+00
-5.635963730420671780e+00
-5.627114345756206504e+00
-5.634763338854579473e+00
-5.657962439425490153e+00
-5.643652843648392370e+00
-5.662575134479119754e+00
-5.652784278348457647e+00
-5.731594274720120730e+00
-5.717533260274755058e+00
-5.736839512249895634e+00
-5.659185501452554945e+00
-5.707295450123965885e+00
-5.703080434955473343e+00
-5.716224634513322300e+00
-5.706074375478666916e+00
-5.688479913249508080e+00
-5.513054846087303673e+00
-5.583038511352514277e+00
-5.536785785744288368e+00
-5.565662566710736670e+00
-5.510120504053972468e+00
-5.546071015791759429e+00
-5.512436687573548433e+00
-5.571003199115454052e+00
-5.633488031754787073e+00
-5.522323757754448614e+00
-5.475595401734296708e+00
-5.516050527262287062e+00
-5.532758906852903280e+00
-5.504039328296821409e+00
-5.479672829869659978e+00
-5.540210637565279761e+00
-5.487656213275913686e+00
-5.545770016060939334e+00
-5.531548267780904915e+00
-5.598564175088503347e+00
-5.552413564621424769e+00
-5.545838077897099261e+00
-5.516648498843895965e+00
-5.541115780653982803e+00
-4.733544691082411937e+00
-4.663572601615005198e+00
-4.607997793272095244e+00
-4.820520929542972510e+00
-4.783704602464703193e+00
-4.744568025675787837e+00
-5.059286821631771680e+00
-5.064728454647021927e+00
-5.034748125643731420e+00
-5.095309114591419331e+00
-4.699156152018487020e+00
-4.677769472130774098e+00
-4.627501496877766130e+00
-4.690867124135341015e+00
-4.767497607582771302e+00
-4.659271433903118265e+00
-4.646938373023989044e+00
-4.625492422000800019e+00
-4.626536746637241571e+00
-4.735975959678732750e+00
-4.633277035795742904e+00
-4.621133248573343622e+00
-4.610537461925294345e+00
-4.720715650751751369e+00
-4.708190896571850637e+00
-4.735166357724784447e+00
-5.502911441991592767e+00
-5.453772459033369380e+00
-5.388767656995604227e+00
-5.517979678167675317e+00
-5.665304763712839531e+00
-5.717314997758576212e+00
-5.596089154211835393e+00
-5.148744506501363283e+00
-5.216830862183943651e+00
-5.241183815903530885e+00
-5.758913835013704130e+00
-5.773031265618912222e+00
-5.780022929462923287e+00
-5.736627625316502943e+00
-5.767250788975813336e+00
-5.547136293965650999e+00
-5.522793439684640759e+00
-5.551929839449011084e+00
-5.530285890382490521e+00
-5.547730918456874605e+00
-5.665127205243498665e+00
-5.732392401724682784e+00
-5.291844391740030851e+00
-5.237981818607173601e+00
-5.274678498427483930e+00
-5.303287245807449146e+00
-5.332096579517762613e+00
-5.522282566011025295e+00
-5.304299998167634200e+00
-5.345053635362651434e+00
-5.355978148284064488e+00
-5.348643229289935519e+00
-5.342977491768451159e+00
-5.309638960806370989e+00
-5.322912623777489749e+00
-5.307058508973721445e+00
-5.317495890486731547e+00
-4.716612069353672609e+00
-4.734084475349689569e+00
-4.710836260941817066e+00
-4.719853500840117455e+00
-4.731605842488340485e+00
-4.726252212279137943e+00
-4.707579684969529943e+00
-4.724263613362760239e+00
-4.733447613109705188e+00
-4.720796184868365053e+00
-4.729975415867682109e+00
-4.695818091606964728e+00
-4.691685423777194330e+00
-4.715534689256958956e+00
-4.692516461941923289e+00
-4.705507417298663064e+00
-4.690707432238806263e+00
-4.688484943792111004e+00
-4.693931233584733853e+00
-5.197942451608621006e+00
-5.129576684100571882e+00
-5.140747140184024566e+00
-5.123470126751460185e+00
-5.160363684561201758e+00
-5.171044344166830342e+00
-5.189622608283228189e+00
-5.155508000601359164e+00
-5.160544924292565838e+00
-5.389324992183209595e+00
-5.344832150992108843e+00
-5.330108776751044886e+00
-5.330924347938320373e+00
-5.289370491474858937e+00
-5.404311769446633384e+00
-5.390490213084963678e+00
-5.325432209040904752e+00
-5.292010965414114310e+00
-5.098083480176695659e+00
-5.265361408022547707e+00
-5.236114743822946060e+00
-5.346786378510170579e+00
-5.306435861833612933e+00
-4.875358093927474101e+00
-4.849595912177474766e+00
-4.852231333850373751e+00
-4.861684807142206743e+00
-4.865244394295521246e+00
-4.769339321992670300e+00
-4.706085499496662550e+00
-4.719893834471077909e+00
-4.873627607751915392e+00
-4.867661724193911965e+00
-4.949320429889066730e+00
-5.265526183189058074e+00
-4.915642481406330866e+00
-5.270862719097570093e+00
-5.278539726889544426e+00
-5.199270505456613733e+00
-5.153832112557577005e+00
-4.901856087914454818e+00
-5.202842004606919701e+00
-4.960677057814608659e+00
-5.347198615190769999e+00
-4.946955457977830761e+00
-4.895946966957936297e+00
-5.316339953897093018e+00
-4.940017253399326513e+00
-4.931548005281450209e+00
-4.958323987638205921e+00
-5.250022404255155983e+00
-5.239859337840973907e+00
-5.251182268486942917e+00
-5.224109583139345148e+00
-5.135880750298611908e+00
-5.248393924146604661e+00
-5.249557646609990691e+00
-5.234260711173408076e+00
-5.242181396006978744e+00
-5.119735082705322959e+00
-5.076508648608695218e+00
-5.135125733445759622e+00
-5.135450427310098043e+00
-5.159571130676964934e+00
-5.124615440841221670e+00
-5.258691330072534420e+00
-5.234855345840695229e+00
-5.108126196316188583e+00
-5.140050048362285295e+00
-5.116557101870109037e+00
-5.557476899152215211e+00
-5.556992656896460048e+00
-5.573541286435100162e+00
-5.561760914328563565e+00
-5.576427205600041681e+00
-5.555806066764005458e+00
-5.540507594946635805e+00
-5.562147965201582167e+00
-4.735003506885831825e+00
-4.744613186696860829e+00
-5.075853489408891583e+00
-4.716887118252026667e+00
-4.684136419680735131e+00
-4.720199510241439356e+00
-4.638491454608359099e+00
-4.687704925683553014e+00
-5.678728985323735046e+00
-5.646648425448370645e+00
-5.511896034321039473e+00
-5.564150963548956774e+00
-5.539661702393170906e+00
-5.513441392337830038e+00
-5.544258548723013824e+00
-5.623706690377042960e+00
-5.687629079029167478e+00
-5.670891010421062362e+00
-5.671880184181866014e+00
-5.632826785551858784e+00
-5.647928277731696589e+00
-5.632778235476735063e+00
-5.636830765759879291e+00
-4.758704934810090492e+00
-4.761610828848224841e+00
-4.732965837739045334e+00
-4.733326579167260739e+00
-4.737787046610702824e+00
-4.721256128963074339e+00
-4.733893041427689852e+00
-4.740970161062239896e+00
-4.782959662854525007e+00
-4.787555974545494308e+00
-4.803572413500544869e+00
-4.772260807999166410e+00
-4.785104351560114821e+00
-4.728404420473062864e+00
-4.743559696145490001e+00
-4.819482494769898651e+00
-4.699968955644600044e+00
-4.817032568052832531e+00
-4.838435607901939939e+00
-4.807902597862693028e+00
-4.811469333098730594e+00
-4.752999107154235681e+00
-4.789536320295270322e+00
-4.803614173147745525e+00
-4.783974313875439144e+00
-4.769690268755545581e+00
-4.797093677125402245e+00
-4.820302998351575496e+00
-4.815147575330009033e+00
-4.807177956113602768e+00
-4.820368967816399675e+00
-4.830564062854770135e+00
-4.798857147626799602e+00
-4.809835176846300797e+00
-4.828143896637332233e+00
-4.826397908013521310e+00
-4.852372343568577939e+00
-5.057408527955358224e+00
-5.065461568946818538e+00
-5.056769884325619913e+00
-5.048365396530518190e+00
-5.054065727195691693e+00
-5.076140995908454023e+00
-5.290679168696176049e+00
-5.288610256874068938e+00
-5.284793803413731617e+00
-5.280376566754440226e+00
-5.287909025094545079e+00
-5.286243056199289470e+00
-5.283889742366133291e+00
-5.284944230338991744e+00
-5.281650086700159008e+00
-5.280986482339330657e+00
