-5.437499827960394327e+00
-5.392736718123181561e+00
-5.327285370584717406e+00
-5.145362356033704287e+00
-5.465717866342994391e+00
-5.469445721901002422e+00
-5.508223949017537535e+00
-5.486277278386957335e+00
-5.506815492621972119e+00
-5.516326421471944741e+00
-5.513074525523072644e+00
-5.471904714052352681e+00
-5.115244406180782022e+00
-5.128991639212034492e+00
-5.124988197312363880e+00
-5.139441305721222264e+00
-5.145989293107269269e+00
-5.142141406322064512e+00
-5.137686312355106644e+00
-5.125500590017152192e+00
-5.168909422874532034e+00
-5.166009482776261486e+00
-5.119076994559068616e+00
-5.407985615664418155e+00
-5.435572137221439171e+00
-5.480272027527846923e+00
-5.518649287558909045e+00
-5.056737280025645376e+00
-5.416818188828854019e+00
-5.438446652238878798e+00
-5.370022863432938109e+00
-5.342152277283665818e+00
-5.395756895382469054e+00
-5.160077461644729802e+00
-5.431996120010498252e+00
-5.448515347274285325e+00
-5.419707621468999648e+00
-5.128189013141737362e+00
-5.519576899445678642e+00
-5.559101813628331890e+00
-5.731881587680152101e+00
-5.428035481305447441e+00
-5.533613575179357369e+00
-5.706116268360897692e+00
-5.533291917850275965e+00
-5.557021000351091367e+00
-5.488494790462019601e+00
-5.544844478882347438e+00
-5.577160164535667874e+00
-5.724032290244132959e+00
-5.491655346339777921e+00
-5.480151965569037387e+00
-5.549480934031431723e+00
-5.601032810405918383e+00
-5.453410263481679010e+00
-5.488740723217575557e+00
-5.513544752208257904e+00
-5.553045436239232302e+00
-5.592757583857608239e+00
-5.670443409103667953e+00
-5.670994892438868007e+00
-5.756918248903668101e+00
-5.755825485105500405e+00
-5.658671198153393256e+00
-5.651513156789707004e+00
-5.642898965500360298e+00
-5.642323524057703210e+00
-5.653072099436228015e+00
-5.679825033759492214e+00
-5.638314846334426811e+00
-5.682800947190886021e+00
-5.636973221828631253e+00
-5.696604678159655322e+00
-5.628907917590570520e+00
-5.660998562644424581e+00
-5.757999648695320438e+00
-5.648020737464878316e+00
-5.636817262466976786e+00
-5.648845683429111197e+00
-5.661701445653513076e+00
-5.647619260774754402e+00
-5.641371819519863884e+00
-5.640800163958190616e+00
-5.632251542943357947e+00
-5.640727680778662823e+00
-5.668898149196311742e+00
-5.656149352886097326e+00
-5.671031469942515280e+00
-5.661673530972959334e+00
-5.743689320558913458e+00
-5.728326546362853655e+00
-5.745091634394445812e+00
-5.668392232202626779e+00
-5.715987592464578881e+00
-5.711696857707281971e+00
-5.724510927944906236e+00
-5.713667730312477211e+00
-5.697342895212815783e+00
-5.517685377645489275e+00
-5.589268806016338687e+00
-5.544248413410457488e+00
-5.577610953195813792e+00
-5.519062128456720728e+00
-5.553108546727544947e+00
-5.523063298711496039e+00
-5.586058489802109506e+00
-5.642608141497485796e+00
-5.539014576982832061e+00
-5.492291243580581295e+00
-5.529652666545469053e+00
-5.554317732825974296e+00
-5.506149443789895237e+00
-5.492267120617520426e+00
-5.556797805472037055e+00
-5.495046743579288240e+00
-5.554675357089251975e+00
-5.540802077301742123e+00
-5.610660163657255062e+00
-5.558401525517248309e+00
-5.549254080725105176e+00
-5.536438385227167025e+00
-5.545487870678458719e+00
-4.760695726828706675e+00
-4.675567693974597816e+00
-4.626631452369810660e+00
-4.835190056360572086e+00
-4.797556849914688115e+00
-4.748657523602734187e+00
-5.052860634603677958e+00
-5.070300465723456718e+00
-5.040312142329763212e+00
-5.096347111024883247e+00
-4.847056110322155220e+00
-4.781131635776055155e+00
-4.619510662615646801e+00
-4.703088012186372957e+00
-4.798266699548540792e+00
-4.660468641612236951e+00
-4.645152757175026181e+00
-4.619400007543871922e+00
-4.635334292866112094e+00
-4.735911540475807868e+00
-4.638096459194675170e+00
-4.633795077247222061e+00
-4.631467513929140800e+00
-4.733424418677261158e+00
-4.722485722092789828e+00
-4.777180851336742862e+00
-5.500020372875630947e+00
-5.449670563419380720e+00
-5.387417401982177445e+00
-5.515196683727677573e+00
-5.676533115533248797e+00
-5.728542447775160973e+00
-5.603359920536622241e+00
-5.146729551296306049e+00
-5.214573856471020008e+00
-5.244572273420157416e+00
-5.771130888547020277e+00
-5.784624922792061419e+00
-5.788209046860075979e+00
-5.749475986448491227e+00
-5.779688672790464388e+00
-5.543809368320479436e+00
-5.519850790817850239e+00
-5.549373378667895373e+00
-5.529502427796790798e+00
-5.544882097202746607e+00
-5.673292977018997263e+00
-5.743652132073326477e+00
-5.283941571890947486e+00
-5.239304106853006182e+00
-5.272388921583789134e+00
-5.305091980704513155e+00
-5.330910311244008604e+00
-5.520725258795753376e+00
-5.295553291961770270e+00
-5.337863170796052437e+00
-5.347702394204016940e+00
-5.342630083705334876e+00
-5.335390305225861773e+00
-5.303911628397274036e+00
-5.319763610448028146e+00
-5.307421020215280727e+00
-5.314510321723119546e+00
-4.734275788090272385e+00
-4.739746731895390752e+00
-4.728735474880464196e+00
-4.729544784384238199e+00
-4.739400675127732221e+00
-4.718286469251331106e+00
-4.716870025445158099e+00
-4.738790065768459847e+00
-4.741121143538286731e+00
-4.726202930028516214e+00
-4.737347102253635533e+00
-4.698704834333009117e+00
-4.707093030863019223e+00
-4.710124884674890211e+00
-4.694997336916398645e+00
-4.704868138034481007e+00
-4.695975912538558283e+00
-4.683576903873247765e+00
-4.705556302237351218e+00
-5.201593325663615097e+00
-5.159267956805479116e+00
-5.165222780835152960e+00
-5.149874632932007756e+00
-5.194627920559273804e+00
-5.172417439517195348e+00
-5.217590452235970844e+00
-5.198640889502803120e+00
-5.170333620624664839e+00
-5.386426657213429614e+00
-5.343098446907377230e+00
-5.330785718022085895e+00
-5.332783715984428241e+00
-5.281132706179399783e+00
-5.403385782233550927e+00
-5.393638818384533629e+00
-5.325489932702804019e+00
-5.303759977858137020e+00
-5.128721429723925418e+00
-5.278047375280540798e+00
-5.254508756778383471e+00
-5.351479118021746473e+00
-5.311843391918136703e+00
-4.937689239159410270e+00
-4.912430859723827759e+00
-4.914991737268197269e+00
-4.914291168654845166e+00
-4.890727764843561864e+00
-4.860080184877415554e+00
-4.805585811970123800e+00
-4.834561865952128557e+00
-4.922843444453216755e+00
-4.917430649132494835e+00
-4.953034440906231239e+00
-5.265059285505642173e+00
-4.923833248806114504e+00
-5.273087288867789546e+00
-5.281665503375438497e+00
-5.205096689875271743e+00
-5.141845217624969600e+00
-4.912019227196608995e+00
-5.201834182673713336e+00
-4.974144907124509629e+00
-5.345200750024069691e+00
-4.944910995837484613e+00
-4.894484181969242620e+00
-5.310889025558984677e+00
-4.937545367372428551e+00
-4.930175711279348505e+00
-4.954208922413612548e+00
-5.250968373086914553e+00
-5.238272698003474837e+00
-5.231148573767205434e+00
-5.221021648260370185e+00
-5.134544263672252029e+00
-5.277762031990532954e+00
-5.278722970022138306e+00
-5.265230574569946143e+00
-5.279531085722131145e+00
-5.119966162992293235e+00
-5.074198411741978276e+00
-5.157936157016152379e+00
-5.140813152616191317e+00
-5.160274333503419797e+00
-5.128103953725463349e+00
-5.276814023981150292e+00
-5.252707428099634868e+00
-5.114526970114105175e+00
-5.144973048569473129e+00
-5.124461531297497707e+00
-5.587257355156510563e+00
-5.588561386571750944e+00
-5.592030316090518482e+00
-5.568572028856736189e+00
-5.596622826844115828e+00
-5.591987693211065924e+00
-5.573001335031345427e+00
-5.581180782099701254e+00
-4.741828069167800308e+00
-4.778200291075426875e+00
-5.082300529831419666e+00
-4.726916688483573381e+00
-4.817528952948622489e+00
-4.866913819638745586e+00
-5.161583617507349508e+00
-4.825343921588294727e+00
-5.701886097247687246e+00
-5.659716914430571677e+00
-5.524481095307153922e+00
-5.585087889415048856e+00
-5.552526816013580557e+00
-5.540623230312594849e+00
-5.556183126994533872e+00
-5.640112681823548968e+00
-5.701260239662313545e+00
-5.682603319765543226e+00
-5.683265541875668347e+00
-5.639668982420832144e+00
-5.653822095566254369e+00
-5.642616223928397901e+00
-5.668674907974951438e+00
-4.768273024871374055e+00
-4.759266462717350876e+00
-4.738363293305871693e+00
-4.742391793354855167e+00
-4.751315398561271941e+00
-4.731072874529806072e+00
-4.736568904826593318e+00
-4.748076273125000135e+00
-4.786096748555609182e+00
-4.780059473415602334e+00
-4.810438474783468976e+00
-4.756242092255196674e+00
-4.782067809588885332e+00
-4.740342810127713413e+00
-4.743666512349808073e+00
-4.809300636876518098e+00
-4.702275671803750612e+00
-4.817578745241103633e+00
-4.845989552505100662e+00
-4.807181963420442017e+00
-4.803296199095800745e+00
-4.758064761132422937e+00
-4.786618898402625000e+00
-4.799298605869863010e+00
-4.809269329282364502e+00
-4.773438823984715640e+00
-4.800623846885871515e+00
-4.824243273192456272e+00
-4.821562191401612907e+00
-4.797224367949847412e+00
-4.812892203189132800e+00
-4.827977991489275311e+00
-4.805120131495504765e+00
-4.805956065552532408e+00
-4.833838713278971966e+00
-4.825815436442538520e+00
-4.836911746807601276e+00
-5.163785093947137028e+00
-5.169058746067405785e+00
-5.158466150345320855e+00
-5.150877688690128409e+00
-5.155260236818302033e+00
-5.169195597155423982e+00
-5.313224640292506962e+00
-5.304569909828448893e+00
-5.304171372064541146e+00
-5.303251129465812674e+00
-5.311375127708690691e+00
-5.314691489044796491e+00
-5.309378759334931530e+00
-5.306026018028002333e+00
-5.301511612605507295e+00
-5.303271273084162907e+00
