-5.441936024230463964e+00
-5.396281625623644551e+00
-5.327951915163994023e+00
-5.145276386578899519e+00
-5.467189941035490719e+00
-5.471771828281118744e+00
-5.508705283124997187e+00
-5.486265718957262116e+00
-5.503183885360459549e+00
-5.517181734455670394e+00
-5.514284863178038343e+00
-5.477390156974660584e+00
-5.123561159372870932e+00
-5.137878991023301367e+00
-5.123373177336707052e+00
-5.148113156546482827e+00
-5.155376738582622131e+00
-5.145753861961101627e+00
-5.136273431618458396e+00
-5.138431952449659335e+00
-5.161717826855984903e+00
-5.166722245134653946e+00
-5.134500996515607874e+00
-5.401115785659071911e+00
-5.437069098060015371e+00
-5.480771935286076868e+00
-5.515818709610916137e+00
-5.067484027655948964e+00
-5.414572176280714189e+00
-5.438487881501600008e+00
-5.371546391341480486e+00
-5.328265324100172506e+00
-5.391713777513217565e+00
-5.165627611925654783e+00
-5.432406402399207579e+00
-5.450765447501356498e+00
-5.419562844106561528e+00
-5.123876484008945908e+00
-5.514613830635341607e+00
-5.564831341054603975e+00
-5.736285236443653623e+00
-5.433509869092650213e+00
-5.535674302258108526e+00
-5.709457898900300421e+00
-5.532851415391183636e+00
-5.557086059131838063e+00
-5.487694663147790308e+00
-5.542974858980723063e+00
-5.580793958347760153e+00
-5.729311167569718144e+00
-5.495186766061967099e+00
-5.482856868508574344e+00
-5.553731153853164848e+00
-5.605028416961498117e+00
-5.461137401148503656e+00
-5.493776556247531140e+00
-5.514926914257035406e+00
-5.558802042651013409e+00
-5.596691661633329318e+00
-5.674245359297799496e+00
-5.665118738519946184e+00
-5.760931133815731187e+00
-5.760329793926815434e+00
-5.661847540866142836e+00
-5.655811494273214279e+00
-5.644320995041930189e+00
-5.641899304818802641e+00
-5.657487035144003862e+00
-5.683871514892250509e+00
-5.639325420480637341e+00
-5.683485033805535380e+00
-5.639494560296092196e+00
-5.696108008565036407e+00
-5.631013689104483078e+00
-5.664369524867574945e+00
-5.762484516151375580e+00
-5.652138043723345717e+00
-5.639248415299825901e+00
-5.649905149006815286e+00
-5.663344975795029157e+00
-5.647218149026976164e+00
-5.643021210765832407e+00
-5.641345715106426795e+00
-5.635110921962878550e+00
-5.641329691482269482e+00
-5.667889110016528953e+00
-5.653977909796140899e+00
-5.669750239688739590e+00
-5.658802400416377054e+00
-5.751008832886169486e+00
-5.733509354325769358e+00
-5.746465206762345623e+00
-5.681108007196031373e+00
-5.723244749409928112e+00
-5.717795610640171944e+00
-5.728720179206213459e+00
-5.718089750682294969e+00
-5.703334348626376560e+00
-5.521192239077533870e+00
-5.589328307908227877e+00
-5.544838563321129676e+00
-5.577450429421022093e+00
-5.520391372484379389e+00
-5.556448305385581321e+00
-5.523029437111119044e+00
-5.581252106206533448e+00
-5.644712576093149359e+00
-5.531849871702939403e+00
-5.482276254619511846e+00
-5.523048401957178832e+00
-5.541636292325348379e+00
-5.513863060961767815e+00
-5.488680487096600835e+00
-5.550801600040405681e+00
-5.495776003394027498e+00
-5.553830761961087603e+00
-5.542088499082073128e+00
-5.609127646298454728e+00
-5.558351954012594298e+00
-5.553340584032310900e+00
-5.526077009797838002e+00
-5.545240450447765923e+00
-4.724786334267880861e+00
-4.651080256699525961e+00
-4.590511992990382595e+00
-4.820661874218339804e+00
-4.773317003981445872e+00
-4.734328670070952150e+00
-5.074767575545722664e+00
-5.081969431305288332e+00
-5.055821516789605674e+00
-5.111856974187788616e+00
-4.705755500505326872e+00
-4.692572086212218885e+00
-4.609083663465828096e+00
-4.674364165227183676e+00
-4.757305229974158500e+00
-4.650972326622649256e+00
-4.643479810584389966e+00
-4.622793445414624891e+00
-4.614180335242829223e+00
-4.721993992733168888e+00
-4.624219551327279021e+00
-4.605126673220514277e+00
-4.589241460787222060e+00
-4.706012148514224336e+00
-4.698396066628095724e+00
-4.735979285382477144e+00
-5.500070288329559354e+00
-5.451856624060936518e+00
-5.392354029392296688e+00
-5.516201255598668141e+00
-5.675567355203149589e+00
-5.728895760839547435e+00
-5.605671215235703997e+00
-5.151274061779091973e+00
-5.209160029110653234e+00
-5.231148672838739522e+00
-5.778523848511273542e+00
-5.789751618110910769e+00
-5.790043974534949456e+00
-5.759056830556929185e+00
-5.783410136393755785e+00
-5.546305619142610333e+00
-5.522399419420137789e+00
-5.551332616204461168e+00
-5.527141117564461581e+00
-5.545961656748468194e+00
-5.671324316224276352e+00
-5.743764354128133576e+00
-5.303134867297160326e+00
-5.230264615596973421e+00
-5.292106091683123736e+00
-5.315407493422445562e+00
-5.343337260235713870e+00
-5.518829679921335440e+00
-5.301874849054077465e+00
-5.343877257024366223e+00
-5.357765790972488062e+00
-5.350867133642775997e+00
-5.342920522670004502e+00
-5.314914173564280198e+00
-5.325393654152309253e+00
-5.311521272210369737e+00
-5.319035630605103648e+00
-4.709955871001476169e+00
-4.728369973979375196e+00
-4.704159695210984538e+00
-4.713128940855777493e+00
-4.725192484110685598e+00
-4.710484625402225234e+00
-4.697344480471582706e+00
-4.719267451943484737e+00
-4.724584690999684256e+00
-4.710756754590946116e+00
-4.727199027119787011e+00
-4.688664235666219149e+00
-4.694693739607490812e+00
-4.714747881104182525e+00
-4.694795095834490617e+00
-4.704415672318046582e+00
-4.691729048767054877e+00
-4.676694662522854706e+00
-4.702223165427481533e+00
-5.205349132865920048e+00
-5.142910096852639334e+00
-5.157728862077478382e+00
-5.139728568010162313e+00
-5.173886954511399239e+00
-5.175821916356053265e+00
-5.207168255893829922e+00
-5.173485784801703957e+00
-5.174680873413041837e+00
-5.386795028011827746e+00
-5.342055359619404697e+00
-5.326369471881301720e+00
-5.325423974150814921e+00
-5.291949733873335227e+00
-5.399300225748568494e+00
-5.387295738659068078e+00
-5.322104986701895690e+00
-5.296614635854121289e+00
-5.107676944549485398e+00
-5.262380679392836491e+00
-5.237217957119682410e+00
-5.346525011610346212e+00
-5.307353106116071473e+00
-4.885910025619628172e+00
-4.856839987414511839e+00
-4.864347034380534396e+00
-4.876412593541052054e+00
-4.880546693548776460e+00
-4.773125306797318501e+00
-4.712452340306353626e+00
-4.732742798048829691e+00
-4.883533200598624724e+00
-4.881696684615184800e+00
-4.960027318168774180e+00
-5.271677691834325330e+00
-4.924311313468394680e+00
-5.274809842983377628e+00
-5.283531296637923980e+00
-5.204226083498259214e+00
-5.161510519354856719e+00
-4.911508602792647338e+00
-5.208809734415892123e+00
-4.963072445018280376e+00
-5.343206863792695493e+00
-4.946427596796327819e+00
-4.899113314401922104e+00
-5.315155482044752411e+00
-4.938420215680731751e+00
-4.932317864117031547e+00
-4.962194745849747513e+00
-5.252428752392654943e+00
-5.240846396550435493e+00
-5.253826598960322336e+00
-5.231998229513603604e+00
-5.147872401154803157e+00
-5.249698221918870367e+00
-5.251671395314640556e+00
-5.236082106498734845e+00
-5.223295542088925991e+00
-5.119226409786893583e+00
-5.083446188792058784e+00
-5.144618592395308276e+00
-5.145498339732625048e+00
-5.159631484540152080e+00
-5.132654415531842318e+00
-5.263151324957505928e+00
-5.228773821052542736e+00
-5.116897489174124125e+00
-5.147854130297786490e+00
-5.117894059404179075e+00
-5.571584144399829519e+00
-5.571098012290441659e+00
-5.585454681916163011e+00
-5.570955061985949364e+00
-5.588253142198651879e+00
-5.588697359331352033e+00
-5.550083947370280768e+00
-5.578660900533812139e+00
-4.725969307683165255e+00
-4.735931361150041319e+00
-5.103244908089423326e+00
-4.700849454848970765e+00
-4.715051122780736570e+00
-4.750309905961369594e+00
-4.760023439979025994e+00
-4.723417711172932520e+00
-5.690727624498024717e+00
-5.659220184464280656e+00
-5.521399154553392030e+00
-5.577144591427511955e+00
-5.552759535004148539e+00
-5.522285991831693330e+00
-5.549263299009007611e+00
-5.627042820701587900e+00
-5.700486989817764361e+00
-5.681373447759017203e+00
-5.682345585094330076e+00
-5.644734785455638892e+00
-5.661840528440998277e+00
-5.646530566248539884e+00
-5.649143406237399745e+00
-4.753290283635172919e+00
-4.744244004025541805e+00
-4.719367836326120447e+00
-4.725148739906678053e+00
-4.727997432551633850e+00
-4.714937115536494971e+00
-4.726246441730091341e+00
-4.726920784222825134e+00
-4.770836480959893322e+00
-4.780631796208590245e+00
-4.784598821782521938e+00
-4.767703352895411584e+00
-4.773235829706777622e+00
-4.723004599226072742e+00
-4.736954125288737494e+00
-4.815158503312839677e+00
-4.691666452014067623e+00
-4.812443672163054131e+00
-4.842736208381628771e+00
-4.795268714437190383e+00
-4.809116470293545831e+00
-4.748391097580351605e+00
-4.773553189745495473e+00
-4.792733704965165487e+00
-4.779220089553835926e+00
-4.761297716099928579e+00
-4.790236564750520287e+00
-4.818082136550802197e+00
-4.810629486194947901e+00
-4.797569984235640739e+00
-4.813174875650770623e+00
-4.823220260961610606e+00
-4.794645172992230364e+00
-4.795920031848825538e+00
-4.818447041883739956e+00
-4.817933160086768751e+00
-4.842541432037723581e+00
-5.123541917859783190e+00
-5.126071611530500505e+00
-5.121077721125948834e+00
-5.115590125002317912e+00
-5.119964939413837790e+00
-5.126829453468639386e+00
-5.297437097511894954e+00
-5.294227629970669646e+00
-5.289234834489249693e+00
-5.289105225392443543e+00
-5.295895161536146034e+00
-5.294776421357779483e+00
-5.289853428448046735e+00
-5.291839696097778045e+00
-5.287057547232384636e+00
-5.288924676325272856e+00
