-5.432467124021388649e+00
-5.386790897922519861e+00
-5.315574123892433889e+00
-5.132475505761736834e+00
-5.457084605721473025e+00
-5.460720267795529104e+00
-5.498627306063760933e+00
-5.475056080003642300e+00
-5.493716406606941938e+00
-5.508088212166648567e+00
-5.503831899112809900e+00
-5.465437997814292181e+00
-5.114834144827519857e+00
-5.128695583984072215e+00
-5.118629096796276201e+00
-5.126091113795511411e+00
-5.144934072829541627e+00
-5.139158885776461183e+00
-5.123228475838582874e+00
-5.128891296614181528e+00
-5.151766857750287976e+00
-5.158737967905004496e+00
-5.127750570184613110e+00
-5.392193409023803952e+00
-5.429677370505382683e+00
-5.472539810357356593e+00
-5.508747301153456455e+00
-5.054061360028025973e+00
-5.407160728848366738e+00
-5.430136176204354292e+00
-5.363568034316519295e+00
-5.324645962702142299e+00
-5.385215531673801515e+00
-5.158046253052262387e+00
-5.424192503147718725e+00
-5.442132702214919071e+00
-5.411642211208966380e+00
-5.118434621513137550e+00
-5.499128221145225481e+00
-5.547858356177433059e+00
-5.720705642524869461e+00
-5.418305286260935105e+00
-5.520043042770034880e+00
-5.695861728971393312e+00
-5.518393326774656771e+00
-5.543029705785864181e+00
-5.473515575977196512e+00
-5.528215872477034054e+00
-5.564422551264503802e+00
-5.711184873529233208e+00
-5.478481191005188045e+00
-5.467488164401828499e+00
-5.536201398179403377e+00
-5.586537036219091590e+00
-5.442992565245591052e+00
-5.477907530193946606e+00
-5.496693289102428714e+00
-5.541692974904007585e+00
-5.580336226059202431e+00
-5.660709213877507473e+00
-5.651719329305360695e+00
-5.746978893372983066e+00
-5.744317767721720536e+00
-5.646527104754815340e+00
-5.639651228032026786e+00
-5.628305184869259570e+00
-5.627060831690484655e+00
-5.640664581341348516e+00
-5.666987389054064295e+00
-5.620366859184976249e+00
-5.669622899267121596e+00
-5.624531072725503122e+00
-5.679775735877922394e+00
-5.617698356288994610e+00
-5.648033020004171512e+00
-5.750458762363630960e+00
-5.640206374310274384e+00
-5.627259690093510791e+00
-5.636927896950991723e+00
-5.651054185625841164e+00
-5.635057234742344434e+00
-5.629015263430995120e+00
-5.629827581730475039e+00
-5.622280245350729899e+00
-5.629630377487609749e+00
-5.652020178016988972e+00
-5.639548072650152122e+00
-5.655912097351134982e+00
-5.645313501104024745e+00
-5.728310567403806175e+00
-5.715567275190680085e+00
-5.735280439030047361e+00
-5.654823662015847852e+00
-5.704143234212151192e+00
-5.701805874098763383e+00
-5.713917039282263133e+00
-5.703280153670966968e+00
-5.685084426701926041e+00
-5.506924937900825157e+00
-5.574902679597709465e+00
-5.531330184570672159e+00
-5.560295437083188297e+00
-5.506018845372181225e+00
-5.541434159606139609e+00
-5.509259663378304417e+00
-5.565460723545410993e+00
-5.628906397733222100e+00
-5.511434716739715078e+00
-5.466421511135640898e+00
-5.504089899675539854e+00
-5.522086875630232150e+00
-5.493817542487801298e+00
-5.472501601315792108e+00
-5.533966048656595582e+00
-5.480985366473974274e+00
-5.539201093357236871e+00
-5.527260765717173285e+00
-5.593813448325806625e+00
-5.545273125191092056e+00
-5.539070685774795777e+00
-5.509536045676195926e+00
-5.533761970102848871e+00
-4.734719245290839318e+00
-4.657405649817167870e+00
-4.606055554350595216e+00
-4.822208465523580401e+00
-4.785063011688579948e+00
-4.738859144252010935e+00
-5.062377849153246068e+00
-5.071202782912779483e+00
-5.038125194895076042e+00
-5.099000844010881828e+00
-4.694365920352238319e+00
-4.709381820218109027e+00
-4.622660850783287145e+00
-4.685154828085651424e+00
-4.772085621572468739e+00
-4.661364941632443859e+00
-4.649998228281861934e+00
-4.634455705464270103e+00
-4.625829312931064585e+00
-4.730861847229093087e+00
-4.633358332976105665e+00
-4.614411009826107524e+00
-4.608921434789968075e+00
-4.719054968842263165e+00
-4.708615901882188481e+00
-4.743973572710821429e+00
-5.492196530993334491e+00
-5.442916616223469006e+00
-5.381974080753061607e+00
-5.508569017692620307e+00
-5.661903173093935315e+00
-5.714372454239428301e+00
-5.593709939736207559e+00
-5.145852911113297345e+00
-5.205759637937628526e+00
-5.232971201557325536e+00
-5.754945955157091397e+00
-5.770202058599947392e+00
-5.779090214456058305e+00
-5.730796386885677940e+00
-5.764199937454748124e+00
-5.538989264181459760e+00
-5.512772580816477586e+00
-5.542539600241934927e+00
-5.519666753805273274e+00
-5.537620484918497787e+00
-5.659941671993389711e+00
-5.729234478275077258e+00
-5.292356484300445807e+00
-5.227959247413928701e+00
-5.279693249610171613e+00
-5.305598178622748406e+00
-5.335566617790604482e+00
-5.511201708539928745e+00
-5.294887923025275001e+00
-5.338527723098978051e+00
-5.349580148700905369e+00
-5.342316062265656029e+00
-5.335983167009546335e+00
-5.304895938586955850e+00
-5.314422093854036078e+00
-5.302664457788472951e+00
-5.308749954196091636e+00
-4.720270399306364162e+00
-4.736582078973922805e+00
-4.715145147360630951e+00
-4.721294689149932999e+00
-4.732761205953392114e+00
-4.726230822256598074e+00
-4.707701781601594249e+00
-4.726913604202525043e+00
-4.736050444145609717e+00
-4.722117496968025741e+00
-4.732573606119130361e+00
-4.694483386400357006e+00
-4.696574669618887476e+00
-4.717696488984148395e+00
-4.697125477057183751e+00
-4.708553454415643991e+00
-4.696268316046253943e+00
-4.687610820153808255e+00
-4.696143254699951086e+00
-5.197733197680487471e+00
-5.139850652694107680e+00
-5.158289362597668237e+00
-5.138208986008402590e+00
-5.174126428270600542e+00
-5.169799053690202761e+00
-5.201177270961817811e+00
-5.176890916476741822e+00
-5.164706650326443160e+00
-5.381039626466697534e+00
-5.336348153899948876e+00
-5.320431715497226932e+00
-5.322202608166734628e+00
-5.282112678020216556e+00
-5.394753902778177235e+00
-5.381560413478672089e+00
-5.318729515298430854e+00
-5.293268640592522445e+00
-5.103465535356527916e+00
-5.260140700581025897e+00
-5.233516912814222266e+00
-5.342080934947837534e+00
-5.303063683401990858e+00
-4.883771521169530061e+00
-4.856531284887668498e+00
-4.861563191421780949e+00
-4.869060778323058614e+00
-4.871753226996147212e+00
-4.782235374837067177e+00
-4.727047782129129239e+00
-4.734780663114211308e+00
-4.881182020820590495e+00
-4.880049163348679109e+00
-4.950114337822256516e+00
-5.261315112154392182e+00
-4.913501069132719223e+00
-5.266823949508442126e+00
-5.275734311931390863e+00
-5.197915827491059737e+00
-5.154949261975449559e+00
-4.904810037337372641e+00
-5.200388458946317627e+00
-4.958109098253449254e+00
-5.337602647858854077e+00
-4.946524173509496691e+00
-4.898417954885539771e+00
-5.310404535122175140e+00
-4.937395091222803067e+00
-4.930340574324165281e+00
-4.957155538003272355e+00
-5.247321820214787991e+00
-5.235800037202008816e+00
-5.245184221490516663e+00
-5.221003087142992882e+00
-5.140252737584812159e+00
-5.245440165295803148e+00
-5.244725017647558829e+00
-5.228635284300100494e+00
-5.231214013432671450e+00
-5.112564366397598370e+00
-5.065778376378339942e+00
-5.137098775733125677e+00
-5.134484277789065132e+00
-5.151860134729004059e+00
-5.118403617631557267e+00
-5.253773861969872172e+00
-5.226412060813791172e+00
-5.106914820711464742e+00
-5.139037452657683858e+00
-5.108750165143655764e+00
-5.551539283652501489e+00
-5.551024007249655945e+00
-5.568065927525764458e+00
-5.555590399710752969e+00
-5.570241541262079821e+00
-5.560382948319429808e+00
-5.532754894945754565e+00
-5.559395919882613946e+00
-4.733387307278269951e+00
-4.749467940877213579e+00
-5.087354366912112624e+00
-4.709191884279128715e+00
-4.690682610674444142e+00
-4.743775217323030091e+00
-4.602360164083669325e+00
-4.699232945895579938e+00
-5.675698242321590925e+00
-5.641439816791817385e+00
-5.505835522184085562e+00
-5.557268622509606182e+00
-5.536798087763187937e+00
-5.505027811287049211e+00
-5.534208374411006659e+00
-5.614336731638853273e+00
-5.685634857320350122e+00
-5.666249634609549446e+00
-5.667511614925117236e+00
-5.630125307289684855e+00
-5.645369639369616444e+00
-5.631279553749372724e+00
-5.632212672878694981e+00
-4.758637445765721452e+00
-4.757151787228193207e+00
-4.728280153180976164e+00
-4.738506376084013816e+00
-4.738936179378629987e+00
-4.720768398680006861e+00
-4.732120635218642235e+00
-4.737523624294891711e+00
-4.780440446978053259e+00
-4.790540640784536564e+00
-4.800498315201259913e+00
-4.776237985932421992e+00
-4.783658696497024465e+00
-4.729599438684866541e+00
-4.744411814116592296e+00
-4.808643054860179511e+00
-4.699573760271063882e+00
-4.823414382387820609e+00
-4.847111656499295762e+00
-4.810935206130117159e+00
-4.810368458154326454e+00
-4.747678251328910193e+00
-4.781336045962328640e+00
-4.800441833726305951e+00
-4.789977331029458441e+00
-4.768013836926114912e+00
-4.795815766556876802e+00
-4.827482884199952196e+00
-4.817360672511845188e+00
-4.800224753993930449e+00
-4.817937244569478139e+00
-4.828788713530384413e+00
-4.799602844211483976e+00
-4.807979504384837455e+00
-4.827550792211114050e+00
-4.825397296024916294e+00
-4.845324330819558156e+00
-5.115053215535060538e+00
-5.117348397401589644e+00
-5.112625690033579140e+00
-5.107043368687539164e+00
-5.110714328372222504e+00
-5.117345383864635444e+00
-5.292883435014044125e+00
-5.288581052475321620e+00
-5.286998931543834601e+00
-5.283686336461594912e+00
-5.288799522121633956e+00
-5.290318420792223364e+00
-5.284477297972880905e+00
-5.287386466263662044e+00
-5.282832375657800839e+00
-5.285616884912784030e+00
