-5.440849478791806249e+00
-5.383626446583589242e+00
-5.328798702016605660e+00
-5.149465719005529074e+00
-5.460764357084029186e+00
-5.462937778993406823e+00
-5.501111980457294770e+00
-5.477610705327811580e+00
-5.495992718455780413e+00
-5.509301139687202031e+00
-5.512785721310855536e+00
-5.468910002830936534e+00
-5.122621119121898658e+00
-5.121251846828795529e+00
-5.136246126167682391e+00
-5.144447030760823658e+00
-5.154849486768276812e+00
-5.145791272666878413e+00
-5.137370625884132735e+00
-5.138718803461731710e+00
-5.156855925340305014e+00
-5.170136788159329200e+00
-5.134496026183690276e+00
-5.399569820040509782e+00
-5.425686915867718341e+00
-5.472094927423046151e+00
-5.518871618060496864e+00
-5.081088431100068803e+00
-5.414342070740120860e+00
-5.436770812798934926e+00
-5.363260305116096305e+00
-5.318064300842118897e+00
-5.390744883053764092e+00
-5.155236585783806724e+00
-5.432692251548857598e+00
-5.454786419883450144e+00
-5.418339525724343630e+00
-5.137255887979573998e+00
-5.507920748838263769e+00
-5.549152201215100888e+00
-5.729505575926543415e+00
-5.431687369440698632e+00
-5.530666069596819945e+00
-5.705006294638831577e+00
-5.529005017457746973e+00
-5.554435868839513013e+00
-5.487157828806450865e+00
-5.533714856638276558e+00
-5.572360887789078454e+00
-5.719398107076791860e+00
-5.484686110657597702e+00
-5.475412511981100572e+00
-5.544210070388847278e+00
-5.594070973634370780e+00
-5.458743985356197648e+00
-5.489082600576716153e+00
-5.508438512040869206e+00
-5.549923987308383211e+00
-5.587520482512647213e+00
-5.664966040538284453e+00
-5.650295488846269976e+00
-5.751003675833550766e+00
-5.748345098385275520e+00
-5.652808111920512246e+00
-5.646653307595171256e+00
-5.640512200286410760e+00
-5.634076318485301549e+00
-5.648077460729715504e+00
-5.672644595494814368e+00
-5.634112568661800324e+00
-5.676320346068627565e+00
-5.624786677197138651e+00
-5.682015306261925858e+00
-5.622426528282291613e+00
-5.654511668270233216e+00
-5.754377603952865350e+00
-5.639893744704707501e+00
-5.635203723324060832e+00
-5.644557510468972694e+00
-5.652085226211056579e+00
-5.642158919950007068e+00
-5.636186617742724003e+00
-5.632291831501490265e+00
-5.629392129248552479e+00
-5.633922357684395088e+00
-5.652161127486139414e+00
-5.638116483928436118e+00
-5.667567763310077389e+00
-5.656210357542192035e+00
-5.733893919681675833e+00
-5.720780018521312904e+00
-5.741157874793127114e+00
-5.659091408470282580e+00
-5.709578483401816840e+00
-5.706292886360907701e+00
-5.719793338167246333e+00
-5.709415754945460719e+00
-5.689849316362166398e+00
-5.518665421746325350e+00
-5.586930601971694443e+00
-5.541058997446238976e+00
-5.570800245771686754e+00
-5.515503546292514159e+00
-5.551937775356990734e+00
-5.520555235063074662e+00
-5.576822468968414270e+00
-5.639763493466517730e+00
-5.527409042433382602e+00
-5.479669415175077773e+00
-5.507504081032042365e+00
-5.535471344629853796e+00
-5.499463567778013484e+00
-5.486383543251262651e+00
-5.546004870221040051e+00
-5.491359849287504424e+00
-5.549065179911885082e+00
-5.536703863580800800e+00
-5.603014135402770712e+00
-5.557358466458368618e+00
-5.549162103126919376e+00
-5.523460177111213731e+00
-5.546336398908860765e+00
-4.722438392790476058e+00
-4.669134040124317764e+00
-4.619146201139219698e+00
-4.830327238657819322e+00
-4.780637893620404810e+00
-4.743240064477726392e+00
-5.064007631294673573e+00
-5.074406727283323093e+00
-5.043176899285162662e+00
-5.101812498719165312e+00
-4.536435071202316927e+00
-4.596808308870594217e+00
-4.545416656485114615e+00
-4.675648707929046743e+00
-4.796195912491714175e+00
-4.659930721432981038e+00
-4.636438373659816037e+00
-4.622351659792542478e+00
-4.623700258029709076e+00
-4.745204187156427444e+00
-4.639013185110606230e+00
-4.624350381695541579e+00
-4.595665361255903747e+00
-4.715463577742632140e+00
-4.721213031607813804e+00
-4.727290795029394310e+00
-5.507398688368010831e+00
-5.455097266437857861e+00
-5.401423677125838374e+00
-5.520361810411547054e+00
-5.676494026359865330e+00
-5.724830373787891169e+00
-5.607904351517962738e+00
-5.159397074393793581e+00
-5.227068879818910219e+00
-5.250665896128098531e+00
-5.760548556993624558e+00
-5.776387977280371011e+00
-5.785474556965340298e+00
-5.736341907239248528e+00
-5.770663085200666842e+00
-5.548640867225347328e+00
-5.525567968888937642e+00
-5.553548095849500044e+00
-5.530585400140965113e+00
-5.549813821629345334e+00
-5.673663164902623457e+00
-5.737557053417388531e+00
-5.295859596473844633e+00
-5.248548656298002157e+00
-5.280908856635340598e+00
-5.309412375990675059e+00
-5.337869789579445801e+00
-5.519612214813065521e+00
-5.309440313721977667e+00
-5.352513696837966073e+00
-5.364232720209239247e+00
-5.356057247563120960e+00
-5.350415721075666653e+00
-5.321025966791092188e+00
-5.334824995993614927e+00
-5.319504812058666765e+00
-5.328473200878185878e+00
-4.728240236726582779e+00
-4.742486022503850762e+00
-4.721343711938801313e+00
-4.731953473014948841e+00
-4.740634100986871324e+00
-4.730948180498247169e+00
-4.717584115236691744e+00
-4.734427881192221577e+00
-4.744538967599353896e+00
-4.731880358141655307e+00
-4.746407171414365855e+00
-4.705223479260336461e+00
-4.694832090059110286e+00
-4.717267959986350512e+00
-4.695779332229215619e+00
-4.705854028861288896e+00
-4.688956977663648829e+00
-4.689199484360181636e+00
-4.693427297084912020e+00
-5.208031532707487976e+00
-5.135958733626647010e+00
-5.147556446608327896e+00
-5.134275998816768549e+00
-5.172550888160210469e+00
-5.183451500444047788e+00
-5.204486849557836692e+00
-5.167336244905411213e+00
-5.173532369578061285e+00
-5.396203738917176196e+00
-5.354360898609585639e+00
-5.338787109289462762e+00
-5.339330268610810393e+00
-5.297873850168027587e+00
-5.409773156955511197e+00
-5.397021426026369362e+00
-5.336655972886453547e+00
-5.304357208189584227e+00
-5.115435470681847896e+00
-5.262246023294651742e+00
-5.244254516365940866e+00
-5.352696208258816313e+00
-5.314447078760077936e+00
-4.871616344764063022e+00
-4.851763471335762468e+00
-4.853506834135353110e+00
-4.871289116817055564e+00
-4.869150264540270889e+00
-4.773597119399100919e+00
-4.687252630185212432e+00
-4.726326016775323602e+00
-4.876305280214026538e+00
-4.875250487158271362e+00
-4.954777851400312016e+00
-5.269603081117598009e+00
-4.925593293581552956e+00
-5.286401051833386155e+00
-5.285035115463923461e+00
-5.208003643761076162e+00
-5.161313690715477520e+00
-4.899569837956139651e+00
-5.212329865777098448e+00
-4.954217903799010614e+00
-5.351201910958264918e+00
-4.947453270111057400e+00
-4.903182217378830643e+00
-5.327439394721411148e+00
-4.945473749868693147e+00
-4.937425311957968077e+00
-4.962429587932138730e+00
-5.262194977788717587e+00
-5.244914671041267518e+00
-5.267823524222801979e+00
-5.234403584853071223e+00
-5.140155892315785735e+00
-5.255792588112233155e+00
-5.237710484427882562e+00
-5.222686674996829481e+00
-5.237767332374641427e+00
-5.133754044663109362e+00
-5.085961222998559350e+00
-5.148792836607833046e+00
-5.139079183800550510e+00
-5.170448810332094247e+00
-5.120368413983068301e+00
-5.265377808337328602e+00
-5.242818043776951598e+00
-5.116806055522143737e+00
-5.151631635911709139e+00
-5.121104979852757033e+00
-5.550689188439955402e+00
-5.556484487833083463e+00
-5.577430346070909373e+00
-5.566642117768973108e+00
-5.569113541339742568e+00
-5.548629006045650236e+00
-5.515829905604702432e+00
-5.560086704353385478e+00
-4.740732833446106298e+00
-4.688863956938847721e+00
-5.090123807015788593e+00
-4.700702583358299158e+00
-4.569884598548062726e+00
-4.610751381611987831e+00
-4.456957570102445310e+00
-4.586996696006256258e+00
-5.666046447331997804e+00
-5.649230601404727992e+00
-5.518851651276402315e+00
-5.572244963833892228e+00
-5.543259786295342550e+00
-5.515886312968801164e+00
-5.542691305237006816e+00
-5.624045182321320446e+00
-5.692637130348852992e+00
-5.670642877953957495e+00
-5.672316239029515650e+00
-5.636035871006300546e+00
-5.644845911050713205e+00
-5.638596798919957465e+00
-5.636452368253357825e+00
-4.777154880087603139e+00
-4.767713109715606024e+00
-4.736824171316905918e+00
-4.745907668802249013e+00
-4.741832555124737780e+00
-4.735641423380919868e+00
-4.748011634185297147e+00
-4.748466187072746258e+00
-4.805792280045871223e+00
-4.810914470148186517e+00
-4.815392893218482406e+00
-4.773104907423895149e+00
-4.810373147787300852e+00
-4.740997708060247007e+00
-4.747188439230531465e+00
-4.829487995799636835e+00
-4.707990903494957635e+00
-4.828822238206202933e+00
-4.853453915142662112e+00
-4.827829144292507202e+00
-4.824105448967609178e+00
-4.755453316700735122e+00
-4.795468373893444713e+00
-4.814600810068260017e+00
-4.802968515523065030e+00
-4.784276925128510882e+00
-4.812969124188831493e+00
-4.832297994136110830e+00
-4.821735323758058023e+00
-4.805926287442161993e+00
-4.827166309568095670e+00
-4.838285640896910600e+00
-4.807893272407826046e+00
-4.819522839214358534e+00
-4.828390731655058055e+00
-4.839081776347377684e+00
-4.867124858933568277e+00
-5.087173501042243196e+00
-5.090611291210902500e+00
-5.080455972254536157e+00
-5.073465852396574327e+00
-5.082621865820687646e+00
-5.096574409690017404e+00
-5.291512784826858606e+00
-5.288463269220319951e+00
-5.282398299305310019e+00
-5.280136108741583456e+00
-5.289087382536661330e+00
-5.287366496395161874e+00
-5.285323355723363647e+00
-5.285779104196046241e+00
-5.281494122106689559e+00
-5.280919960309018890e+00
