-5.437865056786873375e+00
-5.390836258729521546e+00
-5.323467775469299390e+00
-5.134243027714522789e+00
-5.464628127993438333e+00
-5.466503111436342266e+00
-5.505712432277270807e+00
-5.484386888442537078e+00
-5.501542959177886161e+00
-5.512440706357853770e+00
-5.509482438560106665e+00
-5.470849878653936571e+00
-5.116045384470746527e+00
-5.135105136150295735e+00
-5.119357856695566866e+00
-5.128484858451643369e+00
-5.148287707666120205e+00
-5.141085749568891750e+00
-5.127335214566635990e+00
-5.131480542162905500e+00
-5.156034749524805783e+00
-5.162338120440207234e+00
-5.137658012171321786e+00
-5.394857526025819361e+00
-5.432923891945028672e+00
-5.478442160989957621e+00
-5.511873041172375309e+00
-5.050458099846160565e+00
-5.413874669009509866e+00
-5.434976209498308286e+00
-5.369049954406181158e+00
-5.329883544017613772e+00
-5.389616420875428915e+00
-5.160383348746710119e+00
-5.430361448255597523e+00
-5.449517279957015958e+00
-5.412478219881847963e+00
-5.121636926920696276e+00
-5.506642917908250112e+00
-5.554250478561698401e+00
-5.727196191814543091e+00
-5.424514204974911991e+00
-5.526071258482056159e+00
-5.703286800919746824e+00
-5.523500326601944010e+00
-5.550486272925436282e+00
-5.481296796965303031e+00
-5.535145781544200005e+00
-5.568586398004647720e+00
-5.717429144202313296e+00
-5.484184221547338645e+00
-5.472723879914491718e+00
-5.540886398633757537e+00
-5.591992207140633830e+00
-5.447785278746562376e+00
-5.482814735346060786e+00
-5.499633398761146097e+00
-5.546611818389821202e+00
-5.586099869206666568e+00
-5.666884457407738829e+00
-5.660299342598198891e+00
-5.751423813696585619e+00
-5.748747770908100740e+00
-5.651042699688041182e+00
-5.646642824694694696e+00
-5.636699131628462034e+00
-5.636712653121409566e+00
-5.646551689964577569e+00
-5.672667272928398674e+00
-5.629789423323335207e+00
-5.675393248846782868e+00
-5.631498427971308729e+00
-5.686097359551743224e+00
-5.624427989543127282e+00
-5.654045130074098147e+00
-5.754838016934200162e+00
-5.646397073774505060e+00
-5.634061455117740813e+00
-5.642820284195484426e+00
-5.658422479810829131e+00
-5.642722743827462750e+00
-5.635897050102451900e+00
-5.638464642115113001e+00
-5.629397363960458200e+00
-5.638743767109565930e+00
-5.659062555662766059e+00
-5.645673062353927740e+00
-5.664991661471241891e+00
-5.655128986606926311e+00
-5.731386279976945275e+00
-5.719032530543875836e+00
-5.739783011255028100e+00
-5.658640346480984462e+00
-5.708779670782682558e+00
-5.705068159954524987e+00
-5.718930777537898358e+00
-5.708546719764600930e+00
-5.689733843967541560e+00
-5.516921566003624378e+00
-5.581820446897094001e+00
-5.536942181082157965e+00
-5.565958098420209055e+00
-5.513160753975046902e+00
-5.548346578331261547e+00
-5.514006864210835523e+00
-5.570677008389337992e+00
-5.635798819949660476e+00
-5.525536666204017067e+00
-5.478754961016965019e+00
-5.520051712664357346e+00
-5.536114448418866019e+00
-5.502143408523037849e+00
-5.482547908641018708e+00
-5.540097036479483705e+00
-5.487700095972106951e+00
-5.544586315095892282e+00
-5.532939988338553938e+00
-5.598902940041944554e+00
-5.552376720851334824e+00
-5.547217040523405807e+00
-5.519430044410301939e+00
-5.541620683508218015e+00
-4.736646861119390373e+00
-4.665152405636652233e+00
-4.610570245277322066e+00
-4.822287978263346986e+00
-4.785097336270868418e+00
-4.744264575622225699e+00
-5.060906967673868273e+00
-5.071632982216586427e+00
-5.041517768624146356e+00
-5.100222413221135120e+00
-4.644843915884734109e+00
-4.659321743890338041e+00
-4.598792842320906793e+00
-4.694882850427894994e+00
-4.770245014351476520e+00
-4.656960320341796411e+00
-4.646795385746413487e+00
-4.625132347872069616e+00
-4.624971270907988874e+00
-4.734554843919291045e+00
-4.637260537481942890e+00
-4.621980310427105110e+00
-4.600438722924013568e+00
-4.718069265593260120e+00
-4.710993179776462370e+00
-4.738937423197508991e+00
-5.501112997722824360e+00
-5.452007563330014683e+00
-5.387543986385839645e+00
-5.514978431312519191e+00
-5.669341446405083751e+00
-5.721492892315636958e+00
-5.599039074878617406e+00
-5.147708393560268547e+00
-5.218965649919130811e+00
-5.241854164181531495e+00
-5.759799612581648631e+00
-5.775352429818282118e+00
-5.784917147951965433e+00
-5.736089757938358957e+00
-5.769218587470256843e+00
-5.544213374591081767e+00
-5.520704865554753482e+00
-5.548910533848779636e+00
-5.528697224995068105e+00
-5.545079903260109688e+00
-5.667602763114941489e+00
-5.734718214961730176e+00
-5.293281703218994494e+00
-5.237195871587964291e+00
-5.277855940638288779e+00
-5.306404413707912049e+00
-5.335831597122062675e+00
-5.520235211295049460e+00
-5.305144385247964500e+00
-5.347055887125507390e+00
-5.358278080991673242e+00
-5.350144890681753473e+00
-5.343749024769924638e+00
-5.312632434067926290e+00
-5.326520560824850037e+00
-5.311254421526541591e+00
-5.320935255207188241e+00
-4.715540560850088880e+00
-4.734704502448880525e+00
-4.711584317436056324e+00
-4.723941767263369229e+00
-4.732754159696099805e+00
-4.729113672708326277e+00
-4.709329417569985132e+00
-4.724022875488544493e+00
-4.736693940645508860e+00
-4.724572343102321881e+00
-4.733168526913750007e+00
-4.698406683706329190e+00
-4.691558292934630892e+00
-4.713136642733048554e+00
-4.691826021676288150e+00
-4.703502927212476870e+00
-4.689176242978231102e+00
-4.685753329794760447e+00
-4.691185050068468421e+00
-5.200335800710033318e+00
-5.130987984126948120e+00
-5.144910503262980939e+00
-5.131284892544141663e+00
-5.162667636741356425e+00
-5.176480954427171710e+00
-5.195948771788977183e+00
-5.158075389134516797e+00
-5.166940313148431052e+00
-5.389155549532729239e+00
-5.344142814157846644e+00
-5.331508462998147735e+00
-5.332852182155979115e+00
-5.290804807057873482e+00
-5.403693328751987934e+00
-5.389960119150240203e+00
-5.326672761621606966e+00
-5.295255383153494755e+00
-5.102109416575293821e+00
-5.267669963207290529e+00
-5.237775655972189526e+00
-5.346928469507505000e+00
-5.306133988612289798e+00
-4.881261202451147696e+00
-4.855906677374598246e+00
-4.857487119290171407e+00
-4.866554444004155044e+00
-4.869221832944313988e+00
-4.779387554366635982e+00
-4.714254899025094758e+00
-4.731004965903178316e+00
-4.875370434908933959e+00
-4.872451027810630109e+00
-4.953013842923052579e+00
-5.267243298085678482e+00
-4.920244646044967141e+00
-5.273539882282359592e+00
-5.281312437644436919e+00
-5.203081927823018482e+00
-5.155949318349831501e+00
-4.905147354490622114e+00
-5.204813169359287173e+00
-4.962589446615448097e+00
-5.347606577094932589e+00
-4.945838027553847382e+00
-4.896428006372981478e+00
-5.317751142658373453e+00
-4.941277916128386849e+00
-4.932534524080360860e+00
-4.959653706892317437e+00
-5.253430235234887391e+00
-5.241978962233002193e+00
-5.253739273796061759e+00
-5.227595249169259439e+00
-5.141581416240502911e+00
-5.247430725477824964e+00
-5.247328724999388960e+00
-5.229857044555886958e+00
-5.234831626761510037e+00
-5.119049874854143312e+00
-5.080398403507867755e+00
-5.143177632945180378e+00
-5.137695909491742263e+00
-5.164306584362667429e+00
-5.123634434778813862e+00
-5.264752795336740121e+00
-5.234425535784250627e+00
-5.111488200331417708e+00
-5.142886818561035689e+00
-5.117331720854456201e+00
-5.558804004217562600e+00
-5.558019886609202764e+00
-5.575111553789775520e+00
-5.563784182826634783e+00
-5.577776465671584916e+00
-5.556183364422028426e+00
-5.544904719249286629e+00
-5.562932389616848994e+00
-4.741336496853974403e+00
-4.745805964923608400e+00
-5.081740214229870212e+00
-4.714881527967619057e+00
-4.662469169726645823e+00
-4.680764308634699056e+00
-4.618052949216096437e+00
-4.670457336302990647e+00
-5.681624981169010269e+00
-5.647742967747736209e+00
-5.514934191084130966e+00
-5.561826807815927864e+00
-5.539158781354005967e+00
-5.510769250260725727e+00
-5.542258881049773045e+00
-5.626360581717694487e+00
-5.692485866755003343e+00
-5.675139353155703503e+00
-5.676106460510146334e+00
-5.635537773299851061e+00
-5.650748434758140704e+00
-5.636322536754564183e+00
-5.636638459176670501e+00
-4.761869379324023654e+00
-4.760145669283254222e+00
-4.731443921811474773e+00
-4.731675102942481281e+00
-4.737351259759695843e+00
-4.720018300837454106e+00
-4.736391056355842899e+00
-4.744781381805093901e+00
-4.782289700164688462e+00
-4.791177076610779295e+00
-4.801236687267079972e+00
-4.777273085344686976e+00
-4.784802567993754252e+00
-4.729879791580406057e+00
-4.745599312168349293e+00
-4.822614657597296350e+00
-4.704845643290077817e+00
-4.822844122092048380e+00
-4.842827658886324826e+00
-4.808783910700834774e+00
-4.813654191574296526e+00
-4.758049711235874391e+00
-4.791501705587485560e+00
-4.803224438877890634e+00
-4.790137887568080011e+00
-4.773657259759409577e+00
-4.799868330436667385e+00
-4.824164631035209538e+00
-4.817555858954396086e+00
-4.810092446505411345e+00
-4.822076703313618040e+00
-4.832150590377633392e+00
-4.801524573931366113e+00
-4.809969021269252742e+00
-4.829182081358868395e+00
-4.829005617527348804e+00
-4.854264525170715494e+00
-5.071272509199542533e+00
-5.077165840027384469e+00
-5.070612894526517422e+00
-5.060350111205545787e+00
-5.065131440063351143e+00
-5.085713472290723125e+00
-5.293822985361198441e+00
-5.290723209624538903e+00
-5.286313747490940074e+00
-5.283081507520859255e+00
-5.289866722812709199e+00
-5.289977819316110441e+00
-5.286180628395296566e+00
-5.288163780687500370e+00
-5.283555451674716075e+00
-5.284118380267686099e+00
