9.436197177788984902e+01
9.322694112627715413e+01
1.372703777178745952e+02
1.081711609493442410e+02
1.152466994567948291e+02
1.048150639133370987e+02
1.031363463789420223e+02
1.168682530876565124e+02
1.030787244011932131e+02
1.055888992081313518e+02
1.201455214319368849e+02
1.085842953281167524e+02
1.268658660427994391e+02
1.119732789360931235e+02
8.966989832189010201e+01
1.388088496871000928e+02
1.053958949833682226e+02
9.781582876205220600e+01
1.097115792469707571e+02
1.039934795120868785e+02
1.054370773339238099e+02
1.046708320608740905e+02
8.865386584444939899e+01
1.182061448914252537e+02
1.111589019706446777e+02
1.059326399465189326e+02
1.111640757472958683e+02
1.175481330387502084e+02
1.011025865028382498e+02
1.051447845921741902e+02
1.007538964203619116e+02
1.194373576108701087e+02
1.239554919998701905e+02
1.032465647021471540e+02
1.035278050363173463e+02
1.152125704732550844e+02
1.032056860730164658e+02
1.294389723068515536e+02
1.065365111092395409e+02
8.880180358787951889e+01
1.053526591144039060e+02
1.130741215041157091e+02
1.129650628941377448e+02
9.811332847700164450e+01
1.092739516253259353e+02
1.274873701385170648e+02
1.194839415060124992e+02
1.072874354776793382e+02
9.705674404726595128e+01
1.151856383698997917e+02
1.201809873492319127e+02
9.533094477491596308e+01
1.015074389968372088e+02
1.090331890768341623e+02
1.158799983804453149e+02
9.663803003691594995e+01
1.220826897242040872e+02
1.023264963936262291e+02
1.074549287359133274e+02
1.037511847952418265e+02
1.019335248587750584e+02
9.184893108341267975e+01
1.385152237900148577e+02
1.090065986564058136e+02
1.125701615272171949e+02
1.139497077707597441e+02
1.070534340388494741e+02
1.209277052519557003e+02
9.544338913875195374e+01
1.035744537060577812e+02
9.482026302423402342e+01
1.089411162095810681e+02
1.048990671188692971e+02
1.011764456394280529e+02
1.263113433787079884e+02
1.176797486730348652e+02
1.199696816115759930e+02
1.151376256756983736e+02
1.169446831803435316e+02
9.634578713540160777e+01
9.610166854311360396e+01
1.091618598149884463e+02
1.143695971939297209e+02
9.950197123212616646e+01
1.221149221750221869e+02
1.139364546157935791e+02
9.402969013788784025e+01
1.138697889610945566e+02
1.059945580248870556e+02
1.267794713689517891e+02
9.559097692390669465e+01
1.037756567412088771e+02
9.695034487554099201e+01
1.232413702661751955e+02
1.027169643162542201e+02
1.325838207044426440e+02
9.475576615844485673e+01
1.025167936223539158e+02
1.266468511813001214e+02
1.013328914442551962e+02
9.493014971559897219e+01
1.056808213099112379e+02
1.129260180908179620e+02
1.260494325772435218e+02
1.029545674044402830e+02
1.130463081356667345e+02
9.559776213926762978e+01
1.106155256904665833e+02
1.241588851944377012e+02
1.189601456905611627e+02
1.030711078974070318e+02
1.322613090544336671e+02
9.821107315705347673e+01
9.336938527443615499e+01
1.059820550604055995e+02
9.805738549076582444e+01
1.026116122719389665e+02
1.250402244228628206e+02
8.799059813413275322e+01
8.568456260081033804e+01
1.366596817247971103e+02
7.861553476935274887e+01
8.102310604088935975e+01
1.621936594598337820e+02
1.047451843299872252e+02
1.113870070147077200e+02
1.143510960115180382e+02
9.728985667598325904e+01
1.199282909719661916e+02
1.116472598746129421e+02
9.899175913334443067e+01
1.108966952872119265e+02
1.142745520056224535e+02
1.045266480252398651e+02
1.001571618471026284e+02
1.013499541547103888e+02
1.244352027114797892e+02
1.236085695805118689e+02
9.606212401748435070e+01
1.044306983637999195e+02
8.794827078830977030e+01
1.304142123902720982e+02
9.936302943514431263e+01
9.332351898698212267e+01
1.222953078700885357e+02
1.263402816320378435e+02
1.006992938588511777e+02
1.011602652361117265e+02
1.053646028096106448e+02
1.209526579229976164e+02
1.082467599352613519e+02
1.246737647982967871e+02
1.212694137935426824e+02
1.249092435186392152e+02
1.072715218529670693e+02
1.061109614882858239e+02
1.141663263878813694e+02
1.214144601447234635e+02
1.003719312625761404e+02
9.470301555756921630e+01
1.148073743446685029e+02
1.036062031429286634e+02
1.124699525196473786e+02
1.053976380388281626e+02
1.181133746099201005e+02
1.276318825615174006e+02
8.901056740156867875e+01
9.783386942942307485e+01
1.036755408151812219e+02
1.256864234720971041e+02
1.166224423535723815e+02
1.158666229145193114e+02
9.773349809237157615e+01
1.162683842407745942e+02
1.127962982830300120e+02
9.757952006344325468e+01
1.126204255077940530e+02
1.133629831849796972e+02
1.024261522094530648e+02
9.800000342912987605e+01
1.174436872836192975e+02
1.306168755491607101e+02
8.925304952601328523e+01
1.108965162329390495e+02
1.025423809356664577e+02
1.101193055949842829e+02
1.064598349001554141e+02
1.070122861180434768e+02
1.028533289145590004e+02
1.066815652128578620e+02
1.233414935891077135e+02
1.144373081945512070e+02
9.826952412600628861e+01
1.174725966285231067e+02
1.124939610775959977e+02
1.000900469269153774e+02
1.148587720091635447e+02
1.201142824644299765e+02
1.127097616742641435e+02
9.013141801419274657e+01
1.057791689880202171e+02
9.256987523195458323e+01
1.359368156030558339e+02
1.089446118065651063e+02
1.069374100322063441e+02
1.048625911081425812e+02
9.879267661108657705e+01
1.244463283056990690e+02
1.118544719069752063e+02
1.041442901211458150e+02
1.082998877996598850e+02
1.163028969575443483e+02
1.049051806699651905e+02
1.197653364399707954e+02
1.024666327666573267e+02
1.072452276476791297e+02
1.205392645900360264e+02
1.117475351598361755e+02
9.210112564404121827e+01
1.112665805995340236e+02
1.119578555065096737e+02
9.746422693793215331e+01
1.102731772922884232e+02
9.716308718682982715e+01
1.015283467709415390e+02
1.243412266388446312e+02
9.398421736081733968e+01
1.127583123227352786e+02
9.360949289752676350e+01
1.245206658641208293e+02
9.813952056202541030e+01
1.070422641726489275e+02
1.179119534644358964e+02
9.866716692634652475e+01
1.171810468905817970e+02
1.150423425102405588e+02
1.285257486664961846e+02
1.153837426875389838e+02
1.160501756508058548e+02
1.349262156941229023e+02
9.571303773461085029e+01
1.036865633472040997e+02
1.131788960266215724e+02
8.999788012227078582e+01
1.218475282320102480e+02
1.066259299976747030e+02
9.962257285373891591e+01
1.064624584545232864e+02
1.128300942065793322e+02
1.047559640953486593e+02
1.124400396085353009e+02
1.012546135211049432e+02
1.007194026965100448e+02
1.242849754744324144e+02
9.838970196680190838e+01
1.038528642845740393e+02
1.114184102913946504e+02
1.301761673613241328e+02
9.544414230767243623e+01
1.073078042198329740e+02
1.247403356798148337e+02
1.197161110000615736e+02
1.105200775541305092e+02
1.006873560635842182e+02
1.086608303823679478e+02
9.193828553385075963e+01
1.012499458151357601e+02
1.096511742929204871e+02
1.402612605258084102e+02
1.062849735437411738e+02
1.041735461692260571e+02
1.008065259537558660e+02
1.053655314099183329e+02
1.057038558567292199e+02
1.283165937265822834e+02
9.939664414795680614e+01
1.147798392312356981e+02
1.300422354032113788e+02
1.037228061246161417e+02
8.968880701190207105e+01
9.416623138017833128e+01
1.186414950491559921e+02
1.229325933402796238e+02
1.218709207582121508e+02
1.291513087660803478e+02
8.893418654698425030e+01
9.944739424538816763e+01
9.613902712485223390e+01
1.167074009347230827e+02
1.164965626576138789e+02
9.783143745896225596e+01
9.958846190879606297e+01
1.069913545657622507e+02
1.071306304647086876e+02
1.289581951113572700e+02
1.210790407798995858e+02
1.174431625465307434e+02
1.191538369702537210e+02
1.017323916839708460e+02
8.385291872975351168e+01
1.079275856325599392e+02
1.097683638682604652e+02
1.040672874684218669e+02
1.099939788988161666e+02
9.820217428863291786e+01
1.063840880246665961e+02
1.272269290327133149e+02
1.099612260280772205e+02
1.203484199807710127e+02
1.073425455280264202e+02
1.166011976789157103e+02
1.049961274913551534e+02
9.472357394559627153e+01
9.532424193172498406e+01
9.984660205247286058e+01
9.807086966876411793e+01
1.466753183848522895e+02
9.400946348942260045e+01
1.128041987006991320e+02
1.050419754432756747e+02
1.054084210354510702e+02
1.145272540158416774e+02
1.144739498681692282e+02
9.922155002209167662e+01
1.031605321082626148e+02
1.069917670447541269e+02
1.032535553918995817e+02
1.300784891135368184e+02
9.451776518217894818e+01
1.020575329976269359e+02
1.104813666809667012e+02
1.130344392389419284e+02
1.231844435679517886e+02
1.102925513117038037e+02
1.056824068987392451e+02
9.864216018982791923e+01
1.143760419479569634e+02
1.285140559048032287e+02
1.074412514546295512e+02
1.023604886874675657e+02
9.867292912065859412e+01
1.063322733540687750e+02
1.286906300352396784e+02
1.101570882878987305e+02
1.022244236028437427e+02
1.093193375380920287e+02
1.117056339016472037e+02
9.930612224804720256e+01
1.073753651341835820e+02
1.099771921413554026e+02
1.190885120839188716e+02
1.074967539740212743e+02
1.125647498671623197e+02
1.145447571359773491e+02
1.070252540200369964e+02
1.184734722341844133e+02
9.690433287826704145e+01
1.067143740860659165e+02
1.212021545627319341e+02
1.115053721239201536e+02
9.524092942390414862e+01
1.212612173428142484e+02
9.897577106468186514e+01
1.166623979389246273e+02
1.002655124573051495e+02
1.106730081240982599e+02
1.233284901368724746e+02
1.095658035916302993e+02
1.195448774666468807e+02
1.047930483765821492e+02
1.039154985739823474e+02
1.109009958477990097e+02
1.123905047470740044e+02
1.038725109820488655e+02
1.137280509179578303e+02
1.068367012528154163e+02
1.018793868111188772e+02
1.080371820478542304e+02
1.126350801303807572e+02
1.235044106551617631e+02
1.095131945890984611e+02
1.011621716982026555e+02
1.121758512998978574e+02
9.675133612545502615e+01
1.114505907633657955e+02
1.228511450229674864e+02
1.070704942717057264e+02
9.490142354318417972e+01
1.007547381660692736e+02
1.167905166663146161e+02
1.101049485030906112e+02
1.171137676970991492e+02
1.178787297732761630e+02
9.687114455248024569e+01
1.166392514570482319e+02
9.489365649315621454e+01
1.042761109800917581e+02
1.257590026859625851e+02
1.167708326592551913e+02
1.121445408741115415e+02
1.005312908402718506e+02
1.208175602472225449e+02
9.956810208356807834e+01
1.135199120534951760e+02
1.067803345189901876e+02
8.580309937628696559e+01
1.191844011937720467e+02
1.136553057200237049e+02
1.127717426149138191e+02
1.012798242384925516e+02
1.177164881769131455e+02
1.026311684775636905e+02
1.252366568757357186e+02
1.054596917884545775e+02
9.572079934113081379e+01
1.046668235992541298e+02
1.189910834549214655e+02
1.022506185378160808e+02
9.294282776127239742e+01
1.185893470439681749e+02
1.079156756059078361e+02
1.126651229917087278e+02
1.148207894316022646e+02
1.093876226245246386e+02
1.071029715058799781e+02
1.047321538678745014e+02
1.085697691566228258e+02
1.054046385693096539e+02
1.071651683676198985e+02
1.218897572411725889e+02
9.683259863188293082e+01
1.161349523086216493e+02
1.206268649045387349e+02
1.128300934723742586e+02
1.101292000635216226e+02
1.113567042983889195e+02
1.019447464225743403e+02
9.657377305843168358e+01
9.000430930453173062e+01
9.944553823899933320e+01
1.058000632281912345e+02
1.249037516463209840e+02
1.197637562242511819e+02
1.094845057796201644e+02
1.086591048031972946e+02
1.072391212271278391e+02
9.994352915018043859e+01
1.114924060732783886e+02
1.161337038306839986e+02
1.123259848578814086e+02
1.186877137977938332e+02
9.273118309542979887e+01
1.126744314399127944e+02
1.191265657209029456e+02
1.042796020512070356e+02
8.435877799888451989e+01
1.172894444645836245e+02
1.208950705308968168e+02
1.054130929893204609e+02
1.141219855207342846e+02
1.004570917916357899e+02
9.973641482031214878e+01
1.222372030814943002e+02
1.029394878814637480e+02
1.154673547627285757e+02
1.055631293980354712e+02
1.008329169720708762e+02
1.129088402090937961e+02
1.141076265146908355e+02
1.095205596736639819e+02
1.134383389376659608e+02
9.743156989961600800e+01
1.285050945768713575e+02
9.553697732899669859e+01
1.059008447781355784e+02
1.228226514972315471e+02
1.082510129888245842e+02
1.052558130018565805e+02
1.057483416983680371e+02
1.134951639842658153e+02
1.158538994198199816e+02
1.064790134008316329e+02
1.101211804924916464e+02
1.000294740592019735e+02
1.082119297625897474e+02
1.221133592874624156e+02
1.080132497270529228e+02
1.032911737847185378e+02
1.133620379844155082e+02
1.227860114493647501e+02
1.092491631896163398e+02
1.039590341622963194e+02
9.257659889134700393e+01
1.150620558620844918e+02
1.129792874753063217e+02
1.393174939723585339e+02
9.363035453808812747e+01
1.046782862398322180e+02
9.865066050272261577e+01
1.043395724893330083e+02
1.159405043948693503e+02
1.142017278066720252e+02
1.227485855229365512e+02
1.061198741008698931e+02
9.956002594176952414e+01
1.078686108099752516e+02
1.053804783736823225e+02
1.169649500319441984e+02
1.156535748707352553e+02
1.228801628855092360e+02
1.002632878014257898e+02
8.783851510205488466e+01
1.080574972841825740e+02
9.219261877709031694e+01
9.915404887975151382e+01
1.161257514043241486e+02
1.251896502107808686e+02
9.520248350271083382e+01
1.252785980400553996e+02
1.277168198120007361e+02
1.110539076011676798e+02
1.171101237897175196e+02
9.078801219794543442e+01
1.036261551694238818e+02
1.005159452644762865e+02
1.158911362535506413e+02
1.001664465099090791e+02
9.077118701633982312e+01
1.046286327877421201e+02
1.237926408556653257e+02
1.188099797580112522e+02
1.004309412399731087e+02
9.705241830208456122e+01
1.348863383835558807e+02
1.128667937815304185e+02
1.066500893744341170e+02
1.169396371661224805e+02
1.097598457091922768e+02
9.671600432889462695e+01
1.136950632079998940e+02
1.035771501563251320e+02
1.093854837415127292e+02
1.245405489763179219e+02
1.073691334687431294e+02
1.163405084118058710e+02
9.421062241272142046e+01
1.289753159927631998e+02
9.792024425514667030e+01
1.078259714704008019e+02
9.889287763897598893e+01
1.069326867183229552e+02
1.162517246974947369e+02
1.449865008095499093e+02
7.697618178284717771e+01
1.086636429212170896e+02
9.745317598914847679e+01
1.063497616634265768e+02
9.923445893310024246e+01
1.130518008116808772e+02
1.019262053684717699e+02
9.564265654353889090e+01
1.157554593760966100e+02
1.097839321147774712e+02
1.185347643745914183e+02
1.213946311494782577e+02
9.478180296705043872e+01
1.126456278292285305e+02
1.100370073709857763e+02
1.056366005192128341e+02
1.121129692908082234e+02
1.011859044274093975e+02
1.103387895462920198e+02
9.773268477640719709e+01
1.168133441310642553e+02
1.124864574238002746e+02
1.154338133065092933e+02
1.077595774534198085e+02
9.765981008609443847e+01
1.226600752454403533e+02
1.015753193149444371e+02
1.090152116330717860e+02
1.158312046142461753e+02
8.903996663584162263e+01
1.195629486471243297e+02
1.127737870570959871e+02
1.083379232704554767e+02
1.146912065047640255e+02
1.107797609319981831e+02
1.078710004539254044e+02
1.202949907529669957e+02
9.916525201314317428e+01
1.074360739345400191e+02
1.089500915662332687e+02
1.125728503872620792e+02
9.534032986015328959e+01
1.064059165603111552e+02
1.424243203389384860e+02
9.823382784650316069e+01
1.101195863737385565e+02
1.123543634487606795e+02
1.118234148858255708e+02
1.114082312809691615e+02
1.121457132580835037e+02
1.229050377989501754e+02
1.056251455605738414e+02
1.095751113682884750e+02
9.040639226984679055e+01
1.065221354942861751e+02
1.218590001494291499e+02
1.152492084297346935e+02
1.007092917574783968e+02
1.058208964955303770e+02
1.066924638923721744e+02
1.150146716261204745e+02
1.142001174855365377e+02
1.343691746399063049e+02
1.046270242396436743e+02
1.051637556777191804e+02
1.095895046778625641e+02
9.439818732268946633e+01
1.048248507795184423e+02
9.719091568213468690e+01
1.250964554045413450e+02
1.068808426536291591e+02
8.806621512809743990e+01
1.055556451803329026e+02
1.241911598544425885e+02
1.039959299786733311e+02
1.154849881553102762e+02
9.748483717402505988e+01
1.014246577137908218e+02
9.872546384848673995e+01
8.501524207400944988e+01
1.104301562264363525e+02
1.192245275518738481e+02
1.201514941807959644e+02
1.145110589503871950e+02
1.035492554556842606e+02
1.130200599740118719e+02
1.200283322735757707e+02
1.099471231006721723e+02
1.028502965766316350e+02
1.066726883292228649e+02
1.062935809749846214e+02
9.645865294075684915e+01
1.209369789140571072e+02
1.154559591980896727e+02
1.146566134701927240e+02
1.019237974468361330e+02
1.170901221109467940e+02
9.727035746909000125e+01
1.144453092637259175e+02
1.073485094337740264e+02
9.684045684463032444e+01
1.146197207508207754e+02
1.194252529268938190e+02
1.249999492443412947e+02
8.959380771216792994e+01
1.134331523668838457e+02
1.091844555706779261e+02
1.018991101951353357e+02
1.398186295968740751e+02
7.222792090086323924e+01
8.101997033860833142e+01
1.224788729876862021e+02
8.891375052800874812e+01
9.181098524095678215e+01
9.699897505735661696e+01
1.384915734496638606e+02
1.093975534708661712e+02
1.116825324435893236e+02
1.127639963602020146e+02
1.073120407512285652e+02
9.711697074465941171e+01
1.171556034949889948e+02
1.215738429914623993e+02
9.814200827972361196e+01
1.083840625711809054e+02
1.239298602216933745e+02
9.929554876632145977e+01
1.064479530400964506e+02
1.028027357320442690e+02
1.140319369845027779e+02
1.056264949225253105e+02
1.198802815468518190e+02
1.057469960236158073e+02
1.003701929082088640e+02
1.109254739280145969e+02
1.138207891397514260e+02
1.072722961732242908e+02
1.098498122083297375e+02
1.070592599176949875e+02
1.017086210174245338e+02
1.123038288617099028e+02
1.181815148863339147e+02
1.070839006579479786e+02
9.693863778462757352e+01
1.067486892899387811e+02
1.042191933840848606e+02
1.014335470565520723e+02
1.378670869128008007e+02
9.807039863500077104e+01
1.190985713474223360e+02
1.024233307468187490e+02
1.158378645681022334e+02
1.176123131573842784e+02
1.037562916794665000e+02
1.134817317374654380e+02
1.168861033821375770e+02
1.123962890203365106e+02
9.682408760445953533e+01
1.191071874480810635e+02
9.609672534074726968e+01
1.096426478090566121e+02
1.070767587530006040e+02
1.037622454757862585e+02
1.017155945141210083e+02
1.282669652984934601e+02
1.048433751321402525e+02
9.919439062974473131e+01
1.186284595736210719e+02
1.045714312640802319e+02
9.318535226548091543e+01
1.088364198272843879e+02
1.273602040374345989e+02
1.238004505141417155e+02
9.540072687740159552e+01
1.016869944916094539e+02
1.061475156908518471e+02
1.073094530253999324e+02
1.238140330937548867e+02
1.125995689821422445e+02
1.087627121475765080e+02
1.146326052236247364e+02
9.462945652247464068e+01
1.246702224230403004e+02
9.606664139794561663e+01
1.199731572692779338e+02
1.183333209401572219e+02
9.988028187834733274e+01
9.296747554409633096e+01
1.064001106371960645e+02
1.200595772431673396e+02
1.172328388393127909e+02
1.034953605884524279e+02
1.091528520170648022e+02
1.163221887176667906e+02
9.710194562488696590e+01
1.137517947436095653e+02
9.398256571405848092e+01
1.165110208663855502e+02
1.213350931477428105e+02
1.009806438313941470e+02
1.027460035709049038e+02
1.146292281727363473e+02
1.090233748688941802e+02
1.014539233258013695e+02
1.281089437079702122e+02
1.179838659514436188e+02
9.654942272913245915e+01
1.050687138198944410e+02
9.551328298693751151e+01
9.655684002082605843e+01
1.148019361555853379e+02
8.302088282123062868e+01
1.304442381569348584e+02
1.274980388295096390e+02
1.280173130368005729e+02
1.090457502469751603e+02
9.003098960882658730e+01
8.838387251909665565e+01
1.324571593649218926e+02
1.065726407923872188e+02
1.156043853510286539e+02
1.052786082704552371e+02
1.115128585380598594e+02
1.017802859873961268e+02
1.063266266867618413e+02
1.162916844936125074e+02
9.761003256013802343e+01
1.124648884934686066e+02
1.031156498566825803e+02
1.145265058624999881e+02
1.064419950727361766e+02
1.198659907305153638e+02
1.004611791330396926e+02
1.087190315761738333e+02
1.138524619657192147e+02
9.460910484532789155e+01
1.369114534428468062e+02
1.035352912265946514e+02
9.955137312083509471e+01
1.024591605670234600e+02
1.126057845968229429e+02
1.010549180531494784e+02
1.355457391897551247e+02
1.053086573896664788e+02
9.633332240082079068e+01
1.133131398211366729e+02
1.046438779935674148e+02
1.035400624731872909e+02
1.071556138054045704e+02
1.186588339817107851e+02
1.047064718106319248e+02
1.008115737898832549e+02
1.194771953524759169e+02
1.019704816632783917e+02
1.033361310024705517e+02
1.118759509569814128e+02
1.145680610597156743e+02
1.252356540855024036e+02
9.827150174752189571e+01
1.335306423724660760e+02
1.249191273899358947e+02
9.619892120875744013e+01
9.922255934513256648e+01
1.091293307506396815e+02
1.172290749317043037e+02
1.073120191997473540e+02
1.089790393386177101e+02
9.647036625477190341e+01
1.003969758357339828e+02
1.133118346253699684e+02
1.055466018155862429e+02
1.293522498206747287e+02
1.181756864600660037e+02
1.090827469226685054e+02
1.032006181220988026e+02
1.262742753867918992e+02
9.420204959851160709e+01
9.872609944956759875e+01
1.041774600539422551e+02
1.263730699041392000e+02
1.088832006945690694e+02
1.001742323700494950e+02
9.700467701194838810e+01
1.055394184397610076e+02
1.230864697042994749e+02
1.252630163625629223e+02
1.083068055757244963e+02
9.982995644003315761e+01
1.239455021609406487e+02
1.089814546146573235e+02
1.075999595713328318e+02
1.074087922017278913e+02
1.054823412258250954e+02
1.010381921969247117e+02
1.191016204943062036e+02
8.988469169213087184e+01
1.231482236778174979e+02
1.124529539879161035e+02
1.284971481281684476e+02
9.616554319312561461e+01
1.076404262811378061e+02
1.017975666749090777e+02
1.060029266931996261e+02
1.143086006647346835e+02
1.047241002487692185e+02
9.443546062295281729e+01
1.186758380423448074e+02
1.127231375828523312e+02
1.090813841580381904e+02
9.974286868301180675e+01
1.101784617928794603e+02
1.142948942992120180e+02
1.005753063186161285e+02
1.315533148446797327e+02
9.879806293650260329e+01
1.185492219015975621e+02
1.025434867035056499e+02
1.051419748471845423e+02
1.000140014038651515e+02
1.121501460856389656e+02
1.187631896801558469e+02
1.130834156127230017e+02
1.198897830291337527e+02
1.033737293771344241e+02
1.072309513419155991e+02
1.067063058180892057e+02
1.106044832492399621e+02
1.003757773342680366e+02
1.253435021190397407e+02
1.047303949517968675e+02
1.122587382327437666e+02
9.935996580231388009e+01
1.214613905161343155e+02
1.113151785799024793e+02
1.063562497785619598e+02
1.056102121877671038e+02
1.056172161961692950e+02
1.063529321933545191e+02
1.219770611091450832e+02
1.115328098240978534e+02
1.110310909197444573e+02
1.001069630705220703e+02
9.712833574343760290e+01
1.057818469900946212e+02
1.210402359263172514e+02
1.059967688815839750e+02
1.144085153974663598e+02
1.108173534120311388e+02
9.393586170486442199e+01
1.212591194843449784e+02
1.053238453855553445e+02
1.168507767958922869e+02
1.013197900745057041e+02
1.146749572407671707e+02
1.062985480896027042e+02
1.098434338348827310e+02
1.164847125991465617e+02
1.165945615914653786e+02
1.060292854253405324e+02
1.019396455620420880e+02
1.229635677142897805e+02
1.207542545198025579e+02
1.116460495526511920e+02
1.059375333705999367e+02
9.831092098725419248e+01
9.000291061110620205e+01
1.250773392207522647e+02
1.027807250973473572e+02
1.117074794497934676e+02
1.152776193695984261e+02
1.057388522108843034e+02
9.119797584859223605e+01
1.146078679227928063e+02
1.181448123082179649e+02
9.324071617875769391e+01
9.840282081498745015e+01
1.322509119091309628e+02
1.013014679164092939e+02
1.015284550279173885e+02
1.059183469802246549e+02
9.920627541253672632e+01
1.157741046943653629e+02
1.241057864651808700e+02
1.071428193255552515e+02
1.159780546170070465e+02
1.062792598656159697e+02
1.207772815429785709e+02
1.018976379302121700e+02
9.630709781637419553e+01
1.140837531315350759e+02
1.117836283156424457e+02
1.131551762452786249e+02
1.048714909389356791e+02
1.092407064538158608e+02
9.838119023168239607e+01
1.108651067616642223e+02
1.103106757084133420e+02
1.215175127784521862e+02
1.039302735103640458e+02
1.046544238467916159e+02
9.836432482764041652e+01
1.128916943913733348e+02
1.264853259223051367e+02
8.434413263848854569e+01
1.289405638577209459e+02
1.056068799358389469e+02
1.160663207686566238e+02
1.205763920364680786e+02
1.078933323561514186e+02
1.193055455062977899e+02
8.601603620363903246e+01
1.100574721482211373e+02
1.130348333652493693e+02
1.016393830346686116e+02
1.207013420400185595e+02
1.021407368725307521e+02
1.067877881777911284e+02
1.063866434735131747e+02
1.331198872807555915e+02
1.024540733379931936e+02
9.569434851580162160e+01
1.283872065888996588e+02
9.461710238214106994e+01
1.056745540403019277e+02
1.211463077125949326e+02
9.944258283421885380e+01
9.523175347751161723e+01
1.330480661342808162e+02
1.048106943594424081e+02
1.035312420435978424e+02
1.054506824558393845e+02
1.330153981252486801e+02
1.186694824908765469e+02
9.765840743366663901e+01
1.000261489927058420e+02
1.190058623778184170e+02
9.914808397974918819e+01
1.065770553326784551e+02
1.140421781956555094e+02
1.145545823614158820e+02
1.153518064262441101e+02
9.577897523558355886e+01
1.086647776830513976e+02
1.065206986261500219e+02
1.022578881611580073e+02
1.012321061443187062e+02
1.033320300688402966e+02
1.116832811997947772e+02
1.120571904452668974e+02
1.229603478833944905e+02
1.044526642409846744e+02
1.240791541588642559e+02
9.799595461727088264e+01
1.174958695119065766e+02
8.021172060632609657e+01
1.230891107896173509e+02
1.052773152573813320e+02
1.079857654752951959e+02
1.161434359150706115e+02
1.103160519883976178e+02
1.156173702612820193e+02
1.012801136724522024e+02
1.265874604485711785e+02
9.407948651688860764e+01
1.064950013655272869e+02
1.085468606917614238e+02
1.193400089007744214e+02
1.140926523116154954e+02
1.132362312433164533e+02
1.046910833517107022e+02
9.558862776023563868e+01
9.420374638731081518e+01
1.007082006602557982e+02
1.047830729246534247e+02
1.131239388658219838e+02
1.043774129692777706e+02
1.101076786510398335e+02
1.088910470531268402e+02
1.082143044930985241e+02
1.330523051593300181e+02
1.138333914316984306e+02
1.019711883456340900e+02
9.488512934461789428e+01
1.012753940920167537e+02
1.164480135951468611e+02
1.275494111940272859e+02
1.276101545131367487e+02
1.079621541408496341e+02
1.030706014091768878e+02
1.034563013001717593e+02
1.091178268612495117e+02
1.033558075864720536e+02
1.184127096064651994e+02
1.196982054990910029e+02
1.056517337476619645e+02
9.092836515343284987e+01
1.121082767278162180e+02
1.096375025445194638e+02
1.133357250126146312e+02
9.678657912611019754e+01
1.265946506095399542e+02
8.899659086668708596e+01
1.046829780785208612e+02
1.205470316534955089e+02
1.183628994245898554e+02
1.168726998443794827e+02
1.132946891303296155e+02
1.090575712844291445e+02
9.166858680407462145e+01
1.039552844429903189e+02
1.079493340683242906e+02
1.072989910167230931e+02
1.178990363242393329e+02
1.157682026493238965e+02
1.133449180178498352e+02
1.257661856704125967e+02
1.164180378118463608e+02
8.731342699896242721e+01
9.493889852825618902e+01
1.150084236187068143e+02
1.106130227221389504e+02
1.171987299639057767e+02
8.758522372262989109e+01
1.085125111732731540e+02
1.143081901402819653e+02
1.183947316197134398e+02
1.088401200606490562e+02
1.082398912603521524e+02
1.154466121111130121e+02
9.862064833882446635e+01
1.058322986253805311e+02
1.016734869572455722e+02
1.059378082930726066e+02
1.381886409228710022e+02
9.878655909235182264e+01
1.087876090368847741e+02
9.710503702184783492e+01
1.111541932286873191e+02
1.127308429855042391e+02
1.058677870382419144e+02
1.041688588725885865e+02
1.253381050102958625e+02
9.665908308201584020e+01
1.195357271035710625e+02
1.123007904142396001e+02
1.068172839715081608e+02
1.062452726183531269e+02
1.198466888542471480e+02
8.751974872529451943e+01
1.007828941745557927e+02
1.066178263534756212e+02
1.162135942993928239e+02
1.157032999163887581e+02
1.155843474594574332e+02
1.021894546507761419e+02
1.115125335277419083e+02
1.197661195770638187e+02
9.723886431973964761e+01
1.073562560170738180e+02
1.056481073314825636e+02
1.143628423394304434e+02
1.130541076542181713e+02
1.002497120412616169e+02
1.145533578473075664e+02
1.213119872020313323e+02
9.112709983914342615e+01
1.175313982285472463e+02
1.090582519430928556e+02
1.116308555714766158e+02
9.268132953538570007e+01
1.297466210639388748e+02
1.004825781848669379e+02
1.057316981055168696e+02
1.179271436712299277e+02
1.113333118171112801e+02
1.044790091991195879e+02
1.095507884995828078e+02
1.084403171963782455e+02
1.040413758603834822e+02
1.027553922747027428e+02
9.651512858052134902e+01
9.228172521310453646e+01
1.161557179765619026e+02
1.051696435897389392e+02
1.004558092548237340e+02
1.087289567398245254e+02
9.430431531060573036e+01
1.325050821267574008e+02
9.149759631859043907e+01
1.015895485403725473e+02
1.182814760613843248e+02
1.115610743476756852e+02
1.080900857223587934e+02
1.217702946828736117e+02
1.178980381025280764e+02
1.158083959750642578e+02
1.065532588061897457e+02
1.043030906226068169e+02
1.078749177516163513e+02
1.032632774122937462e+02
1.050940252955625454e+02
8.426985706397289277e+01
1.160245713312440188e+02
1.111698393655094321e+02
1.180302123052958336e+02
1.169558997078279674e+02
1.158462152078936356e+02
1.014656218092725481e+02
1.033848815669258414e+02
9.498101784022205152e+01
1.304299736690969098e+02
1.060657686141951501e+02
1.047208179982216336e+02
1.018411959165951401e+02
1.108236751275390475e+02
1.010536709413014194e+02
1.244365145637977008e+02
1.113722263030220603e+02
9.987167738059042676e+01
1.097616863299793408e+02
1.101912566449630475e+02
1.212649656151161963e+02
1.071955319374479956e+02
1.081123361062568478e+02
1.123534960610303557e+02
9.681687513770501141e+01
1.286835832898300112e+02
1.032324704763019696e+02
1.142752364397587002e+02
9.242734538709616743e+01
9.734021938586988654e+01
9.862867565094326494e+01
1.138484263153014808e+02
1.189999722226816203e+02
1.168430910196212409e+02
1.090825590741167446e+02
1.080107580102931308e+02
1.149031209000379476e+02
1.003257223498936099e+02
1.278317971618058522e+02
1.062236311117999179e+02
9.410783281856024018e+01
1.173967035226712596e+02
1.053583751035857716e+02
9.909047544082976344e+01
1.175111626879043172e+02
1.191421716929440180e+02
9.457290596949586359e+01
1.104022873652705670e+02
1.056784560764977812e+02
1.118251933050068061e+02
1.162269404518711582e+02
1.021450653244667564e+02
1.216311924330230028e+02
9.748022882421150825e+01
1.107915477754171860e+02
1.040229065239925035e+02
1.440289778194435826e+02
1.012648009048966458e+02
1.098801336130564863e+02
8.969002754681969236e+01
9.769109891741666729e+01
1.104991569877320359e+02
8.965977889320072336e+01
1.150247164045702846e+02
1.053691217955101962e+02
1.098565716256377982e+02
1.117249056279777193e+02
1.208646427213162582e+02
1.169880910677722312e+02
9.955465235573177551e+01
1.144247896214211124e+02
1.097747813236231167e+02
1.046666958944295516e+02
1.115154902525887763e+02
1.038890957023851911e+02
1.242464364619318644e+02
1.042701667579031977e+02
9.551767047621559925e+01
1.030992426799360970e+02
1.214688290731229898e+02
1.060026746087524572e+02
1.155217012577710562e+02
8.758370736885498786e+01
1.091781782249728394e+02
1.282321270458049014e+02
1.088280529418969280e+02
1.051046598016706213e+02
1.176516935076011237e+02
1.217096693846916793e+02
9.521835718832737427e+01
1.148793474009791851e+02
1.182622500201144504e+02
1.001561990547884307e+02
1.292571572097966168e+02
9.858489828908130903e+01
1.094703282218059144e+02
1.314748941374901392e+02
1.124867584232713256e+02
1.066380856533043584e+02
1.033977785194796439e+02
8.890452522516399370e+01
1.165425422914710936e+02
1.063294782467220188e+02
1.223437458102185360e+02
9.902074198293126983e+01
1.047646235960675511e+02
1.047624825566561668e+02
1.020242281713098009e+02
9.147484501887581132e+01
1.250526018145968834e+02
9.608840264174263268e+01
1.216227393314776464e+02
1.131618379323406458e+02
1.074379888088567441e+02
1.114739889333661722e+02
9.845648921812468757e+01
1.176577816045861766e+02
1.051998038132839355e+02
1.146679467920649387e+02
8.751511224418213430e+01
9.812800691671544939e+01
1.044141511720947904e+02
1.188701433672154621e+02
1.144756395696976625e+02
1.223866246476654851e+02
1.135642401685841207e+02
1.060301444370739858e+02
1.063924649874264361e+02
1.006049359957867608e+02
1.115698336585186183e+02
1.187861761161864536e+02
1.103902869046058868e+02
1.142929218812499670e+02
1.015187411109033917e+02
1.208187750168424657e+02
1.048922852674026132e+02
1.020812602894191912e+02
1.246105943949900308e+02
1.170709612448051331e+02
9.125520417268397466e+01
1.055570069728060361e+02
1.097778368556059689e+02
1.060930355987465106e+02
1.004811510467801270e+02
1.078626242875884031e+02
1.004238992345306514e+02
1.183666575820224836e+02
1.193651129098946768e+02
1.077865955973927043e+02
1.054312492094392866e+02
1.157306349016053133e+02
1.073840365486017987e+02
1.248399375785100460e+02
9.441414699083595963e+01
1.058460412434736355e+02
9.744067905925223272e+01
1.061712952045585183e+02
1.201688868667208965e+02
1.099484296437983062e+02
9.475492555514823323e+01
1.236580584369212374e+02
1.223420485916183935e+02
1.121130152252705159e+02
1.281449736074919201e+02
1.037905509570494758e+02
9.312732378664360056e+01
9.123618997731726665e+01
9.311829289870345860e+01
1.221861916168167568e+02
1.140466382578965181e+02
1.117678870299216527e+02
1.122267386394182154e+02
1.035383326968792801e+02
1.126836635189370242e+02
1.064463905366584697e+02
1.369028783668083236e+02
1.085842606450785155e+02
1.008656953160334808e+02
8.650992669409473024e+01
1.018063175490751178e+02
1.063528276861442947e+02
1.173887216840978738e+02
9.483245609247205721e+01
1.104431132609504118e+02
1.169131052835539748e+02
1.103688073565207617e+02
1.041933225813804142e+02
1.058528341775232207e+02
1.242068326964374307e+02
8.832673802262314666e+01
1.068958424020805751e+02
1.200714635114455291e+02
1.036929487206845693e+02
1.230795969657463047e+02
1.074056034177447145e+02
1.040759834466732343e+02
1.179283379543577297e+02
1.016770153007203277e+02
9.702599840830455946e+01
1.234831092285343317e+02
1.073713618563235599e+02
1.138597945026416767e+02
1.052886565820871994e+02
9.987953662668041943e+01
1.073139921135131800e+02
1.220830069038443213e+02
9.895564647908891232e+01
1.116744014613852300e+02
1.265308528291911188e+02
1.165507898701468292e+02
1.034691039621528290e+02
1.004148506686399571e+02
1.060105773344107263e+02
9.072759943361718626e+01
1.296125532389125112e+02
1.210034903487523934e+02
1.094261166251135080e+02
1.002543587696369372e+02
9.805501817544390519e+01
1.225714063312627076e+02
9.903305659162242591e+01
1.108948928578248712e+02
1.131292531727005581e+02
1.121730866942116620e+02
1.232526256166117093e+02
1.001502766988990061e+02
1.167116778434230326e+02
1.077120372344188581e+02
9.702775536888879060e+01
1.121619510549632537e+02
1.054717481507956620e+02
9.851046037053014004e+01
1.039366922679618028e+02
9.771793485529543943e+01
1.207255553084005015e+02
1.105163361340426462e+02
1.198337319005153603e+02
1.064744246948805682e+02
1.010947417915004678e+02
1.031547530159825499e+02
1.046844065102131509e+02
1.011303833484917050e+02
9.697893829031147561e+01
1.105341272521834668e+02
1.200719246460993332e+02
1.054458821634194976e+02
1.064768838182598074e+02
1.146060210561181520e+02
1.205000512483461108e+02
1.185214727147650677e+02
9.542385732638689433e+01
1.040998006727204626e+02
1.011657274119638430e+02
1.161206688014950430e+02
1.060709792261091593e+02
1.070828689492286543e+02
1.160689379308943359e+02
1.233897439956607656e+02
1.035831123259681874e+02
1.012304805934210208e+02
1.221731886181352422e+02
1.261605583039780640e+02
1.001988866760050882e+02
9.405233009781410658e+01
1.111056420326445675e+02
1.016427191165923318e+02
1.333637650860264898e+02
1.037301257341426322e+02
9.954249679809177564e+01
9.508221058324383534e+01
1.019839539299178739e+02
1.274289716227800824e+02
1.192611011851747378e+02
1.214564385074133099e+02
9.208327226742846960e+01
1.111222462498708978e+02
1.120767405350177057e+02
9.518618921056425108e+01
1.067857581139045493e+02
1.186917643492215149e+02
1.065640399305528661e+02
1.326923777918330813e+02
1.107864520744529955e+02
8.576727233421904373e+01
1.009770378352870637e+02
1.040014011836276495e+02
1.188227453922974348e+02
1.112195224572844552e+02
1.030568219515574953e+02
1.175594090867064949e+02
1.348552351937731260e+02
1.006738762528038933e+02
1.084600169752728078e+02
1.066356463545563003e+02
1.032764158556465901e+02
9.674301228306656242e+01
9.662838807278374986e+01
1.138099348934753579e+02
1.271442150138406646e+02
9.720342435625963162e+01
9.248528553155320253e+01
1.164414622939937942e+02
1.418527586995557499e+02
1.025509791241645132e+02
1.019255485604963098e+02
9.879563075616823653e+01
1.306017188347936155e+02
9.563670465657727959e+01
8.657238364895640359e+01
1.306285981081829846e+02
1.176477632607011259e+02
1.194271017368463674e+02
9.867427683023606733e+01
1.027192203884071802e+02
1.046921784955072496e+02
1.131178471276163293e+02
1.180851744112537745e+02
1.070388114037051679e+02
1.382842369977840065e+02
1.169271171488575902e+02
1.015550703099173546e+02
9.753141533794762097e+01
8.802749979197942309e+01
7.343761493581182265e+01
1.090672308345693722e+02
8.647642199041136735e+01
1.274909309520760843e+02
1.109257754700819163e+02
1.345883388194163217e+02
8.907128980171479782e+01
1.140805036534342065e+02
1.233928119950267615e+02
7.136956595850594454e+01
1.135200940574491142e+02
1.061535063102709273e+02
9.890424980549283873e+01
1.247439535679680915e+02
1.091348578872409121e+02
1.006472330267835531e+02
1.035746599948653852e+02
1.175232555058216093e+02
1.261586659979986536e+02
1.008364590887230321e+02
1.078392501329445565e+02
9.814557112093530122e+01
1.026323596548247252e+02
1.070304463606408660e+02
1.013523516497958923e+02
1.227641013548586955e+02
1.178512206324146092e+02
1.027997173293012594e+02
9.956437463373150365e+01
9.255519698874734047e+01
1.031647945750232509e+02
1.164619580183831431e+02
1.073746892504627226e+02
1.299505688257314375e+02
9.965052205959011644e+01
1.168246651984019167e+02
1.095508204186000256e+02
1.400489726719615078e+02
8.612072358559211693e+01
9.585169526778176419e+01
9.376376667439366486e+01
1.185349381537444629e+02
9.881704843390402004e+01
1.100433294429587647e+02
1.185042384140490128e+02
1.152306679112836463e+02
8.946815328217606123e+01
1.105986896018734598e+02
1.127280322987001995e+02
1.132598040618516535e+02
1.229261353661011071e+02
1.067572282428601369e+02
9.991348845764717623e+01
1.046322069894136604e+02
1.244622467556488772e+02
1.115213784033079349e+02
1.062795726177854050e+02
1.095568884910124439e+02
8.898848880980139597e+01
1.019247246064353476e+02
1.343617653483651964e+02
1.207750889553161926e+02
1.231902137413557909e+02
8.885426405601603506e+01
1.110389758253737824e+02
1.168416776123417549e+02
9.106515992117611802e+01
1.087046882404977453e+02
1.264889446370209782e+02
1.023670619416969458e+02
1.049362776917475202e+02
1.083619554272200816e+02
1.244343898942775013e+02
1.132071716727242716e+02
1.099019579440031578e+02
9.601734823821549014e+01
1.234948196475009041e+02
1.128935310840569741e+02
1.023527880932366543e+02
9.885839049264878042e+01
1.050459792662367136e+02
1.145894557540974859e+02
1.013244576738838418e+02
9.787192001926293017e+01
1.170688942072937948e+02
1.063440556908247174e+02
1.038779550190264160e+02
1.273604565545496712e+02
9.842862772898999424e+01
1.168456612810701216e+02
1.082549489099308886e+02
9.818834518172496928e+01
1.245387136780289552e+02
1.105998958663843013e+02
9.618482273795838466e+01
1.029116333637862510e+02
1.076841467206506877e+02
1.090406254683444445e+02
1.282398482314889918e+02
1.092385326025677870e+02
1.118495530322431506e+02
1.074876646232483921e+02
1.087001248247615592e+02
1.154444009604988963e+02
1.140471400658564107e+02
9.832228371048319104e+01
1.079797030003098541e+02
8.006379892317322344e+01
1.254948175653418616e+02
1.149914354179124700e+02
1.221134225681149559e+02
1.149913933093859413e+02
9.988363833559918703e+01
1.278000360880910904e+02
1.140097648774275143e+02
9.806223180002552908e+01
1.032416713125661545e+02
9.846678809142578359e+01
1.142453872141497015e+02
1.087344809193858595e+02
1.006629840236370512e+02
1.194772931216718490e+02
9.983375014564118999e+01
1.150115058569869717e+02
1.103712882783227798e+02
1.285757605513430235e+02
1.115150369384529370e+02
9.640731469861876235e+01
9.526465959461270927e+01
1.151920517951145513e+02
1.098089536648263760e+02
1.079994725645388769e+02
1.040149355899814054e+02
1.170550182822428411e+02
1.027071411042179960e+02
9.496531251411390429e+01
1.272018246336488687e+02
1.038913658922592020e+02
1.148686226988073855e+02
1.145691153741232142e+02
1.058941683009296213e+02
1.121934567481542331e+02
1.052602838760473674e+02
9.115071886880031116e+01
1.099109220389812549e+02
1.163738689882979997e+02
1.160159768591110065e+02
1.112224464018541994e+02
1.110149960588822609e+02
1.253783973091303778e+02
1.020442165119194442e+02
1.081923748075862477e+02
1.053934934969568360e+02
1.111799005118405006e+02
1.015681324328907635e+02
1.229037199808889085e+02
1.028977628996310045e+02
1.019955124413762775e+02
9.553001397648964144e+01
1.297562896158447359e+02
9.514365688097517193e+01
1.176819163477530736e+02
1.094204745641190328e+02
1.031631743060792417e+02
1.067598678419432616e+02
1.130001812906460970e+02
1.062872406316316045e+02
1.119500655151294950e+02
1.166079030628541489e+02
1.056760048024338232e+02
1.218608089388152536e+02
9.320886264730037851e+01
1.023570060296359401e+02
1.192476855231587649e+02
1.117058151173838638e+02
9.332345688420524255e+01
9.427328691304876429e+01
1.168507517724264773e+02
1.235240783174541264e+02
1.041596615568906543e+02
1.089156911150799232e+02
1.093106732066606241e+02
1.285972307951368805e+02
1.089111803502767515e+02
9.596925057061606879e+01
1.011459545739314478e+02
1.115178155622795089e+02
1.005957561665669289e+02
1.191477822739629318e+02
9.624786390259524183e+01
1.243608874113389220e+02
1.143778978299231284e+02
1.107459301170784727e+02
1.047080657857380146e+02
1.142079298444743358e+02
1.166116063929997040e+02
9.417922812646617103e+01
1.018747010574330005e+02
1.012177216627959382e+02
1.080504667438633248e+02
1.013953642681386498e+02
1.302709584355286268e+02
1.103240228464770354e+02
9.643123199120296363e+01
1.220074142314730778e+02
1.006605025125453778e+02
9.900593701449497530e+01
1.262321546180008340e+02
1.133315185850373581e+02
9.230493746671463384e+01
1.182283678335720936e+02
1.188703019562950942e+02
1.003663079613383502e+02
1.046436864508261095e+02
1.099923047685929731e+02
1.139668243353579129e+02
1.079555140333286829e+02
1.183202173780851609e+02
1.157831594720198609e+02
1.103104290806098362e+02
9.996538466779468024e+01
1.138298805222731005e+02
1.213935003771364904e+02
9.270735930962621296e+01
9.377712050587085457e+01
1.105479507439258100e+02
1.242571883684580314e+02
9.310600885172064523e+01
9.549521717160301648e+01
1.235950488540730561e+02
1.275773328736930381e+02
1.258197089183330348e+02
1.051622480049293671e+02
9.735341769149707147e+01
9.564354599480029151e+01
9.755283278433736882e+01
1.173435771938955696e+02
9.369304166360461750e+01
1.082951054802279032e+02
1.217270983944631695e+02
1.153497520814647572e+02
9.684610997495556717e+01
1.205373584744768749e+02
9.877168862858459875e+01
1.021360345224536132e+02
1.127905758683548072e+02
1.244040999657152469e+02
9.199958954262375244e+01
1.232099902326241505e+02
1.086308594705672874e+02
9.706654739171825952e+01
1.072621188194940771e+02
1.114857448851291082e+02
1.082419703939264366e+02
1.101623768372818262e+02
9.115041057748061348e+01
1.144805977724293484e+02
1.194205905946127757e+02
9.878292340004969674e+01
1.232429186235556102e+02
1.039793294256225522e+02
1.123039122032616746e+02
1.230318186157228126e+02
1.211649511219540756e+02
9.393395422034896569e+01
1.024606145417225491e+02
9.811752697080379448e+01
1.015529841176274601e+02
1.397463729892318725e+02
1.146732220220196012e+02
1.061905520107328442e+02
9.685215878083873520e+01
1.029300634622988895e+02
1.225723965353074760e+02
1.014374215889594808e+02
1.114994239679476067e+02
1.154399551301274016e+02
1.036926082540035168e+02
1.190360154271234023e+02
8.998694901022449244e+01
1.133586072278632741e+02
9.852630796223198217e+01
1.198150702222187931e+02
1.076852776381044805e+02
1.057401694577560960e+02
1.147063057140969988e+02
1.101703938972910635e+02
1.070358144421940096e+02
1.166445907267908950e+02
1.032002522277884395e+02
1.127930946875309672e+02
1.161250396920854939e+02
1.009270608807259180e+02
1.262252863016655766e+02
9.381235076737671363e+01
1.125701240192768608e+02
1.094367478505979392e+02
1.122667101883088918e+02
9.595254179812103246e+01
9.899759493806477906e+01
9.977882867635307207e+01
1.316639812327686911e+02
1.001625804520975862e+02
1.079178017169688957e+02
1.135161286435502035e+02
1.176623170463452936e+02
1.124457730528863095e+02
1.088753167657816476e+02
1.110622320627640534e+02
1.010156094251564980e+02
1.042524079832808184e+02
1.038426675450852343e+02
1.148819105816087216e+02
1.192736494402199270e+02
1.049643841105928601e+02
8.970783591586651085e+01
1.179042522036949805e+02
9.211649944558890013e+01
9.997550874644305452e+01
1.171612909544271872e+02
1.275637185178136832e+02
1.058824816681160570e+02
1.128041831836070230e+02
1.093760506285781275e+02
1.051389698090702041e+02
1.063237827518919545e+02
1.146873380255654951e+02
1.006546946592186913e+02
1.074946440326397408e+02
1.194810709168214373e+02
1.129593264927840153e+02
9.973642014740521233e+01
1.176228868892837767e+02
1.255893638490017707e+02
1.189667816842691934e+02
1.028958637740340549e+02
9.595712994410170893e+01
8.896627356261653574e+01
9.077760025023317780e+01
1.252181586535852489e+02
1.016149188221309458e+02
1.139152290831075334e+02
1.014723889832678765e+02
1.184298130402165015e+02
1.109364334791984561e+02
1.147468302757526857e+02
1.013557317329260172e+02
1.051647015609976705e+02
1.045074540512030836e+02
1.197179509544852465e+02
1.078049631996912581e+02
1.015229729282655313e+02
1.258855936061192011e+02
1.063286920166577545e+02
9.819315088255012824e+01
1.192181408943041561e+02
8.801935703807420452e+01
1.052558607019050214e+02
1.181808809998197063e+02
1.128064280331783635e+02
1.013230040375834022e+02
1.249689976264078979e+02
1.150066577533258112e+02
9.778149346014313892e+01
1.251286578288122797e+02
1.032953702880549116e+02
1.012570453073814178e+02
1.128169834756318295e+02
1.066982193857967047e+02
1.041606967994515287e+02
1.292953371219304017e+02
9.971073028463463572e+01
9.424413498741473916e+01
1.095232555028915442e+02
1.244959971825835794e+02
1.067863781140069079e+02
1.168405096622162347e+02
1.103772672821706635e+02
9.885926771437873128e+01
9.578767299288216464e+01
1.131145768823124342e+02
9.780183525234106412e+01
1.208205843923575884e+02
1.048040226968637256e+02
1.034092835385539928e+02
1.162190947585511793e+02
1.064144233747340280e+02
1.195163737092535428e+02
1.048988871519738382e+02
1.130176758625467386e+02
1.053040894973052843e+02
1.143443073393267895e+02
1.075782632354153776e+02
1.159529230184408704e+02
9.874879690062761028e+01
1.048283276846714500e+02
1.056135151314712317e+02
9.830296685009751911e+01
1.302371318626175594e+02
1.144134615824278143e+02
9.894075830509223124e+01
1.038034291553499173e+02
1.219895551453047204e+02
1.037424136932709899e+02
1.112581717344980490e+02
1.018166003665185997e+02
1.120608652339402909e+02
1.088393198162415700e+02
9.276171224683720595e+01
1.168892926114718165e+02
1.246853227496312542e+02
1.219333717799272989e+02
9.939460020228851533e+01
1.016556506925762307e+02
9.939769499905720807e+01
1.058854880328005095e+02
1.146096416557359987e+02
1.008752520489404816e+02
1.222094994062598374e+02
8.512102886330424667e+01
1.159497833052749769e+02
1.008032014650875396e+02
1.255984470420581971e+02
1.046423100360978253e+02
1.121674177163500303e+02
1.014847051244869647e+02
1.202992939089689486e+02
1.224704197927228222e+02
1.180677360558546525e+02
1.099752465585874575e+02
1.148734739716869058e+02
1.158078703965678926e+02
8.745119938124832970e+01
1.262206884031778884e+02
1.052825672611959362e+02
9.375646240918004537e+01
1.299116409803307022e+02
1.019443572214978104e+02
1.003172318717845286e+02
1.108495719147911558e+02
1.194043670475392815e+02
8.397904454353836456e+01
1.020958806997980872e+02
1.322404346731244971e+02
1.013486950321398012e+02
1.110468508118426598e+02
1.090190209823202565e+02
9.924221379578452229e+01
1.039910350172298052e+02
1.169708790544997328e+02
1.014904200887443579e+02
1.054556449090606236e+02
1.102607066310691692e+02
1.178816864586474367e+02
1.095848891168857335e+02
1.009665969307184525e+02
1.057005567892935716e+02
1.236930369896039821e+02
1.090225563669816466e+02
1.064022250584858398e+02
1.156027524106000470e+02
9.032527486348676860e+01
9.864531600904314246e+01
9.460613948808371276e+01
1.157548234027689489e+02
1.079274433079917088e+02
1.262678543273669760e+02
1.161932676261573221e+02
9.613704122099083804e+01
1.001096710922358284e+02
1.106090789802368448e+02
1.086267405473381160e+02
1.117309315480925846e+02
1.213623385360385925e+02
1.042718673107585801e+02
1.175731325343913909e+02
1.140725214385555262e+02
1.077786987777454044e+02
1.094629113104382014e+02
1.081590831043349112e+02
9.776671179687841118e+01
1.140341497332044725e+02
1.073193207320061333e+02
1.315752889682924831e+02
1.019934666830881440e+02
1.102674815892129772e+02
1.218849373666701439e+02
1.103378283728137319e+02
9.863069774009355228e+01
1.120831278449295070e+02
1.068247518905298392e+02
1.101208646472386619e+02
1.163857809695887227e+02
1.057017074668889620e+02
1.189329081752541413e+02
9.782563224347981645e+01
1.076403592385173908e+02
1.153208323979158934e+02
9.787399798897304493e+01
1.172271819205725052e+02
9.737595347865782003e+01
1.109515611664559316e+02
1.158226212902777092e+02
1.174962242794341165e+02
9.402738394151916168e+01
1.041167019816591051e+02
1.278222948263721293e+02
1.108539728282049737e+02
9.880863586109794028e+01
1.130436920101927996e+02
1.050710595126651015e+02
1.168041471034413803e+02
1.019871868747429602e+02
9.856100141528867198e+01
1.061217324730050535e+02
1.222744815639559448e+02
1.116975363854432999e+02
1.131499291614440921e+02
1.275662162754003930e+02
1.004356963066885697e+02
1.066917507766635111e+02
1.260611492262148516e+02
9.659695507055204189e+01
1.216998472623126730e+02
1.168755932280696044e+02
9.149407535232697342e+01
1.036183522457223773e+02
1.053908869918285802e+02
9.579253737729480633e+01
9.773143026311429082e+01
1.092938147565684233e+02
1.161139522197048848e+02
1.190444865001985306e+02
1.141904759950437267e+02
9.452740384516350503e+01
1.276971211193602471e+02
1.132972123533601234e+02
1.045402953447206045e+02
9.508463727480705074e+01
1.287804412172574757e+02
1.135012635446403948e+02
8.614351360148545211e+01
1.266988716541100501e+02
1.127596631530236948e+02
1.042569681643476542e+02
1.203818678587843181e+02
1.167034303049422164e+02
1.126977397805057848e+02
8.743855028638077442e+01
1.037277689628811572e+02
9.214168347717725283e+01
1.274819491060247572e+02
9.406509496587285923e+01
1.191072903332589732e+02
1.113925807693593129e+02
1.047205139520835502e+02
1.095256835456987119e+02
1.151950687664770356e+02
1.126401290465004337e+02
1.073302528363239787e+02
1.112303508059917334e+02
9.479698094351273596e+01
1.102098017094813684e+02
1.196992970903077804e+02
1.282323848398159498e+02
9.750736178819344957e+01
1.075803200166265867e+02
9.711229024221864847e+01
1.107015489819341525e+02
1.143621798140379155e+02
1.076262754191484845e+02
1.099110291761904818e+02
1.083127963851306959e+02
1.238406597636723916e+02
1.060286837031914331e+02
1.000086325933909706e+02
1.081710267610966838e+02
1.099854291337321115e+02
1.252550268058363798e+02
9.654186555378136347e+01
9.957681339677732524e+01
1.125526420664493799e+02
1.041144864307655951e+02
1.226737046985856949e+02
1.111928685973354192e+02
1.073154108374011031e+02
1.073494684557447840e+02
1.084716783999851089e+02
9.760775945192636982e+01
1.355597125100551352e+02
9.604429235381441288e+01
1.040511863637800758e+02
1.086528386319546371e+02
1.016892187223893700e+02
1.281451579407720942e+02
1.072179756285509313e+02
1.042096220883982056e+02
1.115024831443089681e+02
1.047773655631336283e+02
1.221748709467355951e+02
1.042369000326064850e+02
1.143554934207937208e+02
9.620886953514590800e+01
1.147922560062186648e+02
1.012135258357088929e+02
1.064517574434441656e+02
1.126383875206002187e+02
1.100271846138763578e+02
1.273058244473355529e+02
1.187836696590580914e+02
9.897765064665320267e+01
8.945233694408899794e+01
8.646406021802712871e+01
1.464024708654040694e+02
1.080304959859438156e+02
1.144966425166430639e+02
1.151131657701376412e+02
1.031428395298338785e+02
1.172898198298930481e+02
9.718137592904056987e+01
1.062935702045736122e+02
1.105232099884361361e+02
1.224470786396430952e+02
9.967660640772696468e+01
1.025183849756468533e+02
1.142407393453034814e+02
1.079546096517839970e+02
1.144776285596785783e+02
1.131195713236922131e+02
1.131388879832183392e+02
1.017913760218451671e+02
1.037217728246354369e+02
1.096370464431342810e+02
1.128438664950706425e+02
1.164983081607347088e+02
9.357417055071915968e+01
1.042740972659100009e+02
1.127097099887717349e+02
1.172284753336353873e+02
9.527881674997760797e+01
1.079053491513540166e+02
9.965660718870370260e+01
1.187270378716639385e+02
1.105434528734219981e+02
9.721698509272879107e+01
1.043267135592757313e+02
1.207892084780548601e+02
1.044462175678864497e+02
1.236207344234842083e+02
1.007197244853591371e+02
1.188360459184103490e+02
9.732515274728616816e+01
1.064490917460543926e+02
1.056424842517410809e+02
1.195971482663210281e+02
9.295166920947049505e+01
1.161431696866978740e+02
1.058686043799784358e+02
1.089157512561686758e+02
1.146453498151007722e+02
1.161777009922511468e+02
1.083392543780176567e+02
1.097885185967778909e+02
1.053968826571782387e+02
1.038392839167799053e+02
1.197197466658788443e+02
1.095951485112472028e+02
9.894775945397887540e+01
1.214208654615666916e+02
9.734569627040470152e+01
1.012894162312137496e+02
1.023366065350235345e+02
1.300500135779924733e+02
1.187753157801778343e+02
1.206706641039240964e+02
1.058683571030541799e+02
1.175906341751378079e+02
1.037684463542247926e+02
1.018977959742986030e+02
1.053898834425947797e+02
1.072547748496676974e+02
1.071516079577154272e+02
1.319023895547384200e+02
1.054845088258502130e+02
9.824293055679817144e+01
1.041874217010277164e+02
1.093315540848608549e+02
1.299816425408531302e+02
9.693352708811103469e+01
9.510740992835496854e+01
1.019165585844896498e+02
1.203858956124626900e+02
1.185014690144052310e+02
1.090827084181202764e+02
1.031159865840925107e+02
1.192230431244960016e+02
9.424345841108956279e+01
9.719899870066856806e+01
1.017214107040840219e+02
1.252413221827578553e+02
1.156644705528017738e+02
9.623875131581510800e+01
1.155207254634595699e+02
1.228901207336696189e+02
1.180142382416723308e+02
9.339213903617068979e+01
1.085180820523681291e+02
1.077507326841004698e+02
1.126867600431258012e+02
9.958972441492366556e+01
1.101402036529939892e+02
1.082163175265579866e+02
1.120040020220794190e+02
9.346484558076453197e+01
1.245745774234192425e+02
1.055968837375757658e+02
1.168040295567442257e+02
1.095429033363760567e+02
1.142266569182670253e+02
1.041846839948525343e+02
1.144780292827005752e+02
1.023948796055641424e+02
1.108826419630379263e+02
1.142063603940961514e+02
1.044303387561021026e+02
1.099563034687732852e+02
1.026519794832140349e+02
1.502246965145087643e+02
1.262852581297306926e+02
1.135054276214020490e+02
1.006865827552714734e+02
9.782046423212362640e+01
6.550694765533931729e+01
5.182729596007797568e+01
1.068549653196326545e+02
1.180487237044033435e+02
1.123226269369935579e+02
1.097481928480798814e+02
1.079735593375161216e+02
1.015288906743018487e+02
1.036212695857328043e+02
9.814609729942645799e+01
1.200677703711043165e+02
1.038050582056903863e+02
1.098755701504086488e+02
1.191031681255477110e+02
9.986106047748370429e+01
1.039371687364231605e+02
1.068070752802707375e+02
1.186817045512171660e+02
9.727600372497791170e+01
1.269425244724868662e+02
1.105073531936126869e+02
8.997737336019748966e+01
1.068447851886866005e+02
1.263985533237838865e+02
1.195534122282083018e+02
9.874575882343687283e+01
1.037823571948286201e+02
1.193645529309031588e+02
1.091236305421524690e+02
1.180941505038316279e+02
1.013709537066449400e+02
1.034813651670602610e+02
1.078496562438023147e+02
1.204773627063839285e+02
9.718782883835403652e+01
8.633336557605379369e+01
1.328783050493931910e+02
1.145234971788429164e+02
9.721647814619174710e+01
1.226644752943457632e+02
1.068552101260549989e+02
9.580490537159712972e+01
1.111906059230555144e+02
1.162207124715369133e+02
1.183175977149641511e+02
1.082943799734586605e+02
1.071268999273053311e+02
9.889526839460860685e+01
1.186786622351398108e+02
9.555539717169146741e+01
1.181772337483630935e+02
9.859967395324092365e+01
1.219888015740209681e+02
1.113836168698974234e+02
1.026597282466307490e+02
1.111294420561214054e+02
1.644191455118097167e+02
9.402017488872357376e+01
8.708421716391377743e+01
8.856168598205506726e+01
1.015526519768072120e+02
8.522250455928276835e+01
8.808265766113645157e+01
1.178310823972443160e+02
1.042927221615733941e+02
1.378462190979475679e+02
9.885616414517602379e+01
1.028251713211165708e+02
1.017220681456446982e+02
1.162992196173436810e+02
1.074473433958012407e+02
1.249124759642091078e+02
1.072729354618214188e+02
1.017371440554762785e+02
1.011966994036123140e+02
1.239290321046084813e+02
1.033847606901522340e+02
1.167035459053078057e+02
1.100862624717505440e+02
1.172313908158796920e+02
1.000189293299178814e+02
9.521507722116650996e+01
1.186087017400747783e+02
1.166562205041443434e+02
1.229170640378746810e+02
9.765128273223081123e+01
1.176329553624531741e+02
8.982348900648044321e+01
1.132311509975505857e+02
1.078927341734643193e+02
9.754103824165466108e+01
1.005274597308785189e+02
1.093765014470572368e+02
1.369895592968173901e+02
1.041126631504593973e+02
1.060516316058739363e+02
1.164819014163742708e+02
1.186789399753356236e+02
9.526157687879423008e+01
1.072590800950884500e+02
1.144236505252222571e+02
1.037270604147524296e+02
1.049533765944915160e+02
1.211800719372853337e+02
1.005140248917159624e+02
1.093510866718749526e+02
1.253405702896829155e+02
9.673951516168611420e+01
1.073803940420709466e+02
1.145704153361701430e+02
9.821322219980180535e+01
1.186049126219252372e+02
8.944867407533446624e+01
1.244545157897307917e+02
9.758089330968786612e+01
1.216123391203476416e+02
1.018249622690608902e+02
1.142498914324842332e+02
1.139672107720894729e+02
1.071336102782783541e+02
1.120673383622981447e+02
1.134539580913595671e+02
1.111778317039948405e+02
1.148552057040199514e+02
1.024330215765582324e+02
1.017350981093722595e+02
1.124937608156017319e+02
1.084166162988761357e+02
1.336233596931401166e+02
1.046371308882255278e+02
1.054747569187670848e+02
1.015628443437582149e+02
1.049589713417295656e+02
1.112017054347349472e+02
1.268580566527226097e+02
1.081174357897880327e+02
1.138067659409571633e+02
1.084097961957898661e+02
1.265404969646556594e+02
1.038101042902593889e+02
9.308884499373669996e+01
9.991908113350366705e+01
1.132165029244952592e+02
1.040573616338309222e+02
1.166670819658994986e+02
1.186890828170437686e+02
1.038585679257074759e+02
1.059318097981612681e+02
1.046882703067637266e+02
9.965171459920215113e+01
1.209575879876661730e+02
1.166805861350453029e+02
1.061304407698414849e+02
1.394371124401888267e+02
1.030983209350188190e+02
8.861748870296172242e+01
1.080816930960831286e+02
1.110244995968301538e+02
9.887607572191033967e+01
1.053319778530358377e+02
1.276315208791936584e+02
1.213626680752354048e+02
1.019871227320292491e+02
1.111022652779102913e+02
8.750120992960073352e+01
1.120207767135789538e+02
1.062123347577573895e+02
1.072601975337527023e+02
1.189895435374416905e+02
1.257937334787501555e+02
9.755051437344896215e+01
1.018678222102758468e+02
1.046622297479534041e+02
1.052392125565677361e+02
1.163851248900112978e+02
1.158708780337500173e+02
9.137280411806608527e+01
1.223339105445048887e+02
9.797934529516922453e+01
1.034601335380427685e+02
1.042548500936067910e+02
1.118829511349337338e+02
1.059463049393066001e+02
1.215823687065740870e+02
1.240637667961085100e+02
8.811408320380971304e+01
1.096141234460027931e+02
1.006394269064621341e+02
1.166428430614650438e+02
9.819866355035074434e+01
1.118075415563855870e+02
1.179719602479432439e+02
1.095837200329196861e+02
9.600175859948983259e+01
1.071102983055900495e+02
1.104990899098234820e+02
1.032102120784927308e+02
1.064458982080325029e+02
1.138432589048854027e+02
1.193138320279943656e+02
1.020015374528790488e+02
9.559038423976127774e+01
9.140691171845878671e+01
1.297494780566985071e+02
1.158601408481709996e+02
1.009511024247587159e+02
1.215977153402243260e+02
1.087015856323647540e+02
1.124767870292196505e+02
8.384733872902502583e+01
1.220746965883769803e+02
1.115380966615606297e+02
1.117259834795537046e+02
9.489529719421894072e+01
9.683550397971272616e+01
1.114349741124910480e+02
1.101409672683269463e+02
1.191824303472711648e+02
1.191097643057677971e+02
1.033974199686533240e+02
1.294649093815743015e+02
1.088870129573564611e+02
1.106276038531438672e+02
1.150483438012863786e+02
1.085600439304585763e+02
1.050695202807942792e+02
1.073746071529325121e+02
1.133746516651795417e+02
1.070845000035965313e+02
1.064188219780271680e+02
9.971974291952913916e+01
1.276992557482850827e+02
1.030808109644172532e+02
1.114103668601556620e+02
1.187230526438305702e+02
1.340386105773927738e+02
1.119036046170023013e+02
9.757593873888913549e+01
9.907532634116722647e+01
1.086283383276258121e+02
1.018495743058471703e+02
1.206984816959873399e+02
1.097324686049548461e+02
1.173888987668991746e+02
9.779701994876593574e+01
1.113760118697281172e+02
9.423046833094782926e+01
1.106848417992662377e+02
1.141148046011386015e+02
1.115457314023335442e+02
1.104535505673210736e+02
1.031515868078682701e+02
1.062586330657866114e+02
1.043042526187901871e+02
1.303480018803854534e+02
1.100907703859705578e+02
1.052214428110528530e+02
1.085406455400708410e+02
1.090633066577066330e+02
1.040900846191712930e+02
1.186975425730385041e+02
1.107148221854783827e+02
1.091804178081780066e+02
1.413445287261945680e+02
8.696310268648269926e+01
1.000605805510523112e+02
1.165258483320442053e+02
1.022926592437427473e+02
1.214734995770155166e+02
1.004909438589604491e+02
1.013803765376344330e+02
1.139904480340256043e+02
1.132720290129040563e+02
1.039439275529663576e+02
9.719317629819147442e+01
1.041758102747957935e+02
1.159098387792174663e+02
1.109801338543391154e+02
1.120067555244685167e+02
1.150047219586463711e+02
1.091004688069656083e+02
1.089554732738766774e+02
1.212204701405814973e+02
1.059812634969866849e+02
9.919940838009107154e+01
1.110156024191891220e+02
1.065794128242230698e+02
1.145952107966425757e+02
1.135532853536695796e+02
1.118484026275926340e+02
8.990937814098836611e+01
1.171688712684657929e+02
1.093058333170895509e+02
1.055406034798133561e+02
9.926444058384761604e+01
1.011318317040517059e+02
1.202902695484566777e+02
1.203150991109627910e+02
1.221028511975719795e+02
1.090882011615185405e+02
1.001654077362373698e+02
1.007735024500048411e+02
1.086445232256509428e+02
1.170980632278007079e+02
1.105645035110836716e+02
1.054411214430525945e+02
1.009926583881469639e+02
1.078557012809466897e+02
1.112052132534863205e+02
1.202497507493734474e+02
1.131535191979845081e+02
9.758063657913851330e+01
1.075446892278116877e+02
1.166364457501409504e+02
1.217889789755092664e+02
9.650042746212825762e+01
1.019969498929580993e+02
1.099880510443463777e+02
1.039605996705983699e+02
1.058304007127088084e+02
1.118599921471810319e+02
1.215415643568504009e+02
1.179733639798774476e+02
1.006218398966052803e+02
1.049727631655326263e+02
1.076486662014079201e+02
1.078058223454297320e+02
1.182713938366386088e+02
9.537848131990253364e+01
1.002590184941573028e+02
1.226398279933476090e+02
9.341387590080840653e+01
1.143660625147625325e+02
1.238442401718550627e+02
1.093859700699035074e+02
1.113473725429900583e+02
1.121581008536885520e+02
1.024502303732607800e+02
1.182052600603032460e+02
1.145794483638384520e+02
9.594777282804903962e+01
1.030766822385655672e+02
1.175555627259499261e+02
1.139040249185028983e+02
1.029236630092583908e+02
1.006554552793833892e+02
1.013051507755478440e+02
1.088944254499888871e+02
1.293914352043142344e+02
1.069704907463298724e+02
1.012387329130849167e+02
1.197203785779353353e+02
1.222486035116896232e+02
1.070413380015912281e+02
1.005634453365010899e+02
1.050879569622214120e+02
1.203146400060734607e+02
1.210512798652767117e+02
1.172281099547992795e+02
9.177000759388764095e+01
9.851902169998982117e+01
1.000775792177579149e+02
1.180939834861011235e+02
1.121019307464835038e+02
1.173626172021369882e+02
1.086317161008568775e+02
1.007346315888954535e+02
1.167804328608984150e+02
1.156260804147912040e+02
1.078320554643771914e+02
1.245021511365222580e+02
1.067252541908372621e+02
8.869634639557152411e+01
1.043011976886303671e+02
1.118012741505438754e+02
1.217822599053111645e+02
1.123993334092274949e+02
1.199398504890076680e+02
9.169153000335410297e+01
1.038495569845589586e+02
1.000073043306369414e+02
1.274908483038351079e+02
1.084031799688609539e+02
1.074050317138923418e+02
1.154116606421369937e+02
1.040942555350771528e+02
1.084090695766182648e+02
1.124595060828001465e+02
1.105727168438419312e+02
1.231020329888400511e+02
1.029285186209169183e+02
1.124498494818347325e+02
1.042956798789260944e+02
1.146572837746469276e+02
9.335713796676773768e+01
1.090126308677220521e+02
1.070230834250455558e+02
1.131375465189895380e+02
1.279531949124400114e+02
1.173180413949435348e+02
9.311872791563237683e+01
1.021999337919729811e+02
1.058366034792303481e+02
1.081685944794720058e+02
9.590367213416925551e+01
9.411828630379085325e+01
1.162158598073702791e+02
1.203488504659338361e+02
1.170939977548958524e+02
1.100468407114504714e+02
1.148913131498795792e+02
1.208894015159077071e+02
1.039055929284493232e+02
9.131018230959929838e+01
1.260360748147178356e+02
9.976187341058781044e+01
1.204817338872269374e+02
9.467679729189114823e+01
1.173587467873759920e+02
1.106122717650707870e+02
1.080619236214716352e+02
1.032509799861466178e+02
1.072058879651229546e+02
1.070958942263372080e+02
1.114396460835560134e+02
1.128635568158652518e+02
1.116767862919778764e+02
1.065242906996974028e+02
1.113782853396629093e+02
1.125981983028692639e+02
1.098746085328815809e+02
1.050441152069664952e+02
1.001316642063901128e+02
1.169644487489938882e+02
1.055763394763515919e+02
1.127765860582744750e+02
1.001427328596053314e+02
1.181587256861383111e+02
1.027670801056437995e+02
1.153451573593817727e+02
1.080115280638219559e+02
1.097835182373405445e+02
9.368723791760758957e+01
1.142701595555873411e+02
1.057719126382429664e+02
1.228320543146482464e+02
1.196556855632395866e+02
1.007039425946952775e+02
1.051203995697488125e+02
1.042558514242537484e+02
1.003898056325769801e+02
1.285087475188927897e+02
1.044239961036090278e+02
9.997207015836966093e+01
9.469178906631682935e+01
1.048675975210592810e+02
1.052115160644733578e+02
1.078529317979197231e+02
1.290673136168707060e+02
1.018047778482363697e+02
1.067459855965783930e+02
9.371867423485832660e+01
1.121539884960095037e+02
1.144031477211760688e+02
9.869349755024555293e+01
1.141686095531053837e+02
1.195839936452022698e+02
1.267382165029829935e+02
1.138650484819283122e+02
1.164586573346876150e+02
1.014437415237411955e+02
8.344607850901533652e+01
1.107750531843405781e+02
1.008661153858120514e+02
9.930030441927971196e+01
1.251473620716897841e+02
9.496792046023472267e+01
1.196371050027612171e+02
1.112675113747398399e+02
8.540454149265995909e+01
1.198109818313584327e+02
1.105788128801992229e+02
1.061162877355268677e+02
1.309587494816209698e+02
1.046738902765419112e+02
1.040598411356085080e+02
1.093930890454598170e+02
1.260268330032520936e+02
8.879726776459415305e+01
9.361002151703884522e+01
1.380291077941157596e+02
9.441097344448546380e+01
1.157363250074507164e+02
1.161323490183306149e+02
1.007329422606689775e+02
1.260018094023738371e+02
1.040461665936300903e+02
9.175365574339727459e+01
9.749161411820345791e+01
1.262397514217791183e+02
1.080908461117588359e+02
1.060839156457468846e+02
8.417563971733250128e+01
1.150014310374689757e+02
1.133474054891163263e+02
1.237269748636826563e+02
1.236124207510619328e+02
1.089656877582782357e+02
1.076455120391322566e+02
1.036514703505166324e+02
1.094329896400130480e+02
1.012589007711742397e+02
9.229531231308180850e+01
1.051705957216709777e+02
1.358919743480367117e+02
1.001910683711837322e+02
1.071499030969124675e+02
1.095483334392822883e+02
1.060331719651092897e+02
1.216787752807884004e+02
1.079613219527509642e+02
9.224026409372015678e+01
1.201176706534678402e+02
1.090137894845298803e+02
1.129206149677168440e+02
1.095652463404656487e+02
9.997902582539693128e+01
1.247731563105344890e+02
9.725354926717749038e+01
1.084675447457879187e+02
9.468069979122940083e+01
1.077848885610725347e+02
1.038409028032999117e+02
1.107634851930519346e+02
1.201372414096100414e+02
1.162001579707523149e+02
9.950484633125773826e+01
1.168183085928274920e+02
1.049345949477186650e+02
8.874474873374416006e+01
1.281827879697605113e+02
1.179218235887288131e+02
1.172800154064110671e+02
1.128013727557082007e+02
1.142130095355761341e+02
1.040903479350837131e+02
9.385075098478483824e+01
1.139202780600723344e+02
1.038088421831397312e+02
1.249795981414607411e+02
1.113773576722556271e+02
1.041046327685383233e+02
1.042216465084999300e+02
1.170446806904077874e+02
1.048760473113346876e+02
1.187631887727885811e+02
1.063219398446296111e+02
1.204470567869872895e+02
9.767285179665778116e+01
1.149703946816205331e+02
1.086255145678466931e+02
1.225425459029730604e+02
9.918419968538030673e+01
1.105611671663165367e+02
1.021727784408721078e+02
1.114403705347509401e+02
1.105075700462974311e+02
1.113510197970296645e+02
9.932763408297988406e+01
1.041123546974874756e+02
1.220628390635788207e+02
1.095185198802811612e+02
1.040350533268814104e+02
1.256311655679082406e+02
8.700514448113104038e+01
1.232583147886995647e+02
1.012842359369813749e+02
1.064202903813803402e+02
1.164335992503231836e+02
9.749688629905716653e+01
1.062027426950405840e+02
9.443226676531575947e+01
1.119664045165742721e+02
1.302658319077108047e+02
1.032620623472574977e+02
1.312589631968128003e+02
1.167165420318273164e+02
8.804022243888518062e+01
1.092424618899707411e+02
1.122379717045200920e+02
1.098483466284007761e+02
1.206987194963567021e+02
1.137314472403558341e+02
1.148383329559299284e+02
1.125216885968084881e+02
1.090173457408649682e+02
1.041643965874770430e+02
9.836917476131522164e+01
1.172438679680655440e+02
8.894970130162064947e+01
1.083244306799071097e+02
1.093784063168329226e+02
1.216030901368233401e+02
1.309449876027193795e+02
9.592744869875929226e+01
1.163677770416430803e+02
1.065986207576005853e+02
9.332559304372030340e+01
1.297972523488913055e+02
1.004159418702947733e+02
1.018065368909526285e+02
1.102666071047866581e+02
1.321932179760065083e+02
9.323785946941363534e+01
1.206667457868438902e+02
1.120836095346584358e+02
1.051533562943165379e+02
1.118839642448091212e+02
1.118566877076043937e+02
1.062160569964595993e+02
1.008417178142619832e+02
1.136772193385867240e+02
1.199905928210734345e+02
1.055172110199958837e+02
1.107677175041747404e+02
1.044387319583218670e+02
1.100187447751881393e+02
1.101518705108690881e+02
1.152037690263376390e+02
1.069791794779958138e+02
1.098600953118941987e+02
1.287540181641463732e+02
1.170780738745713734e+02
8.740688621301450212e+01
1.083313565501917850e+02
1.159752978521081701e+02
8.991883596436400694e+01
1.008952490986731902e+02
9.764103812839384489e+01
1.154006241187920807e+02
1.185703002754218574e+02
1.108771266373382929e+02
1.124093178803891249e+02
1.013244712487755805e+02
1.157461122824496584e+02
1.103708384904300885e+02
1.186008241519964486e+02
9.810082597917332237e+01
1.110244100623127395e+02
1.170187436279763631e+02
9.936774284564886273e+01
1.042367995224863364e+02
1.117448252739558399e+02
1.127699193719078465e+02
1.107466331113978271e+02
1.052073430665411422e+02
1.149580757527978534e+02
1.138181028762095934e+02
1.020292524052262308e+02
1.126304953617514002e+02
1.076623227777462830e+02
1.022112759833337492e+02
1.205144172864534227e+02
1.152821660476886194e+02
1.109523232226233063e+02
9.527500540493508652e+01
1.092621884606114406e+02
8.686131479708264180e+01
9.707494722342067917e+01
1.229087094369301241e+02
1.470686404868812645e+02
1.058875110408658458e+02
9.929512966015549580e+01
1.121125848962891354e+02
9.664312991876818160e+01
9.291312571542178489e+01
1.058911134449333247e+02
1.408617339613081469e+02
1.001973094097151602e+02
1.398156120389472221e+02
1.012739318470650005e+02
1.022814411297041204e+02
1.169659251756365848e+02
8.819050059811260667e+01
9.309286617816789544e+01
1.362206160337923961e+02
8.987435809904889084e+01
1.096764608546509692e+02
1.105386047161732392e+02
9.758434433034436495e+01
1.130584605851254310e+02
1.157686684879980277e+02
1.077639768450918325e+02
1.072507010893210122e+02
1.129392429974347181e+02
1.021840260823655342e+02
1.106756782237237502e+02
9.376854313678414599e+01
1.128888579067909887e+02
1.030938879542216284e+02
1.046864631610073673e+02
1.194170958151177899e+02
1.199967609384185891e+02
1.008500594571345061e+02
1.083851705059793744e+02
1.055872310363995012e+02
1.146768043439104758e+02
1.052085248693404083e+02
1.201115042632937957e+02
9.413515230747837848e+01
1.136007017642814674e+02
1.046756794271468323e+02
1.161513439149828741e+02
1.183639474920752690e+02
1.086174824984787364e+02
9.272385273603292433e+01
1.087459560721034535e+02
1.049206338029331960e+02
1.212804465806061245e+02
1.257076908721680297e+02
1.010641944777240440e+02
9.755077395134708240e+01
1.129488282148498968e+02
1.050670697787627574e+02
9.954543681427476542e+01
1.204702682148884065e+02
1.194370834366300187e+02
1.077441658133723337e+02
9.722260759823305420e+01
1.087021553258524449e+02
1.308024727644115615e+02
9.945731781470034605e+01
1.118598196126737605e+02
1.071178636453429363e+02
1.203560285589471306e+02
1.107143678325083869e+02
9.045129723402139632e+01
1.112233897995034084e+02
1.146762302059441367e+02
1.154465196825783551e+02
1.212692910147639367e+02
1.012819310830067110e+02
1.039438726565502833e+02
1.048704771021318720e+02
1.088359664779554947e+02
9.316959649079130656e+01
1.095773191069730643e+02
1.134030283926339138e+02
1.214526816916073386e+02
1.161356105344036393e+02
1.031405375418587624e+02
1.011559956738710326e+02
1.124639498015955752e+02
1.107452923544249046e+02
9.492718565650687879e+01
1.243883688678863138e+02
1.120237475950830515e+02
1.147498993950595434e+02
1.125810985548908008e+02
1.164595258602036409e+02
1.134683703601452578e+02
1.158847107192563328e+02
1.255148750092285894e+02
9.373642853389948471e+01
1.030262111821989919e+02
9.985246534538937624e+01
1.185419865500720107e+02
9.452804393275812345e+01
1.043134204019397089e+02
1.148599780478222101e+02
1.096362954808174521e+02
1.140229009414843802e+02
1.086044191518960105e+02
1.050128416809168357e+02
1.151821412759807544e+02
9.280459316285633520e+01
1.167327849216412687e+02
1.158498209762551028e+02
1.118448343707036230e+02
1.040110285606462384e+02
1.198297970660367753e+02
1.044925153214954321e+02
1.119086088301630468e+02
1.038929001172654409e+02
9.693834361409091116e+01
1.173543563489635631e+02
1.220120820246316669e+02
6.363101088480354406e+01
9.658882823225665959e+01
6.286785090459893865e+01
1.552908944454845539e+02
1.118636690136181073e+02
1.259622074609572309e+02
1.067496496767125080e+02
1.148460758283222987e+02
1.084231428677538247e+02
1.013911048819774550e+02
9.463511412103508746e+01
1.178567564988344429e+02
1.201841284207724954e+02
1.121264678723479307e+02
9.890117319220350112e+01
1.050996029403392669e+02
1.097928977563285002e+02
1.023045149360799542e+02
1.029238987262487655e+02
1.295867614737477993e+02
1.109523848406149824e+02
9.798458758626151166e+01
1.077286350913860531e+02
1.221891836059213432e+02
8.947094629510813490e+01
1.100499411225943192e+02
1.044628111979625231e+02
1.202958414731527625e+02
9.044586178844733126e+01
9.460526428068082794e+01
1.138473101902972360e+02
1.099708726164480197e+02
1.171739640679279404e+02
1.233918230926539508e+02
1.116322765304538649e+02
8.398150830712272352e+01
1.205778542225671970e+02
1.140475400562535953e+02
1.063080897853115090e+02
1.193438542004037970e+02
9.997514563816481825e+01
1.094879691817766769e+02
8.512881931719621775e+01
1.079063815728017772e+02
1.259355026318816186e+02
1.209623273225535343e+02
1.147518800882746035e+02
1.374769679946470831e+02
1.052076641557016927e+02
9.838706001490396602e+01
9.414853063565701063e+01
9.776596229012102413e+01
1.027521497367590513e+02
1.049181927604367814e+02
1.129031921704128791e+02
9.949513495136173447e+01
1.316541266877584064e+02
1.220866229911864451e+02
1.000793131923353059e+02
1.019381336960233995e+02
9.615526090552067728e+01
1.318342186083543197e+02
1.044969568973851750e+02
1.130756811192491256e+02
1.044490263417366975e+02
9.231643868931617192e+01
1.091703994371886921e+02
1.069865982007175802e+02
1.136050406327950100e+02
1.190460651928588476e+02
1.029580553836630799e+02
1.218049713372009535e+02
8.992967481559803389e+01
1.226312541247471870e+02
9.832285525403921156e+01
1.139824011647193771e+02
1.174340542462568067e+02
1.080742542203123833e+02
9.226014859023641179e+01
9.365368366773094522e+01
1.214750712428721897e+02
1.089655419009042134e+02
9.997414736330806306e+01
1.138748856524110522e+02
1.161400184490792498e+02
9.530926847276882086e+01
1.062160675054519459e+02
1.216306336290252261e+02
8.940360829629580053e+01
1.223068660069872919e+02
1.159756387911754416e+02
1.122995811609513481e+02
1.251222761736556635e+02
9.966971471478154854e+01
1.094277180764141519e+02
9.488388775201843828e+01
1.106657943013156427e+02
9.152383362086860075e+01
1.090467154624372625e+02
1.124286767491119576e+02
1.200160162186202228e+02
1.170589219503905554e+02
1.059506116309370185e+02
1.094595652967510517e+02
1.128775054091444190e+02
1.056599012076856781e+02
1.370662803820997624e+02
9.087005460000362689e+01
7.140530452612622980e+01
9.655538995433171578e+01
1.058644252816678062e+02
1.433075036815481837e+02
1.168024153227941611e+02
9.750964911777377608e+01
9.760864342970236862e+01
1.015888806020392821e+02
1.078913718304283691e+02
1.022573423204768659e+02
1.086939435482565557e+02
1.101675296324968940e+02
1.117721965189490732e+02
1.153896266225508498e+02
1.253502649342258906e+02
1.004371987289216435e+02
1.204131542532859527e+02
1.007292030531368567e+02
9.704214637650969166e+01
1.113640955031860784e+02
1.178191187833797784e+02
1.162366274557490300e+02
1.040908395298957316e+02
1.001045717155244574e+02
1.005449153991187359e+02
1.175930756675263780e+02
9.555039749585768050e+01
1.047938823530700461e+02
9.879085187591286399e+01
1.171819115339085045e+02
1.197393173291215618e+02
1.148119505468026773e+02
1.107701219646091744e+02
1.122652997741740251e+02
1.048166540683238708e+02
1.127332833875594673e+02
1.071518458694239513e+02
1.086389858187006467e+02
1.253781978324084463e+02
1.087402907704623942e+02
9.774515818352006136e+01
1.061030455267406012e+02
1.080336376960949565e+02
1.008498668439600010e+02
1.051863801909483129e+02
1.066936017198213023e+02
1.282822500556381158e+02
1.066751917263477054e+02
1.108367873258522138e+02
1.203684834295191735e+02
7.349046145741948521e+01
1.273237737726750964e+02
1.073467611826558823e+02
9.643238264574794982e+01
1.268028451626517636e+02
1.182456443382869224e+02
1.026417142188137603e+02
1.236687293364780658e+02
1.166210819449805030e+02
1.086221792517739715e+02
9.742006495135038335e+01
1.044668489848832991e+02
1.240346737606699321e+02
1.225763890079766583e+02
9.276631233586810765e+01
1.085331679251724353e+02
1.090240875855632368e+02
1.048132824166594332e+02
1.200232911742164674e+02
9.271375210163945724e+01
1.061796323243215312e+02
1.274706297504303052e+02
1.164857657490568101e+02
1.168231176547864578e+02
9.817365118962048598e+01
1.094540384386137362e+02
9.590306326011453564e+01
1.169347377302288180e+02
1.082412086228581529e+02
1.223032953417367281e+02
9.937405380570871216e+01
1.171773008119708805e+02
1.217631467074476035e+02
1.021537011008211664e+02
1.078190219498409732e+02
1.117700706590711803e+02
9.294949680522120161e+01
1.137370256988975541e+02
1.050661147701885056e+02
1.053922711849851055e+02
1.217676193566850174e+02
1.039894011531227278e+02
1.026389275078223164e+02
1.109456219035855611e+02
1.098089021357408370e+02
1.064844139795546454e+02
1.068229457500733730e+02
1.103480321299946212e+02
1.037057153740110351e+02
9.122602317211746481e+01
1.217901681949555410e+02
1.221103863948273727e+02
1.057070870229317165e+02
9.501773125815660137e+01
1.006720834502591373e+02
9.437968103693717126e+01
1.340548392568339580e+02
1.201792720448361251e+02
1.173135966837811992e+02
1.065778019166327226e+02
1.094532868490019695e+02
1.076682009218267524e+02
1.061653185996819531e+02
1.095168581353733828e+02
1.211725945663355475e+02
1.127709744579365463e+02
1.086816050782145027e+02
1.035844062886510812e+02
1.009806598657824992e+02
1.085784406749057496e+02
1.025518060070046715e+02
1.135181084372890155e+02
1.279835608109943337e+02
1.079371499838318158e+02
9.463907850156688539e+01
9.909818346560193447e+01
1.239305190535217349e+02
1.154495343654369890e+02
1.103018705733874185e+02
9.864036488406115666e+01
1.188028069930058024e+02
1.048104152072243238e+02
9.982842364167781568e+01
1.365860337290839652e+02
1.000399878589478249e+02
1.248437852336891751e+02
1.041996003154984010e+02
1.013910766165723203e+02
1.134207507650011166e+02
1.081465109922991417e+02
1.187269241895391758e+02
1.036113777774754396e+02
9.667463795683521255e+01
1.149010967155599587e+02
1.195554813700511403e+02
1.206916280740278467e+02
1.080596859079987837e+02
1.059835423435363282e+02
1.058973968541381225e+02
9.236509192875301721e+01
1.259577185658964140e+02
1.120487035292314317e+02
1.132811253767005724e+02
1.073812911571968840e+02
9.789916960742311858e+01
9.529090180353024664e+01
1.146475889303221436e+02
1.149772628763614932e+02
1.031803488451606938e+02
9.902218509426482740e+01
1.174264197424332536e+02
1.079435541898124313e+02
1.152861592392935393e+02
1.129580140257490086e+02
1.046377586070582879e+02
1.078346454280573425e+02
1.143439309628567742e+02
1.009606579702621616e+02
1.008788616930177682e+02
1.192126621358848269e+02
1.103670760360815848e+02
9.217417018187960309e+01
1.079444176561913054e+02
1.212553224817812492e+02
1.033106699535620407e+02
1.062136190718995721e+02
1.008767229568507986e+02
1.083481704247460016e+02
1.154800239494943810e+02
1.204183461923141323e+02
9.668077918866346465e+01
1.079598798688504218e+02
1.077194480927248890e+02
1.110891815412003325e+02
1.254487121530456193e+02
1.065171044368011053e+02
1.028934780023882212e+02
1.179841928609861981e+02
9.849799032873399085e+01
1.160294315745149163e+02
1.176832930966536281e+02
1.030698085463630491e+02
9.322396083386252030e+01
1.298666831048942925e+02
1.091683766182917168e+02
1.039443988886633150e+02
1.147388219361036619e+02
1.054928729230708342e+02
9.682639599294006416e+01
1.102136184124289855e+02
1.277051165742018952e+02
9.931555805247484159e+01
1.149078490146391260e+02
1.138844802186723513e+02
1.147382617877959206e+02
9.824620631417040784e+01
1.137117694068908378e+02
1.190310266660871861e+02
1.146709869624410061e+02
9.124215642324554665e+01
1.041344620365602225e+02
1.035159399264014013e+02
1.247216486796387187e+02
1.118765777472605549e+02
1.229648128893767307e+02
9.289213015182187405e+01
1.091503342441662880e+02
9.658013108545522130e+01
1.080934405031535448e+02
1.280563254610899833e+02
8.881251770597749839e+01
9.916067004192441914e+01
1.384532539524534229e+02
1.013681094577425057e+02
1.093123207592145150e+02
1.126176449029577640e+02
1.113422787123370767e+02
1.027792118979172500e+02
1.139867741333075344e+02
9.205075392812514679e+01
1.193095269972079535e+02
1.142062676373039949e+02
1.136169651694635689e+02
1.240934609018784442e+02
1.105745981152945063e+02
1.013569464471833896e+02
1.076084855631564068e+02
9.760632366216418632e+01
1.061495211303421229e+02
1.074865666462011689e+02
1.082450925238583181e+02
1.028074419063639340e+02
1.217526173829111826e+02
1.095866692756772522e+02
1.086540359176838706e+02
1.033896787535423556e+02
1.004762835680627688e+02
1.158960082622163128e+02
1.208177543628901418e+02
1.052378867574751951e+02
1.098544684166422059e+02
1.128371061646333260e+02
1.107394963479487870e+02
1.160054462855855917e+02
1.033022282362460658e+02
1.034210635208212068e+02
1.097215570444375317e+02
1.123603182484853846e+02
9.681901228148399241e+01
1.184387647316324745e+02
1.169622050288457444e+02
1.003264133568779073e+02
1.223905466564741857e+02
1.188877586379628326e+02
1.268425431936263408e+02
8.058297802626196926e+01
9.865564607023816279e+01
9.833470706046367127e+01
1.061375471810833488e+02
1.212895573846502941e+02
1.036807628356424402e+02
1.086316876597661008e+02
1.024098789390456830e+02
1.129200291515718817e+02
1.127269883639114170e+02
1.031211972118998972e+02
1.229170671033892717e+02
1.159725056493320068e+02
1.070757739505160515e+02
9.396054652549109676e+01
9.799219595420483131e+01
1.245358172374228758e+02
1.029522904424708116e+02
9.489879718026382704e+01
1.131132369154824744e+02
1.205647429151453309e+02
1.093245235937709054e+02
1.315816308857132242e+02
9.381887579179628744e+01
9.600852174432367292e+01
8.561634707251562304e+01
1.295993004674854205e+02
1.332389837883891062e+02
9.970119803578255357e+01
9.771370895571223514e+01
1.010071636897598495e+02
1.121309712970149235e+02
1.122570829265054471e+02
1.105948721868611244e+02
1.279266820883369462e+02
1.096988756304643289e+02
1.019158164812571101e+02
1.357095881974854024e+02
1.102103376926864513e+02
9.868505698384433344e+01
1.125178660407540434e+02
9.706825966168183584e+01
1.044716962661777160e+02
1.127723635598272551e+02
1.071557920708435603e+02
1.016114139732280677e+02
1.263383464678868791e+02
1.044936522438392501e+02
1.125118826634888620e+02
1.065228103731669478e+02
1.117187280464362118e+02
1.180127660371903602e+02
1.175212889026216772e+02
8.797691980660212607e+01
9.857325893842528330e+01
1.236352775946979534e+02
1.033693315746600376e+02
1.257851709736482633e+02
9.025348373637926613e+01
8.926602798353877688e+01
1.197635907538588640e+02
1.060075204322840392e+02
9.591484669903942972e+01
1.082269824262559439e+02
1.003955226143588106e+02
1.269188332556083338e+02
1.148208158182722229e+02
1.140136084754726653e+02
1.098963414059365533e+02
1.104245263194035687e+02
1.059424450759636613e+02
1.111912892613701871e+02
1.048743768203329978e+02
1.090918733448081923e+02
1.151300358215807904e+02
9.239827117272103862e+01
1.198850885046714012e+02
1.160797650064003932e+02
1.008547789265170991e+02
1.079036146590040346e+02
1.264862869905600320e+02
1.154215974344545543e+02
1.025562969760701861e+02
1.315757273913710321e+02
1.123395145352636035e+02
9.909171556369888378e+01
1.022286641115465642e+02
1.044635121656833547e+02
1.105170905176797618e+02
1.449004871858108174e+02
1.071671469607651233e+02
1.026073533518504632e+02
1.028978682758285146e+02
1.058800084442945462e+02
1.355953894448378207e+02
5.162520144006172984e+01
5.676739951379580873e+01
9.110924535034079952e+01
1.176542456791821678e+02
1.084568977124699956e+02
1.134647615964122167e+02
1.080503256752777190e+02
1.100501350898684194e+02
9.701181744260745177e+01
1.144488908111096919e+02
1.142035137662712430e+02
1.022366690320057643e+02
1.013000823657094003e+02
1.078188154199657163e+02
1.171963128181040901e+02
1.261504749442496660e+02
1.145599963799915031e+02
1.036748658682376742e+02
1.110175851679558150e+02
1.075189484652935192e+02
8.483891356250917681e+01
1.019700896396271617e+02
1.209977536307120403e+02
1.021280202866831246e+02
1.180940180129106238e+02
1.073210224613313386e+02
1.046658883294196727e+02
1.040297003829809768e+02
1.047407627845568356e+02
1.001094602919388450e+02
1.243176384978753504e+02
9.790445790242002033e+01
1.178653082758513904e+02
1.072331693969926505e+02
1.012638885603865617e+02
1.096673474147399361e+02
1.062815647470231681e+02
1.046814022970376783e+02
1.082133368698257527e+02
9.914428698545614793e+01
9.305212107929716581e+01
1.125743141890503551e+02
1.362011603355192335e+02
1.023739758807768254e+02
1.215416420405327926e+02
9.774765425901675542e+01
1.270658736908810624e+02
1.021670644116051676e+02
9.974287996423724678e+01
1.341603640966067132e+02
1.076937262763585750e+02
1.102087134029509343e+02
1.024999343543640293e+02
9.428718752982842943e+01
1.043729890575984314e+02
1.113624031722444414e+02
1.135616246680168189e+02
1.012066130053297996e+02
1.098671048430830268e+02
1.162788073036753218e+02
1.083782794453282321e+02
1.071933665734188139e+02
1.197029602221460323e+02
1.042489616959865515e+02
1.178090554861695409e+02
9.877566779515382223e+01
1.137990324641824174e+02
1.118526301860554355e+02
1.006987812417427648e+02
1.145060318410154707e+02
1.155368820683244167e+02
1.107892807059321143e+02
1.212255641604755851e+02
1.031679124464029798e+02
1.002287778619463268e+02
1.290905268846942704e+02
9.079979930081518091e+01
1.014668276888890546e+02
1.199463278955543473e+02
1.161102989719230436e+02
1.014820736990437524e+02
1.148944735720325667e+02
9.992154744792625820e+01
9.654122706657595643e+01
1.172699193187505244e+02
1.251225398028184230e+02
1.011554910833336436e+02
1.119620235916001150e+02
1.079304635892333692e+02
1.152635652442506995e+02
1.176083458036533216e+02
1.029894128771669415e+02
1.124385965223874848e+02
1.002905026974177218e+02
9.983773308329712393e+01
1.219481311774811161e+02
1.124945845781514748e+02
1.070307718413489937e+02
1.146800609075135640e+02
1.131115809713064948e+02
1.061093923739857559e+02
1.126996310689504384e+02
9.603259211580532906e+01
1.128160519074545221e+02
9.095276847393381559e+01
1.116578033823341087e+02
1.297802601765040151e+02
8.997463332023264115e+01
1.124103447580752402e+02
1.120859904519631698e+02
1.185904556235878431e+02
1.040641732923879488e+02
1.190122146046779221e+02
1.110816805981570354e+02
1.030862464941674261e+02
9.435786233173053006e+01
1.127071205457275056e+02
1.029223968260050270e+02
1.015215140579036159e+02
1.010143099076675242e+02
1.095808049740050478e+02
1.290085716924293138e+02
1.071712778968886823e+02
1.274624127278052583e+02
9.628812967077257667e+01
1.072472354078337133e+02
1.279810891874117544e+02
9.256194239493002840e+01
9.673532367561780632e+01
1.018219900350436831e+02
1.182359329839915318e+02
1.071431936931611375e+02
1.370078206137295922e+02
9.027257482110981357e+01
1.317404493863582502e+02
1.043056348764017400e+02
1.012984685268026368e+02
1.064653289924658708e+02
1.097798379275013616e+02
9.845572964052112752e+01
1.030152179110717299e+02
1.028315621407482752e+02
1.392984072728610840e+02
1.302504346722658397e+02
8.930464312831956875e+01
9.060817585101059990e+01
1.196690052284426002e+02
1.043975186874574490e+02
1.207777756168052434e+02
1.012813773851689376e+02
1.075621290657620932e+02
8.450367359465803929e+01
1.138610913108847598e+02
1.191702283965715878e+02
1.211278879958090613e+02
1.049907444701338477e+02
1.186602129428774646e+02
1.092425251002837996e+02
1.046771234721513224e+02
1.170925704271771792e+02
1.012543804575222026e+02
1.035109692378372301e+02
1.163433007351780475e+02
9.456297433659922547e+01
1.121859911628869924e+02
1.203629277795069754e+02
1.207931864399673145e+02
1.066897152975001575e+02
1.124675980712582799e+02
1.101950517687040474e+02
8.466961799052195659e+01
1.198610215912177068e+02
1.260009692190084110e+02
9.796356248304991254e+01
1.078448439230495666e+02
1.253374542694729001e+02
1.018293536522172360e+02
9.911679793906917268e+01
1.151882335130221122e+02
1.082759464352262171e+02
1.031447676921083314e+02
1.261773593108840146e+02
1.040866916762235803e+02
1.127891382926123498e+02
9.785608079610527454e+01
1.269629055875978167e+02
1.038874492086837478e+02
1.073275108386568490e+02
1.047604983065681239e+02
1.201843033493097863e+02
1.003180538868068936e+02
1.190807532584559709e+02
9.782298116509414854e+01
1.132127777080650333e+02
1.237432610417764209e+02
1.097376463568840279e+02
1.105762692776039984e+02
1.015856039724542939e+02
1.101378807470547230e+02
1.299112520262492581e+02
1.042236772539243503e+02
1.057533670136060948e+02
1.121377060065331932e+02
9.492250029087639973e+01
1.077033080794258950e+02
1.049956672466176570e+02
1.032244129008897460e+02
1.204292701462567976e+02
1.276041257392498665e+02
1.049050142453277061e+02
1.002576285949158290e+02
1.009586961596302075e+02
1.101842983328682237e+02
1.131156220298437489e+02
1.045342128077695634e+02
9.447948643495321619e+01
1.149414026167768981e+02
1.228638282977216676e+02
1.054335185786003422e+02
1.141644306150850099e+02
1.089583965557289673e+02
1.022689716476274242e+02
1.084443779266870962e+02
9.780147911755484813e+01
1.255733871184466182e+02
1.111219726791826190e+02
