1.019303648223494179e+02
1.167962108945757507e+02
9.921616302346919269e+01
1.001491170438078768e+02
1.230110473387019283e+02
1.158910830399154008e+02
1.241944451958801068e+02
8.099374980376751409e+01
1.114271208222592122e+02
1.092982983070010619e+02
9.843678346333484797e+01
1.354986992628892892e+02
1.078722178771211304e+02
1.024111213742143747e+02
1.035088312760572649e+02
1.107825569873151750e+02
1.318838099123292693e+02
9.377208702968550824e+01
1.025215315304376560e+02
1.070463120832352359e+02
1.173715095841452722e+02
1.144019054713003101e+02
1.186588522118173472e+02
1.037474840146919348e+02
1.033633614202352078e+02
9.630053481200998533e+01
1.051370583404454777e+02
1.238701545648860503e+02
9.619048528080907090e+01
1.144433706323578690e+02
1.112370249980412495e+02
1.042216560273693062e+02
1.310705624745507976e+02
8.894283352316196556e+01
1.102244641700215766e+02
1.079568608361166611e+02
1.084230841774760563e+02
1.060267667229341839e+02
1.011868631689145559e+02
1.029378924722537505e+02
1.103778139446514075e+02
1.282302695049586703e+02
1.077991504266949931e+02
1.055111044261228272e+02
1.118633180737375028e+02
9.206513393715904670e+01
1.189990272589724611e+02
9.876030957865211235e+01
1.060969243802833972e+02
1.272014385559124747e+02
1.021093090661075564e+02
9.989685936926041165e+01
1.176856218889748789e+02
1.141430534946281767e+02
1.133158040347255167e+02
1.090437948774687271e+02
9.346834602267801984e+01
1.216391557291376841e+02
9.600529998967208201e+01
1.358333606315703719e+02
9.726236060664538741e+01
1.090224703664977426e+02
1.013182784744610956e+02
1.050019182795630570e+02
1.166196296241451051e+02
1.005719423693655159e+02
1.162607317303364596e+02
1.148947892575041294e+02
1.106443286470617835e+02
1.150166072649218023e+02
1.127614297767134275e+02
1.145822989562749257e+02
1.005557808210007948e+02
1.090052260070305152e+02
1.002158612257563561e+02
1.174723878087684881e+02
1.135142477364268103e+02
8.640964475135790224e+01
1.057373105770183486e+02
1.074872474075434639e+02
1.245324247852695407e+02
1.274861127151406208e+02
1.005912248773398971e+02
9.633446771293330357e+01
1.135868061159216182e+02
1.229540294538841181e+02
9.881692522256419409e+01
1.349213171132370519e+02
8.818050412681996875e+01
1.123674908694068364e+02
1.122653945723615578e+02
1.076922869241973046e+02
1.213136465760204317e+02
1.087455130559839631e+02
1.029379802995720610e+02
1.043079346059199821e+02
1.072016657634243870e+02
1.125268176955296582e+02
1.124049607716972190e+02
1.158383026013286639e+02
9.409178577930165943e+01
1.301528037615719029e+02
9.257150234932871058e+01
9.579634866826017969e+01
1.063577431028958387e+02
1.111531122293429377e+02
1.057483266535789426e+02
1.127733235372497660e+02
1.160762516973844356e+02
1.045813156827735071e+02
1.007484648011079003e+02
1.016325322169500396e+02
1.159920218048119267e+02
1.152206583053802404e+02
1.110130034450758956e+02
9.525137353115540861e+01
1.093207914070822682e+02
1.248962283270129632e+02
9.955379662244523331e+01
1.092811452276493469e+02
1.231577005803888056e+02
8.798202578135783369e+01
1.166376842503055826e+02
1.021885162639644449e+02
1.272451379058837801e+02
1.013307839812170670e+02
1.021600282174267562e+02
1.036673318157102557e+02
1.012570439957845423e+02
1.116717088221833194e+02
1.163918545568970728e+02
1.083651774336570668e+02
1.276339191403036608e+02
1.092439811334069759e+02
1.008645435091621465e+02
1.112342231270313988e+02
9.875526066877327480e+01
9.113813837625964709e+01
1.086603330427208220e+02
1.215813469131009583e+02
1.219647362749008579e+02
1.267192874395308877e+02
1.021381219354882006e+02
9.969030312416370521e+01
1.182366604462598900e+02
8.255849748787379383e+01
1.234847554605488682e+02
1.122126983846941926e+02
9.687292129768030691e+01
1.079039531706771839e+02
1.227858059276101415e+02
1.170947811255134070e+02
9.718834140595735960e+01
1.247014952046040577e+02
1.103953290735280177e+02
9.424806444452569565e+01
1.045517560186258237e+02
9.782638848211712457e+01
1.086500678840283882e+02
1.314449363683380341e+02
1.171021617396680341e+02
9.471029863328882925e+01
1.034520115402878417e+02
1.152725494288480377e+02
1.250348250954203877e+02
9.975232813203322735e+01
1.124809561883936340e+02
9.836083650603166006e+01
1.231525849135961579e+02
9.946056698278673025e+01
9.185411284042507418e+01
1.099616099786250487e+02
1.181483480878735435e+02
1.120527259679361265e+02
8.499461904274048152e+01
1.137842445325790237e+02
1.233322207638856156e+02
1.002687876949580641e+02
1.252610743327373370e+02
1.065432553753397258e+02
1.181529876564230932e+02
9.959074619572578513e+01
1.243361751760549652e+02
1.086126489295593700e+02
9.646687922274048788e+01
1.092992456229368656e+02
1.110228184058461807e+02
1.042213082450929704e+02
1.234017473314387985e+02
1.056256497645360071e+02
1.112494129172666675e+02
9.874750857876615839e+01
1.080385802688129502e+02
1.075651118146526954e+02
1.151266917776241741e+02
1.066814828963208157e+02
1.090743203111326665e+02
1.100100564662111253e+02
1.052466590792311933e+02
1.077478529166907890e+02
1.087603369377675193e+02
1.076337141143951470e+02
1.223915467752925963e+02
1.043871159242707449e+02
9.560885479959009103e+01
1.130681165535864494e+02
1.142740110133368461e+02
1.220462684722058526e+02
1.139574712561037444e+02
9.890428098036791482e+01
1.099819140466691891e+02
1.130722747722376056e+02
1.010765563605424688e+02
1.023032258945054025e+02
1.225982141609376583e+02
1.022579235769497643e+02
1.069369461478437273e+02
1.214652794476999560e+02
1.121642665288648999e+02
1.018409727459844305e+02
1.010757853448714485e+02
1.007217890431417260e+02
1.183629491922724668e+02
1.260148232394638939e+02
1.042365888919935770e+02
9.360274624699158608e+01
1.071922227515154447e+02
1.046737225581758537e+02
1.078020582292991492e+02
1.143293392851675492e+02
1.243916745454495327e+02
1.161730311870837085e+02
1.259514888226750315e+02
1.169849211492367544e+02
1.026849021094264458e+02
1.100977817838191726e+02
9.887967793417382723e+01
1.000241958231053587e+02
1.209701598842940200e+02
1.225009280077329379e+02
1.196095779482924542e+02
1.167276133286146518e+02
1.047129751355011251e+02
1.145068590686316554e+02
1.004074081884679401e+02
1.076813428045287822e+02
1.029438234551479638e+02
1.144554051171164275e+02
1.161797620411824852e+02
1.226451981865796057e+02
1.082411155268030711e+02
1.011490914780528527e+02
1.186916695429387261e+02
1.032744786795452399e+02
1.093871512181043641e+02
1.158041111718238056e+02
1.108276313494042142e+02
1.181346597176126068e+02
9.938815439589349410e+01
1.133919452048355083e+02
1.006301781823425330e+02
1.398217125781748393e+02
9.970315556096332443e+01
1.169792329508516247e+02
1.013840485754920451e+02
1.056851744014686005e+02
1.350224661063265614e+02
9.929974094745526259e+01
1.086095973435104298e+02
9.645284008476068038e+01
1.183462066674021571e+02
1.146397710940487258e+02
9.832937308098985341e+01
1.209300564471938060e+02
1.096181975084284090e+02
1.282947389255289465e+02
1.019323105012123278e+02
1.076346620748648775e+02
1.075721012818277131e+02
1.003601003229678810e+02
1.073015569761735719e+02
1.054568158076728395e+02
1.271997762494513893e+02
9.125653301203338685e+01
1.134971632219133539e+02
1.187356039217474546e+02
9.846847690467586744e+01
1.003948398020322799e+02
1.028507494686507329e+02
1.203347409436214832e+02
1.117924570365233308e+02
1.106247709553991001e+02
1.103249977528014796e+02
1.090185427518763106e+02
1.223508812407894624e+02
9.617273189948146239e+01
1.132330274821752027e+02
9.544232587665119638e+01
1.163396509080215964e+02
1.022729686152286064e+02
1.104567275327083991e+02
1.183421112024048227e+02
1.204893780574699917e+02
1.067194198734625132e+02
9.952224255742866887e+01
1.197601966511920466e+02
1.049217647215350695e+02
9.144337953463858071e+01
9.495505391637487946e+01
1.188323980051963673e+02
8.980390990229263082e+01
1.197918188180732102e+02
1.180692325699746874e+02
1.107496227997798712e+02
1.114031170567505598e+02
9.615031248982455736e+01
1.105720963558262753e+02
1.189660710255316474e+02
9.938473963839047087e+01
1.206703629622602421e+02
1.024805892118950368e+02
1.027613778706330550e+02
1.088504304138231618e+02
1.082355945031213338e+02
1.032195638690558184e+02
1.286174312474743147e+02
1.119704224259598817e+02
1.178221195560846297e+02
1.044380800456778502e+02
1.031032678611363451e+02
9.990510732341739697e+01
1.182571132628625463e+02
1.101261958544674968e+02
1.011665009459133699e+02
1.065374189175644943e+02
1.294871600060532728e+02
9.426791517271010434e+01
1.138635682705361347e+02
1.052880954332067205e+02
9.065737244993533750e+01
1.038107067346754775e+02
1.049311240704212196e+02
1.145407634477653147e+02
1.050330482558642302e+02
1.300808022424064916e+02
1.049759577655147780e+02
1.185885760281194621e+02
9.535476471537418774e+01
1.285953483328112270e+02
1.024952964251977079e+02
9.937642598197919597e+01
1.166800900267654555e+02
1.217269751039056302e+02
1.036262432700789020e+02
1.058410958192207545e+02
8.532966507813435442e+01
1.183006611963652972e+02
1.151728248388603930e+02
1.214994919778237517e+02
8.623590836194571807e+01
9.341885669962347549e+01
1.132068002713593842e+02
1.292202947171693950e+02
1.163976033593142319e+02
1.300770416462829928e+02
1.119076849908570921e+02
1.044247529940796824e+02
1.143353468666578863e+02
1.009972323442727173e+02
1.057530224275216000e+02
1.031261386572769396e+02
1.175350234158285474e+02
1.208339271960864352e+02
1.037222278157508981e+02
1.041110252718762155e+02
1.035886012748355114e+02
1.066396223489235098e+02
1.189382423293918549e+02
1.099494204170671452e+02
1.114313996906892328e+02
1.077698671055514268e+02
1.017212559147460667e+02
1.018219489940541678e+02
1.230387780170692054e+02
1.088686898875888431e+02
1.182956859732067159e+02
1.163380975073094845e+02
1.018684635633514119e+02
1.093044873412224263e+02
1.009582933084881091e+02
1.038640281499955762e+02
1.043256397120604078e+02
1.177873689738259486e+02
1.072680566059262901e+02
1.091676799606326966e+02
1.135612411710750678e+02
1.119277623943276723e+02
1.048988850173509206e+02
9.710313046900900247e+01
1.081017011536891061e+02
1.310825919664721653e+02
1.007865160194175900e+02
1.190793781023876647e+02
1.167200261558838577e+02
1.015769513344859689e+02
9.032942296222653056e+01
1.051652869711971192e+02
1.244127897916379339e+02
1.310965862963032862e+02
1.216165714860107556e+02
9.814599621150821918e+01
1.227796345271882643e+02
1.145108109067244015e+02
1.089272079625472998e+02
9.708850627657170662e+01
1.033444550565903342e+02
1.089151995895058747e+02
1.087301804315968923e+02
1.184522443608964721e+02
1.067186830919928298e+02
1.188271091458069861e+02
1.033764069290053413e+02
9.818216497535034648e+01
1.028276786914378675e+02
1.003213984703345290e+02
1.016302440180547961e+02
1.241395091245879598e+02
1.069416402906331740e+02
1.170246281944497326e+02
1.028891390853504220e+02
1.212717252603546711e+02
9.611967881590942397e+01
1.125492478834320025e+02
9.806317135041753374e+01
1.219390778980519912e+02
1.130133283867397438e+02
9.881595903033404227e+01
1.026609204285049657e+02
1.072941072252224188e+02
1.150088057550343024e+02
1.188762035222142828e+02
1.304157727906318200e+02
1.041017035993790216e+02
1.160988604460431475e+02
9.697196325410165230e+01
9.175289502968382749e+01
1.171112703302791545e+02
9.498349489095249965e+01
1.110314659338169605e+02
1.063765636630824361e+02
1.035334120764912313e+02
1.203909080034744790e+02
1.181081947348300787e+02
8.876984007001745169e+01
1.255367597376816065e+02
1.195268798299879478e+02
1.115316621019732111e+02
1.047742809159442601e+02
1.037960657788077441e+02
9.195015971821122491e+01
1.187102164228225405e+02
9.733022798277403353e+01
1.137824215299161068e+02
1.145050273547690836e+02
1.170493054001193514e+02
1.193874481524817099e+02
1.053524482329185616e+02
1.046072017770953124e+02
1.066335479330210205e+02
1.243406536346001303e+02
8.642889573227488142e+01
1.060272828515741566e+02
9.749653730341695734e+01
1.139868532719784895e+02
1.276608841425497758e+02
1.055807253262813958e+02
1.080322209664546307e+02
1.034458536238666113e+02
1.198766624193578423e+02
1.237075432027887985e+02
1.060512157575416836e+02
9.655804223617106175e+01
1.081005149475379028e+02
1.177100788614575890e+02
1.223485651121006015e+02
1.053614949392673878e+02
1.009007665284108839e+02
1.001466194241064755e+02
1.212786739336931277e+02
1.207773421292109646e+02
1.101888965084042837e+02
1.044318088016914174e+02
1.238466519794865377e+02
1.249918346944296701e+02
1.138363621285773633e+02
1.105631775322573702e+02
1.004767412076410551e+02
1.269494417076809896e+02
1.011440748634494184e+02
9.783966943787926596e+01
1.010994654985218091e+02
1.051542127479749524e+02
1.143006179177653081e+02
1.192701612926519772e+02
1.198642594415944416e+02
9.698741488050444559e+01
1.196003551540114813e+02
1.029489811149078378e+02
9.940651802204332910e+01
1.254951132842722217e+02
1.135607269449354249e+02
1.152417384246563472e+02
9.918118171787227766e+01
1.125876232865607420e+02
9.841709737692904980e+01
1.094731041726199976e+02
1.086937658134136484e+02
1.103667854957995615e+02
1.130677523525808255e+02
1.054646116219431917e+02
1.061975444583392800e+02
9.792454773114204158e+01
1.145712601936010913e+02
1.114063080156696941e+02
1.187755599053313631e+02
8.855009654509889572e+01
9.646138171997093025e+01
1.260970288067385781e+02
1.084876538774698673e+02
1.180321455837186022e+02
1.148276280086554522e+02
1.120829437520544758e+02
9.890544745796417203e+01
1.019961638172958800e+02
1.026413702031149313e+02
9.658278134728939790e+01
1.130666530911289982e+02
1.260749328945444176e+02
1.108894205333136256e+02
1.112058837961257041e+02
9.916312192713040474e+01
1.001675077762466941e+02
1.021333900022267329e+02
1.143484690739379346e+02
1.074459626626619411e+02
1.185575328806246205e+02
1.123449038761579146e+02
1.266762453740180092e+02
9.944764778656346493e+01
9.531486262714105351e+01
1.173572345260792247e+02
9.609666151092854136e+01
1.218143077994022292e+02
9.834954488900744707e+01
8.145663174156253206e+01
1.493592567593740057e+02
1.152808460242410575e+02
1.093249273762876186e+02
1.118565538892337798e+02
1.269515286643969318e+02
1.052525924507609858e+02
8.434144733047847353e+01
1.046531784917373074e+02
1.122805655494830717e+02
1.243070150515882659e+02
1.143875195418109740e+02
1.012395563628299016e+02
1.023769907195122357e+02
9.935560402316879447e+01
1.328292879321142834e+02
1.098730555615834277e+02
8.871740310809369134e+01
9.583121191080030599e+01
1.154313084634625142e+02
9.704507040912848481e+01
1.044371423586967609e+02
1.132173691751080185e+02
1.237768999918961725e+02
1.193354579385562459e+02
9.864702182887444337e+01
1.119194294577969231e+02
1.063983082585124009e+02
9.562037055496286087e+01
1.212013077886546881e+02
1.004241663486440501e+02
1.184863874589899950e+02
1.038000228261909825e+02
1.036338805207318359e+02
1.354622922538654848e+02
9.635038940008885788e+01
1.107221390461208443e+02
9.967676427603332456e+01
1.001849619748695090e+02
1.113042188194466604e+02
1.016742423141118650e+02
1.237439655908840024e+02
9.991038846483819214e+01
1.167531245844765664e+02
9.635920809672630583e+01
1.138836702649823707e+02
1.120929488999757098e+02
1.152512419619329620e+02
1.023829017315263883e+02
1.149115517089713165e+02
1.090052467217705043e+02
1.046159830737148866e+02
1.083253216831999879e+02
1.150448735002786549e+02
1.012165439555941191e+02
1.183778708764375551e+02
1.193426075500331507e+02
1.244093095671616567e+02
9.169518103554234756e+01
1.063756886981378358e+02
1.050164576579444571e+02
1.059540880712119844e+02
1.013184205157406694e+02
1.221450412256228191e+02
8.646973473753560313e+01
1.180086538481991028e+02
1.018160342099897235e+02
1.210864513742923947e+02
9.772412857962477517e+01
1.193750328947510297e+02
1.129431618047748884e+02
1.125023166067494316e+02
9.719513575956938212e+01
1.202022560749540929e+02
1.072999113333683283e+02
1.247717353443630657e+02
1.119250256509990606e+02
1.117882288240331405e+02
9.699207439261972752e+01
1.004552890313721321e+02
9.946353598544328634e+01
9.835680056373594482e+01
1.120338573496572678e+02
1.079660451231581675e+02
1.158375909567736528e+02
1.199351024676881394e+02
1.050057275310385450e+02
1.255296744143564922e+02
9.985583359206471243e+01
1.144833902370541239e+02
1.011149977154237405e+02
1.072747804813144654e+02
1.143249990836422398e+02
9.681823662205491132e+01
1.051545875001518908e+02
1.294817730344142319e+02
9.761160930162286320e+01
1.119368078733959493e+02
1.031577078810462638e+02
9.321628891814098949e+01
1.168268960405436445e+02
9.026245198343443121e+01
1.120317596597449921e+02
1.238526477468053457e+02
1.158146779599381802e+02
1.051541030496790228e+02
1.045841710364815640e+02
1.074000384976916962e+02
1.174952403675652590e+02
9.477502254868824139e+01
1.257089309838584512e+02
1.043141504407963396e+02
1.204223655029179127e+02
1.167240536059893969e+02
1.050614537782487474e+02
9.470222763937194088e+01
1.110617887517143316e+02
9.585182820306367546e+01
1.177123535148094930e+02
9.016104817770705893e+01
1.251372994443312336e+02
1.233660692159075722e+02
9.999834533889634258e+01
1.078292918425450182e+02
1.049597956432506152e+02
1.114684280091427553e+02
1.101678886226022769e+02
1.029463682562188751e+02
1.023305151701181330e+02
1.088343437151238788e+02
1.113160660087051355e+02
1.204216230954327642e+02
9.525862193262864253e+01
1.005650647671311901e+02
9.896155860652521596e+01
1.177700383881952035e+02
1.196068646511887863e+02
1.165642221735958799e+02
1.212508677596215705e+02
1.048544243271254572e+02
1.149604418002637516e+02
9.733585122311274063e+01
1.078340711892916488e+02
1.084233333806652126e+02
1.088268774480071954e+02
1.010078234702551896e+02
1.101285516391028381e+02
9.585914332910058988e+01
1.302654049882887648e+02
1.056939927239015162e+02
1.208247532586757416e+02
9.412897435876071484e+01
1.170875785270829539e+02
1.138094102528228575e+02
1.077865778490945843e+02
1.006940375240794907e+02
1.043239322507777018e+02
1.188411248379664897e+02
9.521240075048505958e+01
1.112987386884319818e+02
1.119505763295400271e+02
1.140018968891549491e+02
1.119657061367793460e+02
1.119436134459036936e+02
1.070172649456131637e+02
1.115675462869477172e+02
1.090503968052766197e+02
1.049073041320670967e+02
1.100483941971199755e+02
1.056443761059447581e+02
9.791236895031588006e+01
1.349934239632506205e+02
1.107030554053500566e+02
9.839028123064592535e+01
1.046668299452911839e+02
1.014467883807592017e+02
1.135450286777031579e+02
1.017573536451184140e+02
1.053695013146082289e+02
1.264238601284476573e+02
1.060580611217021243e+02
1.090743348552789200e+02
1.066233459523141960e+02
1.077667906442602543e+02
1.074302444392426139e+02
1.053368458081544787e+02
1.181234101581564744e+02
1.107370026332491335e+02
1.066923969773814633e+02
1.196869061080390537e+02
1.220926393830890220e+02
8.604264776379575608e+01
1.056317005795266795e+02
1.082576887238682275e+02
1.140920890999168336e+02
1.061359704115944709e+02
1.128222840128862430e+02
1.035395965869043096e+02
9.850919221029637640e+01
1.025782167269401839e+02
1.066004570489417347e+02
1.073266144761135337e+02
9.073456755628934900e+01
1.190942652066290464e+02
1.171896058023962723e+02
1.218345681231223239e+02
9.613541910900346465e+01
1.002989072316833870e+02
1.187649260292506455e+02
1.103215898348783526e+02
1.234167276285720902e+02
1.136272345596998150e+02
8.658681372622372407e+01
1.195052833796231084e+02
1.006311823239567360e+02
1.011259346163519695e+02
9.193992870062579925e+01
1.111843519519888162e+02
1.022010548500960851e+02
1.132740476119306692e+02
1.032269936646117401e+02
1.166446006865547815e+02
1.087301217368723059e+02
1.267890433562935755e+02
9.457175888689849330e+01
1.191836202620313543e+02
1.093713478272568551e+02
9.200593116870606991e+01
1.163887017998769267e+02
1.318094227633504545e+02
8.304748578801144276e+01
1.051860631674741029e+02
1.227610966541513591e+02
1.004800907101647596e+02
1.121256971552213031e+02
1.147678777447680574e+02
1.030782543591636653e+02
1.020811171071412389e+02
1.120577063718754260e+02
1.148976874085827973e+02
9.831981178661408194e+01
9.579104552373715364e+01
1.450067087376489781e+02
9.351428990982125811e+01
1.076848356738332768e+02
9.763453874316694225e+01
1.082080602205657698e+02
1.019956679868707283e+02
1.215839221698086305e+02
9.672964463692539994e+01
1.066911637764944487e+02
1.160194837595085460e+02
1.177060397635163724e+02
1.106708672554376705e+02
1.026562079869711681e+02
1.023062622448650956e+02
1.166531267211932317e+02
1.119188594062694193e+02
1.100082540149297472e+02
1.085432147979670958e+02
1.113358735615385910e+02
9.657637703492861192e+01
1.121874339467432122e+02
9.998761153437573057e+01
9.917207425713661451e+01
1.133619086323421925e+02
1.079276509250249774e+02
1.227745039427432943e+02
1.124314363031166977e+02
1.083685904572202077e+02
1.270541348362636711e+02
1.119275874281304368e+02
9.223902087826357388e+01
1.037483995583471454e+02
1.013819615561802294e+02
1.022845774912551775e+02
1.096786873272701683e+02
1.162334088855631222e+02
1.036585676148574464e+02
1.217374233610373011e+02
9.489699091721145408e+01
1.073944220808043184e+02
1.240696764616327101e+02
1.063666136713996622e+02
1.217781343505650682e+02
1.010587359527114160e+02
1.102952235339303968e+02
1.256988290115063194e+02
1.002786430006512433e+02
1.097371595478115722e+02
1.064717301232481930e+02
1.019032504014979850e+02
9.949176211838283734e+01
1.234928811671665585e+02
1.017478595669345083e+02
1.093746307619378797e+02
1.043757219048057010e+02
1.157890173340969397e+02
1.139732327540726970e+02
1.041700088116178051e+02
1.005578044222867788e+02
1.262173810455536511e+02
9.892068511343167359e+01
1.100581426953949347e+02
9.754091763375552659e+01
9.853155216565198771e+01
1.038597903966493590e+02
1.167581433016430736e+02
1.039793734584786193e+02
1.279530300897840789e+02
1.045508734602399130e+02
8.889880056526803287e+01
1.125064556731580012e+02
9.294184340160042268e+01
1.245926627352609870e+02
1.204558236247641219e+02
1.110914041260504916e+02
1.227077188881104206e+02
8.783086361450672541e+01
9.634695042651189567e+01
1.014966071383911270e+02
1.151710489565977866e+02
1.159373790533475983e+02
1.207522287235157563e+02
1.055840515645754323e+02
1.026877067499685268e+02
1.141086446094697209e+02
1.013166999898338645e+02
1.203290441323222240e+02
1.085715885098925355e+02
1.081004265968994815e+02
1.159220683755622332e+02
1.146871713444899967e+02
1.068436749067479923e+02
1.010748749332255585e+02
1.020085026219611137e+02
1.158455752580886298e+02
1.083580402610343754e+02
1.104284472548084608e+02
9.905040996166837886e+01
1.090677036705658338e+02
1.197564847875704288e+02
1.096298527963303258e+02
1.079519419258041495e+02
1.054806777055018898e+02
9.278396423226520540e+01
1.123194163194294788e+02
1.337741807592098553e+02
9.534080253847450592e+01
1.166276986622320919e+02
1.107157403205682726e+02
1.076295537867213881e+02
1.241419357510366979e+02
1.011853488871823856e+02
9.403200082110042501e+01
1.157024166639698848e+02
1.053386653821793715e+02
1.125471987330863328e+02
1.224273641857765540e+02
1.079975151667686077e+02
1.054525558484319987e+02
1.022839048451804729e+02
1.171809086800786162e+02
1.154101157986621899e+02
1.170627804238689009e+02
9.033689223233173493e+01
1.058242775599960623e+02
1.075266639256470427e+02
1.136038598510602924e+02
1.171690104031427779e+02
1.014133379464485927e+02
9.944548221816907585e+01
1.212336384927105968e+02
1.045766276292811199e+02
1.375290084170317186e+02
1.077588366329313914e+02
1.026623832390454254e+02
1.368464781135575947e+02
1.206050498639595361e+02
1.078837386884671332e+02
1.019615173629922538e+02
7.052015832240061854e+01
9.731483758727556221e+01
1.162959099317196774e+02
1.047487707899423270e+02
1.184132546970807454e+02
1.159065450028534912e+02
9.715070945375217093e+01
1.209403893550376523e+02
1.084748052579026876e+02
1.091338316658065821e+02
1.028719885041758033e+02
1.098596159108054593e+02
1.041832812722088164e+02
1.136986653456061163e+02
1.202051483005723753e+02
1.061672196718989056e+02
1.028389856612232194e+02
1.093527411100840823e+02
1.225321316042473399e+02
1.085525202257830415e+02
1.109220443235235649e+02
8.631368682668012582e+01
1.153219975300271329e+02
1.214903539736888689e+02
1.284500626268842041e+02
1.050876812841868428e+02
1.015465181730508561e+02
9.967990997699908462e+01
1.035560627331732491e+02
9.661941012845970533e+01
1.185193280186412039e+02
1.403817154656881030e+02
9.777818192435229605e+01
1.019850401770568027e+02
1.036415714415028333e+02
9.912110370041497731e+01
1.179939133928518800e+02
1.025434996806577885e+02
1.239009733403981670e+02
1.058106285744774340e+02
1.107846972488091239e+02
1.138985030733050507e+02
9.788376909181474161e+01
1.122986889539992035e+02
1.027739096431432841e+02
1.179075661493959046e+02
1.190874273474636595e+02
9.247235443697060475e+01
9.870194601658141664e+01
1.274498928132450715e+02
1.142703759494506954e+02
9.927859657465374710e+01
1.001364279760100260e+02
8.964144934654154895e+01
1.045351537884467774e+02
1.058226752056422271e+02
1.202822664174528171e+02
1.274985153676340133e+02
1.152336149761085409e+02
1.016934214240171173e+02
1.031135335226235981e+02
1.250491509619100441e+02
1.065812355532846425e+02
1.137954673007804729e+02
9.609888503822583061e+01
1.013655734419421037e+02
1.127769066454227556e+02
1.125712380003566864e+02
1.038048374511350431e+02
1.077093158916753879e+02
1.139753602927993796e+02
1.184637032527738398e+02
1.138020129245673360e+02
9.939706192581792266e+01
1.025603818639482512e+02
1.144692195206126257e+02
1.029765465914330207e+02
1.088385917521256658e+02
9.819755507572862996e+01
1.049937054538090848e+02
1.072480239365239783e+02
1.182778339646561818e+02
1.170912882924568663e+02
1.081210051886102121e+02
1.051166404077593199e+02
1.193043052516131297e+02
1.125036338379515115e+02
1.167083793637478522e+02
9.360630001393238331e+01
9.927000682974265544e+01
1.056513685254561068e+02
1.172024497791215225e+02
1.073308144581149861e+02
9.871254830595918861e+01
1.272959723055031844e+02
1.181494087488406848e+02
1.026932892225400167e+02
1.039022084736316032e+02
1.108509830928672528e+02
1.260013187364304912e+02
1.014695222214533743e+02
1.089204342805399648e+02
1.098315265184772898e+02
9.775761380879156093e+01
1.117876181369845341e+02
1.174358458194694066e+02
1.062650292074246181e+02
1.223109972190365085e+02
1.178812497149576473e+02
1.045398527681868188e+02
9.516945520808778269e+01
1.049645590237021651e+02
1.113606875908307217e+02
1.067982432819731144e+02
9.979668685704075415e+01
1.086536327679197740e+02
1.142098545203604232e+02
1.108891287131422274e+02
1.145965581144901932e+02
1.084108313926953997e+02
1.187027490493508850e+02
1.336698810412254375e+02
9.302272208208100324e+01
9.562124354740592480e+01
1.028744693566889481e+02
1.095615564599484202e+02
1.057169571124879610e+02
1.234040373884893569e+02
1.053304888209571430e+02
1.242318711274141663e+02
9.175691709556224396e+01
9.848350123653948174e+01
1.049653701465066575e+02
1.027765117329875437e+02
1.209262034194224071e+02
1.111272051732801600e+02
1.029274958072899437e+02
1.138235874914222876e+02
1.231696622943859865e+02
9.370912164617800499e+01
1.048608738377716918e+02
1.135743578050049081e+02
1.050058268515318503e+02
1.168289213100601813e+02
1.157582277762142553e+02
1.085212331450628653e+02
1.075032008500512575e+02
1.001910964144673954e+02
1.057540962962140014e+02
1.194047327659799151e+02
9.194268581691054010e+01
1.141259615065327893e+02
1.145124887492269892e+02
1.134527616871816349e+02
1.124388571288068022e+02
9.780624465045973182e+01
1.136130155885966673e+02
1.112856021671084932e+02
1.055868489753257364e+02
1.015314294455902342e+02
1.209917108818336402e+02
1.106115633179575752e+02
1.174471483832627854e+02
1.008256312988220884e+02
1.063703353480821505e+02
1.127742297157027167e+02
1.184684350643361341e+02
9.789691989337018185e+01
1.159794687381927645e+02
1.035151667354244296e+02
1.128887112676059701e+02
9.066940256026025224e+01
1.144066093408978588e+02
1.171852855590032618e+02
9.985247222928484234e+01
9.720892687403582499e+01
1.080552227622540045e+02
1.160399264981579819e+02
1.291923466341071958e+02
1.017562654310579831e+02
1.103621824598396728e+02
8.613199686595122273e+01
1.233384289781948837e+02
1.429574758240634935e+02
1.024744706981578304e+02
9.442277306215073907e+01
1.227489399445110791e+02
9.700268125578102740e+01
1.240493797501098783e+02
1.012260600991538695e+02
1.144701722139353706e+02
1.021784141364094012e+02
1.154035067971201300e+02
1.284514662933505349e+02
9.511836552956758339e+01
1.113707007036502432e+02
1.137776813119244252e+02
9.721392636309900581e+01
1.233609116151142899e+02
9.696989832461051151e+01
1.092139116380588035e+02
1.142954769229028500e+02
1.122975001357436327e+02
1.091223126245952955e+02
1.108163663477645997e+02
1.137032206973139665e+02
9.553400150467736296e+01
1.136143977484436931e+02
9.197844118812658110e+01
1.012116491657586863e+02
1.202935480246568574e+02
1.124910954402578795e+02
1.112972992137793256e+02
9.439233629947045756e+01
1.078723609859037964e+02
1.090481410768260133e+02
9.907928347106123113e+01
1.220129184906390094e+02
9.650523905449202289e+01
1.029462115591532267e+02
1.371912430723963610e+02
1.019182918149740686e+02
9.742859895219311284e+01
1.314158379332419884e+02
1.186257258089659388e+02
1.102500622320363988e+02
8.950328710988362957e+01
1.012273863596907262e+02
9.674655117369312052e+01
1.099968601000719275e+02
1.058234951269762831e+02
1.140518412158060926e+02
1.035211494591299441e+02
1.232290361501107583e+02
1.083346343388047472e+02
1.138046221058083347e+02
1.084678462944056037e+02
1.114069454714855993e+02
1.163001320159671081e+02
9.842159429956281258e+01
1.139575061177322368e+02
1.164275010375401109e+02
9.018826802637566686e+01
9.832687562049738972e+01
9.947255311336870420e+01
1.102567320056918447e+02
1.154481911677552119e+02
1.207825582371921342e+02
1.031719970739678160e+02
1.010335690993152014e+02
1.110823745945700978e+02
1.049605887249274474e+02
1.181021952931919401e+02
1.216199629258910164e+02
9.935466570447357526e+01
1.063070931800850190e+02
9.745007571817841097e+01
1.108416668137343777e+02
9.885109828413673938e+01
1.195729861881741272e+02
1.177207077241303779e+02
1.109572850907521087e+02
1.077914151852035758e+02
1.016945332260241344e+02
1.275864317369415488e+02
1.270363244892645724e+02
9.780125129069789125e+01
8.968289021204219580e+01
1.049245671593709233e+02
1.078596573069047224e+02
1.186696953651581765e+02
9.536092582639201964e+01
1.270634300377318766e+02
1.060727817350227582e+02
1.316072461167262304e+02
9.677651127047548130e+01
1.167838611617824398e+02
1.174445283562324676e+02
8.314825909387259628e+01
9.326621876068553263e+01
1.131043889877873596e+02
1.014719579131251379e+02
9.868943027119684075e+01
1.154741933094587409e+02
1.294292713805510289e+02
1.157804217003328091e+02
1.064780918432034014e+02
1.080533771569748467e+02
9.289069285760329819e+01
1.039736167020652431e+02
1.293191997339397972e+02
1.085053734043998190e+02
1.006278257689198341e+02
1.221859454602358568e+02
1.109628776154174261e+02
1.063498715674285080e+02
1.080017965547161793e+02
1.137268682298074793e+02
1.185919438467093272e+02
8.743539182011492983e+01
1.235246644265389904e+02
1.086410470762964735e+02
9.370737774735079029e+01
1.088256328849628574e+02
1.087054208981502939e+02
1.262324720262050306e+02
1.157395584604407901e+02
9.892807407737889491e+01
9.849659760652897944e+01
1.024068065107258008e+02
1.068432505660338734e+02
1.181088228598215437e+02
1.227065556265930013e+02
1.030885949228907492e+02
1.046748674266615780e+02
1.086443279240918116e+02
1.191927249775810367e+02
9.743060718396414188e+01
1.089666859363375266e+02
1.134805495279444898e+02
1.140805229700760464e+02
9.697089286308576561e+01
1.115292592386842898e+02
8.251852375684212859e+01
1.163798500540037679e+02
1.178470050637811823e+02
1.212772019781638875e+02
1.176159937679548904e+02
1.130618939936783676e+02
1.159332758495323219e+02
1.093873049927887564e+02
1.025689140593034665e+02
9.572342566266959807e+01
1.007746250682461522e+02
1.289560231342180714e+02
1.164622874611576293e+02
9.870495144950379540e+01
1.135248947212101882e+02
9.748216346679569710e+01
1.217712381503578882e+02
1.030486303294317736e+02
1.097913853759745848e+02
8.494725410595322046e+01
1.087105600707575803e+02
1.281813591522355296e+02
1.248129381969141605e+02
1.108341868039443199e+02
1.124990995225630712e+02
1.078463566127888953e+02
1.239595387732850327e+02
9.839088585417630384e+01
1.091956014434431239e+02
1.036925948626053184e+02
1.116667352500593751e+02
1.170330126096164634e+02
8.882399595147816740e+01
1.097623648260409226e+02
1.118931183366274382e+02
1.200331502871217708e+02
1.041400553999667977e+02
1.413933008438614820e+02
9.248480977834151417e+01
1.084243969193719295e+02
9.432161108861498633e+01
1.087115195547705753e+02
9.522768889341190857e+01
9.870727929889488905e+01
1.261597136181423764e+02
1.221469372779428824e+02
1.001230690816816207e+02
1.085824066287123770e+02
9.830446697603757400e+01
1.021963498352252202e+02
1.128226078357681246e+02
1.143039275170730491e+02
1.235316071176357156e+02
1.006920197595819957e+02
1.031403398919760974e+02
1.271260035675783087e+02
1.089395314927872107e+02
8.191418273248979176e+01
1.080118214795147225e+02
9.641149446344573448e+01
1.360010987591302012e+02
1.009724332196593224e+02
1.178814175791882377e+02
1.210759754471336436e+02
9.610741581013145662e+01
9.840402633270637978e+01
1.253774912052885924e+02
8.069900400890409742e+01
1.238493444547663813e+02
1.214904269575386166e+02
1.061058089989471398e+02
9.780140436728440534e+01
1.235065705045125810e+02
1.048856993217940499e+02
1.102218711897976533e+02
1.123709867554061645e+02
1.038280003646233212e+02
1.133632064985919641e+02
1.098217083212199725e+02
1.196660199303992158e+02
1.098956270746057271e+02
1.001717209045105221e+02
1.078836732580684554e+02
1.203110815161789020e+02
1.135492272072108619e+02
8.820938725493081733e+01
1.175746090048789938e+02
1.073546714939208897e+02
1.064814030925437720e+02
9.841036248617568560e+01
1.265051089249781597e+02
1.043826887193982884e+02
1.033642413693123956e+02
1.208616258024110692e+02
9.822250116340948978e+01
1.166453535873446583e+02
1.103081394285502483e+02
1.106737848400867392e+02
1.230684095590198410e+02
1.210366764515450910e+02
9.614224690635309400e+01
1.097527742492172251e+02
1.124980495299074335e+02
9.603795001282986732e+01
1.356624452478878311e+02
1.197298673362875405e+02
1.003514246957962541e+02
9.359526975784372382e+01
1.000946070916076849e+02
9.816451882730585510e+01
7.972208930375406055e+01
1.212843532441989112e+02
1.203944470850640585e+02
1.118128420025305303e+02
1.197394745870479937e+02
1.014198242161857024e+02
1.061788341475957793e+02
1.087888360847842648e+02
1.025918376104866496e+02
1.108604282600380060e+02
1.093832737969683393e+02
1.066738909018559980e+02
1.112398079288828825e+02
1.053007452441741378e+02
1.051698883210260220e+02
1.160179752825097381e+02
1.121921720277485548e+02
1.196122237217435611e+02
1.012306498854065069e+02
1.016572415022796889e+02
1.120216641726390776e+02
1.166845535291239031e+02
8.994031695824382666e+01
1.088913468063323648e+02
9.840614283525077610e+01
1.288067571085801717e+02
1.190850872067631911e+02
1.155410840975331297e+02
1.100031964300132472e+02
1.115525202022574405e+02
8.241791899456330839e+01
1.138273036006527263e+02
1.217397426406614045e+02
1.101830093501016989e+02
9.954179589606896172e+01
1.112846801514266701e+02
1.032517887767128855e+02
1.093525524158527418e+02
1.021902973559381280e+02
1.039577516658935394e+02
1.155960332014834364e+02
1.211480694960494020e+02
1.322990991998733818e+02
1.009163684147147677e+02
9.872936334665210723e+01
1.060132278045382037e+02
9.094478664659710887e+01
1.050378870011596035e+02
1.306412027250005963e+02
8.815145077295268550e+01
1.217835565444312351e+02
1.236460401635587090e+02
9.593364433157643134e+01
9.228623727142333166e+01
1.190141420301489319e+02
1.089655952711962215e+02
1.277921031681649708e+02
9.866080565348816833e+01
9.933309259699585425e+01
9.768752618373311236e+01
1.121834208113691176e+02
1.365313411184865799e+02
1.255098854122023937e+02
1.039290390244197937e+02
9.318564948963647510e+01
7.377773216143798152e+01
1.185250780123759569e+02
8.978666005351038848e+01
1.062538380715704704e+02
1.118718916635617404e+02
1.268091353014151963e+02
1.221602755577268766e+02
9.861393833946716825e+01
1.024384702984533249e+02
9.671798433195689881e+01
1.134254021659485971e+02
9.268295722991422281e+01
1.064460185407038466e+02
1.438303341612673023e+02
1.037570291388005188e+02
7.475541616696629887e+01
1.454957171253545880e+02
7.104374734789453782e+01
1.133375575342984121e+02
9.766092105118789846e+01
1.174327339405840291e+02
1.155331943448876615e+02
1.022435901637641678e+02
1.113443362770196643e+02
1.245906768107744398e+02
1.062966826583503774e+02
1.054554684114309566e+02
1.182949093040290336e+02
1.182077018645979081e+02
1.070888853839245769e+02
1.021498950951512228e+02
1.241982400558040496e+02
1.056696726134228044e+02
1.082506745109809714e+02
1.163757359572746424e+02
1.453924699532332454e+02
9.819980300985186261e+01
8.219720735883235818e+01
1.063729284775841535e+02
1.042205552979874312e+02
1.236596704476444586e+02
1.070081285206384365e+02
9.917399683133199062e+01
1.028226883702180032e+02
1.227244063545901867e+02
9.786129722130878861e+01
1.035503588191501905e+02
1.043783369184410219e+02
1.006871584117499765e+02
1.101494493621327138e+02
9.939316716211101266e+01
1.220869474661731147e+02
1.032908937626703221e+02
1.141393431774429956e+02
1.046047078387076255e+02
1.188367059410961701e+02
1.060079483820864112e+02
1.050268979383258170e+02
1.158821037400979890e+02
1.045442923234417094e+02
1.152669247158607106e+02
9.909873521460843904e+01
1.045304337761353111e+02
1.167849460668499120e+02
1.237380655503543920e+02
1.138004928496288954e+02
1.065933286637583421e+02
1.093379520414756598e+02
1.061892489443149827e+02
1.099846881635381095e+02
1.108532768479137758e+02
1.038761831973660463e+02
1.027610184308516921e+02
1.345443501035750842e+02
1.069334472845262383e+02
9.380531226054343108e+01
1.116266133281087320e+02
1.285768940339664823e+02
1.003029242144381641e+02
1.091085934538860585e+02
1.022295665119404759e+02
1.172159976344497778e+02
1.038095904280974651e+02
9.945637208536351181e+01
1.156572858475382901e+02
1.178622378404861450e+02
1.028983581556524598e+02
1.102622603172158620e+02
1.051516886342924266e+02
1.063000677963112111e+02
1.264621950921029310e+02
1.052956820205521495e+02
1.032694000654628184e+02
1.103632187499289756e+02
1.031676003773122545e+02
1.165026000295559356e+02
1.078825042976083495e+02
1.238159891261846326e+02
1.184194633155919831e+02
1.081374003197953755e+02
1.052394217920433874e+02
1.187621355689716012e+02
1.146193763804808015e+02
1.036855518886080461e+02
1.009765919218210968e+02
9.619799543327236790e+01
1.221283209151341111e+02
9.779965485979258233e+01
1.180112484350197377e+02
9.738934577929417458e+01
1.007800002563530626e+02
1.168144276034959290e+02
1.212003106534912860e+02
9.828299110000529026e+01
1.130718660903865214e+02
1.088064962098242177e+02
9.085980471074537945e+01
9.334572369702027572e+01
1.339148828824197324e+02
1.163147230978205187e+02
1.032203156315554367e+02
1.030603929141935424e+02
9.946002997516808364e+01
1.132758987188404944e+02
1.188880294976018774e+02
1.154339386014316631e+02
1.169248519020925272e+02
9.587027196725438216e+01
1.019384021063234940e+02
1.039078047185604419e+02
1.104718666137689524e+02
1.277395874023487750e+02
1.119794722826726883e+02
9.983409629583911737e+01
1.113623189777703431e+02
1.075464982244323551e+02
1.084081424789019508e+02
1.175317192822397487e+02
1.299547867438689934e+02
1.140227556993915101e+02
9.768270042140582632e+01
9.766071862616610133e+01
1.016541307443971220e+02
1.163632904366032648e+02
1.335154277664155700e+02
1.072452502096257945e+02
9.819169022855848539e+01
1.118379397954123533e+02
9.417432362841030624e+01
1.062680163911491462e+02
1.137410846495563561e+02
1.013960728849080652e+02
1.115633856341073198e+02
1.071352599747052352e+02
1.081725585811664700e+02
1.147947656802011522e+02
1.085704414465642031e+02
1.132606083765752487e+02
1.002063174138791766e+02
1.060439028196107074e+02
1.065798986174342957e+02
1.194491136861690990e+02
1.006422188108275435e+02
9.994918532878470785e+01
1.033245442960184732e+02
1.247029247816653736e+02
1.121610441836969869e+02
1.154442771543175184e+02
1.010639760068512203e+02
1.279534474875121361e+02
1.018099062930649410e+02
8.876741302533712030e+01
1.079573440569043470e+02
1.042599993116438242e+02
9.944930431181160202e+01
1.272084689540879765e+02
1.152464936867054490e+02
9.897261243306819267e+01
1.000240247968360165e+02
1.052492036592570628e+02
1.016505455154454012e+02
1.096854949785618061e+02
1.162625549705235528e+02
1.206498622921651531e+02
9.832595232136937113e+01
1.148613691779925148e+02
1.203911495356248764e+02
1.115291126596622462e+02
1.133805626629306005e+02
9.898374592784246317e+01
1.123782589548301587e+02
1.049447167984597229e+02
1.197357898691183209e+02
9.611895540961454287e+01
1.118244721569646885e+02
1.003260269798198863e+02
1.216089199760177735e+02
9.984536466507121588e+01
1.222993421915330288e+02
1.038596315714078884e+02
1.134832894892787323e+02
1.161995227230432732e+02
1.060631499435020402e+02
1.036812414924002184e+02
9.246313208650983029e+01
1.139931125161781011e+02
1.191428811552691371e+02
1.167673600636810534e+02
1.158149958505171639e+02
1.129548564334815666e+02
1.320024613781110077e+02
1.050651554092187467e+02
9.958852601654112391e+01
1.079488807215757049e+02
9.671085640031728303e+01
1.125093402010685679e+02
1.109447225312683400e+02
1.122827401938756111e+02
1.202896654916484067e+02
9.760500536366266999e+01
1.052260593366173254e+02
1.079102484968913842e+02
9.393144271949435620e+01
1.103475814258602554e+02
1.102866576752875147e+02
9.767806931537531057e+01
1.022947305676221958e+02
1.007516421493623398e+02
1.115561034367467954e+02
1.070197200920009948e+02
1.313272672014792590e+02
9.935080030291214825e+01
1.084632723440608402e+02
1.234323368144922313e+02
1.151653215676532938e+02
1.144511974077661449e+02
9.678239779409138066e+01
1.122883740825238732e+02
1.077406697760419689e+02
1.099802481498592357e+02
1.077295291995738609e+02
1.107302123481590996e+02
1.122474451801563191e+02
1.005251349009381130e+02
1.203654556416863812e+02
1.043746570252855150e+02
1.072051951808945063e+02
1.031069684975959433e+02
1.035973101573998605e+02
1.115911033632646934e+02
1.159704625900420325e+02
1.139219795128372255e+02
1.061050640548040747e+02
9.300824848252588595e+01
1.324292630931104497e+02
1.133883728076087323e+02
9.483978833568333755e+01
1.172997335937604504e+02
1.092312609284531959e+02
1.164685277996053685e+02
1.186802249693766953e+02
1.099640310148192270e+02
8.885958847118190818e+01
1.100303353197303409e+02
1.168379519993288227e+02
1.138720177310551378e+02
9.481972782195987293e+01
1.220143599674030384e+02
1.056343836387692363e+02
9.613047529363066701e+01
1.061704755499268629e+02
1.203710457989407558e+02
1.059969092060034512e+02
1.053701387078884011e+02
1.033999434887945483e+02
1.139812605049829841e+02
1.062226464709829372e+02
1.014432095900583164e+02
9.914380651452505333e+01
1.108558086524267310e+02
1.226978450800732645e+02
1.131212651631102943e+02
1.020931870935845609e+02
1.135574637285756125e+02
1.086237832697736678e+02
1.242423930179026854e+02
9.763652696024743705e+01
1.089577623362057750e+02
1.137907519932076497e+02
9.748000850917006233e+01
1.013209854129178922e+02
1.296079508588056797e+02
1.148718877956301441e+02
9.497545795810881941e+01
9.142876634607218023e+01
1.183496712868470127e+02
1.087543598563907352e+02
1.319264296692531104e+02
1.067704027220782876e+02
9.849224236216844020e+01
1.326850755678233611e+02
1.073067601922518151e+02
9.104031146663865570e+01
1.063937899162278455e+02
1.232952997344973767e+02
1.119202260579298667e+02
1.119877052823436685e+02
9.681767589103124294e+01
1.118872841290032056e+02
1.063649476365147848e+02
1.200507731692470799e+02
8.385746993330069188e+01
1.222659696302406473e+02
1.098784204271888711e+02
9.977519285798840087e+01
1.217278405097738982e+02
9.546949625637614645e+01
1.031897973027556930e+02
1.178802176771109202e+02
1.193631947238211808e+02
1.002463495686201043e+02
1.190300693170113249e+02
1.079898263865430010e+02
1.053196420883998314e+02
1.172739183760337767e+02
1.209768832210933738e+02
9.388030280905682901e+01
1.118507643648996890e+02
9.976580282703196190e+01
9.092026701160143887e+01
1.170439799684472320e+02
1.191757101099738918e+02
1.106088032305582516e+02
1.167452533631620639e+02
1.041348812984332142e+02
1.165155143591201181e+02
9.560333701218010560e+01
1.189413645873625285e+02
9.809544644569368188e+01
1.336195830619948026e+02
1.043523674010665587e+02
8.718964879169179483e+01
1.124218991576692730e+02
1.042012500779733841e+02
1.168437424370822555e+02
9.701770930813927407e+01
1.172552716401750814e+02
1.135127046534387034e+02
1.080921693710999421e+02
9.259953405576580110e+01
1.057989191507177225e+02
1.190613726897327496e+02
1.074464927487682644e+02
1.079346969575558859e+02
1.075045207550034689e+02
1.080620119593952211e+02
1.137305967807126734e+02
1.119241198996343485e+02
1.071064248830119112e+02
1.116121605503278147e+02
1.129239964265921827e+02
1.010783954508583520e+02
1.069628923194043040e+02
1.088535527136321122e+02
1.010988076042401502e+02
1.063955614944028554e+02
1.026975819620732864e+02
1.272329517333018600e+02
1.170109288943493908e+02
9.973423405383068996e+01
1.079104764784806889e+02
1.020126554787286324e+02
1.357367328042458610e+02
1.147986831178346279e+02
9.770190059264896831e+01
9.893041844290212339e+01
1.110817989136159838e+02
1.214549875228434246e+02
1.082903127687605718e+02
1.172063454241629046e+02
1.202097644914266255e+02
1.162427399630269633e+02
1.140770168967697060e+02
1.223437286103059023e+02
1.009360894211312001e+02
1.135561744667431583e+02
1.122892248752092570e+02
1.035134978932797907e+02
1.177592820532934894e+02
1.127148813514082661e+02
1.147274935790061932e+02
1.110367899814212223e+02
9.788803690168280980e+01
1.073590301387960153e+02
9.212351675689370722e+01
1.328110949615166305e+02
9.095300869993637605e+01
1.507115868909460232e+02
8.888724334221092249e+01
1.070804971171421727e+02
1.322261063601234241e+02
9.522734748038460850e+01
1.090464053625341876e+02
9.537429522506694468e+01
1.385813385132283884e+02
1.212839568532474601e+02
9.650840855942372798e+01
1.194711401790429619e+02
1.130875869658940616e+02
1.088592694946496380e+02
9.272076734965160938e+01
1.250224952630167792e+02
9.515812166192867494e+01
1.173999029951262116e+02
1.189593925486048107e+02
9.928328449913212239e+01
9.917089556070490630e+01
1.007372774132134765e+02
1.573338274573148965e+02
1.018091918413111898e+02
1.144431271004755359e+02
1.170672646861374631e+02
9.668654419944139988e+01
1.123451444882784926e+02
1.168845148208675511e+02
9.740990517157760564e+01
1.140933774207447158e+02
1.152668548593186557e+02
9.655638998849968857e+01
1.054931383499432940e+02
1.104265542529627169e+02
1.151456035166576726e+02
1.093504244253380904e+02
1.027477944307715774e+02
9.510694452499313911e+01
1.039846232814404772e+02
1.374143341697847234e+02
1.038136952130997912e+02
1.058972561253095677e+02
9.985484313183495431e+01
9.170867010796845875e+01
1.384216896759402289e+02
1.211938340664486162e+02
8.950470060811650796e+01
1.206651531270227764e+02
1.015105959021788777e+02
1.147928048548480859e+02
1.029868090321745910e+02
1.031529352192619058e+02
1.134555372314709984e+02
9.514422539117512656e+01
1.110339555177196473e+02
1.054339943522638805e+02
1.127342493141988200e+02
1.294655020947545268e+02
1.021199172964206383e+02
1.033163849767618530e+02
1.092131584490975200e+02
1.021311784804758958e+02
1.075875897101644938e+02
1.237052497720711131e+02
1.099189481794114158e+02
1.031746400176150331e+02
1.123191081071048956e+02
1.249417520593555793e+02
1.022094964401619706e+02
1.031735316368449844e+02
1.080107042077961239e+02
1.110474171247180948e+02
1.117033903511916293e+02
1.010033791272734902e+02
1.195296415740539686e+02
1.134778885940462487e+02
9.788933413239695369e+01
9.865995537937246240e+01
1.015889556049756948e+02
1.265736863366905283e+02
1.190355948692925665e+02
1.018905591403901809e+02
1.100161749186368212e+02
1.115568975668191740e+02
1.138686000604521240e+02
1.066422273691842122e+02
1.029263206666642674e+02
1.060437708039420244e+02
1.155744776838520806e+02
1.096128326869337712e+02
1.245535573955666138e+02
1.031748819172720459e+02
8.756633551394590143e+01
1.206304620506928416e+02
1.122483746330826477e+02
1.172161200990615697e+02
1.033295040779143648e+02
1.033723631839527002e+02
1.278431978419332609e+02
1.011299616183129757e+02
9.975638584481457372e+01
9.610291919265604577e+01
9.774177039725542215e+01
1.267998284893345584e+02
1.261798299018779375e+02
9.571882848344787931e+01
1.156298594679762459e+02
1.026337603650379720e+02
1.179421634124802267e+02
1.097992339833065074e+02
1.066373975436129911e+02
1.042817183043550244e+02
1.139159112792954431e+02
1.016446042253038087e+02
1.430895166226750632e+02
1.016452144430003699e+02
1.051805830559030142e+02
1.061100054114781415e+02
9.479171824208040675e+01
9.587108707080868442e+01
1.098140205598376298e+02
1.115186590480830233e+02
1.037393558707053813e+02
1.195486609330387608e+02
1.145646615892011226e+02
1.175737204890945975e+02
1.033553634867147935e+02
1.147121938186290322e+02
1.084275333637744012e+02
1.038674136721831189e+02
1.086315662647812275e+02
1.195072623492284976e+02
9.845693523227382116e+01
1.110869971480133813e+02
1.035576498288658200e+02
1.170150625075735462e+02
1.034980992786306189e+02
9.804566692857376609e+01
1.011560703882426537e+02
1.067825959764709722e+02
1.186621934544589152e+02
1.132780174431389781e+02
1.155168868917671006e+02
1.121209636360052855e+02
1.008763803205889218e+02
1.214396493226969511e+02
1.098410496113219921e+02
1.049306281967178620e+02
1.072438299856381860e+02
1.038550404802227547e+02
1.109893589670968197e+02
1.052070329847646804e+02
1.241160609305796214e+02
1.069159481103211959e+02
1.043591006802312222e+02
1.100328503633565305e+02
1.013419621983777148e+02
9.904495439843091731e+01
1.038457909178192864e+02
1.048148097874010318e+02
1.147675188509522144e+02
9.515740356594972127e+01
9.306952527347294790e+01
1.046385824614564086e+02
1.199202699149256972e+02
1.036006432360562997e+02
9.954747709344415796e+01
1.280196864607783311e+02
1.211781903794909994e+02
1.028379737490603816e+02
1.061251454867844046e+02
1.219677995551281526e+02
1.054177238507496099e+02
9.534659606929392339e+01
1.116601398128746609e+02
9.916856767958316254e+01
1.157303055452771332e+02
1.144562111707119101e+02
9.956148669111794902e+01
1.170050323026397052e+02
1.190532941469273283e+02
1.051215827989282587e+02
1.034835265722633579e+02
1.075900253084104889e+02
9.941109131289309175e+01
1.232502303276037026e+02
9.594347443799944131e+01
1.101685162370602882e+02
1.088527481834269963e+02
1.016860962245330882e+02
1.059620066934951552e+02
1.357133631687486002e+02
9.747587509471149758e+01
1.202212225729116426e+02
1.109634148921712011e+02
1.099412463487543619e+02
1.038101871029294330e+02
1.087823645611038756e+02
1.141401898702287525e+02
1.164643752915913524e+02
9.351978064362839405e+01
1.096525731563606598e+02
1.103497830908986685e+02
1.159487635199921556e+02
1.084402519979953610e+02
9.435522855458000890e+01
5.360980932064959603e+01
5.339259863252389948e+01
1.129438659302272470e+02
1.068508977286675048e+02
1.120651984468444624e+02
1.222825978118977872e+02
9.659113603903514900e+01
1.122215760679848273e+02
1.038640786009405161e+02
9.547743736513758961e+01
1.041736875864004901e+02
1.274060414032427957e+02
1.141461039886480933e+02
1.001174353006502287e+02
1.193228393832486631e+02
9.621835840959180075e+01
1.217411899594205806e+02
1.139773217036322279e+02
1.030297888943581199e+02
9.303857974097317651e+01
1.182739244582029698e+02
1.239761390002619947e+02
1.097318383622186531e+02
1.127412122980285716e+02
9.915339213876782765e+01
1.133096195348803121e+02
1.131223294576685987e+02
1.086722508996859773e+02
1.010491111251559744e+02
1.132739015839456727e+02
1.071675886431340956e+02
1.065844381298064008e+02
9.280449507895514216e+01
1.235570206429054565e+02
9.907295149981733573e+01
9.588617265494802666e+01
1.256551223910816333e+02
1.162743402930557579e+02
1.074806773826307875e+02
1.043052974267016992e+02
1.045779332842682692e+02
8.985863866120286048e+01
1.052417963348981260e+02
1.056072212418641101e+02
1.317154662189603584e+02
1.068740146149459633e+02
1.122744903688903548e+02
9.793936176688903572e+01
1.106446790546675913e+02
1.073484274674127903e+02
1.023016283530365769e+02
1.249539332331809049e+02
1.124850460714683891e+02
1.096960188306486543e+02
1.167172146155566850e+02
1.116199171089272539e+02
1.108433441344027699e+02
1.103050312987061687e+02
9.705196044421892054e+01
1.214308200545792715e+02
1.213692961161537482e+02
1.086130364869510458e+02
1.061022552214380141e+02
9.127289444958739750e+01
1.020725954960014121e+02
1.054674689010368382e+02
1.170034120673775107e+02
1.094625946832954639e+02
1.145121211918740585e+02
1.004065170633861896e+02
1.086647602376842485e+02
1.109233307590278628e+02
1.252811843995544479e+02
9.786957941589786003e+01
1.031992023035472954e+02
1.250225972400028951e+02
9.585776858337945328e+01
1.125396979196030571e+02
1.274450403220408958e+02
1.166809268126498011e+02
1.320613927977116759e+02
1.014381826462253144e+02
1.108804570859698373e+02
9.083793153270768528e+01
1.079333763003625393e+02
1.125688215490840633e+02
1.196779462650566472e+02
1.129163576604907604e+02
1.111122256053929931e+02
1.007694022924297599e+02
1.131309925178540823e+02
1.001139706514661754e+02
1.163004961134006408e+02
9.321317488033417931e+01
1.285424905718869866e+02
1.007214087488241177e+02
1.161925573552155981e+02
1.093305187046160540e+02
1.114255899904055411e+02
1.230216536009459105e+02
9.715859470577360923e+01
1.043068927468286091e+02
1.181499957470583411e+02
9.849911269307769146e+01
9.991153436790644093e+01
1.099919281210811448e+02
1.088354427397829198e+02
1.213942040282984038e+02
1.011462402352302519e+02
1.112944729689592123e+02
1.178880956731109535e+02
1.079971890524760454e+02
9.856326120558902915e+01
1.171357267776043614e+02
9.630820132170100578e+01
1.081642426229178398e+02
1.169202663593072771e+02
1.181291701336067348e+02
1.047925711861551576e+02
1.119918527751130597e+02
1.115236675332239429e+02
1.106244679645775904e+02
1.063369912641196606e+02
1.031741676658733837e+02
1.274708404477976700e+02
1.030569928367355459e+02
1.033419585758653199e+02
1.150988764638571809e+02
1.046080699444118949e+02
1.204825361348486865e+02
1.291491164018725328e+02
1.048824775102709168e+02
9.602806421783540713e+01
9.424251348104832005e+01
1.066800079744008087e+02
1.301736542090570481e+02
9.234308133212537939e+01
1.109012733006516669e+02
8.800881245879793369e+01
1.353426687762277822e+02
1.165659915541259295e+02
1.023230945507339555e+02
9.636782594255248569e+01
1.095362428524021254e+02
1.029061203413340451e+02
1.067616259549913735e+02
1.283899329249984191e+02
9.922261286609332842e+01
1.072716733706925254e+02
1.135984597116516568e+02
1.012924561998397195e+02
1.081712935730458867e+02
1.227759932279830082e+02
1.162386418396282153e+02
1.113481564647922681e+02
8.874848733318670213e+01
1.044071734646464478e+02
1.000456229711603129e+02
1.306911550079074971e+02
1.139541113292567616e+02
9.488483463755480329e+01
1.127256810239943974e+02
1.221363287304952934e+02
1.058648577377018540e+02
1.143513665353290776e+02
1.057825292362046099e+02
1.187606304349604045e+02
1.002002761103237134e+02
1.162865457077482887e+02
1.104720455634941061e+02
1.040813453841411729e+02
1.064822163853621078e+02
1.208225695074885948e+02
1.050886592525772159e+02
9.268177252349858009e+01
1.035401114833712626e+02
1.080663569936764645e+02
1.281425691141516552e+02
1.084255085534107081e+02
1.137200520176699001e+02
1.106652527303906624e+02
1.016622723040714931e+02
1.076361213186620631e+02
1.140375780238048122e+02
1.049994801172223191e+02
1.140227592965436116e+02
1.083287415969624448e+02
9.820699237478696375e+01
1.058016222586629738e+02
1.117082313236936812e+02
1.019922608112804596e+02
1.162570294837636453e+02
1.008969206165046444e+02
1.142449873302515329e+02
1.267986953454882411e+02
9.692175113336728032e+01
1.002826987850510960e+02
1.160634568951641654e+02
1.121854219236161896e+02
1.205348006108984578e+02
1.109556290747392495e+02
9.729825728343473656e+01
1.008768877661175907e+02
1.065528142337143578e+02
1.066339330509735390e+02
1.098234543520583770e+02
1.159561325258704301e+02
1.097604515973285402e+02
1.079797636845085833e+02
1.004748832316534362e+02
1.310611817928084974e+02
1.028859030018578409e+02
1.074382692364325322e+02
1.237381200495114939e+02
9.402149523128612429e+01
1.104976754259596561e+02
1.013150524944181541e+02
9.741121163029409047e+01
1.409590215484239479e+02
9.821745469825037844e+01
9.953631563757177503e+01
8.479610537030548301e+01
1.070573818171741749e+02
1.184465229972654612e+02
1.226532320321528289e+02
1.105522632011986133e+02
1.113456451986216109e+02
1.190800330765288493e+02
1.151161863174344120e+02
1.031317889553084228e+02
1.066701509060257536e+02
1.068661090092590626e+02
1.046770325605086072e+02
1.250622809575901755e+02
1.005923024670277073e+02
1.148434574556599443e+02
8.869519692151526158e+01
1.141519591818237700e+02
1.057019935780118658e+02
1.229270787656066517e+02
1.076550583539977879e+02
9.889645873823839395e+01
9.858115242389625621e+01
1.160204128039977007e+02
1.130905112019006822e+02
9.820358532285638375e+01
1.173605936059648513e+02
1.207156496006788586e+02
1.099413150582537355e+02
1.002613820463722618e+02
1.079304166399256673e+02
1.018314176849346069e+02
1.261176292428875740e+02
1.119712807862478172e+02
9.866869535025615789e+01
1.188824954320850793e+02
1.000580668707570595e+02
9.242151112516917522e+01
1.214120774273138323e+02
1.216943654522049769e+02
1.193405178944857994e+02
9.743561543529655467e+01
1.026951409821801491e+02
1.050657317949896736e+02
1.132967729296177737e+02
9.122433822572369877e+01
1.403966107169754309e+02
9.115906275001633219e+01
9.733554193970816470e+01
9.501718598490541012e+01
9.144724213429863369e+01
1.249715734858616543e+02
1.170970932310559220e+02
1.117793021467238077e+02
1.144869553316625996e+02
9.850805738744952578e+01
1.389910220775443292e+02
1.057632969644110119e+02
1.149853770765721208e+02
9.787625814012604053e+01
9.291002284062328442e+01
1.175457091375833585e+02
9.731818100975354469e+01
1.122592542130747972e+02
1.114806571869634695e+02
1.161173948050882956e+02
1.001129198407809895e+02
1.117806996334227563e+02
9.831605311663717828e+01
1.164484162471081419e+02
1.118654301839776366e+02
1.119819148803267410e+02
1.013055749795012446e+02
1.146309362746725355e+02
1.087700156672807026e+02
1.171214946709496019e+02
1.225633010151900635e+02
1.104822510180184736e+02
1.070921350099940526e+02
8.926903718251399766e+01
9.937107629919042040e+01
1.153005909862694409e+02
1.205179347066572006e+02
1.084709613435619247e+02
1.406632610803872865e+02
1.040155882330031147e+02
1.156772440993182443e+02
1.053999533882233948e+02
1.163891885799894936e+02
9.708513128533186887e+01
1.036568264623255686e+02
1.173788777940073942e+02
1.069344179208630692e+02
1.037814882913268519e+02
1.001380493555453484e+02
1.037176243014019690e+02
1.124936969927162949e+02
1.278635707847958969e+02
1.079651199754277826e+02
1.275150023813845479e+02
1.067503089592743919e+02
1.091494762883972243e+02
1.011201068983318265e+02
1.010091764454635381e+02
1.088404192147838785e+02
1.050900825094099673e+02
9.452964522355912891e+01
1.154470524684415977e+02
1.273642447468454151e+02
1.019718882780704519e+02
9.247804665630440013e+01
9.990419488938931636e+01
1.119314104315502618e+02
1.220082690567381860e+02
9.344062823909131055e+01
1.132915325758298337e+02
1.119112171501004838e+02
1.145635081811391842e+02
9.168852799205740212e+01
9.892378375984810646e+01
1.091621515008240380e+02
1.127401325949448676e+02
1.156775750847157695e+02
1.221648214491157347e+02
1.081578875276895673e+02
1.155088504833922514e+02
9.635665951773316351e+01
1.000167240261131099e+02
1.174132286002834604e+02
8.834457695160519108e+01
1.136025454645530175e+02
1.268320715855322476e+02
1.080369449926655676e+02
9.525130058483425444e+01
1.298856889526706766e+02
1.021453677055934861e+02
1.052167435384257317e+02
1.169325314032656138e+02
1.246951155978759687e+02
1.121151058722062146e+02
9.477065685768246794e+01
1.095925999867319547e+02
1.134994247854539253e+02
1.229058446305753165e+02
9.976579734324838000e+01
9.977954293933271401e+01
1.202247130256318997e+02
1.156926306026665543e+02
9.314409367510384641e+01
1.104064198305680122e+02
1.067292925883043466e+02
1.054683382498499782e+02
1.117282047001943539e+02
1.248151774200232467e+02
1.073544644097183607e+02
1.089675134530787233e+02
1.303402681494245030e+02
1.122963829002467833e+02
9.759779375341005903e+01
9.962339409537437973e+01
1.283515741406339998e+02
1.015312805616972014e+02
8.538410894677920737e+01
1.175957312911197050e+02
1.089465797132134384e+02
1.100811596067159712e+02
1.288994690016657216e+02
1.034814866736920180e+02
9.963063159849099293e+01
1.140988671747265641e+02
1.077040535088233923e+02
9.268909995279214797e+01
1.001899049296113589e+02
1.231858576717990559e+02
1.187229253581512012e+02
1.208565699772275792e+02
1.144639401901054185e+02
1.052917569141709322e+02
1.061551515255771250e+02
1.075572017539707161e+02
1.003904281368857312e+02
1.026446959922114672e+02
1.048181214531862508e+02
1.154373658598406820e+02
8.655362205483903892e+01
1.084886782945894623e+02
1.281581137209829819e+02
8.953961527089771266e+01
1.393509250212286190e+02
9.671928105557410049e+01
1.158279632782495554e+02
1.146368049039542001e+02
1.146359355667253368e+02
1.066342690343871453e+02
9.708974852851702053e+01
1.062009523541058940e+02
1.049079756361067126e+02
1.124374555236242372e+02
1.021478525622530640e+02
1.183637307851192730e+02
9.685650314657935667e+01
1.196238527266524301e+02
1.210232417373924108e+02
1.051057837613275012e+02
1.052270053365579656e+02
1.158471680254073277e+02
1.018611750133061378e+02
1.126099254323334833e+02
9.920397730907647826e+01
1.131506824339589770e+02
1.127968707793829282e+02
1.128545796952996199e+02
1.201142099121556441e+02
1.070733909722196699e+02
1.146181324451074488e+02
9.853490752215824955e+01
9.979667700647647166e+01
1.030724526433824195e+02
1.100499495835824888e+02
1.103384858739418917e+02
1.173046438246455381e+02
1.148304196221275220e+02
1.013664472883687040e+02
1.129369007413665287e+02
1.050739250212745759e+02
1.312203937236280353e+02
9.047093349838512211e+01
1.047182669446450376e+02
1.044415698619558839e+02
1.059983537801640807e+02
1.213324403721490654e+02
9.937494817433521632e+01
1.108454673997096620e+02
1.186595710886890060e+02
1.009214027191131322e+02
1.215568591581280629e+02
1.117670653864684596e+02
1.048116355927165415e+02
1.153202444442625705e+02
8.876536760339750742e+01
1.182716786754828888e+02
1.184866934177335338e+02
1.029866079815503923e+02
1.136585451445280057e+02
9.796867481166731295e+01
1.203324908402347262e+02
1.103476007521569784e+02
1.161248488334229876e+02
9.546187750618484813e+01
1.130284479253176073e+02
9.756549158752029882e+01
1.024572139093455689e+02
1.016702129331240201e+02
1.193245817561132185e+02
1.049593830721299952e+02
1.110626946623022064e+02
9.831025420153602568e+01
1.170126508935380087e+02
1.028561080214400647e+02
9.937368434358302238e+01
1.105195834317515420e+02
1.231203212565369967e+02
1.109284797723612570e+02
1.010191344603813093e+02
1.104180637143354602e+02
1.006494851197270748e+02
1.176805167987349705e+02
1.241897650838239002e+02
1.140782707611223401e+02
9.428811793822102061e+01
1.102287584187758682e+02
1.214085660957371715e+02
9.757555935476277398e+01
1.199426413326851844e+02
1.194402838335341244e+02
1.246976265864097826e+02
1.719171215646609312e+02
8.827088678603736582e+01
9.571889478564106923e+01
5.587003235694978542e+01
1.010399841231795079e+02
5.282966920603812611e+01
1.276758402389978500e+02
9.900273347262701407e+01
1.172678976549803451e+02
1.062066664631445434e+02
1.009387341081331186e+02
9.743819378267882314e+01
1.201912324666210736e+02
1.146768261505570337e+02
1.002244715930588086e+02
9.649171984770123345e+01
1.013774045561747528e+02
8.519103275326834535e+01
1.406438915078517198e+02
1.241723136385627555e+02
1.010045705275150567e+02
1.031384814090986310e+02
1.177284489704072143e+02
1.237939852602540896e+02
1.012714192061823155e+02
1.105933234864593544e+02
1.040912122470449219e+02
9.313301694408882270e+01
9.585169849546662135e+01
1.030410277839787767e+02
9.321545474984559121e+01
1.272669718220462158e+02
1.302483257353479473e+02
1.062654901766846507e+02
9.977347812734547006e+01
9.344358712757127705e+01
9.889095267283798307e+01
1.103282037877496577e+02
1.065977531836061019e+02
1.289730519253016325e+02
1.129702765118928909e+02
1.218612288706928410e+02
1.040557367312236323e+02
9.430618653530507345e+01
9.493677166645028365e+01
1.282046057742199991e+02
1.119759869212961974e+02
1.069681973883425030e+02
1.167689808378136433e+02
1.113582915633149639e+02
1.285580584088202158e+02
1.160059608681317513e+02
9.748056436896419541e+01
1.303959627665864502e+02
1.104840465779542882e+02
1.078209195259130979e+02
9.604588786953156898e+01
1.064260138503267683e+02
1.019994732369342927e+02
