-5.436369417978615282e+00
-5.389134942336515799e+00
-5.320245527358665960e+00
-5.130053813566550325e+00
-5.461559488281759300e+00
-5.464515630445493599e+00
-5.504317957877692180e+00
-5.482029247458259924e+00
-5.499172198992294369e+00
-5.510633747165213592e+00
-5.507182598173138821e+00
-5.469715953017476373e+00
-5.110348410348646730e+00
-5.129877977754158991e+00
-5.116739106158301631e+00
-5.130744242397587307e+00
-5.144622548200006307e+00
-5.139361080693898742e+00
-5.126565613653329301e+00
-5.129887195220114826e+00
-5.152821204848518022e+00
-5.161389178284146340e+00
-5.133936953888387222e+00
-5.395564079550822179e+00
-5.431107777286064753e+00
-5.475081046261049522e+00
-5.512520908307541490e+00
-5.058478064625442805e+00
-5.410041686874468070e+00
-5.431712441567150940e+00
-5.367846825252926557e+00
-5.325008658834506470e+00
-5.388929959834116268e+00
-5.156032590707605223e+00
-5.429626686895043797e+00
-5.445999589072354929e+00
-5.414061365977942408e+00
-5.121857767687703067e+00
-5.499160899719257145e+00
-5.548086704706290284e+00
-5.720467499891845442e+00
-5.418877846797715669e+00
-5.521293564091338091e+00
-5.695804623959785928e+00
-5.520052946781143888e+00
-5.544465812451144338e+00
-5.476189285021257014e+00
-5.530846376114766372e+00
-5.564559316670477429e+00
-5.711397832537468133e+00
-5.479808732302276830e+00
-5.468871085664559040e+00
-5.536452327888452096e+00
-5.587087197908709335e+00
-5.442964675570495459e+00
-5.478586208761757170e+00
-5.495452913498164449e+00
-5.541727777579747993e+00
-5.581261516036692072e+00
-5.661537794488036290e+00
-5.652560905178566131e+00
-5.746540405263393048e+00
-5.744626639215471009e+00
-5.646665042539455115e+00
-5.640792157522079187e+00
-5.628676308569304787e+00
-5.628091682496402015e+00
-5.642155333210355117e+00
-5.668113015637814556e+00
-5.622108313726181805e+00
-5.670232436082756955e+00
-5.624637603747803638e+00
-5.680742104072193044e+00
-5.619309460530002909e+00
-5.648905895104507913e+00
-5.749150405804388519e+00
-5.640760869555630386e+00
-5.627551704597903992e+00
-5.637919884175341956e+00
-5.652287509617309524e+00
-5.636257277336507165e+00
-5.630455648429996351e+00
-5.630244853763029411e+00
-5.623839183214683679e+00
-5.629422790639123875e+00
-5.653537697581347388e+00
-5.640440234901261007e+00
-5.657846116375178980e+00
-5.646262525304351243e+00
-5.729192080833647616e+00
-5.714957784969689314e+00
-5.734103272420868258e+00
-5.656780298120205330e+00
-5.704907920011944356e+00
-5.700927059233066529e+00
-5.713759667066526049e+00
-5.703694012601809860e+00
-5.686486113528721020e+00
-5.509872689801637691e+00
-5.578073802846145846e+00
-5.531853991938865178e+00
-5.561813509012347723e+00
-5.506617389471076152e+00
-5.541112266921513374e+00
-5.508817979784979002e+00
-5.566181803040076481e+00
-5.629109915181992996e+00
-5.518690256156951968e+00
-5.470798650310534583e+00
-5.512286963193584910e+00
-5.528581726757088255e+00
-5.499250223680829386e+00
-5.476221572679179417e+00
-5.535718017173739902e+00
-5.482280963827452780e+00
-5.540646767328313516e+00
-5.528160325254003915e+00
-5.593470449455089977e+00
-5.547140875466061161e+00
-5.542008129375936676e+00
-5.514870075823142592e+00
-5.535740686105299346e+00
-4.736566406473698088e+00
-4.666764670093798806e+00
-4.616048849911361884e+00
-4.824434821988328181e+00
-4.788816122741963888e+00
-4.743439701220868443e+00
-5.059064641640036442e+00
-5.064930745130738821e+00
-5.036237329915184802e+00
-5.093958924068432204e+00
-4.709656773684778308e+00
-4.684183797448984166e+00
-4.637423940519258991e+00
-4.696324851375208276e+00
-4.779291514877047398e+00
-4.654987555854455117e+00
-4.655924298135736272e+00
-4.629797377628648292e+00
-4.622577925617623151e+00
-4.737014515452441010e+00
-4.634440512874406615e+00
-4.621812393275044784e+00
-4.609083889391462741e+00
-4.722868202904501267e+00
-4.717423556560650155e+00
-4.745441289793010498e+00
-5.498638017819837742e+00
-5.449417456229922685e+00
-5.387569579686673826e+00
-5.512830403479634711e+00
-5.663066942016583560e+00
-5.714428471691034517e+00
-5.592923944797696834e+00
-5.153926223898182890e+00
-5.219889398305725514e+00
-5.237806245294403418e+00
-5.756785174142195594e+00
-5.770792328641095814e+00
-5.777949766418970512e+00
-5.734239924161230739e+00
-5.764428429240518348e+00
-5.541468782290849937e+00
-5.518018724697841826e+00
-5.547367042004727189e+00
-5.526168997149297546e+00
-5.542597160200731565e+00
-5.659181560183949244e+00
-5.729119203395745430e+00
-5.287521488358662758e+00
-5.237846878367850678e+00
-5.276503640084395208e+00
-5.302625467164938655e+00
-5.331675574591749900e+00
-5.518108627253624832e+00
-5.300931187722259352e+00
-5.340513598199394529e+00
-5.352262337200536457e+00
-5.345225555530340067e+00
-5.339208936576779863e+00
-5.304028997630244824e+00
-5.316335888111974661e+00
-5.303826638589622888e+00
-5.312151702980196788e+00
-4.711791365117115049e+00
-4.735934001390626591e+00
-4.710331706955371622e+00
-4.718264732232176684e+00
-4.731959069211500335e+00
-4.727578969477549187e+00
-4.706483597933423191e+00
-4.720663748807727877e+00
-4.735971475506366879e+00
-4.723323541375804346e+00
-4.731362147663158879e+00
-4.694233031626934505e+00
-4.693138500629149057e+00
-4.716823138213052324e+00
-4.690335131530598112e+00
-4.704225162149130668e+00
-4.688598978163801334e+00
-4.683200142113514985e+00
-4.695938167797853779e+00
-5.200145773677308014e+00
-5.129364374119774972e+00
-5.143586926014569016e+00
-5.131430351606621088e+00
-5.168345006797633090e+00
-5.169184122508077905e+00
-5.190706203168553579e+00
-5.166000052998843017e+00
-5.164561708574236576e+00
-5.385863434643780145e+00
-5.342794709766756966e+00
-5.328994672892791051e+00
-5.328468144546132379e+00
-5.286854211663771785e+00
-5.400568343494990486e+00
-5.386117714891246244e+00
-5.324021866705093586e+00
-5.291486922909108159e+00
-5.103059297067144229e+00
-5.265835511684735515e+00
-5.238095348324962153e+00
-5.346368490394550754e+00
-5.305685865708047011e+00
-4.878452061900969028e+00
-4.848834604411153215e+00
-4.856274785490622747e+00
-4.868862515362444299e+00
-4.868441686862720275e+00
-4.766069352179277629e+00
-4.693418144151426219e+00
-4.707801637477668777e+00
-4.872909169840442978e+00
-4.866737050252928576e+00
-4.960292377924012897e+00
-5.270240584134209705e+00
-4.928048709349333478e+00
-5.277029388879385330e+00
-5.284768952710963141e+00
-5.205321830731493016e+00
-5.160393571819174241e+00
-4.913949416029176120e+00
-5.206282901701002608e+00
-4.967146653241298893e+00
-5.344250781909797965e+00
-4.950553636160752724e+00
-4.900753901366111442e+00
-5.315709488596165322e+00
-4.942288450832872826e+00
-4.936388308911045186e+00
-4.963143017931825440e+00
-5.249761071147431402e+00
-5.239807478476391722e+00
-5.251707885039930801e+00
-5.229483896822752165e+00
-5.136679569461095163e+00
-5.253708610106995636e+00
-5.254130405606044718e+00
-5.233812033395411234e+00
-5.241471061720583968e+00
-5.116343652325761937e+00
-5.065206258488653468e+00
-5.135515925741714227e+00
-5.131531329964847288e+00
-5.156334674941636997e+00
-5.120323022882548258e+00
-5.256254007223760460e+00
-5.234292233586326226e+00
-5.107666641073671521e+00
-5.137290907286240937e+00
-5.112157631477688646e+00
-5.549199068265547652e+00
-5.543298044774975786e+00
-5.571397050262775430e+00
-5.556595131421650180e+00
-5.564125753484209014e+00
-5.549221126503256940e+00
-5.528075157590143007e+00
-5.557814198421145768e+00
-4.741238912232137892e+00
-4.748164919822902341e+00
-5.081820514010547463e+00
-4.721079836177450417e+00
-4.693718675197735557e+00
-4.734580755548944531e+00
-4.607746503521225279e+00
-4.696719453847366665e+00
-5.671447235625362460e+00
-5.641992383438424241e+00
-5.511804165999099503e+00
-5.558312163013303220e+00
-5.537306709772655822e+00
-5.505877828925157758e+00
-5.535516291432167613e+00
-5.619059406860057670e+00
-5.684660967509742591e+00
-5.666083778366817647e+00
-5.667304308317238082e+00
-5.630263364051953268e+00
-5.645151614643564741e+00
-5.631096410471328362e+00
-5.630277809338989137e+00
-4.763384285714618471e+00
-4.756430860144218009e+00
-4.727416889300518399e+00
-4.734114036782760770e+00
-4.736219704643932715e+00
-4.724017955913160094e+00
-4.739447197375941556e+00
-4.747106517153386385e+00
-4.791009191558512015e+00
-4.792954666178596668e+00
-4.802593072534474317e+00
-4.783092180041938590e+00
-4.788627881011691123e+00
-4.729102586068929526e+00
-4.745341931409318370e+00
-4.826984952673805118e+00
-4.706871872959108138e+00
-4.819515099177603901e+00
-4.845065667571939905e+00
-4.811850030088105967e+00
-4.820448576888850312e+00
-4.754298771733433959e+00
-4.784922325202121129e+00
-4.810053369535651768e+00
-4.791846502153891407e+00
-4.774918268662831089e+00
-4.804295351532736014e+00
-4.824937998124569027e+00
-4.821377781202044410e+00
-4.811610622749436850e+00
-4.824276625129122031e+00
-4.833843340419420542e+00
-4.803036492701147075e+00
-4.813735210809451992e+00
-4.829703473572858563e+00
-4.832350830103212758e+00
-4.855651558434568749e+00
-5.089251486871128272e+00
-5.092940774487863642e+00
-5.087587347733687260e+00
-5.080836374052976723e+00
-5.086466766106399362e+00
-5.095411539756725894e+00
-5.295671246327357196e+00
-5.292430065499198477e+00
-5.290409049126486352e+00
-5.287199320656159607e+00
-5.292785809105865269e+00
-5.292751644251537435e+00
-5.288572173582115177e+00
-5.290232961305033399e+00
-5.286686120447991577e+00
-5.287764457607178947e+00
