1.042125606013077146e+02
1.096590543780753251e+02
1.092164193321467422e+02
1.144561880310172057e+02
9.819719451760956019e+01
1.196577672423119907e+02
1.050326126469933286e+02
9.920100329669728012e+01
1.247136367739096698e+02
1.140311746935827557e+02
1.188510960566460852e+02
9.235566491458634175e+01
1.142610015061893591e+02
1.269167405295537066e+02
9.883023463015577192e+01
1.036068167258666506e+02
1.241539721828289373e+02
9.250144736491510855e+01
1.073813695363391361e+02
1.007740826546587272e+02
1.321279902122433327e+02
1.025624902782279833e+02
1.157649105097151363e+02
9.840640897027103051e+01
1.015234044550888228e+02
1.048108147137377557e+02
1.176113947751406954e+02
9.739263252599366183e+01
1.255247410582277894e+02
9.457742617208843683e+01
1.110851901163849078e+02
1.107430650413921853e+02
1.035312792753343842e+02
1.020170533240244310e+02
1.297141509304531155e+02
1.081952604431102287e+02
9.902750901255433291e+01
1.297407876827888629e+02
1.028254913460040143e+02
1.114170211199740521e+02
1.048772667526531848e+02
1.030495074583009512e+02
1.014793446546513280e+02
9.995871347438676935e+01
1.210935671776283868e+02
1.278478491097779681e+02
1.136711435603948814e+02
1.049568363086773957e+02
8.912703188033239599e+01
1.102272094625155461e+02
1.247134859238364299e+02
1.130170196064931076e+02
9.977261674213296772e+01
1.052430315481111478e+02
1.288798972974210812e+02
1.007943054770433378e+02
1.128755330430546309e+02
1.058410138819923958e+02
9.498842226188298810e+01
1.196220103051298196e+02
1.069435522538225456e+02
1.158816704504565678e+02
9.715624955385484895e+01
1.178639023329857167e+02
1.030312844269862751e+02
1.045925914611313630e+02
1.269211801838949896e+02
1.010561214139238473e+02
1.012978553828106243e+02
1.159293883338857825e+02
9.607995416607325012e+01
1.259187342611083551e+02
1.087795959644617056e+02
1.102174644811595385e+02
1.282275030361730614e+02
9.839016767834361588e+01
1.073129265468034106e+02
1.232892592930451485e+02
8.937488051893492980e+01
1.112516493810224603e+02
9.713381335098850400e+01
1.171320599403304215e+02
9.199002521103214747e+01
1.056785464829491303e+02
1.307008899076192847e+02
1.129218234546998758e+02
1.065540520798291482e+02
1.030373936911151276e+02
1.321784823249045644e+02
1.132119822742415494e+02
9.827433402174320065e+01
9.867159628547521777e+01
1.065515464408767059e+02
1.056767044531128477e+02
1.134780349323042401e+02
1.113404305942854506e+02
8.433197873310861326e+01
1.005787467620603479e+02
1.139555901585580386e+02
9.405055943391550954e+01
1.078086023438377055e+02
1.149834509069100079e+02
1.226790164519391197e+02
1.069063180299140896e+02
1.042504210297655334e+02
9.646330460253254557e+01
1.103016516061489369e+02
1.156704600754510466e+02
1.070354416401426363e+02
1.047679693634015194e+02
1.099984566019768977e+02
1.080968031335903703e+02
1.106351533192897563e+02
9.607842555678861629e+01
1.249236003426754280e+02
9.689726766016944737e+01
1.069730582496209905e+02
1.094954973982406585e+02
1.230572969137192132e+02
1.062916177046581510e+02
1.125829746689398405e+02
1.008319192013718180e+02
1.122418385028373820e+02
1.137065712823359149e+02
1.173131734050489428e+02
1.025468699809333799e+02
1.097559286680911583e+02
1.095975855404038981e+02
1.010425092045573479e+02
1.084693346605963882e+02
1.022206277402632253e+02
1.167146259270590036e+02
9.588819690429353670e+01
9.840264909406711524e+01
1.096690133791156399e+02
1.310862490841656722e+02
1.209229281637916245e+02
1.075677753869000384e+02
1.001522774947137151e+02
1.115918882722768473e+02
1.042458187513386747e+02
1.116576745135683666e+02
1.126068383507767265e+02
1.240655808021445665e+02
9.643723920444031705e+01
1.021612567060367098e+02
9.499645877090222257e+01
1.094659868270959038e+02
1.321393932317181452e+02
1.249569358415377991e+02
9.431285183330196276e+01
1.034220580428679739e+02
1.118600030837761352e+02
1.097950187847871888e+02
1.113613664864060411e+02
9.108881394702395085e+01
1.114614940465821604e+02
1.229866664032728067e+02
1.060521206095352369e+02
1.215257224656009925e+02
1.029136927386648210e+02
9.470767768415656462e+01
1.202956956325726594e+02
1.143409180750578145e+02
9.454683453660081227e+01
1.130053310701098042e+02
1.154024104493031331e+02
1.195142432109748682e+02
8.957613415506948229e+01
1.185106806004043420e+02
1.339887240453674622e+02
9.624616476410820098e+01
1.083659005150679491e+02
1.016714941414216611e+02
1.198765715617871450e+02
9.463444068879626059e+01
1.176378443371876017e+02
1.028323404524789879e+02
1.087986735746932965e+02
1.106734687728678779e+02
1.148634629342699753e+02
9.250754751373860074e+01
1.015194080676051840e+02
1.208947814349814962e+02
1.090963050222543416e+02
1.153719455272072025e+02
1.108249332633078552e+02
9.274271742208676983e+01
1.052695095207918428e+02
1.233673757636560566e+02
1.067811347449635093e+02
1.156276851089072153e+02
1.087631657856212826e+02
1.166302202657534934e+02
1.103937602767583286e+02
1.011231130356141392e+02
1.091715082024369678e+02
1.102069374826945705e+02
1.147214250743930251e+02
1.032854347948394178e+02
1.041008545474586384e+02
1.098331754504172295e+02
8.774986162376951881e+01
1.083733301072798696e+02
1.141168856058711754e+02
1.062494357209920111e+02
8.491289524711781667e+01
1.117549425707310888e+02
1.131196651032794307e+02
1.100858715607225093e+02
1.263863077099479995e+02
9.641270986668591547e+01
1.109185878945842632e+02
1.081330608739654906e+02
1.008254443914215557e+02
1.184834704138865931e+02
1.226394666736902366e+02
1.053490351055250329e+02
1.107180236790224370e+02
9.800636416029205122e+01
1.118373660849189548e+02
1.132533518350135040e+02
1.039119314971791681e+02
1.233035335032920301e+02
1.044301383894490272e+02
1.129997983547332581e+02
1.155708000773930166e+02
1.178686490133950144e+02
1.128979071098719942e+02
1.066565288657655799e+02
1.163025386429012684e+02
1.222249222435571880e+02
1.050040306999306949e+02
1.150724127910483929e+02
1.035527246009267799e+02
1.066250334798885149e+02
1.214700007679680596e+02
8.712328375537168768e+01
1.224772281645545178e+02
1.207628571697666615e+02
1.007303430840574237e+02
1.081592178226386807e+02
1.053288436414431430e+02
1.098830660403271224e+02
1.115227044630222935e+02
8.850526897905530177e+01
1.201569466484128554e+02
1.254038767920611548e+02
1.259545380632968659e+02
9.973695038324079576e+01
9.792595767440528221e+01
9.563802154257970756e+01
1.038504356757445208e+02
9.782411424056408578e+01
1.296524425163577519e+02
9.806098202169216904e+01
1.238631090018811420e+02
1.247534181008501264e+02
1.133492205370249764e+02
1.023798109157898750e+02
9.604973203680572169e+01
1.071846400884671482e+02
1.134503477046060311e+02
8.640723996324324219e+01
1.121844786028511436e+02
1.085566944415614614e+02
1.150866564455354819e+02
1.146106621549334932e+02
1.160300145177530453e+02
1.167202511493107977e+02
1.013096218750876005e+02
1.132125458412724015e+02
1.170424580540989865e+02
1.083886336304054225e+02
9.881286732070527989e+01
1.078985652826625028e+02
1.126535815061989894e+02
1.206159081693329114e+02
1.099453423164714536e+02
1.160071793034105383e+02
1.114952736048428221e+02
9.475143719943797294e+01
1.192580843910363200e+02
1.045190594942001212e+02
1.109078547263118395e+02
1.038736960124230819e+02
1.097456024578133906e+02
1.153788438191712515e+02
1.101911771167373928e+02
1.064402558716268175e+02
1.151764580929221751e+02
1.038263951610649514e+02
1.176231219757452635e+02
8.925009004609896124e+01
1.100336413261728978e+02
1.176297424485220660e+02
1.139928789099211031e+02
1.024724593736135319e+02
1.087949121133530639e+02
1.194690232933346721e+02
1.012911209142871058e+02
1.073771981896667427e+02
1.003225363486625241e+02
1.151003716115749427e+02
1.121665343005913087e+02
9.926632889896148981e+01
1.092211915032673346e+02
1.051385491211863155e+02
1.111123313957777015e+02
1.255071581417879401e+02
1.055457581526163295e+02
1.069902226811902466e+02
1.226033818328123033e+02
1.042866961719057031e+02
1.071839903217474159e+02
1.012807757648210156e+02
1.096208228308869224e+02
1.114801467433495503e+02
1.103800393495910583e+02
1.198376369839377560e+02
1.082209425772058182e+02
1.002819471458611957e+02
1.077761155117698877e+02
1.096466160532052641e+02
1.162374627933580342e+02
1.040121767724593411e+02
1.120006950463848057e+02
1.036364500748165938e+02
1.151236986461604062e+02
1.039094387536004405e+02
1.023742837851936542e+02
1.079461612476992372e+02
1.013248377479061304e+02
1.109926303294101899e+02
1.064141122066398282e+02
1.309363816740638811e+02
1.069300973653574260e+02
1.067755336559634998e+02
1.014053214144979620e+02
1.052516123133492130e+02
1.059557631224311223e+02
1.147508971116217396e+02
1.082459389311877942e+02
1.157182428843662478e+02
1.125683954900089958e+02
9.949139798906394105e+01
1.039417612757510767e+02
1.223355457420160661e+02
1.044804809696128416e+02
1.138039640804120864e+02
1.157783775166894031e+02
9.661194937215988432e+01
1.121863181043725888e+02
1.095429804566720691e+02
1.250505454100513845e+02
1.147923123038682007e+02
1.014120138559148501e+02
9.274611320607191089e+01
9.629646653703719039e+01
1.164341316211184676e+02
1.124074174046776875e+02
1.072052838576911142e+02
1.128974537781661098e+02
1.107417937203509268e+02
1.157220501393876475e+02
9.939735574426315168e+01
1.289921767893049491e+02
1.188689357141199707e+02
1.193771718770005066e+02
1.173013963387666081e+02
9.980852211076357605e+01
1.161458374401116771e+02
1.181375722203842713e+02
1.116504728209416726e+02
1.172049687272795637e+02
1.225151879832228019e+02
1.170340975165615589e+02
1.056983268377810674e+02
7.909577514585058111e+01
1.134062865205516033e+02
1.096431102296911604e+02
1.181100156396789487e+02
9.883959690191791481e+01
1.020429447821642697e+02
1.069881315583257049e+02
1.207893478201410176e+02
9.388531221563309259e+01
1.083328824409904172e+02
1.239336715451062219e+02
9.370454168957708418e+01
1.071296865155433267e+02
1.222709305020810007e+02
1.023246736239902788e+02
1.028281096893538802e+02
1.138502468526531857e+02
1.209795679102867894e+02
1.263917375191108761e+02
9.070186551430327881e+01
1.014928622638329756e+02
1.094936264312874243e+02
9.478695974220022435e+01
1.124435157918528034e+02
1.166894719896002925e+02
1.116778224513976880e+02
1.106904482709988571e+02
9.456089922728450858e+01
1.060816730688419653e+02
1.178577508643994065e+02
1.083632261174038547e+02
1.177429086447916688e+02
1.106834207496142426e+02
1.026415273370169956e+02
1.069520133673714781e+02
1.079189979652603313e+02
1.185383898529573656e+02
1.126045588117728613e+02
1.075172236131193841e+02
1.082703495160506009e+02
1.057404470697925092e+02
9.460970212067833529e+01
1.175986653675869604e+02
1.072878284919230936e+02
1.202545485530971519e+02
1.129796569060845854e+02
1.211620988155932963e+02
9.422282110077122752e+01
1.109168230447651098e+02
1.081098228714537726e+02
1.072516661311294541e+02
1.156599718412884101e+02
1.060140907440797093e+02
1.151906402983687769e+02
9.973227065620524456e+01
1.116013309994792877e+02
1.068446948297711998e+02
1.253468475357617820e+02
8.083387914710560551e+01
1.177672489480991374e+02
1.042503497528441301e+02
1.089202876580390011e+02
1.150995676098424951e+02
1.015963763624059908e+02
9.813353331741225816e+01
9.966124347400671013e+01
1.152552171236243481e+02
1.155274106330413986e+02
1.207516031530301177e+02
1.253536056214805825e+02
1.116752216217233666e+02
9.585577308681018849e+01
1.013746322703433123e+02
1.177293338768583482e+02
1.033667668065501175e+02
1.087987457776688842e+02
1.030302042797762709e+02
1.155594132188476379e+02
1.105028466798462148e+02
1.015060115780705985e+02
1.173914063468696298e+02
8.394509671694247288e+01
1.172303838929040580e+02
1.017153615523777432e+02
1.242384561665720639e+02
9.608081175759878079e+01
9.056141774817922396e+01
9.802860284851544748e+01
1.177991374660348924e+02
1.291354444329384989e+02
1.100060801103391839e+02
1.200180672883480497e+02
1.062592043271802851e+02
1.072749440779725205e+02
1.014401925385398755e+02
1.102865140609138166e+02
1.000648602093763060e+02
1.117122064311767105e+02
1.122307465673981568e+02
1.020983045568025034e+02
1.054161211207966460e+02
1.222483633187635235e+02
1.087990049478657113e+02
1.092000152274543012e+02
1.084173080738655983e+02
1.106561000291208074e+02
1.075760986471627376e+02
1.068832937890399108e+02
8.574448774382534566e+01
1.009172469594624175e+02
1.008329087573595046e+02
1.322527333599402652e+02
1.191852139773182699e+02
1.060028498530756593e+02
1.060065056696460459e+02
1.167356034000093388e+02
1.126831532575440349e+02
1.112767710254923941e+02
1.085606154861882970e+02
1.014502865574685160e+02
1.212001498400609449e+02
1.072923174882799202e+02
1.047244698403836196e+02
1.028504387254228192e+02
1.054571438789432847e+02
1.050935386117224795e+02
1.148054604521769164e+02
1.209715904500439478e+02
1.105837624475094145e+02
1.119482953912306016e+02
1.002372461198602593e+02
1.032475786243401359e+02
1.087652289688709999e+02
9.553302349984916475e+01
9.833601348000925668e+01
1.112239487393294013e+02
1.282169137970369093e+02
1.239338677198671519e+02
9.644939769070597890e+01
9.692952360372426313e+01
9.746117338826192622e+01
9.579255451205013117e+01
1.147999254578806898e+02
1.195796284139190391e+02
1.215707666304037389e+02
1.154962879647136731e+02
9.943616626466229036e+01
1.167510519218222953e+02
1.094743815429854124e+02
1.156053800559628684e+02
9.634033244183558509e+01
1.145721293553848454e+02
1.091373248666916567e+02
1.224411723230101359e+02
1.179058104285550854e+02
1.047801958134522806e+02
8.529768405335472892e+01
1.227793968335866168e+02
9.955169354817151373e+01
1.013183057957282927e+02
1.098887576154743755e+02
1.084542034776527260e+02
1.027972250413114494e+02
1.057124319450348366e+02
9.587461965015350529e+01
1.324970151052590950e+02
1.306211952003529007e+02
1.171501013366920745e+02
1.114065631636980953e+02
1.277839552303142483e+02
1.039497614625146014e+02
8.896581798982788314e+01
1.160802807257013853e+02
9.956701489295716101e+01
1.180609968827385501e+02
9.994526845339635202e+01
1.014830367458476843e+02
9.782689286137471640e+01
1.180873092468330867e+02
1.042323533412145764e+02
1.037230291348996332e+02
1.068960475919796806e+02
1.155111271442803087e+02
1.074567672611014473e+02
1.059135734274340450e+02
1.207378950233314470e+02
1.020757489478988020e+02
1.019007364255548396e+02
1.059667907058958605e+02
1.439454153091763544e+02
9.164100983318830629e+01
9.784846186390559808e+01
1.032749590909086237e+02
1.136862403408635913e+02
1.070842921692375995e+02
1.220190664285311897e+02
9.990407776326357236e+01
9.718265071501325281e+01
1.145665869209401393e+02
1.137058764112652796e+02
9.922291053797056293e+01
1.113935697091724393e+02
9.755515012416748277e+01
1.226871659228464324e+02
1.082251683946472696e+02
1.068262783038786523e+02
1.097216331124131301e+02
1.039198799226533794e+02
1.016313248006944718e+02
1.214770112026781703e+02
1.129463723730518865e+02
1.065016059285803607e+02
1.096356970020701169e+02
9.993447762800279577e+01
1.166994684582124648e+02
1.091210063356588762e+02
1.134182353098228049e+02
1.135373701390486190e+02
1.062431562829462024e+02
1.037495128231113455e+02
1.061214994828192317e+02
1.154579268666227136e+02
1.114777634925041525e+02
1.005337098851397855e+02
1.005850302994512333e+02
1.208878574034935696e+02
8.467617499536545722e+01
1.113288818934212685e+02
1.086421370548423226e+02
1.088955580302789201e+02
9.565292387436605281e+01
1.344033866355002260e+02
1.284383960334016308e+02
1.119918937753028843e+02
1.120490246237636569e+02
1.129141894883758681e+02
1.139499009388782866e+02
1.179276846181397218e+02
8.548606443267162547e+01
1.170030955605973446e+02
1.018028757192220866e+02
1.117048043814786382e+02
1.085963494999383414e+02
1.188102618042572942e+02
1.094965866428667596e+02
1.032753052852315534e+02
1.074340174012378242e+02
1.085780250056000114e+02
1.218075325699037847e+02
1.029984671653528636e+02
1.061250088366523556e+02
9.791399754476920236e+01
1.178274709277034020e+02
1.064953373236105989e+02
1.139862933929165223e+02
1.128788245012838019e+02
1.074878935642311859e+02
1.090524934293171668e+02
1.061752081261923308e+02
1.147971123593387972e+02
9.970932167322163764e+01
9.974020576057309029e+01
9.484887800217268250e+01
1.182422090227906608e+02
1.047031198036007993e+02
1.310165785773716323e+02
1.091229096151060247e+02
1.392995443460177967e+02
9.911737616120716154e+01
9.352152036935387969e+01
1.178913523735028690e+02
9.664770511007576204e+01
9.891165303564547173e+01
1.249233125072633612e+02
9.346831961776307196e+01
1.077361476245290532e+02
1.170843393087044291e+02
1.088909755364632446e+02
1.018297172570643880e+02
1.085951293376546971e+02
9.867674968145998093e+01
1.257602687798973307e+02
1.150538711590573087e+02
1.057373708108700612e+02
1.032249074154657933e+02
1.227027265768506510e+02
1.030624886373773421e+02
9.533055286287931551e+01
1.109365656933309623e+02
1.087990316695122175e+02
1.140593837421421313e+02
9.956322193759173445e+01
1.023157985204755391e+02
1.197510839225932529e+02
1.000811580564974719e+02
1.048536580582638322e+02
1.117591489419640425e+02
1.313495799507687991e+02
1.027073234572246037e+02
1.056716308297393425e+02
1.144558154462837933e+02
1.069359839495188709e+02
1.011401758807560896e+02
1.193084807093910769e+02
1.122361608546315637e+02
1.004257469343425555e+02
1.187645280383357402e+02
1.044063696922602276e+02
9.118405786548177616e+01
1.104130139339235797e+02
1.155868098744451800e+02
1.150197063252160490e+02
9.995168668239900001e+01
1.152000017257880842e+02
9.944066658887686572e+01
1.139524017712121804e+02
1.090530289586270669e+02
1.170753803384101275e+02
1.004635193249763887e+02
1.156261418933006553e+02
9.916677032797880997e+01
1.015570158446977018e+02
1.069133139736324551e+02
1.280416027387500151e+02
9.840733768993415254e+01
1.087832720603128536e+02
1.090415843066781889e+02
1.142937163857549194e+02
1.033740196307925032e+02
1.065442773324060539e+02
9.671757386578308058e+01
1.075603134924400308e+02
1.284516214723350629e+02
1.028633009981419804e+02
1.223746329220562217e+02
1.343424215307756242e+02
1.193203225669756620e+02
8.571969225409091564e+01
8.872265338679348190e+01
9.813323161369477532e+01
1.198768440917017415e+02
9.968837099323573625e+01
1.131873137215140162e+02
1.186836860613789497e+02
1.070535735843401000e+02
1.264896196007783686e+02
1.087524938215802877e+02
9.938513634605766356e+01
9.765267599814485777e+01
1.093468429227753518e+02
1.163660426084760218e+02
1.083732531508709940e+02
1.167315233320966286e+02
1.000124344938452197e+02
1.052761891198276913e+02
1.143341532887127840e+02
1.123903267651321016e+02
9.803609311544366278e+01
1.274669317998631612e+02
9.617942403645835725e+01
1.050977592523071706e+02
1.150205219221990802e+02
1.097258299731854834e+02
9.955146930229743418e+01
1.054052887207357827e+02
1.198784865957291856e+02
9.527045950578171585e+01
1.145641643418919386e+02
1.138748905355137282e+02
1.333591166426645316e+02
1.096763263123720122e+02
9.075629778919204682e+01
1.058172374599846393e+02
1.426923002881797515e+02
1.111931927999999346e+02
1.042441041115150995e+02
1.116563590230183678e+02
9.431386876184234325e+01
1.011703494629556985e+02
1.008280996692557920e+02
1.166650197396754862e+02
9.467696782943512801e+01
1.154043830377277686e+02
1.238338710843076171e+02
1.008431654404064233e+02
1.107243805465748920e+02
1.272394771923460439e+02
1.160003301234328887e+02
1.024671202636864393e+02
1.002100828786959141e+02
1.241712827209073140e+02
9.896512895905860319e+01
1.219753261970902116e+02
1.107113195151294462e+02
9.467798149193077961e+01
1.054777885703891656e+02
9.886002656307987024e+01
1.023643711057288215e+02
1.019389029992267979e+02
1.263604878115332042e+02
1.079888134387593652e+02
1.147174655751846046e+02
9.393566033800262005e+01
1.076140160479018988e+02
1.029164825580278375e+02
1.086943946829440932e+02
1.045700200888353919e+02
1.189844823981955386e+02
1.086180991431945984e+02
9.489848793226563828e+01
1.199870356823954296e+02
1.107057805531897401e+02
1.059694511108327504e+02
1.149605970961469410e+02
1.122394296384409813e+02
1.134633247339433950e+02
9.966903299239481839e+01
1.137063472276946356e+02
1.092878204374933517e+02
1.109151536973441665e+02
9.466639449599837519e+01
1.265567406268546762e+02
9.706773911244589215e+01
1.078963433779111369e+02
9.085602032543260975e+01
1.351173921158001860e+02
1.007493133826043987e+02
1.130601368339258954e+02
9.868878260717360718e+01
9.405234241556361496e+01
1.275963304901577970e+02
1.028815590678736953e+02
1.118390531513309156e+02
1.053649371894028093e+02
1.120959303181055162e+02
1.295551826779122564e+02
9.973069713358363231e+01
1.148970499031050565e+02
9.779273828749585107e+01
1.144027341970430740e+02
1.072592889986694900e+02
1.140277654445339408e+02
1.169320199717244577e+02
1.063570566038260097e+02
1.003170766722790290e+02
1.250526058665237485e+02
1.107322829173808856e+02
1.056713105450356096e+02
1.100639554589162827e+02
1.044080795895615665e+02
1.063154107203154695e+02
1.028166257518635973e+02
1.036919482282148266e+02
1.042360140517078548e+02
1.204142913822735181e+02
1.174974049859616514e+02
1.112804124554854042e+02
1.102740870805182283e+02
1.046399550976201169e+02
1.108793148031240889e+02
1.262514845961250245e+02
9.155860025068972163e+01
1.018519804345776834e+02
1.019874481964564126e+02
1.320648500050477310e+02
1.077501677021979276e+02
1.077573302890341722e+02
1.037031215164488742e+02
1.044752930428539770e+02
1.094730978516784603e+02
1.067936435269678555e+02
9.804945953438448214e+01
1.126370337182750205e+02
1.213428939917570517e+02
1.068497099016339149e+02
1.067110901130739506e+02
1.286557976534412546e+02
1.071829511922745013e+02
1.163332628748915312e+02
1.091398508090655781e+02
8.444177837818597254e+01
1.030198448965487046e+02
1.095550820167561312e+02
1.019443765668007416e+02
9.927986606553501758e+01
1.141103751898079395e+02
1.132864517229208019e+02
1.166079861738627272e+02
1.061028983166885666e+02
1.160838468849821936e+02
1.147603462470741391e+02
1.120048106918539759e+02
1.118392270474912067e+02
9.608361614123549543e+01
1.141988912254615798e+02
9.766668320862342512e+01
1.109619809374323012e+02
1.139339052920029474e+02
1.140846147271261799e+02
1.176961245677243255e+02
1.040530446046532802e+02
9.835183186833017999e+01
1.068175693813340388e+02
9.606097789161053413e+01
1.104152556934291027e+02
1.160397490197060080e+02
1.094799256103359255e+02
8.716511608629383545e+01
1.283712736740200171e+02
1.062660484952160402e+02
9.186131498967593245e+01
1.137123866274610435e+02
1.299694015921191408e+02
1.038538874762048323e+02
1.107065226261368451e+02
1.098242806161073162e+02
1.075443939707447356e+02
1.131294559715987447e+02
1.026130985626142547e+02
1.074659064536900672e+02
1.102474324572388866e+02
1.083341309608792500e+02
9.869372397795631002e+01
1.101643282676223095e+02
1.134972793958516206e+02
1.228898398222151087e+02
1.127012585101274595e+02
1.124967849825167008e+02
1.006235620633085119e+02
1.070145150462982144e+02
9.767905810400620226e+01
8.791683955886060176e+01
1.068997645713520939e+02
1.257142459078589383e+02
1.130938791871597857e+02
1.183648871009360448e+02
1.043174236940014907e+02
1.077095153229999625e+02
1.036243499481792583e+02
1.013052828042717977e+02
1.144009624880391129e+02
1.246635481387933595e+02
1.026431628140454677e+02
1.248313835598427488e+02
9.070955031359922316e+01
1.050537050849280405e+02
1.161300659853411901e+02
9.716068429405878248e+01
1.251296416993348544e+02
1.035532456189757085e+02
9.702454726505679616e+01
1.170935221653540310e+02
1.010295201879037279e+02
1.118077945828527220e+02
1.233695433496238536e+02
1.179206392019836755e+02
1.056676428695544985e+02
1.033755132357059949e+02
1.032455331560749414e+02
1.229624393050682869e+02
9.660817299339730369e+01
1.077715492474083447e+02
1.117711711062995477e+02
1.137797189908386173e+02
1.114143860572817886e+02
9.567085062612341062e+01
1.066935537741017583e+02
1.191700395876124077e+02
1.172495120839809033e+02
1.039900532704627381e+02
1.240051843570423387e+02
9.499026093656914327e+01
1.106078021536764453e+02
1.075223616987619550e+02
1.135392408012896368e+02
1.019219315440461884e+02
1.248548242770979471e+02
1.057182755728310894e+02
8.754511083010559958e+01
1.074768834825530632e+02
1.170673610806064460e+02
1.129232447351218127e+02
1.117664597658821179e+02
1.236728778195212044e+02
1.085476841573469926e+02
9.412539266084002065e+01
1.073534145851242840e+02
1.127281884767418347e+02
1.094615581803058717e+02
1.147829083745076986e+02
9.075322470414157294e+01
7.908799294430004068e+01
1.131958906124159228e+02
1.010526038883344881e+02
1.124517979059989017e+02
9.920768056175192839e+01
9.439968406923738087e+01
1.221877607994709223e+02
1.185895066737284793e+02
1.168797106268246893e+02
1.088134970662722480e+02
9.671700923712582210e+01
1.021183718398787335e+02
1.176269258253166043e+02
7.992992836130235901e+01
1.209532227082378739e+02
1.310206444012604834e+02
9.905070336711543177e+01
1.120747737807071758e+02
1.119100094387727893e+02
1.062695102128525662e+02
1.098375218746421922e+02
1.065595821700818533e+02
1.124723220723455341e+02
1.204225526834293021e+02
9.044862067534566563e+01
1.165798330837875483e+02
1.107819771119950900e+02
1.110655378878405770e+02
1.100782094544507146e+02
1.052875278289201617e+02
9.805969452576596268e+01
1.151897658443217978e+02
1.429889908404430514e+02
1.265347204257995060e+02
9.713964828552528274e+01
8.099840775237701962e+01
8.549852584175599191e+01
1.157062539236247005e+02
9.515998541206018047e+01
1.099321507879054423e+02
1.206271575020813032e+02
1.222301502335285193e+02
1.042888411792969379e+02
1.164902941552209086e+02
1.136922426994859165e+02
9.824955228825874087e+01
1.192439561424924506e+02
1.044369100827202885e+02
8.889420543064687763e+01
1.301935118065051142e+02
1.091736914414684350e+02
9.978862496237253765e+01
1.113101399984181228e+02
9.794565275130599957e+01
1.012315011916813461e+02
1.196852326935571540e+02
1.242733274823199281e+02
9.913695559117216760e+01
1.189666704180997101e+02
9.905518355303526334e+01
9.925541386900447094e+01
1.341768828374474367e+02
1.078224724789402984e+02
1.056389050816312931e+02
1.098295568440808978e+02
1.098928752233514956e+02
9.803990196548659242e+01
1.210057961411301193e+02
1.115911312988172881e+02
1.010245696463627496e+02
1.043647852288248714e+02
1.066915033502609020e+02
1.031853459266892088e+02
1.209956234210663126e+02
1.181707591415865721e+02
1.082615384597897474e+02
1.129370495905397007e+02
1.033440432004459097e+02
1.198218900011639221e+02
1.005624348740362564e+02
1.118237349790952067e+02
1.162657653611945676e+02
1.037497454554803369e+02
1.037829303666441234e+02
1.071444757818764657e+02
1.124457388141472762e+02
1.155777867624245943e+02
9.934808015092298206e+01
1.126427133080351553e+02
1.085437534658359766e+02
1.013105965696058490e+02
9.301019792358273719e+01
1.044489375009748642e+02
1.052632921048270020e+02
1.038723137689375307e+02
1.079872539515155552e+02
1.250412232878161944e+02
1.016704000383334972e+02
1.120445082943016075e+02
1.245638932475378198e+02
1.072395719061537562e+02
1.184159621815758783e+02
9.683287652414497870e+01
1.077460493564582578e+02
9.524775255564505017e+01
1.076137974750564581e+02
1.103006119597773562e+02
1.173664248905348586e+02
9.372090940923868629e+01
9.104389642503281266e+01
1.151673297054871199e+02
1.258574609450715798e+02
1.189777604960357280e+02
1.070496848560265732e+02
1.015456630879000386e+02
1.076124543033947560e+02
1.098984526164029347e+02
1.065792825819674334e+02
1.066441520018431675e+02
1.225214027368705416e+02
9.657446799257181169e+01
1.082882579011138944e+02
1.346907063905747748e+02
9.093199162232029664e+01
1.013186291996957351e+02
1.126268445605681450e+02
1.224120331971048756e+02
1.077180660915128811e+02
1.115399126701493202e+02
1.081204060495222024e+02
1.113746511497019185e+02
9.088184896228698051e+01
1.033416562322433236e+02
1.038661297673183270e+02
1.159317124627268782e+02
1.112507587427818123e+02
1.035030364619941849e+02
1.181185033451123303e+02
1.143001345938565549e+02
1.186722708666209201e+02
9.182979203051952766e+01
1.091869106207377484e+02
1.048928679284388039e+02
1.163772964668029459e+02
1.144838118884252793e+02
1.099327821573366037e+02
1.073765751208013768e+02
1.161323150565333151e+02
9.302078399631817263e+01
1.147329848927170559e+02
1.314734905923630777e+02
1.122108140560369662e+02
9.548600862696477520e+01
9.640714318096937063e+01
1.032276737822322161e+02
1.199245610325504288e+02
1.113732118684395687e+02
1.096681352589243943e+02
1.092064377451217467e+02
1.072116694897581226e+02
1.136524535429027623e+02
1.054988205667392691e+02
8.788788342373753437e+01
9.533769281976518073e+01
1.089212317685517775e+02
1.007645540738829482e+02
1.353296922280399883e+02
1.176758879348773092e+02
1.185906185950204588e+02
1.009960974014175434e+02
1.070922176285077114e+02
9.764539918209690939e+01
1.159888825431049924e+02
9.325795253605218704e+01
9.173622502709021376e+01
1.295764501336270769e+02
1.264702784520905112e+02
1.042046167809816382e+02
1.073450795152020305e+02
1.064639137303690291e+02
1.096086758606162164e+02
9.980259348094186578e+01
1.272044226796348454e+02
9.920988119054031529e+01
1.057725333294283701e+02
1.010339608778152609e+02
1.028373355770668525e+02
1.034016460128674595e+02
1.385376517042713260e+02
1.276552673803248155e+02
9.241337090800064402e+01
1.251740231440970632e+02
1.007787564907249163e+02
9.615762398768687547e+01
1.119720612849067436e+02
1.176175723647770042e+02
1.175303051402097196e+02
1.039152146386135342e+02
1.310612670992439064e+02
1.054111780628791166e+02
9.932881038769502879e+01
8.982445485675179953e+01
1.105342107216666108e+02
1.123941308981878535e+02
1.152689276434445702e+02
1.040145907473912104e+02
1.024498829619203093e+02
1.109472741672634442e+02
1.234824923039431468e+02
1.098974236370855238e+02
1.055963373734510355e+02
1.052419860257550681e+02
1.059838730314084216e+02
1.122686002557840510e+02
1.174844246874638714e+02
1.121751228724293838e+02
1.043362023153837725e+02
1.028485729749320399e+02
1.235783077262483545e+02
1.005214272911873650e+02
1.157954770445801813e+02
1.217815988175154871e+02
9.261383361472911702e+01
1.011146307723668087e+02
1.056673353430206674e+02
1.048660121346340759e+02
1.079144342969193389e+02
1.073879697959807942e+02
1.269438767894535118e+02
1.120378058095872689e+02
1.104264249343683275e+02
1.127539043094332243e+02
1.083073588334944191e+02
1.135912330637007699e+02
9.886036169332085422e+01
1.163509297626384438e+02
9.400786452095714196e+01
1.061037526354318601e+02
1.018069037901546494e+02
1.193239775245098144e+02
1.167479132244727964e+02
1.059477334381133318e+02
1.021903756975999045e+02
1.323730211879721139e+02
1.220079860046794096e+02
1.039331895879268473e+02
9.215003790021414432e+01
1.016727258035523249e+02
9.137588172837754996e+01
9.827173793392071843e+01
8.527089049545747912e+01
1.030459572259063918e+02
1.058181113007826184e+02
1.301003602865807807e+02
1.322938488186029531e+02
9.132928430056969660e+01
9.800790220284558529e+01
1.047133934259605468e+02
9.987171780602326976e+01
1.286647840457431471e+02
1.014490151304633940e+02
1.018587798884487228e+02
1.167735875263257128e+02
1.148752591396923322e+02
9.870468482338253580e+01
1.132919532024191369e+02
1.105390812179551858e+02
1.054754333606440184e+02
1.141925909812749325e+02
1.100587144419336596e+02
1.058542025725774351e+02
1.096587238069531196e+02
1.091274200834801889e+02
1.236874991268624768e+02
1.085909267454714922e+02
1.128175404571629059e+02
1.011628100339519278e+02
9.837249660407933050e+01
1.053403219288962873e+02
9.126783124063334185e+01
1.128708603174761151e+02
1.283376595240513041e+02
1.208432519814170547e+02
9.471389924341511346e+01
1.144175312601625052e+02
1.014510920851464277e+02
1.048542367075898056e+02
1.131729468452707721e+02
1.172245016669245530e+02
1.039882395414165330e+02
1.148556376345578656e+02
9.702934304079406047e+01
1.096544270886808334e+02
9.884560906975451644e+01
1.099254558890471429e+02
1.261569497041903674e+02
1.037613939145925031e+02
1.200704777218055455e+02
1.285834893219338255e+02
1.124861140708025999e+02
1.076386645400123854e+02
1.156984181243696383e+02
1.024504732224824437e+02
1.139937862271581963e+02
1.174948503290731452e+02
9.458633521149999979e+01
1.135625840432186493e+02
1.120195717223576111e+02
1.001663780657347900e+02
1.145755968285292283e+02
1.096401504202000012e+02
7.985210882122461840e+01
1.194643416723097289e+02
1.056892493457572613e+02
1.090923111925283564e+02
1.032473814283428766e+02
1.277064727736126883e+02
1.050908139955680127e+02
1.018079150073783126e+02
1.149867766005379508e+02
1.001791408070993441e+02
1.170112041636018319e+02
1.221829236829385650e+02
1.159225202264147185e+02
9.403075171545737021e+01
1.061049468122738944e+02
1.256773008889513790e+02
1.049583020429695353e+02
1.086885289094990696e+02
1.346304294956511853e+02
1.081389643985120870e+02
9.523614896542365216e+01
1.093721203944234901e+02
9.931031757598339027e+01
1.043151818723483899e+02
1.268714395338804621e+02
1.159199106819292666e+02
1.080052872972526359e+02
8.475012016874913456e+01
1.090240902911878749e+02
1.100947305702808592e+02
1.142134200003872877e+02
9.212179723927123121e+01
1.081583061549341664e+02
1.041111696506811342e+02
1.217689634187379681e+02
1.344301656496527073e+02
9.341821825445352090e+01
1.038647557884823129e+02
1.243918656323677538e+02
1.153674732028086112e+02
8.977756041972077128e+01
1.010866944583659404e+02
1.141772921573825244e+02
9.489675254901550261e+01
1.053172657615541539e+02
1.158729956214016426e+02
1.101586070398143278e+02
1.127576937752562003e+02
1.022420303374200898e+02
1.049467856471025158e+02
1.110519146290808834e+02
1.157920797089516896e+02
9.071462864156706019e+01
1.135627387543545410e+02
1.272983463600406679e+02
1.335739001933793020e+02
8.957776176025548409e+01
1.035131667786101417e+02
1.144136958836889448e+02
1.216667706184480409e+02
1.164375933867452773e+02
1.108824586555511758e+02
1.010469167637729413e+02
1.090933225317589006e+02
1.207277517201255250e+02
9.682518378147854321e+01
1.027161063115427311e+02
1.040672222898639632e+02
1.046085132175579417e+02
1.126301834365284549e+02
8.519403089699997622e+01
8.709901209664201360e+01
1.009781526158722187e+02
1.157393749579886872e+02
1.199512989260381204e+02
9.546279375070518824e+01
1.044535963482936438e+02
1.094027538414307372e+02
1.160694765135221473e+02
9.898236425223805668e+01
1.278880530941440554e+02
1.024750723071419003e+02
1.189683249909117251e+02
1.313406812597724240e+02
9.827893114023189014e+01
9.549811302813964176e+01
1.023368682014581026e+02
1.071280725551042110e+02
1.129856896497365284e+02
1.136611716948540476e+02
1.080613365825132774e+02
1.107459546477467001e+02
1.030289455174838906e+02
1.076255135147402768e+02
1.182406158270222676e+02
1.097470863665564593e+02
1.078826258972917174e+02
1.040536489380546215e+02
1.151887847440862487e+02
9.998802576398924202e+01
1.000411867482250159e+02
1.392512519703661553e+02
1.083204147223030702e+02
1.063296149252079630e+02
8.523851024984261926e+01
1.086443076333356004e+02
1.004717937376478858e+02
1.125771903703554955e+02
1.013277953710948083e+02
1.197810461123462460e+02
9.657347001103255479e+01
1.084429634309021679e+02
1.157142700223765956e+02
1.124411762723983514e+02
1.175950023489250924e+02
1.196757726879868642e+02
1.114697905795145658e+02
1.145983975145417020e+02
1.105859277652162831e+02
1.091108924929193904e+02
1.018554116757073587e+02
1.084255163968349081e+02
9.862752512868563315e+01
1.188263720822780982e+02
1.361545717793425467e+02
9.250621154275545166e+01
1.027569955056057154e+02
9.808645929301820843e+01
9.891678173341776414e+01
1.165524672510076556e+02
1.174247327992814860e+02
1.041754808067674105e+02
1.092706992492596072e+02
1.089464094088639428e+02
8.706517280114623247e+01
1.257089235978567388e+02
1.312330369987827794e+02
1.035670070132303806e+02
9.852345622548777726e+01
1.243704229353255499e+02
1.037124360291168301e+02
1.119270975911622088e+02
1.122463908057920463e+02
1.239770202355851012e+02
8.943047664760804594e+01
1.101901761803861177e+02
1.005875580721610305e+02
1.085262014727426845e+02
1.142464554311951446e+02
1.012751009916805742e+02
1.214968953008341543e+02
1.093957622239620662e+02
9.555123498212005018e+01
1.113177959072722416e+02
1.029269022380023415e+02
1.006113284356982831e+02
1.525277763790395511e+02
8.004037764771733521e+01
9.368113025219952306e+01
9.867170617591780513e+01
7.634327419012642224e+01
1.561014848066599825e+02
1.219244244628661562e+02
1.081978497903138958e+02
1.073742725651537313e+02
1.238924022125254396e+02
1.079261692431851998e+02
1.091896559578823229e+02
9.905163456348850559e+01
1.204982019630399179e+02
1.138009652592377563e+02
1.067519721529832992e+02
9.990405983892621578e+01
9.516404183083088242e+01
1.200723807970479839e+02
7.789038387885106829e+01
1.134658085560296286e+02
1.332334965750772540e+02
8.431359092205920547e+01
9.039879910615019298e+01
1.100761798999413372e+02
1.202282767245168458e+02
9.810344436662769851e+01
1.074750137192373387e+02
1.090405319659981132e+02
1.071720589209846679e+02
1.150347782335671667e+02
1.028026684826761823e+02
1.080633990658115096e+02
1.144162525352615773e+02
1.132493899605203325e+02
1.114400645522133146e+02
1.069659236284474844e+02
9.747253159188332461e+01
1.427156247041190795e+02
9.055943942323571605e+01
9.169278674971717180e+01
1.310068697755107223e+02
1.102092118429505518e+02
1.094877515387581468e+02
9.648312288634566869e+01
1.122634630665812239e+02
1.185672267049410351e+02
1.010353097794181139e+02
1.191787227584014772e+02
9.232643167767672310e+01
9.394648177638009656e+01
1.240439730885464655e+02
1.106116190807077970e+02
1.288647764134542513e+02
1.088320848627958810e+02
1.069608873074709692e+02
9.157984759461547242e+01
1.034128292027579334e+02
8.946870682231300975e+01
1.075524776434515530e+02
1.210042405417983105e+02
8.998172310043284483e+01
1.044971429792717856e+02
1.155102687003738993e+02
1.088835873146779534e+02
1.158852538803313763e+02
1.065907074174909326e+02
9.798536265785776322e+01
1.087141975848457918e+02
1.000049061647102207e+02
1.246741648537609279e+02
1.153936465386283743e+02
1.211852807959903515e+02
1.136434758564857646e+02
9.275202978741448590e+01
9.996540470713853210e+01
1.188490676657669809e+02
1.111219382654646068e+02
1.040316621536188251e+02
1.184122425996418855e+02
1.016688734769844160e+02
1.145836043492972607e+02
1.192769793680824080e+02
9.766467953264657353e+01
1.228818417532876737e+02
9.216175896087069930e+01
9.814965235188476811e+01
1.162831497520018758e+02
9.924898473706915070e+01
1.035821979955051546e+02
1.207721008354884304e+02
9.774939631274656904e+01
1.189115590507557414e+02
1.062271802109897294e+02
1.169934591071092882e+02
1.225764617018262754e+02
9.836627773626847215e+01
1.189394741717400734e+02
9.057757061401578369e+01
9.161286661146253607e+01
1.132515043449885184e+02
1.105276390763809360e+02
1.245105759320331202e+02
1.037744481746677820e+02
1.112993624865898425e+02
1.424553960506758585e+02
9.982276494914219711e+01
1.061100279828286688e+02
1.056838975985706668e+02
9.032059813047709440e+01
1.187964956455659831e+02
1.122241075227632621e+02
1.258441876515824305e+02
1.117110374527445202e+02
1.125472628424424499e+02
1.027361872851199678e+02
9.127175151788446783e+01
1.107164849699176870e+02
1.006105535403548146e+02
1.060336943429379062e+02
1.187364046625205560e+02
9.454105741045228228e+01
9.496011998544662447e+01
1.044219005812935421e+02
1.082774898621304658e+02
1.358595003123915887e+02
1.092809483859307704e+02
9.670610390195886907e+01
1.022280970489181300e+02
1.102710203799166777e+02
1.168752549655443858e+02
1.273743374787887603e+02
1.008258107643855510e+02
1.014679548049714128e+02
1.285852141887625635e+02
9.642741349751590008e+01
8.889114017051473127e+01
9.609076967193878716e+01
8.490821787217664962e+01
1.331301938994535590e+02
1.215408711576259577e+02
1.053265626487522297e+02
1.037808837865027840e+02
1.095897750052841531e+02
1.240332171472897187e+02
1.073035341607587867e+02
1.114179847337097726e+02
9.804106806664377416e+01
1.090668450748418508e+02
1.085305918215574081e+02
1.296537122254060534e+02
1.088624598583150060e+02
1.007713252364792993e+02
9.844869593121732976e+01
1.209766160335107656e+02
8.916360009026226408e+01
1.044972727133102097e+02
1.089883273365125262e+02
1.172817478499347317e+02
1.126554716250066406e+02
1.122504454049743146e+02
1.021211956541085328e+02
1.064242787967852735e+02
1.209585038142746356e+02
1.016617890063574521e+02
1.094146368549876343e+02
1.207282250916400557e+02
1.057910455538974048e+02
9.507794826318858838e+01
1.001252585778488822e+02
1.209977569594055495e+02
1.060148462745268318e+02
1.004572081827774639e+02
1.164287996158725065e+02
1.126294639551038301e+02
1.009752624832865848e+02
1.245334858359238126e+02
8.933446267635648042e+01
1.185932548478335349e+02
1.066409134623217767e+02
1.121181182818632607e+02
9.425207716760370147e+01
1.147162150809508319e+02
1.046043680747439026e+02
1.264293051152142482e+02
1.092218658181153756e+02
1.056431515284190539e+02
1.151690906199757336e+02
1.129676499108390431e+02
1.312251343816486440e+02
1.021501171436311211e+02
1.241035860279379079e+02
1.044593719459840173e+02
1.014834926201837817e+02
1.131160873993983955e+02
1.028423205470436841e+02
1.097201869183836038e+02
1.136981257799383229e+02
9.502806449297968072e+01
1.173485520641235667e+02
1.024233366959340970e+02
1.171781238639651832e+02
1.104285658349454309e+02
1.100575057331034401e+02
1.185782498631315747e+02
1.015272626326285348e+02
9.606652939926496515e+01
1.028724253672841513e+02
1.121633548197783199e+02
1.053956283239652691e+02
1.020728165133513556e+02
1.049452912197746599e+02
1.122222199371698252e+02
9.710275610804096402e+01
1.209549961609016577e+02
1.171034615792370914e+02
1.171834963598783048e+02
1.208807755766482757e+02
1.040893042015095915e+02
1.073509741687382046e+02
9.727584965630009606e+01
1.067449997231046552e+02
1.111880321923516561e+02
1.033854558745969854e+02
1.241038241071033639e+02
1.226588462711877554e+02
1.066767687118159671e+02
8.755098595201452838e+01
1.048440930655414434e+02
1.079684961678019022e+02
1.284106018376389216e+02
9.452095511858567534e+01
1.114770242369011015e+02
1.033268683099876313e+02
1.083943900623310981e+02
1.123776740954108391e+02
1.229413084173478268e+02
9.573812961294819956e+01
1.068046545456708429e+02
1.201255644487842744e+02
1.153320645918495444e+02
1.109023712919704820e+02
1.078989727053722305e+02
1.164594151170849017e+02
1.152624320112889649e+02
9.753779029839002135e+01
9.055228231277256157e+01
1.199025581123767950e+02
1.187903512445295178e+02
1.089766721065373787e+02
1.022014057677980503e+02
1.116010409896733506e+02
1.101724679195570502e+02
1.055022306427173646e+02
1.094572058054916255e+02
1.217814978967339243e+02
1.056915633685989349e+02
1.076528172745820626e+02
1.066272879643215248e+02
1.043669791023269084e+02
1.105684119823691418e+02
1.010972187668806583e+02
1.198728076696534544e+02
1.084173990176073090e+02
1.221629985731091352e+02
1.122061910031108596e+02
9.262919702886181028e+01
1.003338715092204438e+02
1.054225849212079709e+02
1.035117314903232000e+02
1.180495607011565653e+02
1.076678724935082840e+02
1.190263463526871277e+02
1.000147770661519360e+02
1.040292200187082159e+02
1.079284816741079567e+02
1.151603925589023447e+02
1.107388315451362786e+02
1.164650972343253699e+02
1.034030219230566985e+02
1.100909361124324874e+02
9.897668032432606822e+01
1.017306562780492243e+02
1.107812638235598399e+02
8.269140117892349906e+01
1.191494906741482680e+02
1.104214709908339671e+02
1.233024438948817902e+02
1.177536103856983942e+02
9.220466528664316286e+01
1.059744750859032649e+02
1.274758318895734703e+02
1.002134134880827219e+02
1.122128159945895902e+02
1.071186219093697929e+02
1.040097954526747799e+02
1.162964692510324767e+02
1.172485292516044950e+02
1.102342421949165470e+02
1.207371451519896794e+02
1.094072601959045272e+02
1.002964493513524502e+02
9.665590895269198768e+01
1.061224929856585106e+02
1.189456516583247492e+02
1.018375613418629939e+02
1.107340788322795220e+02
1.018272180132921676e+02
1.151789387905071891e+02
9.251453106474502874e+01
1.151629451291794339e+02
1.186891261148090706e+02
1.046075437241338335e+02
1.040440196398125750e+02
1.086506883514922919e+02
1.150628137369933484e+02
1.087622092818954940e+02
1.288482451044157528e+02
9.946498212544959472e+01
9.915780769065015932e+01
1.011796938467102507e+02
1.188152677910242829e+02
9.371462182398911978e+01
1.127071545769045855e+02
1.030054603976317793e+02
1.022855736461763740e+02
1.273984881703026559e+02
1.133287967458731629e+02
1.217376875122763948e+02
1.215370256106224929e+02
1.044749641595701775e+02
9.178725827127527737e+01
9.888114155186883636e+01
9.904665556942529747e+01
1.426897342416328627e+02
1.109474741358442600e+02
8.485041250297931015e+01
1.102656156166643626e+02
1.020919446271244198e+02
7.996070297274646066e+01
1.207095622059294584e+02
9.841288785465758338e+01
1.082235362912909267e+02
9.613665293449599858e+01
1.363793478174809763e+02
1.182715010392755772e+02
1.055246317892140269e+02
1.027841854741216849e+02
1.068554151579685367e+02
1.051174697595157568e+02
1.062497237597056881e+02
9.487106817468232123e+01
1.081817089805726795e+02
1.183295853651072775e+02
1.162219417875002847e+02
1.191530535881557853e+02
1.005893307161548336e+02
1.022758706192425535e+02
1.047981421341123109e+02
1.151075426980399641e+02
1.040128369040511984e+02
1.176734187096870698e+02
1.183997800382505119e+02
9.205903145859844017e+01
1.144368335246852268e+02
1.073373803831786972e+02
1.161343554579004405e+02
1.105105037952804992e+02
9.037310891436169413e+01
1.219819954480491617e+02
1.044185452399267433e+02
1.055831873917438344e+02
9.999259345416564315e+01
1.236799319618994559e+02
9.513284378193350221e+01
1.062101865996064873e+02
1.145502400553429112e+02
1.080828174609084442e+02
1.008566483973682324e+02
1.130010612169822082e+02
1.138452139570396469e+02
1.130423070399114351e+02
1.124091397129912480e+02
1.295908276574923548e+02
9.205347610909400657e+01
1.079905225744179802e+02
9.365684610382378139e+01
1.268231066345831692e+02
1.008755773830905156e+02
1.191540844936235004e+02
1.129878244501597919e+02
9.353504484208718850e+01
1.014314021760007307e+02
1.197147532571613340e+02
1.126063005918706494e+02
1.208821885511303975e+02
1.127168865042527841e+02
1.101441106592188959e+02
1.226361935698900680e+02
1.117765280439750342e+02
1.006394770386029762e+02
1.138544115241173955e+02
1.039391627891476446e+02
1.029520471957835639e+02
1.129301965335311735e+02
1.091317684263980823e+02
1.116600657735013016e+02
1.153117354577038185e+02
9.574614244287408837e+01
9.984157053459551889e+01
1.179819256904593345e+02
1.276820135342938727e+02
9.978470423286933055e+01
1.154217228687669206e+02
1.103556904277917994e+02
1.065534897333690623e+02
1.149420939879282315e+02
1.195055981186421832e+02
9.673988349203814607e+01
8.934553388256857431e+01
1.137721163152159960e+02
1.140999542454655540e+02
1.200652289438725973e+02
9.700050887113403064e+01
1.098613714079434374e+02
1.179492017645615363e+02
1.143147271836683956e+02
1.225754218912999818e+02
9.745262659547614703e+01
1.105280569828598800e+02
1.120843156043084008e+02
9.714636543589416817e+01
1.046025545243928008e+02
1.138057964214092124e+02
1.299603824949068667e+02
1.071629647054568721e+02
1.100363279050016274e+02
1.086903144084574251e+02
1.202027405427325277e+02
1.090137993164921681e+02
1.012393613254529896e+02
1.129213962572206071e+02
1.191146870785069609e+02
1.069754070879694012e+02
1.215242993412701367e+02
9.941180645960092477e+01
1.156024075451767033e+02
1.081573696332601884e+02
1.001957313047504101e+02
1.121447959621849293e+02
1.293903672377651048e+02
1.048090851097033323e+02
1.207985222370204781e+02
9.540654157631581711e+01
9.228232363195806442e+01
1.113611412525863500e+02
9.804815969137597165e+01
1.114625571350804165e+02
1.319438554948668525e+02
9.627377085409307256e+01
1.189035070260337363e+02
9.485778681811405022e+01
1.336819595486811636e+02
1.391867730059189512e+02
8.617976852459123904e+01
1.054728471018052574e+02
1.171573468662534907e+02
1.046114670188725739e+02
1.121386672299184681e+02
1.112123905269125146e+02
1.060452142660574140e+02
1.094504749394006922e+02
1.092410966704581625e+02
9.998440683838039433e+01
1.211670120804178907e+02
1.069722521117905387e+02
1.122998513242623204e+02
1.054865202639352617e+02
1.147041164881312341e+02
1.020909569692648375e+02
1.069272842254189726e+02
1.115243247363292625e+02
1.047642189244439805e+02
1.171375600921615643e+02
1.118821464020358434e+02
1.088338629815364413e+02
1.145608267711367603e+02
1.063039303397089128e+02
1.066591937350205086e+02
1.082273315489055534e+02
1.264365019956258323e+02
1.108582668297942604e+02
1.050529808646092249e+02
1.138886197445840907e+02
9.508632476528416078e+01
9.960447567019575388e+01
1.214187441415827777e+02
1.036468238371733861e+02
1.272716772932303400e+02
1.121583790660915696e+02
1.110569159796045540e+02
1.143089198573254066e+02
1.129222093483711120e+02
1.099102952105363045e+02
9.547285901553860299e+01
1.154036187500359887e+02
8.805671148138523563e+01
9.436826162667607321e+01
1.178722257448061725e+02
1.347276101260692656e+02
9.516996682335752666e+01
9.559870949231708437e+01
1.261185219011093750e+02
8.945673175940333977e+01
1.118236948748143647e+02
1.017222784604797852e+02
1.259210158470427530e+02
1.037081355359630095e+02
1.085985318542815889e+02
8.376406589619453769e+01
1.121301668364937285e+02
1.273625868354417321e+02
1.143085034064251175e+02
1.114901995680830851e+02
1.143233311476261918e+02
1.048630857962194227e+02
1.005863938022954329e+02
1.103399363428667499e+02
1.153851904944990423e+02
1.222866151800126318e+02
9.318336369588617174e+01
1.064109743464774454e+02
9.482231400419770750e+01
1.133310607210746923e+02
1.267238348842609241e+02
1.070041724942177410e+02
1.094094828454415875e+02
1.216228691463470852e+02
1.149703124228780098e+02
9.215259706214197877e+01
1.367641790208344048e+02
1.165617886413901516e+02
1.010851348229078326e+02
9.230152135297208815e+01
1.125551829638775416e+02
1.237947717166756831e+02
1.018439216704087329e+02
1.259498067074427894e+02
9.775635447352898666e+01
1.043783070256358485e+02
1.113361452606471431e+02
1.084494465135537524e+02
1.074738129066284102e+02
1.172959436053794917e+02
1.056662623585083622e+02
1.111965937144028658e+02
9.642844539434197770e+01
1.196324819058518756e+02
1.009772390351034232e+02
9.816889452889174095e+01
1.309735124457346274e+02
1.116267872212275165e+02
9.280431556258493231e+01
1.019630825704224151e+02
1.141123960608044570e+02
9.977517006690595736e+01
1.423435571068313550e+02
9.970250103340200099e+01
1.164134851167153073e+02
1.093052405418958699e+02
9.595403755024987902e+01
1.094923705273214267e+02
1.191192248736631143e+02
1.053750671863035961e+02
1.187007545697671134e+02
1.067129464333917923e+02
1.220135094665364051e+02
1.141886625308084149e+02
9.795322632007751906e+01
9.519034315253628620e+01
1.172837203582487291e+02
1.077340385275864350e+02
1.015772095017921117e+02
1.151241139266554683e+02
1.040099144020943100e+02
1.100360869211781107e+02
1.138569208092182237e+02
9.933940971137475628e+01
1.215810271410691570e+02
1.111173894658547283e+02
1.017222161016421609e+02
1.093246799062074786e+02
1.040304211962866674e+02
1.207124627147823759e+02
8.913387055307423168e+01
9.658635776678697482e+01
1.119272780677158039e+02
1.025683223367148287e+02
1.164799118124104638e+02
1.175837888942778875e+02
1.098992778677436633e+02
1.176933653157798432e+02
9.204176576949895150e+01
1.140033674262873973e+02
1.031280620540993169e+02
9.466227971512721240e+01
1.367740261923057403e+02
1.143867747394543528e+02
1.060524247449124431e+02
1.023774949816534843e+02
1.254814244732798016e+02
9.507729724449103514e+01
1.203484997212555214e+02
1.004785299605513984e+02
1.362100458895383213e+02
1.019506675867506971e+02
8.221310751311126808e+01
1.113991179176148165e+02
1.177744797152523262e+02
9.945752182580558554e+01
1.124977859519061951e+02
9.480896488752149764e+01
1.259708075325065977e+02
1.062009837471757123e+02
1.163866888068292837e+02
9.260845492889103525e+01
1.312108874500942477e+02
9.112209274360272104e+01
1.261051124207086644e+02
1.226128436372562476e+02
8.758095949296991023e+01
9.587018684670869106e+01
1.084270161459646573e+02
9.844606795626967255e+01
1.418953607331495732e+02
1.190620561495963585e+02
1.073753899602855171e+02
1.103229502408785692e+02
1.086180019558981513e+02
1.090338091943210515e+02
1.008540302885941031e+02
1.049678752619466451e+02
9.826060358202123268e+01
1.115877132223520505e+02
1.120024688857813118e+02
1.047501872260650799e+02
1.239100087027672004e+02
1.185922445413681316e+02
1.029811914368794419e+02
1.130453006312642117e+02
9.798485182292009199e+01
1.069288560911667219e+02
1.168085808419176743e+02
1.077927478882360930e+02
1.142247966956959431e+02
1.047467391365918559e+02
1.046142587289168802e+02
1.091339615541641166e+02
1.160741921468960953e+02
1.067655834444693284e+02
1.205650504081168464e+02
1.096340667279927601e+02
1.063007458663781790e+02
1.097199939589838635e+02
1.035590757135010591e+02
9.675338398488071334e+01
1.063555348626187111e+02
1.158358033871919588e+02
9.312768143569417134e+01
9.972056454071783094e+01
1.337248496266900588e+02
1.210016284553508825e+02
1.193566259782509036e+02
9.641866102527944804e+01
1.039426031941887771e+02
1.163178035913028339e+02
1.063625112652467521e+02
1.031337518855918773e+02
1.109522401173955899e+02
9.928908835296417124e+01
1.059961057846727783e+02
9.929540661767404686e+01
1.238600679514628666e+02
1.117849946273906170e+02
1.123229032078875349e+02
1.121920555595456790e+02
1.215799622030638290e+02
8.170035952295985737e+01
1.171795805947513855e+02
1.129102669000233448e+02
1.049428998854524195e+02
1.096778363844844506e+02
1.024912573425367128e+02
1.197461261927990535e+02
1.140944001665500735e+02
9.270116612631449016e+01
1.182668645837663206e+02
1.287535711288004734e+02
1.084742974165470599e+02
1.145818960952123007e+02
8.559921735621895778e+01
1.015335107609118097e+02
1.150414527803294646e+02
1.237233720864035007e+02
1.111390874235115689e+02
1.008279006714131043e+02
1.174097313527875883e+02
1.000627717290229839e+02
9.673457928392714678e+01
1.062010525648062753e+02
1.140569435520389590e+02
9.297187273634898474e+01
1.044230448441156369e+02
1.033638997308188578e+02
1.163300030366148263e+02
1.236474384893160874e+02
1.025223293071027655e+02
1.095255513371274390e+02
1.151204297965378629e+02
1.330811364646744153e+02
9.465653699774757968e+01
1.014421118598423277e+02
1.004790096134683210e+02
1.093385727771434972e+02
1.143668000645539848e+02
9.368767458784796531e+01
1.026926997586427035e+02
1.083899843924900921e+02
1.220812098831420371e+02
1.127820349522914398e+02
1.135679810908936389e+02
1.223401808384167850e+02
1.059982305724059586e+02
1.095491685858963393e+02
1.055635170198695931e+02
9.458865142568888018e+01
1.089505916135091184e+02
1.279882076042811718e+02
1.090644908840451563e+02
9.845025572621425169e+01
1.198154044835473542e+02
1.066606077294548101e+02
1.006156543565300012e+02
1.108393494415071956e+02
1.142831627358431064e+02
1.028872559511311096e+02
1.059147265241975191e+02
1.008040222929451630e+02
1.166323469645974171e+02
1.120583660434322013e+02
1.139104139105988054e+02
1.067373290952781133e+02
9.813919264566949607e+01
1.027812893754023662e+02
1.222159389986584017e+02
9.293270599596201009e+01
1.146314048402609984e+02
1.234487502878885437e+02
9.631620249104581433e+01
1.150855582191791342e+02
1.099444102806867818e+02
1.175835641148614172e+02
9.009779207865834394e+01
1.233610023419588657e+02
9.961473375431081934e+01
8.543234062638400417e+01
1.393366298632558369e+02
1.177455047152563310e+02
1.275483831342057357e+02
1.113159284456344693e+02
8.930825902356174595e+01
1.024042640895924876e+02
1.043530388205919621e+02
