1.216982373569263700e+02
1.004557861996713228e+02
1.105962886020101905e+02
1.164026737740765753e+02
1.047440714081420907e+02
1.012375662780183774e+02
1.072597972956488661e+02
1.167308172020648840e+02
9.829488399122374176e+01
1.285139797581039147e+02
1.001287072785266474e+02
9.871640752406625552e+01
1.273409578616111304e+02
1.118154158184185718e+02
9.273501083237734122e+01
1.100949430885865183e+02
1.093924795342906435e+02
1.005720014506014053e+02
1.074387758049323338e+02
1.073564771882212341e+02
1.107144393602683010e+02
1.216514061918758642e+02
1.027580634852885453e+02
1.066960618471810989e+02
1.151396364718668650e+02
9.408522080207239924e+01
1.117357101779303719e+02
1.237287978598121043e+02
1.038261032012198370e+02
1.082145075130807470e+02
1.116832215886009436e+02
1.141713972174630385e+02
1.197046564788317227e+02
1.111387778772566577e+02
9.755033869861941298e+01
1.010925603107193353e+02
1.265410126822278016e+02
1.117284144240399115e+02
9.131021893602634520e+01
1.066737179950193877e+02
1.184354594498875457e+02
9.842048355902134915e+01
1.018693242969316373e+02
1.252540771190218152e+02
1.019484861935549844e+02
1.084047232291059828e+02
1.102296203642075483e+02
1.084946755606316486e+02
1.245383941597562796e+02
1.079820729547018345e+02
8.801797639111802596e+01
1.096962251997603914e+02
1.038328607567047186e+02
1.402638527029719455e+02
1.093057354137191339e+02
1.032299055579989613e+02
9.747488417988256515e+01
9.533315028377420219e+01
1.006088709908850518e+02
1.021196490055226036e+02
1.143533873609977434e+02
1.162580852955108384e+02
1.086188468865606183e+02
1.141144773848064915e+02
1.092223152091071228e+02
1.116486280627012917e+02
9.882908803869673875e+01
1.099096646783660276e+02
9.944610543967792182e+01
1.263063659024828809e+02
1.279856310878915053e+02
1.075946137783300571e+02
1.000996936894336926e+02
1.143720173158438911e+02
9.360200346647515346e+01
1.096004699930443280e+02
1.035654984670775463e+02
9.872495366521349069e+01
1.066390465566032617e+02
1.262844904128219241e+02
1.000587429875493939e+02
1.192566263944415113e+02
1.096858279542212244e+02
1.138952114624820666e+02
1.121659342380639117e+02
8.435840405333298975e+01
1.148686472661153601e+02
1.188068662392123827e+02
1.090491211980330917e+02
1.142173635623797452e+02
9.559758014821018435e+01
1.108429696013058390e+02
1.196068498276233214e+02
1.069263272430981289e+02
1.216800016106932816e+02
1.030044448824722991e+02
1.013139935972232024e+02
1.161450915597934568e+02
1.083162056856452580e+02
9.539373940425673482e+01
1.066173198201836669e+02
1.104402532636204768e+02
1.201197794868310211e+02
1.013760288347301497e+02
1.146838068270738376e+02
1.150079945133773549e+02
9.621996305736297472e+01
1.158419962082044208e+02
1.119049280777802835e+02
1.108894783597157527e+02
1.163474746665350494e+02
9.665045067362898124e+01
1.051281394292707319e+02
1.161705111028513926e+02
1.120333186809758956e+02
1.128389726052817537e+02
1.021243246126295077e+02
1.072254641971615712e+02
1.007588881742072004e+02
1.303210901273294269e+02
7.982343494682247353e+01
1.281153449347713149e+02
1.047742852041009201e+02
9.396751580538560233e+01
9.936906957664079698e+01
1.131735516685080682e+02
1.240025935144753220e+02
9.860355769717386920e+01
1.109194837170244057e+02
1.075318256423020387e+02
9.671213187254656418e+01
9.996798589333029383e+01
1.097511050044689398e+02
1.230079708082118088e+02
1.161911589711945254e+02
1.083571188554694658e+02
1.184314146053547034e+02
1.017388089687909201e+02
9.960868654638140640e+01
1.175244288966212878e+02
1.046215330516879902e+02
1.138555584762236066e+02
1.032610024926974148e+02
1.107873164458793696e+02
1.033081488108650063e+02
1.050900351979205993e+02
1.216260797157007687e+02
1.122518160337487103e+02
1.101352931016134704e+02
1.125422283094084008e+02
1.075532957336083513e+02
1.187462516489350577e+02
9.754362498866461806e+01
1.087834183275000868e+02
1.232764151712665779e+02
1.021255670502883248e+02
9.568762742628663887e+01
1.243427765586348670e+02
9.745155747250639422e+01
1.091338875840287415e+02
1.066543589317221574e+02
1.103665995592368461e+02
1.039985554434465200e+02
1.265805470444239376e+02
9.634830001996380133e+01
1.101152674479958478e+02
1.049470041473586264e+02
1.057765778089841007e+02
1.228236973066723152e+02
1.299450670318433367e+02
1.068273557995813405e+02
8.807206887578283272e+01
1.178640928997499060e+02
9.260954469924489274e+01
1.120486888261086733e+02
1.084281036118274528e+02
1.149351614744441861e+02
1.081330159439314400e+02
1.052331033222942551e+02
1.127398918727994044e+02
1.028835098991022079e+02
1.101370837505623825e+02
1.087750828926769060e+02
1.093822109380757723e+02
9.341281072905559313e+01
7.920501415644739041e+01
9.727421220325670959e+01
1.008913971347842420e+02
1.033283667711219493e+02
1.171887583049859956e+02
1.021238890586822237e+02
9.304028459261935780e+01
1.329870279998917511e+02
1.274310162158995752e+02
9.912115470942299567e+01
1.015994946827224368e+02
1.061723323320458974e+02
1.056506890994708954e+02
1.179578056101355372e+02
1.150009569828716138e+02
1.022857252952530871e+02
1.129264583567649254e+02
1.015344654172712779e+02
1.041142693269957533e+02
1.209630657127592599e+02
1.148321918474230898e+02
9.595824664855095421e+01
1.009118761168966074e+02
1.258391500038552238e+02
1.120768852066785684e+02
1.035652572626678278e+02
1.175207611767612121e+02
1.190973515425864804e+02
1.076721625129419948e+02
1.042207359367565118e+02
1.156121893535538874e+02
8.980369511800940074e+01
1.002001712210155659e+02
8.925048305594448550e+01
1.240996379782115326e+02
1.156886865367313248e+02
1.171012206013698176e+02
1.077896762710190188e+02
1.137055465947162674e+02
1.064226093669817743e+02
1.137122726755441420e+02
9.885380948520861466e+01
1.123099383291529705e+02
1.106266540177596198e+02
1.104243315961395382e+02
9.000638045575384183e+01
1.311827234996766265e+02
1.265132360724103506e+02
1.026430348050075168e+02
9.831125844791756663e+01
1.024774839547625476e+02
1.042525115544675032e+02
1.289429866003940504e+02
1.108501099365760894e+02
1.061603505412232380e+02
1.037276708805356122e+02
1.027618832537899038e+02
9.902409456115721298e+01
1.202835239424006062e+02
1.285154701270585065e+02
1.040426569431895132e+02
1.039948776693735368e+02
1.025527386220446289e+02
1.049633707650547763e+02
1.016563123723691717e+02
1.222991764756805821e+02
1.089678672272251276e+02
1.007608399387393234e+02
9.896355719790894057e+01
1.181969759280117387e+02
1.067850980874234210e+02
9.963231340519836010e+01
1.265248349140960755e+02
1.179189421925892560e+02
1.014538694814764312e+02
1.276793094254046963e+02
8.493958971950797832e+01
1.060548924141115066e+02
1.121295385524594224e+02
1.005205410637551751e+02
1.180149437428440535e+02
1.266522286981955290e+02
9.583520071601900270e+01
9.732045084161022430e+01
1.110601882881753113e+02
1.077277676651804086e+02
1.103173293577069813e+02
9.508289299643200820e+01
1.198367300413682699e+02
1.282553966902969762e+02
1.106003158403501061e+02
9.243775073102121098e+01
1.152819657956892456e+02
1.097125854051385687e+02
1.190628043479855194e+02
1.005851916347298101e+02
9.849143260750804529e+01
1.118540790504528815e+02
1.030341511903018272e+02
1.114945927192531201e+02
1.179631746483336769e+02
1.157875485206054833e+02
9.679253964409058142e+01
1.109383022021383454e+02
9.271279789164547935e+01
1.039811972750083413e+02
1.167874518681705496e+02
1.104863525903612640e+02
1.194205334118846480e+02
1.005619576433109756e+02
9.100273819317372670e+01
1.202673321104392699e+02
1.162803628221946610e+02
1.128789891401156211e+02
9.409247238130804192e+01
1.220861361717397244e+02
1.032360980423588899e+02
1.060482897642661868e+02
1.169694052281785872e+02
1.192645134182531166e+02
9.705652993144181551e+01
1.225528621738434936e+02
1.006621055126971811e+02
1.061632587496966664e+02
1.076039552873820071e+02
1.079468333703224943e+02
1.100556748983659503e+02
1.160182339167918997e+02
1.090309775258383098e+02
1.109968778143583137e+02
9.896861237002094924e+01
1.192075449091334178e+02
1.106651548753530676e+02
1.060504082838192090e+02
1.054181755410418333e+02
1.061110171249384706e+02
1.029245550634754238e+02
1.139190106024599487e+02
1.252956058382064271e+02
1.014282112683850698e+02
1.106313837589616753e+02
1.129718164206567224e+02
1.235108462682707113e+02
1.084780712243535135e+02
1.137526956412308863e+02
8.392938163214660108e+01
1.043334847678987103e+02
1.185656487635141332e+02
1.193426350584056621e+02
1.084646174380793013e+02
9.388292686228797379e+01
1.086216923419924711e+02
1.085194557230140759e+02
1.202701582759609664e+02
1.068203357887777685e+02
1.030527026478524704e+02
1.117319338875585970e+02
1.064554530659173253e+02
1.017604322440598139e+02
1.110225672175547942e+02
1.281531195715854778e+02
9.889954391750063678e+01
1.051871371399538475e+02
1.074704260029820801e+02
1.037928418246684146e+02
1.073786528024884035e+02
1.064166605210867260e+02
8.728241484925770521e+01
1.103442079243269234e+02
1.290486018648059883e+02
9.702897034631683937e+01
1.102301354098720907e+02
1.039521666167675278e+02
9.785921969591429104e+01
1.256618776550916294e+02
1.196675707999764455e+02
9.704357643911160380e+01
9.987487976456309013e+01
1.033087904079193038e+02
1.286574454889224342e+02
1.078680060196963666e+02
1.145885253019486925e+02
1.072482716019548121e+02
1.096086721804972797e+02
1.054215365316774182e+02
1.186015986884960824e+02
9.965628831462072412e+01
1.204189331432114614e+02
1.162686412190722223e+02
1.110063154516631840e+02
8.985078788042564213e+01
1.133079822020241636e+02
1.234476676366897863e+02
1.000364566391507424e+02
1.136698013965271628e+02
1.147731512339106956e+02
1.000702069615309568e+02
9.498694380332773335e+01
1.310991083249864744e+02
1.020116778636546968e+02
1.071797128799826879e+02
1.134138056547511013e+02
9.532069611479752780e+01
1.160013585327520502e+02
1.178941764942064623e+02
1.053647255419749769e+02
1.168186080573739076e+02
1.233172630113870980e+02
1.146559530221764760e+02
1.073438571978853133e+02
1.011777232177360304e+02
1.129336946454649819e+02
1.058641891853566364e+02
1.239653869471708418e+02
1.027539773471490605e+02
1.220112429540221797e+02
1.013179540378178132e+02
1.046778068571677949e+02
1.049540191315194022e+02
1.020368912228750702e+02
1.235965540873221613e+02
1.037792658952528910e+02
1.223586922237253276e+02
9.646444217534515531e+01
9.890299371415707697e+01
1.150202943760269676e+02
1.201626086859897384e+02
1.177915266245047121e+02
1.179347811949682665e+02
9.839007655968750043e+01
9.326232993160660101e+01
1.098844964705301948e+02
1.207731882684687434e+02
1.200846595516583477e+02
1.148107025325363395e+02
1.007133066522172697e+02
1.239851401376204052e+02
5.162585015048097858e+01
8.437456037237383555e+01
1.128451441418022370e+02
7.615487478250767595e+01
1.012473870976724726e+02
1.045286448110645665e+02
1.130038660827053718e+02
1.131611233474058480e+02
1.310837934771197411e+02
1.044865746290200121e+02
1.080208948371087700e+02
1.051229242760281863e+02
1.173894318943692241e+02
1.015949331678931173e+02
1.187609472083400988e+02
1.140663640690550551e+02
1.207124953201598885e+02
1.056232724920376853e+02
1.424116988176018594e+02
1.095565697564601777e+02
1.023430485793616214e+02
8.661267954851510353e+01
1.002791044230446431e+02
1.156839635360834535e+02
1.079669845073048009e+02
1.118779556203419361e+02
9.860560468846982474e+01
1.191585967297274777e+02
9.589198421060666533e+01
1.205073188054038411e+02
1.086335563569208205e+02
1.210797869086219265e+02
1.022454367411574907e+02
9.793793140496121907e+01
1.091915240906738802e+02
1.175165057728014233e+02
1.192195460092458177e+02
1.065711284990445193e+02
1.068348130388247483e+02
1.112497752209316673e+02
1.045579146112426372e+02
9.999054549451091134e+01
9.300817552695914969e+01
1.234155522199956039e+02
1.237017093218488526e+02
1.037806487261097459e+02
1.165906360908797978e+02
1.284535795021711806e+02
9.213035327863828172e+01
1.183679329338678627e+02
1.036951152892145132e+02
9.629863096415252244e+01
1.109601967134149305e+02
1.286126874703948886e+02
1.046583247741899640e+02
9.763791684524954917e+01
1.102171199339900625e+02
1.060725431808784265e+02
1.041047265392042789e+02
1.139688573778164624e+02
1.260321291692168302e+02
1.018128198580192532e+02
9.871735846918156199e+01
1.131323875842042810e+02
1.033493787621053741e+02
1.140714434138344018e+02
1.183634506906201693e+02
9.720099885576301801e+01
1.037469551865125084e+02
1.003724370882340509e+02
1.222028200537985043e+02
1.096464662655468487e+02
9.103475174777176449e+01
1.159892176066602474e+02
9.921223394012800156e+01
1.228117287248407905e+02
1.121258248907684134e+02
9.210495857990045465e+01
1.129143012592006983e+02
1.216350909638100148e+02
1.100560865867662272e+02
1.067921749904273270e+02
9.853951705539886063e+01
1.181746848226220266e+02
1.071092495478071243e+02
1.143658005384145753e+02
1.125685555411939163e+02
1.131714681334039199e+02
9.957069559112605361e+01
9.685417012483732435e+01
1.069341194042462462e+02
1.278285124737495266e+02
1.265662490270877356e+02
1.164385268384367578e+02
9.203702589137051859e+01
1.050256386169933478e+02
1.096412256364814795e+02
1.039975771870024062e+02
1.036258443181902038e+02
1.200502788109526904e+02
1.033403601813622572e+02
9.954935264843051357e+01
9.403942961625945429e+01
1.292602192069115006e+02
9.687338422325282750e+01
1.007108981392194664e+02
1.087063801715674742e+02
1.246971856428393863e+02
1.066746272312335861e+02
1.160761407908863276e+02
1.025259149934921226e+02
1.050853577930024443e+02
1.179515134040048849e+02
1.093425628812762795e+02
1.194066943958810327e+02
1.016322308788204083e+02
9.857385823900133914e+01
1.341644239246109862e+02
1.141602140819673963e+02
9.565960071481076454e+01
9.173943009342551136e+01
1.086607980798142279e+02
1.123548685694627665e+02
9.105042125842976475e+01
1.139017416726945129e+02
1.156703390869209755e+02
1.177063368367969360e+02
1.028019641946644782e+02
1.011041767824869595e+02
9.604542408983185453e+01
1.283431776559405364e+02
1.396146590896813109e+02
1.051946907184645283e+02
8.620454337959661473e+01
1.164435938974659308e+02
1.131150962560151356e+02
1.231337423787352776e+02
1.088433067095720901e+02
9.792198347346487708e+01
9.441548662000151637e+01
1.199581004023704054e+02
1.054089700100811626e+02
9.097022857173087118e+01
1.147023589376415629e+02
1.069856214113719233e+02
1.170535482853197777e+02
9.775704915329434641e+01
1.230265744295255388e+02
1.240242686709987794e+02
1.121368171830085174e+02
8.900116452364734698e+01
1.045260568582341989e+02
1.122122118051406687e+02
1.065168597870456466e+02
1.061205866247055809e+02
1.104859328207791691e+02
1.046206084034638764e+02
1.131442872112464926e+02
1.153023758258748899e+02
8.602524911243770589e+01
1.073862424100366439e+02
1.073174063509435427e+02
8.591699461402015459e+01
1.298259623260549347e+02
1.310539526551385734e+02
9.849792133814780470e+01
1.051947939475772387e+02
1.265352500502634427e+02
1.074748622830904310e+02
9.936727347220815432e+01
1.164154527768401692e+02
1.096926941612437787e+02
1.164536035290659584e+02
1.008639858895066084e+02
1.066207742828696325e+02
1.102071738309192739e+02
1.129332391395617492e+02
1.127595935321427589e+02
1.164597576000207084e+02
1.102825168317379507e+02
1.103627515668054997e+02
9.589731837796931302e+01
1.091245037080816616e+02
1.044599302002849441e+02
9.120089657793639049e+01
1.191015916323879367e+02
1.195530507082989118e+02
1.098633315248308406e+02
1.118659928000874686e+02
1.170929404135231096e+02
9.893599279315066042e+01
1.028676366843671275e+02
8.480861323148808140e+01
1.104056216108875930e+02
1.431152732717756066e+02
1.012075229270975001e+02
1.394072239969022462e+02
1.048660449927184573e+02
1.192752803814176872e+02
9.331181525421713729e+01
7.724308204310796100e+01
1.235755181571310430e+02
1.066747118524607458e+02
1.058330911391293085e+02
9.226043214375843604e+01
1.036904211530475806e+02
1.263383778225312568e+02
1.114485612523410083e+02
1.036533273422439407e+02
1.188815297383498688e+02
1.309506486592992758e+02
1.104608205376794956e+02
1.178323285736378097e+02
9.871776391886221802e+01
9.084082994159817304e+01
1.036181242704712133e+02
1.128265781945536190e+02
1.253921970252156086e+02
9.887672466566169760e+01
9.813217973857150866e+01
1.177607082347616370e+02
1.049756974986357250e+02
1.212214871454511922e+02
9.679926007804294841e+01
1.086259171957075154e+02
1.108481809890225236e+02
9.531269915772129764e+01
1.184443924182227335e+02
1.048172079223065936e+02
8.455327285390320924e+01
1.394735510686291775e+02
8.754803832037895006e+01
1.017380835297463477e+02
9.541514438122956676e+01
1.081841356716435598e+02
1.281407088824273899e+02
1.215783668677034797e+02
1.095065976348746233e+02
1.182493079768150324e+02
1.352271171487715549e+02
1.046404461217826594e+02
9.380565469640694687e+01
9.018722570171672714e+01
1.093496193429327974e+02
1.227986423637884030e+02
1.193413452241534429e+02
1.125117413064308778e+02
1.124883576784159374e+02
8.952438467242814113e+01
1.095239451456798605e+02
1.170397339700292605e+02
1.229004341573894976e+02
9.990864546764872500e+01
1.074679328940479479e+02
1.368649831357340361e+02
1.040979228929426768e+02
1.066929752407204006e+02
1.030236840772096230e+02
1.213938910944066976e+02
1.074389185125471755e+02
1.059911051742448649e+02
1.115769526063369170e+02
1.343082514049880842e+02
1.084093277945526523e+02
1.054294025828140491e+02
1.040843470673200670e+02
1.009611275521846494e+02
9.777099543199238951e+01
9.818907427680649391e+01
1.255192122962446888e+02
1.166468856858903536e+02
9.627301367996290082e+01
1.148561320579989768e+02
1.036393540866747571e+02
1.064331226414501401e+02
1.175588247791665850e+02
1.032870240054497515e+02
1.196702927427081420e+02
1.040513206889690849e+02
1.036286757846799986e+02
1.043948789926351139e+02
1.041379298188280131e+02
1.324734900016189556e+02
1.152956121922184849e+02
1.008839783267085863e+02
1.003140733634765951e+02
1.045203051134095205e+02
1.145512791945038060e+02
1.144549476118427691e+02
1.116250424394977614e+02
1.114927824673932406e+02
1.004652720544390547e+02
1.173448705489061865e+02
9.804175176650181811e+01
1.096317048679768362e+02
1.011444126158865942e+02
1.199914514477456464e+02
1.071762409068497561e+02
1.034416680857787298e+02
1.101992675244154896e+02
1.038570406351932149e+02
1.010033826553908085e+02
1.138836708302770262e+02
1.230152570670515644e+02
1.108876956758138306e+02
9.472500129234258281e+01
1.276717446230277631e+02
1.066599200350995744e+02
1.097971849769733268e+02
1.036906197325180869e+02
1.109628250405315129e+02
1.116200006721423392e+02
1.038246212623379563e+02
1.161935566482800084e+02
1.015189201514061210e+02
1.034891961767897897e+02
9.066595257521177587e+01
1.183036861801389676e+02
1.262953181458579195e+02
1.134618201165501148e+02
9.439726378993398725e+01
1.080841144998524896e+02
1.282558360149305656e+02
1.104088941420485099e+02
9.992331252903277061e+01
9.178965887576674731e+01
1.128880352515003693e+02
1.249554657643163722e+02
1.185701844294909506e+02
1.209467295905899533e+02
9.010641133807952485e+01
1.248910660044833207e+02
1.009795455303809746e+02
1.175247332218542482e+02
1.091620881963680034e+02
1.009695553265720065e+02
1.007926681565956244e+02
1.032321907319428789e+02
1.108885396248343937e+02
1.117075364022183663e+02
1.256763235750483148e+02
1.053770484139833172e+02
9.972416241620163646e+01
1.129979696201670549e+02
1.056395248922490993e+02
9.780455933735339613e+01
1.010961013871607435e+02
1.275292690042322903e+02
9.823998037364296465e+01
1.084023174203039730e+02
1.039163963161546320e+02
1.147730642898333997e+02
1.125879886136715271e+02
1.099307228268148435e+02
1.209004933089304359e+02
9.894369603486296683e+01
9.762779062792304785e+01
1.139765282624728115e+02
9.962381061824326878e+01
1.295161114827276378e+02
1.087502590526106019e+02
9.757908363767195681e+01
1.249038111490164908e+02
9.901841878075057934e+01
1.028684940754169048e+02
9.095474260855590387e+01
1.166885349737490998e+02
1.106982985786832643e+02
1.067535755257760144e+02
1.275175266010650148e+02
1.107650018229139448e+02
9.592916618518346183e+01
1.043898754463413781e+02
1.105465315115923204e+02
9.561564736440651302e+01
9.531267345054409645e+01
1.162765321186977303e+02
1.256373314761739266e+02
1.072137630196284448e+02
1.056497663561398070e+02
1.150460726831603608e+02
1.057810110010779141e+02
1.117045953834466019e+02
9.490010933769080737e+01
1.025596829412668995e+02
1.259814503857987660e+02
1.055249869305717993e+02
1.019380324668937590e+02
1.023632906655862627e+02
1.161884404867067104e+02
1.019950882875201756e+02
1.263861658576432063e+02
1.158355856298565811e+02
1.109225407989733867e+02
1.044727500435885617e+02
1.053822511136181248e+02
1.030449682115769008e+02
1.173745139213933726e+02
1.336548669563174769e+02
1.042250221931233796e+02
9.928472764596655509e+01
1.047585585726746729e+02
1.036355665159567678e+02
1.101517794937102366e+02
1.169591308965201222e+02
1.015336347391869509e+02
1.241423477555138817e+02
1.147280788956328905e+02
9.844069585159235203e+01
1.005875993849526395e+02
9.480822642967430625e+01
1.154896219273722835e+02
1.089950693985888819e+02
8.692872274855717762e+01
1.210524231425426223e+02
1.062393089556040167e+02
1.129586503439189471e+02
1.163029498693534265e+02
1.094690961582047350e+02
1.152012105936386348e+02
1.170576762192015536e+02
9.952195835946264424e+01
9.978457273236085712e+01
1.124900621494273167e+02
1.010472991098081650e+02
1.076906031938457744e+02
1.013206326310123302e+02
1.099502520344417462e+02
1.240602946169757104e+02
9.823897924766443168e+01
1.048671000089801453e+02
1.054172997296296330e+02
1.249064966875361762e+02
1.034179410730710487e+02
1.169306718600853827e+02
1.111765242664068296e+02
9.414404060066354418e+01
1.083034135731543017e+02
1.118458675311889579e+02
1.162691736275146894e+02
1.128635798587254442e+02
1.033129611374901060e+02
1.247922618597465885e+02
1.034854760252750765e+02
8.933567653844089307e+01
9.750720078994386597e+01
1.281737205187571362e+02
9.452805541875589768e+01
1.060179975788233406e+02
1.252406417482147845e+02
1.221851837280464679e+02
1.195905420459033621e+02
9.111652281585820390e+01
1.035793921959630097e+02
1.056817465303551700e+02
9.682759957597042444e+01
1.291353811924027752e+02
1.004820551931320267e+02
1.160346286624242964e+02
1.289778942233735677e+02
1.109618604584786397e+02
1.073234324452050998e+02
1.043319710369765261e+02
9.575744663134749146e+01
1.070008011831829151e+02
1.155020170224305929e+02
6.616553172482505829e+01
1.318018222296889519e+02
1.151004603921955294e+02
1.066930803382072810e+02
1.155709550621447050e+02
1.079263340750758147e+02
1.174769885321985896e+02
1.059158632811583374e+02
1.020166241784567376e+02
1.051091344097889646e+02
1.161117712014312815e+02
1.172649258191743655e+02
1.079512975570618352e+02
1.086307536797723543e+02
1.141828922762031766e+02
8.506931507406092408e+01
1.173485665816816095e+02
1.197440097846037617e+02
1.028179934584087221e+02
1.180476193486561556e+02
1.161077772026942796e+02
1.082883936409553627e+02
1.017939892781068210e+02
7.840240218547374695e+01
1.440461385399361234e+02
1.008341546216687306e+02
1.037249298046981636e+02
1.293111023894255425e+02
1.045118107446613749e+02
9.081741829454783499e+01
1.202535399555075344e+02
1.017205535349719270e+02
1.271263935198599313e+02
9.911736323880660393e+01
1.128891462373732821e+02
1.347408431256745018e+02
1.060752935230401164e+02
1.161426162952800638e+02
1.076268226174977372e+02
9.760330872895499965e+01
8.232861491925099529e+01
1.132390510278758171e+02
9.987885553221713053e+01
1.072918364905905975e+02
1.018681577703677164e+02
1.074221318026803118e+02
1.271019602176202454e+02
1.065008927191860835e+02
1.355664088470067554e+02
1.055820862192011020e+02
1.104951621650900933e+02
1.070844128616252675e+02
8.632421555728281248e+01
1.076629992747681541e+02
1.255360996537095275e+02
9.160983326230784485e+01
9.037693570168383417e+01
1.387150043541815023e+02
1.078826234301381248e+02
1.256381573961523515e+02
1.032378312414150230e+02
1.008007344869072455e+02
1.085290779530598115e+02
1.068800194022694541e+02
1.113520435255092593e+02
1.068836728323126408e+02
1.109443069492620708e+02
1.230900416236752051e+02
1.051848511935285302e+02
1.013709047582635208e+02
1.076109115707946273e+02
1.038923632320178712e+02
9.456813673324511171e+01
1.398593053853934691e+02
9.590953011178530119e+01
9.766147973979681751e+01
1.166021507081142943e+02
1.005086175188135655e+02
1.113056451023432061e+02
9.277869531764048361e+01
1.253010274427341386e+02
9.551644633771218196e+01
1.247700195301358264e+02
9.638627326797893602e+01
9.968584164930352642e+01
1.329704005779690021e+02
1.102248526851671357e+02
1.112170473543036451e+02
1.049772429429731773e+02
1.017704196917109698e+02
1.125301595789693607e+02
1.124835868470362215e+02
9.854183373325898287e+01
1.148681247990480756e+02
1.151473149732942574e+02
9.659327036530200417e+01
1.173833280296318122e+02
1.041679775684579425e+02
1.098328285067970711e+02
1.155548101789591300e+02
1.124984169631155595e+02
9.614486100055816564e+01
9.268910258333730212e+01
1.236152997672456451e+02
1.162823716373897298e+02
1.045533277040270832e+02
1.214424368510284893e+02
1.000320488681696816e+02
1.290102832001664410e+02
1.138544871592954877e+02
1.042478028074826284e+02
1.170987453922306827e+02
9.362171685798031717e+01
1.277437609814519988e+02
1.006711704887673022e+02
1.071930745286510387e+02
9.775452089604463879e+01
1.134272140169779703e+02
1.067141354042043133e+02
9.081844587849899142e+01
8.721939524085405537e+01
1.359617263432291168e+02
1.030943789068960115e+02
1.272408178424751952e+02
1.021329233849054532e+02
1.032323087784215403e+02
1.273324552935209795e+02
9.851877664093102283e+01
1.063578961939049918e+02
1.012085144831593908e+02
1.167610615181232845e+02
1.204439386881465310e+02
1.172369314285472655e+02
1.120344177363140972e+02
9.291646249707343941e+01
1.072451234718353561e+02
1.045300098514011324e+02
1.162712352309738009e+02
9.236438654932786108e+01
1.122284663461049092e+02
1.115534879783756139e+02
1.265746003746579476e+02
1.109044681451288454e+02
1.195169755095987938e+02
1.059293019135542693e+02
9.488839427814095018e+01
1.025358640221282940e+02
1.144579784164866965e+02
9.133063680468113432e+01
1.218837974974226483e+02
1.133027357921018989e+02
1.076747761328557402e+02
9.676218505285140736e+01
9.821549910992978027e+01
1.186286570102872702e+02
1.262733936538993902e+02
1.023807441153988975e+02
9.558632205637573520e+01
1.065742195141438202e+02
1.215260518537974122e+02
1.005416031947906106e+02
1.037851762627430929e+02
1.055909006262408241e+02
1.213566026314302349e+02
1.086337484596775766e+02
1.080006299504342309e+02
1.088979735267083697e+02
8.061965329806986347e+01
1.277115575521731472e+02
9.714102465428462096e+01
1.002085942220824819e+02
1.200091761786614342e+02
1.245094884862202065e+02
1.059974393544203508e+02
1.017941888669234771e+02
1.300805321290171435e+02
1.082744496705759047e+02
1.191545891852735366e+02
8.410852448256792968e+01
9.941841924994750457e+01
1.122031077986390528e+02
1.236191084264030593e+02
1.167885664584674004e+02
1.067848156027893651e+02
9.903323164606904072e+01
1.075880570555875977e+02
1.066986993535772257e+02
1.073444687138113807e+02
1.094695591543575972e+02
1.362977349879063809e+02
1.017723751257216946e+02
1.002906484827105942e+02
1.109845347622427454e+02
9.633158592324188874e+01
9.941957627089730920e+01
1.141644902468182892e+02
1.057201404163898530e+02
1.201902479281456948e+02
1.182007522269381212e+02
1.099109147917585432e+02
1.117671878661696638e+02
1.013308512827435521e+02
1.239905924310945693e+02
1.115274895842913736e+02
1.023487039411325270e+02
1.057425878032840103e+02
1.001107636814178505e+02
8.948553668493536861e+01
1.085707047531517588e+02
1.093229513401003601e+02
1.391548655418591522e+02
7.847953386222788197e+01
1.114359290284961332e+02
9.879609410531722347e+01
9.275562937464728464e+01
1.327351700362079328e+02
1.033766825650619126e+02
1.072488377328076581e+02
1.012801217546881531e+02
1.059560236364718691e+02
1.147593771384069186e+02
1.109323853805517501e+02
1.107207659973205125e+02
1.125766131190665646e+02
1.447498181630465410e+02
9.180712814726874171e+01
9.845613359361982475e+01
1.006783046503615822e+02
1.024020392052555763e+02
1.218963201693086091e+02
1.194721091600254539e+02
9.008131681143942160e+01
1.186048609762907375e+02
1.064672890518632329e+02
1.020394412308220637e+02
1.205426841154668125e+02
1.214537113226101184e+02
1.276256148896348890e+02
9.897946787513114941e+01
8.023916876359805883e+01
1.090588261572679869e+02
1.192614139213070814e+02
1.090209683238695817e+02
1.127662406502263650e+02
1.163134910682218788e+02
1.106878576949709867e+02
1.046230034627199927e+02
1.030319102985216375e+02
1.223367653390593546e+02
9.172763104234334719e+01
1.018094675035758883e+02
1.154167198156159486e+02
1.020377768147973683e+02
1.242523215539737009e+02
1.186000800839284324e+02
1.203711564135106187e+02
1.073454190848641900e+02
9.796850227146410361e+01
1.050398732539460838e+02
1.059796069461115877e+02
1.042978525553004800e+02
1.100150437425284764e+02
1.354150764351491318e+02
1.010888637568011603e+02
9.900226294843245967e+01
1.019153138282850648e+02
1.007167480620047399e+02
1.148722165863157016e+02
1.247120791965242717e+02
1.034022371405786913e+02
1.015624410629074390e+02
1.080061764988118824e+02
1.231275090425708783e+02
1.019929193758410833e+02
1.042674796615494728e+02
9.430450132210411596e+01
1.136267013864168547e+02
1.198717882889304178e+02
1.143583369214985481e+02
1.241476272334535764e+02
1.117131386822886157e+02
1.201484724993488413e+02
1.139362048738926347e+02
9.822432890146863826e+01
1.083308285829864133e+02
1.003029843820952181e+02
1.149102981403819115e+02
9.881276419887637985e+01
1.024820280806031008e+02
1.202932896692741735e+02
1.010511221105476807e+02
1.072991330960031888e+02
1.227738962762023505e+02
9.538612342961182833e+01
1.167067395646240300e+02
1.170217143805675022e+02
9.671670683676838109e+01
1.107244407095900556e+02
1.156259489178167286e+02
1.352248221217158743e+02
9.069108814658136453e+01
9.366968943489592903e+01
1.094793378704024605e+02
1.182187185570361123e+02
1.033640544488744126e+02
1.105570306854843352e+02
9.436422408920999771e+01
9.998428838532252882e+01
1.101943802560658554e+02
9.991163365201073532e+01
1.135479309848303728e+02
1.319966922158843943e+02
1.004782678566030683e+02
1.009462191321005946e+02
1.148578364335971855e+02
1.269309463954340345e+02
1.135727100096699331e+02
1.000363104764594482e+02
1.270755768580992680e+02
9.559873979193086768e+01
1.065616750870163969e+02
9.759057482705371456e+01
1.149683223757282349e+02
1.121668269089642394e+02
1.119381657897205145e+02
1.031285235340466073e+02
1.096902238763499611e+02
1.024655350604980839e+02
1.083895019521588523e+02
1.221111318811851447e+02
1.344037460437316724e+02
1.035515204979828212e+02
8.765440921036763200e+01
9.892146243619700385e+01
1.190587823658438822e+02
1.061926770817769636e+02
1.041863612155033820e+02
1.067963715005921301e+02
1.190554128644427294e+02
1.158711643026793610e+02
9.865143826923382164e+01
1.066803318719044569e+02
1.117484143585379144e+02
1.202606304087493925e+02
1.004843346775250836e+02
1.239308874810454029e+02
1.171763596393176954e+02
9.123951216586696944e+01
9.024760681512002236e+01
1.241788996806715346e+02
1.120434649799288707e+02
1.049113620490645502e+02
1.150352654296082306e+02
1.134027417458364368e+02
1.170822841005324193e+02
1.026349179118523409e+02
1.033432925200749537e+02
9.851262898214645247e+01
1.201388233076781233e+02
1.216411998165622776e+02
1.025208432076883298e+02
1.052420420109531705e+02
1.055677405876140682e+02
1.198134306030968617e+02
1.112884274452480327e+02
1.082246616184430792e+02
9.926699937252672612e+01
1.040484078372818288e+02
1.140842985497243660e+02
1.073456957012556643e+02
1.104779311593099891e+02
1.178119641064002963e+02
1.023815779157106931e+02
1.120931878407571389e+02
1.056547525635299678e+02
1.324997096577075126e+02
9.607858962180245044e+01
1.167657695792283192e+02
1.045617375482683116e+02
9.291227491648749037e+01
1.143641253538781939e+02
1.144461927248667195e+02
1.120558933088328928e+02
9.528467352709790816e+01
1.143566065593843888e+02
1.226353518749211702e+02
9.550977005320982016e+01
1.203811655912694079e+02
1.176491296190845333e+02
1.079624398007815813e+02
9.148966445727469932e+01
1.106237355091989087e+02
1.075050697982234880e+02
1.036527442261073730e+02
1.042608713709489763e+02
9.814665527409252377e+01
1.214861451372520236e+02
1.145499247631367297e+02
1.109374941191935022e+02
1.133346022617150055e+02
1.132136932738160482e+02
1.270826653220228764e+02
1.123657386722870513e+02
9.852344245449430105e+01
8.979165326174297945e+01
1.055525919181769723e+02
1.061673750071360587e+02
1.178814540732442993e+02
1.074560997512387672e+02
1.108392614967738723e+02
1.084248562748745002e+02
9.840539686059418045e+01
1.174007985421501701e+02
1.058415691223638504e+02
1.108566189756305391e+02
1.126834083048583324e+02
1.110799093693551498e+02
1.056473730368353756e+02
1.079263604206177831e+02
1.365097720978213260e+02
9.946998460348822846e+01
8.987721627790001833e+01
1.091481762461832261e+02
1.187601640280685729e+02
1.037241680606882852e+02
9.128713917021705981e+01
1.199046803726096755e+02
1.271357428779634802e+02
8.917886985799896138e+01
1.111510299905802128e+02
1.062911463657465134e+02
1.189815178946191594e+02
1.159557440460448419e+02
1.100877110622048889e+02
1.134784638762931195e+02
1.140467591216630581e+02
9.410533863559285805e+01
1.081041153709886515e+02
1.093612046515373066e+02
1.393402285088777148e+02
1.052591648649792972e+02
1.090789119028440979e+02
1.090735895511826214e+02
1.029007896406352955e+02
1.115823718582721398e+02
1.048633806912295938e+02
1.053347449249483674e+02
1.224841828581500494e+02
9.364762908748625136e+01
1.219347795414737732e+02
1.138882055929407358e+02
9.910737040996875180e+01
1.222044094827112701e+02
1.060013071688589861e+02
1.434800209517322855e+02
1.040633198542534075e+02
9.269365753743234393e+01
1.099188527040369507e+02
1.016508977288764015e+02
8.742791421495537918e+01
1.156914755317075105e+02
9.141171209601860426e+01
1.128647554682038248e+02
9.482979110967322356e+01
1.182291921006813595e+02
1.198116084031263000e+02
1.165295784387525941e+02
1.024464326147204929e+02
1.192954871196257471e+02
9.655576259774102255e+01
9.814427351817322176e+01
1.222104341706397719e+02
1.041403023838846877e+02
1.131163806581139113e+02
8.018215535144251760e+01
1.276594836006668459e+02
1.117178210247317622e+02
1.098158332877344350e+02
1.047338456805577067e+02
1.140499043955968972e+02
1.024186999578891886e+02
1.230022509013320189e+02
1.110633317185050402e+02
9.976550408906413736e+01
1.033985793258889885e+02
1.181436966618528146e+02
1.116731561422145660e+02
9.988682204833681055e+01
1.193988346632652195e+02
1.045368728988574532e+02
1.005799849285844658e+02
1.466923451523857977e+02
9.525368156239413509e+01
1.011235116720878580e+02
1.191000287797144352e+02
9.590502721895737182e+01
1.151422457873813130e+02
1.087802248451772726e+02
9.275894242466466721e+01
1.131115298882556601e+02
9.676321915362639459e+01
1.290693526863074112e+02
1.339323807301203999e+02
1.065846889219860572e+02
1.041001531569521745e+02
9.240896288528696800e+01
1.017668462482322553e+02
1.196482454974524074e+02
1.029203281818611799e+02
9.561681435246602234e+01
1.223607689151194506e+02
1.020759528428293521e+02
1.012361346001863041e+02
1.287267667324933029e+02
9.466491960985545973e+01
1.362097856096989688e+02
1.027864482864176807e+02
1.168506563245639853e+02
1.071541010443994395e+02
9.627043416258990760e+01
1.207365871609102470e+02
1.005380255759168335e+02
1.054107063084914984e+02
1.035266740053631054e+02
1.102443585089874176e+02
1.166631035746208198e+02
1.229532716601554938e+02
1.067214046142123465e+02
1.038964207433326976e+02
1.152297939422872446e+02
1.022295634548830350e+02
1.031968257495963854e+02
1.147193425969527425e+02
1.292317424048549412e+02
1.033702566946509194e+02
9.712472665882152967e+01
1.045812560077720264e+02
1.054909483184084564e+02
1.105215158951233434e+02
1.193877159241896493e+02
1.067599151476294139e+02
1.135583516775457440e+02
9.104742205617253603e+01
1.285518040958071992e+02
1.317983401818408709e+02
9.914989688473956164e+01
1.000417727525079528e+02
1.011502944944537603e+02
1.148254629745160003e+02
1.068712864346701679e+02
1.140640259884434329e+02
1.052473292813273957e+02
1.101369447963179624e+02
1.029301840093747984e+02
1.045876849770443471e+02
1.200115623285653470e+02
1.221855411975897852e+02
1.221668883390093896e+02
1.093336534468728019e+02
1.078190088735541110e+02
9.325123584371353047e+01
9.377882729151178864e+01
1.045499023230687499e+02
1.199314246883706829e+02
8.773974939567081321e+01
1.247364292262934669e+02
1.096933683005478315e+02
1.034785193561351662e+02
1.091328619986886963e+02
1.043174559333886862e+02
9.824783919274123889e+01
9.451017828168173196e+01
1.107112263782277637e+02
1.382417441919443206e+02
1.031058035884636723e+02
1.006403429170834301e+02
9.280644387691934583e+01
1.102483817431682240e+02
1.250971445928375374e+02
1.178729176854423599e+02
1.019708028973034715e+02
1.097250691182943001e+02
1.161387760535861418e+02
1.006336792866461138e+02
1.111052005194372185e+02
1.117987018086481328e+02
1.005425080735950019e+02
1.222804652327216530e+02
1.109420823255336046e+02
9.706803894425615908e+01
9.797737713517585689e+01
1.090953098512771220e+02
1.188781847632540263e+02
1.203182436649007485e+02
1.090948489810006237e+02
1.025381725758983578e+02
1.316692292733434329e+02
9.701716271091547128e+01
9.249639587920492545e+01
9.980083141602914054e+01
1.160088605356433220e+02
1.207409269874820410e+02
1.180497372513068655e+02
1.108149694812327510e+02
1.053883279339585073e+02
1.148149112536901413e+02
9.592900232833407870e+01
1.101295625168915251e+02
1.082118340442485334e+02
8.223948561016878500e+01
1.044257923237062755e+02
1.145631640618212685e+02
1.161979226577721107e+02
1.230736306347321829e+02
1.173941411862054309e+02
1.272890685543979856e+02
1.074167293347004914e+02
9.754798159147526349e+01
9.968682622798441173e+01
1.036402192551962997e+02
8.686330366811985471e+01
1.283761435145123073e+02
1.164973599441800189e+02
1.155422162119435114e+02
9.536043288646625626e+01
1.073545223378340268e+02
1.094448445485096357e+02
1.091441452416863598e+02
9.063303309432595256e+01
1.333321257805202436e+02
9.128592870884743604e+01
1.134653007621395915e+02
1.064577666536158347e+02
1.011755658562493494e+02
1.025699175871067297e+02
1.101882501865994044e+02
1.086357083834920587e+02
1.257017181309365270e+02
1.130375673058182855e+02
8.928528601095615613e+01
1.080978063630752928e+02
1.208213790219930530e+02
1.137229145753618980e+02
1.089571321549519780e+02
1.005417276655979890e+02
1.072721115558131402e+02
1.171438350575948704e+02
1.075944675839514417e+02
1.163280308313790670e+02
1.073107242046127112e+02
1.265776297737516813e+02
9.377542858627299438e+01
1.103217142197809153e+02
9.792569806966719170e+01
9.822582214250672905e+01
1.335508272849061200e+02
9.784094099567781200e+01
1.182374639638887999e+02
1.316834939618271108e+02
1.092257488268975578e+02
1.126132568584376230e+02
1.023667384104425793e+02
1.155841471518250927e+02
1.024178524891679274e+02
1.133962077745604802e+02
1.125859265885222413e+02
1.009938147275130547e+02
1.241616782851870653e+02
1.206598033704277952e+02
9.069348080430550851e+01
1.093062985942001717e+02
1.173104899477047240e+02
1.019927437861658603e+02
9.264593297420597651e+01
1.112805322629029945e+02
1.195183331054718963e+02
1.116587274821546032e+02
1.288845627987792000e+02
1.008044800659385771e+02
8.347362784352301901e+01
1.337593619209113456e+02
1.062198307083429398e+02
1.210278962004891241e+02
1.011904713069152990e+02
1.111745432756877534e+02
1.110360999189778681e+02
9.989974892026278042e+01
1.189183987485477303e+02
1.147282295140215354e+02
9.895199434661184057e+01
9.773184669764384580e+01
1.315488827988345122e+02
9.166908836987431641e+01
1.122516841405644215e+02
1.054740710422552468e+02
1.095562143202413381e+02
1.134792241177808023e+02
1.039129378062887668e+02
1.122774418395408844e+02
1.103116833710214308e+02
1.242231623447795243e+02
8.123723096020349033e+01
1.084028624137156243e+02
1.068357109651888521e+02
1.228533286767886494e+02
1.156828079029749006e+02
1.135703278371412068e+02
8.778569162748556209e+01
9.876788087063171417e+01
1.253866539895930572e+02
1.165708401081848820e+02
1.003888509017873929e+02
1.183457244806947415e+02
1.245981030543202195e+02
1.024408673647693320e+02
1.128029879437365679e+02
9.681722853884939184e+01
1.182685779868959344e+02
1.157670150339682777e+02
1.050759945543964591e+02
9.472239048259376659e+01
1.095198132244512976e+02
1.135807752177492489e+02
1.007011152991852896e+02
1.061876404550675517e+02
1.222257286209848814e+02
9.852469898349632160e+01
1.072792723108061068e+02
1.008218353572188164e+02
1.192794824781155825e+02
1.153939910477588597e+02
1.063331518372058184e+02
9.643787920995877982e+01
1.218743832683471169e+02
1.025977436600980752e+02
1.111670038270193857e+02
1.038710048565625783e+02
1.167135047882405416e+02
1.165836831779983811e+02
1.074378050196579011e+02
1.124211231590735309e+02
9.981302815262912986e+01
1.175836480093061169e+02
1.185963665011447716e+02
9.359378704819911832e+01
1.057500627675638896e+02
9.696604655040026444e+01
1.229396692774073756e+02
1.161835633591218624e+02
1.063072911905917692e+02
1.123938766662722344e+02
9.677600083544498943e+01
1.080145906978093961e+02
1.165029411440263658e+02
1.024717271353531487e+02
1.022086395308917020e+02
1.282975154687899249e+02
1.324245060399152862e+02
1.026584556280012777e+02
1.068855427139496612e+02
9.249538991604354976e+01
1.040626922125386074e+02
1.191679888851005131e+02
1.145665864004231622e+02
1.261349559220385999e+02
1.098483279031033248e+02
1.175035249286930252e+02
1.033412744941465320e+02
1.122248564895051430e+02
8.897141678368207351e+01
1.345190619788813251e+02
1.129395585836018938e+02
9.554003357404950236e+01
9.963511791989463973e+01
1.020706542004319459e+02
1.068374550874482480e+02
1.116201021247254772e+02
1.189468511660139143e+02
1.148476792042363286e+02
1.210003189084555117e+02
1.188953399204420407e+02
1.093036561948044181e+02
9.985397225268513921e+01
1.061178644656398689e+02
9.888577013840239260e+01
1.012888557079583194e+02
1.129946513079923278e+02
1.128570334256207275e+02
1.213233216983272058e+02
8.652631471506647642e+01
9.458174801723289704e+01
1.204602073607007213e+02
1.256696046215102882e+02
9.916098442736141294e+01
1.081084610784176618e+02
1.196230036763406019e+02
9.739292789012181117e+01
9.020584383070772105e+01
1.301256631740032219e+02
1.135241705245784090e+02
1.343671791534793272e+02
1.011354812768833398e+02
1.070235439526121013e+02
1.018732411105264219e+02
1.023597158235788527e+02
1.081982067458996255e+02
1.635049493524152808e+02
6.220861812469398444e+01
8.542935964348049538e+01
8.140393303929471358e+01
1.185078117331788263e+02
1.082942049345472242e+02
8.320169295152180666e+01
1.104913624236378240e+02
1.100492853929669650e+02
1.243912381307781772e+02
1.134064778013607082e+02
1.074143324259731855e+02
1.069423109430954497e+02
9.924062330457998371e+01
1.288101613018977787e+02
9.286920120106482557e+01
1.174721653995534041e+02
1.026690852661112103e+02
1.149765939044785483e+02
1.138762408788353468e+02
9.529030385144682214e+01
1.101306905562731231e+02
1.169879261906596923e+02
1.021940488567024801e+02
1.180260290696735979e+02
9.900160307345772992e+01
1.207439111508121670e+02
1.021214401815666832e+02
1.115616437524619471e+02
1.209434499465378678e+02
9.899571702692175279e+01
1.028660182686653144e+02
1.237229126759066560e+02
9.237689633770629882e+01
1.171196811933421316e+02
1.041659195586615567e+02
1.132891974792739944e+02
1.113251903476782729e+02
1.088778809397361158e+02
1.159102126860496753e+02
1.035513324369644437e+02
9.979223963286437993e+01
1.164186010327854888e+02
9.417362512113676587e+01
1.061002339731285815e+02
1.250910238118720628e+02
1.142407297350987534e+02
1.001496531373449130e+02
1.112204306392799822e+02
1.121407922993983135e+02
1.057561588733608886e+02
1.171663872750458779e+02
1.099352107590698751e+02
1.204536905615301094e+02
1.106377916611758536e+02
1.090667168224039614e+02
9.723696300907269574e+01
1.112890450035672103e+02
1.069396842073806795e+02
1.111425685150496321e+02
1.055608364955904221e+02
9.647653152142233068e+01
9.461896828624932709e+01
1.045464650554076371e+02
1.432155529795508357e+02
1.098953616492603373e+02
1.072501154027517458e+02
1.121203763968054830e+02
1.160312040415057169e+02
1.023673504081637873e+02
1.052470386656177368e+02
1.170106585964949915e+02
1.137556848774069351e+02
1.062897398624997294e+02
1.181812318349593056e+02
1.024382237240750442e+02
9.477135277736492469e+01
1.068786893602314336e+02
1.128840033509815584e+02
1.118882425370863274e+02
1.064937157291999767e+02
1.182089815468545879e+02
1.004061162950659281e+02
1.039103829487367676e+02
1.079700969200984986e+02
9.432891583872570607e+01
1.221283539046152100e+02
1.089007333947631651e+02
1.152238564152137741e+02
1.096035448797527891e+02
1.242257560458265715e+02
1.087059179691381274e+02
1.011861845484766178e+02
1.039001022788624624e+02
1.073225057542447018e+02
1.117743655546150450e+02
9.715582932717941844e+01
1.400003492215978156e+02
1.155847698354256465e+02
9.439141782523876145e+01
9.799017606975284878e+01
1.341920097298673795e+02
1.032249645973895156e+02
1.065913660112841654e+02
1.062122007587115888e+02
1.054813801430124869e+02
9.403828768243312197e+01
1.001699237919676762e+02
1.054986522729021345e+02
1.189902240004287677e+02
1.119815015508463745e+02
1.203317922827234838e+02
1.059317287551159268e+02
1.055225387967464883e+02
1.022263968614639680e+02
1.094003974097005596e+02
1.106238268642580493e+02
1.167002324434478595e+02
1.068443015973586796e+02
1.069441068661275978e+02
1.147325194378818480e+02
1.009108983811942863e+02
1.047668264677489276e+02
1.102842866798471277e+02
1.229875144162406428e+02
1.073469577385919393e+02
1.105107958664382153e+02
1.001827616638904459e+02
8.811915373452349343e+01
1.085872539242841555e+02
1.034150400468969480e+02
9.371205303464479641e+01
1.402276769480375549e+02
1.172285545153614805e+02
1.109994588906632629e+02
1.023328935400602688e+02
1.147501495960944311e+02
1.105417475752842620e+02
9.730621782089544070e+01
9.883193567106808075e+01
1.046214696210040529e+02
1.094210745587829621e+02
1.338988195851213447e+02
9.095394884948782988e+01
1.045613091695212091e+02
1.139794391489225092e+02
1.229434016963038232e+02
1.033833787036439134e+02
1.180937059790116592e+02
1.009905869315766154e+02
1.118944066288319021e+02
1.146144564057221515e+02
1.080020512586195167e+02
1.115377682355781843e+02
1.094068039069168208e+02
1.047837515637783667e+02
9.601828177394737907e+01
1.326743347093234036e+02
1.113056357846013782e+02
1.021565980387566839e+02
1.093640002475450501e+02
9.270811366386514862e+01
1.161585515031670042e+02
1.412576995412525491e+02
1.079301273221333588e+02
1.031792589616379132e+02
9.242358854606798957e+01
9.326428796612894701e+01
1.044934150719786601e+02
1.084190570213148703e+02
1.370562893380515277e+02
1.160151565769985069e+02
9.519629897764413329e+01
1.079816998887950348e+02
1.252527171743766843e+02
1.111906098376580161e+02
1.070148389242543203e+02
1.128972430217542922e+02
1.230357603051120492e+02
1.043290288287479086e+02
1.255515734270776420e+02
1.032041418018755792e+02
1.097456639559985518e+02
1.116745115184364749e+02
1.020090272509985141e+02
9.871785344759923930e+01
1.156712801606765879e+02
1.152443755669046084e+02
1.041311465945640578e+02
1.001869406523954353e+02
1.183328985215110549e+02
1.162686374740776500e+02
1.066589390816661478e+02
9.949419021693682907e+01
1.229444832028217860e+02
1.262053086064352954e+02
1.026530433513530625e+02
1.109250738576216690e+02
1.156243212131626592e+02
1.014886098924883555e+02
1.054857449521634010e+02
1.287711327076483201e+02
9.415884199350406902e+01
1.052588954463472675e+02
1.213900261110132419e+02
1.003712758708659436e+02
1.109931657601529196e+02
9.353943529020109793e+01
1.209667740818739929e+02
1.216262920500014388e+02
1.117378413657501142e+02
9.936067089085842952e+01
1.103577272842393313e+02
1.044175076921653016e+02
1.075855179550721061e+02
1.106148489786339582e+02
1.009428916761103494e+02
1.122783722205983707e+02
1.165431613996023543e+02
1.124599665478329058e+02
1.033601743336745784e+02
1.068934626759806861e+02
1.040108168291712190e+02
1.153202979342984520e+02
1.237080079269929342e+02
9.424104947544154243e+01
1.130829338117424356e+02
1.227620937730516033e+02
1.116887724473008774e+02
1.253299700125769363e+02
1.158249247030770306e+02
9.780428836419633853e+01
1.095887560124018734e+02
1.025627215819846469e+02
1.105940402993454086e+02
1.201908085062673734e+02
1.189537578812565926e+02
9.897566211863897934e+01
1.135362095527309521e+02
9.485212688133154302e+01
1.207458936038967892e+02
1.024692903557707240e+02
1.264664879099741199e+02
1.029727924827550680e+02
1.174728302225802707e+02
1.094562912512702297e+02
9.935912466789960718e+01
1.079312755528010399e+02
1.183640573992919798e+02
1.011427059007543505e+02
1.165229840517960724e+02
1.115725017919750854e+02
1.159024871377402093e+02
1.192478055168072899e+02
1.074114578002577645e+02
1.118805926949858929e+02
1.054485105352825087e+02
9.327129150580273631e+01
1.247365770674707903e+02
9.270589902604378096e+01
1.082981529617720469e+02
1.185102704724464644e+02
8.316317397552842294e+01
1.333661526511833699e+02
1.022463184571639943e+02
1.145869193831529458e+02
1.244097189313908558e+02
1.105546442402781651e+02
9.992261982955656663e+01
1.037820622032615461e+02
1.033216512227039630e+02
1.037111376742193443e+02
1.055417477834553068e+02
1.333259317232567867e+02
1.061005636709282953e+02
1.023217246307790447e+02
1.108125575330784756e+02
1.088559966800060295e+02
1.149180909891504001e+02
1.147783100339034377e+02
1.116033016146794381e+02
9.511160156216105577e+01
1.277333520288059674e+02
1.090917824469195807e+02
1.225870069341123241e+02
1.156669044156028860e+02
1.184727454239358764e+02
9.869913495714945384e+01
1.015267041521673121e+02
1.175859581943408898e+02
1.053087781517089354e+02
1.327087911090370653e+02
9.541489072799774362e+01
1.049301117219171005e+02
1.131891393017123164e+02
1.024197854577388966e+02
1.058007175905584631e+02
1.314657120839056290e+02
1.191435765634133190e+02
1.023656565815573032e+02
9.910764066483415036e+01
9.770304604496061529e+01
1.012880442813623887e+02
1.022779310366079102e+02
1.000701890233487603e+02
1.048016090046953366e+02
1.146980972485256842e+02
1.066302067587217550e+02
1.251269215631678122e+02
1.148368440566040221e+02
9.622474727591190913e+01
1.104049779081192355e+02
1.065098798234272124e+02
1.168541574608920257e+02
1.098330455028372654e+02
1.122204491758380982e+02
1.020987556897108703e+02
1.060683742197765440e+02
9.745715537965023145e+01
1.302813001638870674e+02
1.043819098217950909e+02
1.099576674898868021e+02
1.158244283080030073e+02
1.156744771376535965e+02
1.233679303594341690e+02
9.950084101148247839e+01
9.439914332796988106e+01
1.249135260428095648e+02
1.213244414282740422e+02
1.128137056053806049e+02
1.041176102112638375e+02
9.960260698784514943e+01
1.060265705507390237e+02
1.091393622233194094e+02
1.010337886052106455e+02
1.163239523346838666e+02
1.220461069784847155e+02
9.899639770577967113e+01
8.533675001274737326e+01
1.198934613585549158e+02
9.297334459803921902e+01
1.296798788575828780e+02
1.189895553337022136e+02
1.083298807266452286e+02
9.995472179306621285e+01
1.150538415580581244e+02
1.028950951081622947e+02
1.180197688244265208e+02
1.104026798508705269e+02
1.202782125328788396e+02
9.371392694999468631e+01
1.250786503788215782e+02
1.156444356317911257e+02
1.027832306875557578e+02
9.681078025545214416e+01
1.223184366922303923e+02
1.093447265783238009e+02
1.218319305624058302e+02
1.076156035510289541e+02
1.166059114963789227e+02
1.043605087456465270e+02
1.135558412466431406e+02
1.083833630793414500e+02
1.056488085692759853e+02
1.165558994477732710e+02
1.089095169720972933e+02
1.152393971431644673e+02
1.138801767137939862e+02
1.031428044135045212e+02
9.756554639179826438e+01
1.135171794751798302e+02
1.062056794290056558e+02
1.192071286685223725e+02
1.084779589824016028e+02
9.605132471150979256e+01
1.129432984638021935e+02
1.139526714742523410e+02
1.032663731912584808e+02
1.100273260730495934e+02
1.167109017958289456e+02
9.987545314350440151e+01
1.000183008370179607e+02
1.134005811750617880e+02
1.128842666112985142e+02
1.220879217425505203e+02
1.064254489503725694e+02
1.242841957414002536e+02
1.295911726297858308e+02
1.204447700073683194e+02
8.580731358921795504e+01
8.623451175989987405e+01
9.861082811542574689e+01
1.035046251847357155e+02
9.083006345061286879e+01
1.039139378989002722e+02
1.034701093325061407e+02
1.132418945189430275e+02
1.047730217393900460e+02
1.164559481448312255e+02
1.055172817805283785e+02
1.031306153797025758e+02
1.205844517087755889e+02
1.066334381690428899e+02
1.022376067879098542e+02
1.100619310468687218e+02
1.119022003552731803e+02
1.171203839446937565e+02
1.150388380731541389e+02
1.013644443460194253e+02
1.008870318376606718e+02
9.571250841044755475e+01
1.340392111050313986e+02
1.147494427869443570e+02
1.047982625939235675e+02
1.060476432360744923e+02
9.857949518416380386e+01
1.071473049570540894e+02
1.064818431769744080e+02
1.048074325437291776e+02
1.212943004947351255e+02
9.357937010564583602e+01
1.217782235124218886e+02
1.267507048429734908e+02
9.807070623255677333e+01
9.711873181895172991e+01
1.025735059771151327e+02
1.144857603449140839e+02
1.180205918546118511e+02
1.091965828211120737e+02
9.813930444034986067e+01
1.263741864689470304e+02
1.186012423875066446e+02
1.136038454279692047e+02
8.859463838020818116e+01
1.136288688485883966e+02
9.552237484052915306e+01
9.462181159152042653e+01
1.247734442089091687e+02
1.064048320585183944e+02
1.172084943708318718e+02
1.024242815429743132e+02
1.212098581336115615e+02
1.085709198812613465e+02
1.039753861418961236e+02
1.228266886376256934e+02
9.927869365255254763e+01
1.144947964646727172e+02
1.045046658624954148e+02
1.053740658200903937e+02
1.128247504844407700e+02
1.003049935674182791e+02
1.038993992391516628e+02
1.270631920773164438e+02
1.019428646185995149e+02
1.172524861845138417e+02
1.044717915978468454e+02
1.086256851571834403e+02
1.135155736665257962e+02
1.108753416810530439e+02
9.831098694625208623e+01
9.777563555730952771e+01
1.109489697565477400e+02
1.117784584819406462e+02
1.254014649523870162e+02
1.086621167537487054e+02
1.037560146048176790e+02
1.251404725718901005e+02
8.958350489785760828e+01
1.078097000181000737e+02
1.118759571301016109e+02
1.172341696703918501e+02
1.009482732848077262e+02
1.193368463633582053e+02
1.009868850146885819e+02
1.394160172688771979e+02
8.999891924147233624e+01
8.716782532124940985e+01
1.277785520549997216e+02
9.780135123945650832e+01
1.014498040559186336e+02
1.108106324976158561e+02
1.039829066112741600e+02
1.153880668435749897e+02
9.642605834786807861e+01
1.179161191101052708e+02
1.042658317361192957e+02
8.925547078440435200e+01
1.032788176165125265e+02
1.116230473822955958e+02
1.060579153530997587e+02
1.252724542961771164e+02
1.103861929810387466e+02
1.125955594609220753e+02
1.063341617867340432e+02
9.442305918454836444e+01
1.216456575503511885e+02
1.059318974426348205e+02
1.026259765466163856e+02
1.046143012271540158e+02
1.059472619933734450e+02
1.168882970583982797e+02
1.122331089465195362e+02
1.199557952535316332e+02
1.154179829992231703e+02
1.021830169350093058e+02
1.056648904734430090e+02
9.945860843322833489e+01
1.116044999137487537e+02
8.897674121804465130e+01
1.201337163800962600e+02
1.053160057673115233e+02
1.132766251514772193e+02
1.143053691887956518e+02
1.030502261617984203e+02
1.161008071509262436e+02
9.898582127079150439e+01
1.180625765873389099e+02
1.140073662262445140e+02
1.052866972211132577e+02
1.354700793921948332e+02
9.457729486383615836e+01
9.005215114975368351e+01
1.042914761134951220e+02
1.261754433872870180e+02
9.680240013190648085e+01
1.237726134788458552e+02
1.044592062696759598e+02
1.194027229312080465e+02
1.157735391512640035e+02
8.748550430980017723e+01
1.044007685657719122e+02
1.028023051182431260e+02
1.224269019897425608e+02
1.136975265992515745e+02
9.921486384169372741e+01
1.080367889593832018e+02
1.085529470634024563e+02
1.032343134035876773e+02
1.031531645052199764e+02
1.218202574115710632e+02
9.141012490938179269e+01
1.111444413614985507e+02
1.207748286590249762e+02
9.856333126357168339e+01
1.203980932779688828e+02
9.542169869301871188e+01
1.410281311598714638e+02
8.761857587967939764e+01
8.782718484669432257e+01
9.892952140712475284e+01
1.061606011515263646e+02
1.077554234574545831e+02
1.141566833901338498e+02
1.113249353358641969e+02
1.166062267930639109e+02
1.079797654230137312e+02
1.132165784675900824e+02
1.132353190512497463e+02
1.203476264603297210e+02
9.837201327975218135e+01
1.026786972578158981e+02
9.865655031225770699e+01
1.209499284539753603e+02
1.016689894530837392e+02
1.164991678779535675e+02
1.064830299245173535e+02
9.421106878370044058e+01
1.176727502243555818e+02
9.584140141059297946e+01
1.153118753069907569e+02
1.247453484779207145e+02
1.252871002766821817e+02
1.086815961147014633e+02
1.035979481745120125e+02
1.084262148901581497e+02
1.087703300459488389e+02
9.733328412961940046e+01
1.165854748652708537e+02
1.078946204997110954e+02
1.159336172729592391e+02
1.037625600757653643e+02
1.118553782809777886e+02
1.036932797360723129e+02
1.346563124155785829e+02
1.067886893001663537e+02
9.138630623170631395e+01
8.572690067974903627e+01
1.263242805136178362e+02
1.207263974487174920e+02
1.027776391329887673e+02
1.292236125898538432e+02
9.449742350161216109e+01
1.345600591167191737e+02
1.135753682018896598e+02
8.976090850063776827e+01
1.019159957956897671e+02
1.057833376460081638e+02
1.079840522130447624e+02
9.521524394145126280e+01
1.085452035762980785e+02
1.198862245021378641e+02
1.235571758848737005e+02
1.015431432693991383e+02
1.085634221790141254e+02
1.122683514042441857e+02
9.642547876533254225e+01
1.182952326749887675e+02
9.870505750811094003e+01
1.031356453147485723e+02
1.265821284130514215e+02
1.219459717916195416e+02
1.103041443051633337e+02
1.091806539538751650e+02
1.130149307211342773e+02
1.053246776896117609e+02
9.284118483436472502e+01
1.072408352476174400e+02
1.078370913493727699e+02
1.087965112986237699e+02
1.238404014679652079e+02
1.122144074798863187e+02
9.495403568743211054e+01
1.084460034805860715e+02
1.114770983194909348e+02
1.025199277719907798e+02
1.246624700877908936e+02
9.584850182374101735e+01
1.125450289341355870e+02
1.110639686650595621e+02
1.054883494966713755e+02
1.216244657742182937e+02
1.096423313531685579e+02
1.086611852900255855e+02
1.009323869384762844e+02
1.305853301495636742e+02
1.223390597312465644e+02
1.027256281516068555e+02
9.300765382343158194e+01
1.424738618990078862e+02
9.893715049400114481e+01
9.527778811760541089e+01
1.095032580567949765e+02
1.020517922083839437e+02
1.018414199118739702e+02
1.066949656046393216e+02
1.089654632693365102e+02
1.000065800202274602e+02
9.272351641429536073e+01
1.018028565148440379e+02
1.156303022124239419e+02
1.338127548090161270e+02
1.255898595783653207e+02
9.899983570663886212e+01
9.644567403998266286e+01
1.063849041142045309e+02
1.170385352071007361e+02
1.107565447433749029e+02
8.930249326222974560e+01
1.146352453956935449e+02
1.147321499383685790e+02
1.153192338286214635e+02
1.095464504116972790e+02
1.115613289223270357e+02
1.012439750874389546e+02
1.274600622255079969e+02
1.060987130726530410e+02
9.825011601939696959e+01
9.961425949091501764e+01
9.506521838230992216e+01
1.343371123044047408e+02
1.026987032923534144e+02
1.087633695051602700e+02
1.282115615100013315e+02
1.205171994339888215e+02
1.123194040764207244e+02
8.701203376735523420e+01
1.172451301792890064e+02
9.988451881095986096e+01
1.147276260166559751e+02
1.055384764805072990e+02
1.223100639829942651e+02
1.079305836807820498e+02
1.170286678989396307e+02
1.094316859365779635e+02
9.315923568960116086e+01
9.843755228751051334e+01
1.087814975270775477e+02
1.074423316491230054e+02
1.373699653158894307e+02
9.421718487642277751e+01
1.110033867984776919e+02
1.160276620728675283e+02
1.049145124208387045e+02
1.091532716019795828e+02
1.181282928874865519e+02
1.107201745218133482e+02
1.109406311833253369e+02
1.074830599842124457e+02
1.013014445801852474e+02
1.052060400847107218e+02
1.207124465022154425e+02
1.003101689565334169e+02
1.032944653665553147e+02
1.210858219772905215e+02
1.091963123798676065e+02
1.226921320621498097e+02
9.847266062067573955e+01
1.070084962672939071e+02
1.138960387486205263e+02
1.040627865127937639e+02
1.088408832517269360e+02
1.089514064320695752e+02
1.137542995959879875e+02
1.122600728103897012e+02
1.018956164950000272e+02
1.156537783158881751e+02
1.138765007095538806e+02
1.068536885143717257e+02
1.063170463917753068e+02
1.176120043631454735e+02
1.235454426465694269e+02
1.051478234989949954e+02
8.907716341796252379e+01
1.044094917891201817e+02
1.153708703732363432e+02
1.195984353080248184e+02
1.150539493470314767e+02
9.786829701465875075e+01
8.318361557849978283e+01
1.107632906086713831e+02
8.615874572151334121e+01
1.602623968572264630e+02
1.113028259543893199e+02
1.131104032860218922e+02
1.095983330254703816e+02
1.206295314913086543e+02
9.585907411277587187e+01
1.113442282277068927e+02
1.021823099232225189e+02
1.179476854974170692e+02
1.038855343390832360e+02
1.128727448662345267e+02
1.107424219953468594e+02
1.272996097539893441e+02
1.187951393755059541e+02
8.597230260622714582e+01
9.970973530769973081e+01
9.960904457668124223e+01
1.279368541907261942e+02
1.054966565345191896e+02
1.121555938583961876e+02
1.052068924491307342e+02
1.044987403650717681e+02
1.173641674223410689e+02
1.083665668846576011e+02
1.128820289332650475e+02
1.170263316774896225e+02
1.064062307203370921e+02
9.200754127981394959e+01
9.821278382690077535e+01
1.264364921158236825e+02
1.069195862344566876e+02
1.157325307858655492e+02
8.864427943587594427e+01
1.136577957929933405e+02
1.043465544011705504e+02
1.041400937872340791e+02
9.885938979654528680e+01
1.101864037122659425e+02
1.274379235680462159e+02
1.087174151590230338e+02
1.126875810646047142e+02
8.958358807370839827e+01
9.450245357871641261e+01
1.043319749711828308e+02
1.302150406437943104e+02
1.172634854486084635e+02
9.238433016041595636e+01
7.966257825199086540e+01
1.210641695100212019e+02
1.160239849656953908e+02
1.163976366662733142e+02
1.217588468580713652e+02
1.072309397549599908e+02
9.273559230731022751e+01
1.241587131227916387e+02
9.997680840171805983e+01
1.065455362752251887e+02
1.230932902962492932e+02
1.237586225039073753e+02
1.092447612335557210e+02
9.143376204169032917e+01
1.052515126516753270e+02
1.197066494356426745e+02
1.060428777786970613e+02
1.240766672960703971e+02
1.081230741102218644e+02
1.123465076595584549e+02
1.010582288950067777e+02
9.986368818254138091e+01
1.104754622315994652e+02
1.038247711913182911e+02
9.892711812121305570e+01
1.036149189135257984e+02
1.088631595096932045e+02
1.285745356005546967e+02
1.087152555457904555e+02
1.078628956156877052e+02
1.183152448755467674e+02
1.327335120240834101e+02
1.250674761451533357e+02
1.047730808796336532e+02
1.088696730522827067e+02
1.091980579065489394e+02
1.039403250495609967e+02
1.030171383939780299e+02
1.119087838649047626e+02
9.653364223551095336e+01
1.245003735415482709e+02
1.119390188219004330e+02
1.085165767804851527e+02
1.019741899026990666e+02
9.621376129210536021e+01
1.145969646546949150e+02
1.054823740763467868e+02
9.463553253897188711e+01
1.239350650385227794e+02
1.239362465449852948e+02
9.857813479262019030e+01
9.783343885796946893e+01
1.077972583443004595e+02
1.054372432195242908e+02
1.205627890825659421e+02
1.280701650944159269e+02
1.073504405576390184e+02
1.020517466505121575e+02
9.090913405667792802e+01
1.033536952943307341e+02
9.635170045076317535e+01
1.178162894469584785e+02
1.109009765305922457e+02
1.147181672149481670e+02
1.120268304176015448e+02
1.062226291808334082e+02
1.201828215936656790e+02
1.133376244098966907e+02
1.072298465436759045e+02
1.016582139981551052e+02
1.051072288300398014e+02
1.168050543697293051e+02
9.187399444223989065e+01
1.322408717678769392e+02
1.091993750291241412e+02
9.491658528591008803e+01
1.184306588117297139e+02
1.026883356397818261e+02
1.182208757482395640e+02
9.065290216981968285e+01
1.055733524293024885e+02
1.201112809043785887e+02
1.185035703232455546e+02
1.054010162039028700e+02
1.214481233256874617e+02
1.039217641602840700e+02
1.120105471358262008e+02
1.058035978115638045e+02
1.070102249103308907e+02
1.077541816668762777e+02
1.097081717848770381e+02
1.083249789992603809e+02
1.064141960367192894e+02
1.063331666975877852e+02
1.178457377959215790e+02
1.206906731270512125e+02
1.212631414639314471e+02
1.179301049224767581e+02
1.039293396041178283e+02
9.858616449650554614e+01
1.051773320534359328e+02
1.219884935129910701e+02
1.071186151093554884e+02
1.173168095375149420e+02
1.050019384096316202e+02
1.077076845417344799e+02
1.154446590235093026e+02
1.087386970670824411e+02
1.127031642867549124e+02
1.070196304082923149e+02
1.090849775972686757e+02
1.104932384557263703e+02
1.246431325321565140e+02
1.275721880183071022e+02
9.005180764767153789e+01
1.152001415888476714e+02
1.160177149623451101e+02
1.035759210383061344e+02
1.015155954385468959e+02
1.084204394997806418e+02
1.191333152511535616e+02
1.145533116406321170e+02
9.961944250458265060e+01
9.963422746785568052e+01
1.122378644128083067e+02
1.150955049238114754e+02
1.095776885173624464e+02
1.131951985765437598e+02
1.056648131228867982e+02
1.170145043895361852e+02
9.346920472816735526e+01
1.102599178370412005e+02
1.180224483858061433e+02
1.013414593064149187e+02
1.033934466643084278e+02
1.165541872966269636e+02
1.078994094956807714e+02
9.740599728687610082e+01
1.180966410777431150e+02
1.021716021836281385e+02
1.208111346256865772e+02
1.226714743566114265e+02
9.567750423734024423e+01
1.111039693647921212e+02
9.834698671864320829e+01
1.223698688918082809e+02
1.201368734506406639e+02
1.094264235415653985e+02
1.136503218046423598e+02
1.126398754753694362e+02
9.940258046088757737e+01
9.932138874254715688e+01
1.168580079350033429e+02
1.187386609275004901e+02
1.048536719549421008e+02
9.356694392151305806e+01
1.173850765659724260e+02
1.052995012059844555e+02
1.313712078432044450e+02
1.026027524002791296e+02
1.033537786726056709e+02
1.094311166739967405e+02
1.075942704662678864e+02
9.735641022525808808e+01
1.138544321358562144e+02
9.390782952278327400e+01
9.504504204846249138e+01
1.212964743800784078e+02
1.158315685306275498e+02
1.114995982389084901e+02
1.264670106638004938e+02
1.117439817436340945e+02
1.094221733914149439e+02
1.041980907768221414e+02
1.026207452075761921e+02
1.131171888932680361e+02
1.181025873923279477e+02
1.225761276219067213e+02
9.204227478957571407e+01
1.146453797527740761e+02
1.015993245066119073e+02
9.833933669248942522e+01
1.179259072484806978e+02
8.955444401910823160e+01
1.097071157459107695e+02
1.192311001503758803e+02
1.092568226792982102e+02
1.097186005377300972e+02
1.219421094982670866e+02
9.033437602478502981e+01
9.583712237760605035e+01
1.333615246494276221e+02
1.053613060479836037e+02
1.033455376719599599e+02
1.050222978837669956e+02
1.225925511500166607e+02
9.692994278530753149e+01
1.049486841844285294e+02
1.317286783892973006e+02
9.800067920302450375e+01
9.684690489762360244e+01
1.183671055456317021e+02
1.022934722847458602e+02
1.124649666996923685e+02
9.952295277867504808e+01
1.228768440265272517e+02
1.064049933632991696e+02
1.010053083132574159e+02
9.579443994507556681e+01
1.367692996948842961e+02
9.412358899560949510e+01
1.158208636205073674e+02
1.081740260813504051e+02
1.090173622252580685e+02
1.099365898853917969e+02
1.118871149941489023e+02
1.013196318556424842e+02
1.160970480822355881e+02
1.090376664008256284e+02
1.137886618001021901e+02
1.063933673732379219e+02
1.132248881296459189e+02
1.034590584843554382e+02
1.102250646584068363e+02
1.012813241078334414e+02
1.051538011250239606e+02
1.217692402796148770e+02
1.009572083003419607e+02
1.070096878938718845e+02
1.174973224973939381e+02
1.134922781953137445e+02
1.143619635383495137e+02
9.068738168208598438e+01
1.089260430658282388e+02
1.176102085274938958e+02
1.109852815189482698e+02
7.590736519399477800e+01
1.023963269215679190e+02
1.199073087044529018e+02
9.381030685999054697e+01
8.326749475746899520e+01
1.350947085599228217e+02
1.015952743023676561e+02
1.030995170462679056e+02
1.242406235252487932e+02
1.098025749929805812e+02
1.185556312514920165e+02
9.801600819712272994e+01
9.897853193917130454e+01
1.309397012749400062e+02
1.018037725890083323e+02
9.517541535818097032e+01
9.184965858822559426e+01
1.244800284918525790e+02
1.104656740654078533e+02
1.169472333291373900e+02
9.255508811534490121e+01
1.094451409188914823e+02
1.164684198613448274e+02
1.103736770903818609e+02
1.353274629010157639e+02
8.961116664242378249e+01
9.948249684830273054e+01
1.175032814552467215e+02
1.055913575435384217e+02
1.054886394271164818e+02
1.102672339216690034e+02
1.072539314918573439e+02
1.092913677251369791e+02
1.095341496406576596e+02
9.883212240256632697e+01
1.212517284183928439e+02
1.222412122215956458e+02
1.083910399424952118e+02
9.352470418113084349e+01
1.181003567308562197e+02
1.332643725159027781e+02
1.036854235119711944e+02
1.029860661968784967e+02
1.162173412252317064e+02
1.131066420070894623e+02
1.116217844256691905e+02
1.011458685507998325e+02
1.104734630091148517e+02
1.217325273629743378e+02
8.726249602890480617e+01
9.857659319724325542e+01
1.227424146171539405e+02
1.025267054032772478e+02
1.221021312496252449e+02
9.717554251221953621e+01
1.206160504240364446e+02
1.123453335172740282e+02
1.111216817348554287e+02
1.164410072428642025e+02
1.096179180142637648e+02
1.071960303130692722e+02
1.034464490571858306e+02
1.081829507486617530e+02
1.175532998486148699e+02
1.014457909406135911e+02
9.567978014606559611e+01
1.078645083280887462e+02
1.114945859250341442e+02
1.115301622571245730e+02
1.247895536396698617e+02
9.358072120313329378e+01
1.249493118779014509e+02
1.393621530070512620e+02
9.909359004108559077e+01
1.046469488584268817e+02
8.810019720368656237e+01
1.123962594715840169e+02
1.176355567604943388e+02
1.051340469400930004e+02
1.073451294136156662e+02
1.197503033635437504e+02
9.383500973354237829e+01
1.089966009853640116e+02
1.241732375543265761e+02
9.725257022158712061e+01
1.123715159323166262e+02
8.519580753910936721e+01
1.142770667464100285e+02
1.195245267280003958e+02
1.067655542216545399e+02
9.189835347820226730e+01
9.584775151835691531e+01
1.099997127918110920e+02
1.436320229806232760e+02
9.701858260700232961e+01
1.082477865730268292e+02
1.296666374320607815e+02
1.084370789757340532e+02
1.100197739950111782e+02
9.118405076104605200e+01
1.022186424380527399e+02
9.894204095745872962e+01
1.010344948027973686e+02
1.077309053955796827e+02
1.066351170213450530e+02
1.173240904269022167e+02
1.215109146810224274e+02
1.373043621054010544e+02
1.073956216678664219e+02
8.714255028371229628e+01
1.085054208761411871e+02
1.068657291065792236e+02
1.022199810833381690e+02
9.505830449788349767e+01
1.107683488575991646e+02
1.129825837670956901e+02
8.957792029955919588e+01
1.093495488757841656e+02
1.299301149133372348e+02
1.149681008952397292e+02
1.116753077515731007e+02
1.188370099748180451e+02
1.020918368482864480e+02
1.067327620869054527e+02
1.003385812121846357e+02
1.063477522251897796e+02
1.025489089378619525e+02
1.034382804538155796e+02
9.617058317628364250e+01
1.174014850782548507e+02
1.286755512378504136e+02
1.135360630724857458e+02
1.058199770885409237e+02
1.146415950505676307e+02
1.149327266491345085e+02
1.119358574527233685e+02
9.445434360037181420e+01
1.270955575252379361e+02
1.012453333042060848e+02
1.143331039235989834e+02
9.797458404257639586e+01
1.044081238483233562e+02
1.095674103383501006e+02
1.090227007869041955e+02
9.756934349025219433e+01
1.122952232529499526e+02
1.029016090659596756e+02
1.122487788708059924e+02
1.213573719973000351e+02
1.057337916538081402e+02
1.087304752378501576e+02
1.115353405612767546e+02
1.092038614688255791e+02
1.132113844757910925e+02
1.004064579577655394e+02
8.950355773641942392e+01
1.072540155138596987e+02
1.350125458342630793e+02
1.007726916034466456e+02
1.425058632747723948e+02
1.170710169146914410e+02
1.123960853309644961e+02
8.984380477590667624e+01
8.107079271483596017e+01
1.144058664782869386e+02
9.362032176795426608e+01
1.021936499042255377e+02
1.060834109280615110e+02
1.087532183953765923e+02
1.308561284725981295e+02
1.097482412245124408e+02
1.158443534264438171e+02
1.153102613518678794e+02
1.415158869580179726e+02
9.829138975885976492e+01
1.092365415611845236e+02
9.089545286271432190e+01
9.764936960795044740e+01
1.203139929021945136e+02
1.121551203679420610e+02
8.626065240378999022e+01
1.040280750890184152e+02
1.144505308755025510e+02
1.004753161736751963e+02
1.153909873525479526e+02
1.278089045344993764e+02
9.888087781250330011e+01
1.214056059601479376e+02
1.098520537328000870e+02
1.073848664797589407e+02
9.032170078495752819e+01
1.210716058467443759e+02
1.090382602777320216e+02
1.270014395364943169e+02
1.204798896267534190e+02
1.036659513372630386e+02
9.179519906397329976e+01
9.844302895130272191e+01
9.485770627230130003e+01
8.646180587811930707e+01
1.230735933933143968e+02
1.083438431499480288e+02
1.060437030273282346e+02
1.317780070963555090e+02
9.713368904601185250e+01
1.057587682005272001e+02
1.345314598648985225e+02
1.003694738999083427e+02
1.137524730923757375e+02
1.006933192966370143e+02
1.123735791495752778e+02
9.025587461876038731e+01
9.192929319296344204e+01
1.352483363268427468e+02
1.155599806996755490e+02
1.009150994651910480e+02
1.021607075524332231e+02
9.085577371750652276e+01
1.071554606360059125e+02
1.245541550960018355e+02
1.168651850375846948e+02
1.048546966170219434e+02
1.147446789449930549e+02
9.710289545870583083e+01
9.833206501015131096e+01
1.240842774292250681e+02
1.114691992575301640e+02
1.151634327411046002e+02
1.051737841637743855e+02
1.083888636155159588e+02
1.083733439253566218e+02
1.095529856151001553e+02
1.206960319422742600e+02
1.095269594460303892e+02
9.975721240492580932e+01
1.004946381990820896e+02
1.131270482754495674e+02
1.135191831212144393e+02
1.099312439724476320e+02
9.898362711811248005e+01
1.090888010355186566e+02
1.117560646889406968e+02
9.568575111299388425e+01
1.255861781637890573e+02
1.110322696197060282e+02
1.054519660508800882e+02
1.081661340808837082e+02
1.088165318398839361e+02
1.194038689910106967e+02
1.043955059575427669e+02
1.163682357633853428e+02
1.001750329530780732e+02
1.144938092706665884e+02
9.573659413599560253e+01
1.154172536740442894e+02
1.046656850154091956e+02
1.225768922484332819e+02
1.236198874855211898e+02
1.232067915700636433e+02
1.048099304859029957e+02
1.053025114989834918e+02
9.347918611731415695e+01
9.859396774579990108e+01
1.211399554288806257e+02
8.419109310338140517e+01
9.770581057317565410e+01
1.379930530831196620e+02
1.030741852066421131e+02
1.059808111373588702e+02
1.010309252544535070e+02
9.624096267405765559e+01
1.079053090760556870e+02
1.226305547039762160e+02
1.211802193777749324e+02
1.039348041238839500e+02
1.013358409039244776e+02
1.022936823602658478e+02
1.156124530669056583e+02
1.087522183149570481e+02
1.089673322497836949e+02
1.183784624442253630e+02
1.040864716271533439e+02
1.160541975905630210e+02
9.445656751423280184e+01
1.133290816723772707e+02
9.899816686814244804e+01
1.262606719051481718e+02
1.026521997411236669e+02
1.306596154670165504e+02
9.218998690358981207e+01
1.135676665630626445e+02
1.108785746063432214e+02
1.042072221719757721e+02
1.155376102080861358e+02
9.613805654080896090e+01
1.163945880871029175e+02
1.104789025398790159e+02
1.028072339468941010e+02
1.159908904680487183e+02
1.322590900721215519e+02
8.631770795891434034e+01
1.162748818931346477e+02
9.775051785679688976e+01
1.064735862796721051e+02
1.110760904899462531e+02
1.161866776479844958e+02
1.128366828530591732e+02
1.186976315760833529e+02
9.925730090029443886e+01
1.128952226830041212e+02
1.110140824302401086e+02
1.203092514817249992e+02
1.141128087546998557e+02
9.971004440067815722e+01
1.258803695871859816e+02
1.199564802269498784e+02
7.695476419355151165e+01
1.061822139096185396e+02
9.541518990499874064e+01
1.294604553421065987e+02
1.233501788566247939e+02
1.151285417470731005e+02
9.776684710044615656e+01
9.325985806724723659e+01
1.282386788101849220e+02
9.612543632220035761e+01
8.829229568077370516e+01
1.138893359991933067e+02
1.095597446501043493e+02
1.119150018807781919e+02
1.081745516104622311e+02
1.203277263106876092e+02
1.157253288523920673e+02
1.071832223201411125e+02
1.151037010529468176e+02
1.001265580749540760e+02
9.762009456361853665e+01
1.201211952705683075e+02
9.752101750367663158e+01
1.181471386192106507e+02
1.082797857198641793e+02
1.181616664714848639e+02
1.054752355925677847e+02
1.081480975192326923e+02
1.060089613884629500e+02
1.061999994782314474e+02
1.095805765978962825e+02
1.059157103218886533e+02
1.247163805749702021e+02
1.030591387977096076e+02
1.032597381140589334e+02
9.496769011252202120e+01
1.183029381671008053e+02
1.171281315964960896e+02
1.102342872255815678e+02
1.122395377257374633e+02
1.038564604225270642e+02
1.043801093356538843e+02
1.028484821293745597e+02
1.023811851831285367e+02
1.147234703736839805e+02
1.262422382894355195e+02
8.967826446910345339e+01
1.229831450245335986e+02
1.150578125171871449e+02
1.022043975885590896e+02
1.097088410924244926e+02
1.125565285146143282e+02
1.093109039768984729e+02
9.536309292941909632e+01
1.242595705974334237e+02
1.370932938057622721e+02
9.736353198624229321e+01
9.672292680418870248e+01
1.362298215023143086e+02
9.624818269265058746e+01
1.099477450727143264e+02
1.108671194121962742e+02
9.732331500100319488e+01
1.024483531259609066e+02
1.126769605374205412e+02
1.130706354528286823e+02
1.266939374196972636e+02
1.034053786193157549e+02
1.074839995409948159e+02
8.918297879736194034e+01
1.125013254563887273e+02
1.133255983971927350e+02
1.181030188354780535e+02
1.059988174762261082e+02
1.125964386968914539e+02
9.204678432331805027e+01
9.826882866791459037e+01
1.211491804589889085e+02
1.095119565796990031e+02
1.051602448419729967e+02
1.053726789512037811e+02
1.146682621266822935e+02
1.123644751108034825e+02
1.076260869173212456e+02
1.026278989483549253e+02
1.064119536807753974e+02
1.129066876011967082e+02
1.149094410760544207e+02
1.073460883434110968e+02
1.028328788360746984e+02
1.199679870806594550e+02
8.743405063951122713e+01
1.215284269424779211e+02
8.898420925897215739e+01
1.277767383583928051e+02
1.016090694801615655e+02
1.019650767352786431e+02
9.549298458417321456e+01
1.066869274793454139e+02
1.030813571936461415e+02
1.286605289912543526e+02
1.338737394409345427e+02
9.589762658168625364e+01
9.823530666132022304e+01
1.008303748302842138e+02
1.264185759542597509e+02
9.648977203186370843e+01
9.871645199443302943e+01
1.149532457933731848e+02
1.189333647940946861e+02
9.941218438170703564e+01
1.035678584698629408e+02
9.817241581869561173e+01
1.236436401017558779e+02
1.082158284459453910e+02
1.182141303577408991e+02
9.057887000509970221e+01
1.123105734542409522e+02
1.154155890118249062e+02
1.016778357843702452e+02
1.168344674131906515e+02
1.165081163743179644e+02
1.162817435235510004e+02
1.111400767662432116e+02
1.005435423230385226e+02
1.214621587205394633e+02
9.054474987046823742e+01
1.126872091892807646e+02
9.843020143102486941e+01
1.188924174047684801e+02
1.134154987234995104e+02
1.010932006807948227e+02
1.093607621815219630e+02
1.132281074788408262e+02
1.109826832922513944e+02
8.022583804716123268e+01
1.326629191884416343e+02
1.024283187934227328e+02
1.043212699822487508e+02
1.183031882593687669e+02
1.004700822435958685e+02
1.042751519595809953e+02
1.235197816308596828e+02
8.994459818992987721e+01
1.146388818324999619e+02
1.103455701247662546e+02
1.030228774082440140e+02
1.021930414085259002e+02
1.324449979598475124e+02
1.111540768085514657e+02
1.017386292197326156e+02
1.204159156308847969e+02
1.177095014477273054e+02
9.901737487811966787e+01
1.127011530071654306e+02
1.038273474044716238e+02
1.081803301896268863e+02
1.066254571929739683e+02
1.156598216279344484e+02
1.077226875907278583e+02
1.005313005367311376e+02
1.174252666906251221e+02
8.331549137788616122e+01
1.041946180551831986e+02
1.270237981745356564e+02
1.060919472295495609e+02
1.108954330133648796e+02
1.185113633433647777e+02
9.128399820453535085e+01
9.997709207881547400e+01
1.239836543356186667e+02
1.039610724685135210e+02
1.047428789226326700e+02
1.259063438208991954e+02
1.103583023163219536e+02
1.147634035061474975e+02
1.244933151830302620e+02
1.170194614902268171e+02
1.087729842388645665e+02
1.154269328608088614e+02
9.788973047145564976e+01
9.765098913763652888e+01
1.186788194964643424e+02
1.189541136550329270e+02
1.019186446223600342e+02
1.203166972866549287e+02
1.095837689702003388e+02
1.025449417135616414e+02
1.020751493734503015e+02
9.494119829615229378e+01
1.070656943083689470e+02
1.196909315390052910e+02
9.235131729703981307e+01
1.230121552033996011e+02
1.150715110066799696e+02
9.712840815231902525e+01
1.077735624019133667e+02
1.239478332862474304e+02
1.094099785053418969e+02
1.067244230882746336e+02
1.104955401395759793e+02
1.075643393497426246e+02
1.275647933965676373e+02
1.167467682315331388e+02
1.112872321734813426e+02
1.055890578401951103e+02
8.494445520249841763e+01
9.898518688924282571e+01
1.234870766935221553e+02
1.098909018806811275e+02
1.046679939026823831e+02
1.251814794468494370e+02
1.118117552046394536e+02
1.047128288658962418e+02
8.399448894034982516e+01
1.164238541813066661e+02
1.022430648585224162e+02
1.037244739369665467e+02
1.320037455677860123e+02
9.484856604776328481e+01
1.063664487437698511e+02
1.112085447884922758e+02
9.660648317840218624e+01
9.646298848414929239e+01
1.111273845800335494e+02
9.842047355831654443e+01
1.292889383002326440e+02
1.185148182859978192e+02
1.146092277736321563e+02
1.050317195169937889e+02
1.130545869415712303e+02
1.125508546537087966e+02
1.190232364411165520e+02
9.855333616068790548e+01
1.135584773206919067e+02
1.094028943018495568e+02
1.050118776534289964e+02
1.187080227212581889e+02
1.161866399217594505e+02
1.005216064957575099e+02
1.075581886656871120e+02
1.054152265470847851e+02
1.261716285889545759e+02
1.108609885298929356e+02
1.127725069788097016e+02
1.025234442430755593e+02
9.652751151268557805e+01
9.967672948042061876e+01
1.167945218174218098e+02
9.269127925933278789e+01
1.222459778198288092e+02
9.401305856580297871e+01
1.248378631734792492e+02
