1.035978861721216333e+02
1.064251837387043622e+02
1.212554974344154743e+02
1.061759129728745847e+02
1.108096625866450751e+02
1.130689687398775192e+02
1.102259744889565383e+02
1.031653427125967681e+02
1.070226024123805928e+02
1.121834214490748423e+02
1.005039715476370361e+02
1.027913573620358818e+02
1.036047680930942363e+02
1.145718018490529175e+02
1.023118875891039607e+02
1.290678084971181931e+02
1.002461430793527626e+02
1.125122558904537016e+02
1.107024667781733882e+02
1.043489783230363344e+02
1.095099561674434625e+02
1.263135288223300563e+02
1.043747332636751537e+02
1.044808635623338944e+02
1.057746508432768309e+02
1.197534649113637641e+02
1.071013760241899888e+02
1.090343230135852934e+02
1.102061943455192647e+02
1.045660256155877050e+02
1.052872553275523018e+02
9.824434659172884210e+01
1.160064601850486952e+02
1.114516729870069724e+02
1.158475374395823820e+02
1.283345802747764139e+02
1.016492744278342855e+02
9.495259734490409187e+01
9.886907430496691518e+01
1.139209869497783671e+02
1.061311088467634107e+02
1.298997890763813814e+02
8.300789573311806180e+01
1.101752200315770409e+02
1.266342986446081937e+02
1.010654665050728624e+02
9.078013760951539268e+01
1.187874407386835145e+02
9.308785983534670549e+01
1.016557424465588184e+02
1.187737541770821963e+02
1.281578044472528290e+02
1.146884451074118374e+02
1.219581122494051186e+02
9.691875763815826872e+01
1.062053656136226891e+02
1.035294569356905328e+02
1.118556309983383983e+02
1.147946893698328665e+02
9.979135596087324700e+01
1.079263082338618744e+02
1.167649472186215718e+02
1.015209203990767293e+02
1.163515381184001853e+02
1.078129397321805101e+02
9.997361713182854714e+01
1.170600340851349586e+02
1.094164570521597426e+02
1.095742728216131354e+02
1.108295427211216122e+02
1.096174896473160061e+02
1.157215258131671192e+02
9.865890330555305354e+01
1.118042674967931731e+02
1.146478841519409428e+02
1.009359543129127701e+02
1.158448154399609962e+02
1.095949214660023756e+02
1.019797133090613102e+02
1.447814941195765073e+02
1.008505583449901621e+02
1.112306407249592297e+02
1.075317764079866265e+02
1.043795377565797082e+02
1.085578161800244033e+02
1.221488990110954802e+02
1.025061357262466686e+02
9.238508956208193013e+01
1.202443174374428736e+02
9.539133738814545893e+01
1.251221310179780488e+02
1.244398188935705889e+02
1.164544238906043603e+02
9.931514257087854958e+01
9.752494855218017733e+01
1.065817001785490703e+02
1.261587229437130162e+02
1.074941413245309434e+02
1.177257774476330496e+02
1.094854137682003881e+02
1.149194045425948332e+02
1.039204990274404850e+02
1.078268035018642195e+02
1.011314868252864443e+02
1.075891303267717092e+02
1.016599317831485081e+02
1.023626071616674409e+02
1.185149823410152976e+02
1.044669999078147953e+02
1.203922920064250945e+02
9.954765400768054917e+01
1.200659870084678289e+02
1.130646520718013335e+02
9.515244670093950674e+01
9.289926409234756477e+01
1.051908083782736867e+02
1.280771816517915909e+02
1.087995954203200171e+02
1.181952227838960141e+02
1.157854652670994540e+02
1.094259465395639808e+02
9.667042107652021343e+01
1.141892158372687334e+02
1.066764337732912225e+02
1.128055568635067942e+02
1.062305540872897041e+02
1.001751188951026705e+02
1.042999502832827119e+02
9.079612207157246928e+01
1.310268402375585026e+02
1.201603095496874118e+02
1.029905009923561607e+02
1.213862405039478460e+02
1.124900912938601891e+02
1.058682549317858133e+02
1.082181223301816573e+02
1.051463045841204007e+02
1.045919862332581829e+02
1.249888361209683865e+02
9.801276631699759889e+01
1.111921185709183248e+02
1.156800832945337163e+02
1.022312475397763762e+02
1.243307729638671191e+02
1.075783854406383426e+02
1.102263132179029697e+02
1.002618018241715845e+02
1.062108401842732945e+02
1.067204463415463209e+02
1.048751647178280422e+02
1.042258511506189933e+02
1.048109231667795314e+02
1.051597251638504105e+02
1.288836360869256055e+02
1.065895267935326558e+02
1.190688538492433111e+02
1.056588840695566063e+02
9.295209923711706779e+01
1.058676954063405589e+02
1.055001302887992267e+02
1.287465315877579428e+02
1.041952263315089766e+02
1.134976797341901573e+02
1.101774666621803362e+02
9.519225327368812373e+01
1.251175374226851886e+02
1.080355997386920421e+02
1.125895294642774900e+02
1.037407438390987124e+02
1.135132992378218262e+02
9.251410306230621927e+01
1.243835902695321352e+02
1.052434908341069644e+02
1.192097823938362211e+02
1.090177268236525379e+02
1.052028826209757568e+02
1.018748569903499259e+02
1.048419962387366411e+02
1.028718533602758356e+02
1.129773959319236809e+02
1.096143816559798836e+02
1.170459125645260343e+02
1.085338964324655677e+02
1.096431812567846862e+02
1.189761531042161948e+02
1.138272477016909789e+02
1.174840852884561428e+02
1.030669239693836658e+02
9.134209240328094381e+01
1.173014262472006379e+02
9.452451688005777442e+01
1.320819571373064889e+02
1.004788970699341064e+02
9.027609715724439354e+01
1.195097539743200628e+02
1.103766972166586129e+02
1.211118268420233477e+02
1.147984425121716470e+02
1.048171691665165355e+02
1.144476835419225580e+02
1.082440513737997634e+02
8.668803391981217032e+01
1.107979442129699663e+02
1.148501689733773219e+02
1.173906099783660437e+02
1.173100720542032747e+02
9.107049510827265237e+01
1.031878510163992928e+02
9.871267639721014575e+01
1.142996833912106212e+02
1.317849784550911352e+02
9.996592514373148219e+01
1.220661734189836238e+02
1.035685927378939368e+02
1.114402775598735644e+02
1.041506892216658002e+02
1.185799521127682823e+02
1.086424281628489439e+02
1.255509865094456359e+02
1.007722524626955192e+02
1.074046913589078827e+02
1.102949180901500625e+02
1.033308257374977188e+02
1.092241897746367698e+02
1.120877633818784744e+02
1.055516384299139361e+02
1.049794680874352508e+02
1.149289258168285528e+02
1.102213677562760239e+02
9.984672603137356361e+01
1.218147085905792295e+02
1.124692352088550962e+02
1.152352151158457900e+02
9.175277511472150138e+01
1.060080646725104003e+02
1.063947848073577660e+02
1.128741870428635252e+02
1.107782234767707479e+02
1.106985425606022488e+02
9.564177792020825564e+01
1.141901462674583030e+02
1.118536919168251984e+02
1.141998839940179664e+02
1.160328213012977869e+02
1.137027923569486347e+02
9.824641071584586882e+01
1.088994155121871898e+02
1.042833554200178838e+02
1.061374913132921591e+02
1.212212080051949243e+02
1.052297742939461358e+02
1.055153339340953949e+02
1.213602069450422931e+02
1.082982884671272217e+02
1.005654487348751474e+02
1.129184191098640184e+02
1.080798942740187840e+02
1.002884763327217712e+02
9.167615702633560204e+01
1.201236273782553212e+02
1.006875897828782627e+02
1.219680321799538945e+02
1.164471179221237804e+02
9.894536043461850738e+01
1.247360740276939310e+02
1.135623407146586885e+02
1.071911760430622280e+02
1.209339959654442964e+02
9.328318245079306337e+01
7.939906326863079755e+01
1.143357247281157356e+02
1.153191438732096543e+02
1.098077840017948290e+02
1.019696177355011741e+02
1.245906842277818498e+02
1.070812924403148259e+02
1.122570575876652583e+02
1.199516376244135785e+02
9.699374436278100120e+01
1.057056653915641107e+02
1.118791906924767403e+02
1.149019181361349240e+02
8.785139660898136071e+01
1.074688292051278182e+02
1.019250967218299735e+02
1.221351746641635430e+02
1.175937489801492006e+02
1.146407931840965091e+02
1.009006509031076604e+02
9.762342760717294254e+01
9.657606833736582530e+01
1.205022150729368065e+02
1.258061782364092380e+02
1.207192267431740902e+02
1.107017044789891571e+02
9.263000860249219670e+01
1.124426127172758783e+02
1.043841780848766803e+02
1.142399832466675633e+02
1.366414776571831737e+02
1.059591155057217549e+02
1.073183686643712917e+02
1.043312900035915618e+02
9.089054388226114156e+01
1.092143834539070610e+02
1.068903977609399192e+02
1.127681660924709774e+02
9.747498978776174283e+01
1.138225148044063957e+02
1.305035795771635776e+02
9.419127967228331499e+01
9.101386281845682902e+01
1.288671602755615311e+02
1.003514357980981231e+02
9.845470622821933659e+01
1.141292452665829273e+02
1.202041690194031389e+02
1.052484377460012581e+02
1.057705673834276183e+02
1.133719803637061432e+02
1.278171112266727079e+02
1.020121212809565634e+02
1.027521807208368330e+02
1.092370862201396875e+02
9.145274437981153426e+01
1.136732693205865417e+02
1.225015977167908687e+02
1.171242729533985028e+02
1.002143118215221449e+02
1.084523281330776570e+02
1.034438707704991600e+02
1.206953759740218004e+02
1.111142670535971035e+02
1.108420635460047379e+02
1.016846474702526848e+02
9.659700921578325961e+01
1.217566618534158351e+02
9.746145221700386685e+01
1.178521514258995353e+02
1.094063495010647813e+02
1.112290608914617138e+02
1.293184351033170572e+02
9.781313981414623981e+01
1.044223429546587738e+02
1.084529337782117864e+02
1.058220721223590317e+02
1.058565989531640952e+02
1.121225016505619152e+02
1.199083292598195669e+02
1.036849548508777445e+02
9.278140009128733823e+01
1.251012825617990103e+02
1.128270363741196576e+02
9.723969899813523909e+01
1.126497633659367779e+02
1.123380801401101508e+02
1.177298218468377797e+02
9.714214821165921876e+01
1.019092813519528704e+02
1.158549413915210096e+02
1.007610931373151715e+02
1.007206515580525661e+02
1.110211914217011326e+02
1.170281225589086489e+02
1.098955318843539288e+02
1.080156110628309563e+02
1.187263206768260773e+02
9.903850565128135486e+01
1.301256573632276456e+02
9.794627397245511702e+01
9.131374305947841208e+01
1.050459815633422238e+02
1.143672336845939270e+02
1.103123234496854224e+02
1.201418158206388966e+02
1.141024890038527673e+02
1.157176298883835983e+02
8.738360578813843915e+01
9.622645418684999186e+01
1.189871760034285444e+02
1.187374253074194996e+02
9.795614530646459173e+01
1.211009841849133721e+02
1.148614073039086350e+02
1.033311566730673690e+02
9.954786554836206847e+01
1.040735257116335788e+02
1.015784983427143118e+02
1.150587573633563778e+02
1.096985104186586142e+02
1.042667184789519013e+02
1.042573935976901822e+02
1.065124032068842439e+02
1.074441881814840372e+02
1.258179665437905328e+02
1.135266466469309989e+02
1.107473771015540933e+02
1.057792937286057935e+02
1.124683366123220338e+02
1.072379637527463245e+02
1.065392136442060149e+02
9.714792599159629560e+01
1.093605108443835974e+02
1.035627513306269094e+02
1.147045438002819537e+02
1.160732947093057277e+02
1.137140218371771141e+02
8.910786238842446494e+01
1.143828331636424167e+02
1.200563274800639135e+02
1.147124030785500821e+02
1.035181252969315864e+02
1.122727466085974442e+02
1.190010461156506523e+02
8.101448590816552553e+01
9.657576366704414284e+01
1.201119946875415820e+02
8.597166697319744344e+01
1.515958144622050838e+02
1.003922977897490370e+02
1.153998656444243238e+02
1.008293460129120547e+02
1.083954462358122584e+02
1.289194215231025566e+02
1.032945128342327479e+02
1.045930701305768764e+02
1.414109828832933431e+02
9.638017297607213152e+01
1.069097851816683544e+02
1.070631687872180606e+02
9.515331352037223667e+01
1.153911407186677280e+02
9.508732614144490469e+01
1.176711119652560598e+02
1.086235695784331057e+02
9.225068893769075373e+01
1.288466286096083024e+02
9.529501975147871917e+01
9.608259240723513983e+01
1.253259430803189076e+02
1.085203207012233975e+02
1.139400111080777265e+02
1.049385828947604580e+02
9.754372596074638579e+01
1.183149141470950667e+02
1.138159882281901076e+02
9.548319591687416619e+01
1.099685906861265465e+02
1.118875907542624333e+02
9.600917835408151291e+01
1.174209861315038808e+02
1.221135442420995219e+02
1.262223851368269862e+02
1.117522607566238122e+02
9.455196490245782570e+01
9.930658307869222767e+01
1.003818516945527364e+02
1.162439430787108279e+02
1.172465280108232406e+02
1.149187761253429301e+02
1.079268313165175215e+02
1.071373873090724942e+02
1.128416024694074764e+02
1.029922099540805220e+02
1.110322101125391043e+02
1.007003958862542987e+02
1.071896725456656867e+02
1.218129903048483271e+02
1.184635581829587494e+02
8.628547420412630231e+01
9.523799711853740746e+01
1.180752077221279563e+02
1.138664002495681160e+02
1.193153187481717481e+02
1.110289964272159295e+02
1.174014216885554731e+02
1.019540878038000074e+02
9.728037281478457032e+01
9.209001183575553284e+01
1.383631157179648028e+02
1.109016648172169681e+02
1.187465701157074704e+02
9.357549897573609599e+01
1.083901269828326974e+02
1.065201337009585956e+02
1.113207337691898573e+02
1.296222683157239715e+02
9.410284786127250811e+01
1.056917603435818620e+02
1.122077582423484046e+02
1.139626612092491484e+02
1.085756943124589498e+02
1.030940927564693368e+02
1.094610904226546637e+02
1.107081677414906977e+02
1.191874190904948421e+02
1.074378886154074166e+02
1.168865140166735443e+02
9.099205469963285964e+01
1.153859756599896684e+02
1.170464378794681579e+02
1.197214128020629147e+02
8.441402472440859128e+01
9.958968269769457038e+01
1.136651296098068826e+02
1.114717753218554606e+02
1.212626035833602174e+02
1.077740437141413565e+02
9.344630105455381397e+01
1.161471122797844515e+02
1.157871039360476146e+02
1.121371416516448249e+02
1.024885221921392002e+02
1.139036699028433191e+02
1.050634639322556723e+02
9.604993286189449009e+01
1.148178234923534262e+02
9.761639063002405692e+01
1.313346454185970913e+02
1.044631793726196491e+02
1.161446200724309534e+02
1.280620888727923159e+02
7.375798305409117006e+01
1.093510755205597889e+02
1.111346339542820658e+02
1.119568104785258100e+02
1.099911821200382605e+02
1.193344826503545164e+02
1.005485203103984304e+02
1.218713134187145783e+02
1.036304204148760135e+02
9.846767607587500493e+01
1.107944921404231309e+02
1.010345709629111468e+02
1.218384262377745415e+02
1.110088345363472939e+02
1.245930591810345902e+02
1.031819182156693699e+02
1.190565451040144893e+02
8.777768361981435419e+01
1.222347541043814232e+02
1.004995788272573094e+02
1.175680010535335214e+02
1.161924685840886724e+02
1.053508414141320912e+02
1.088163467128065491e+02
1.007894711539300232e+02
1.133889966853935363e+02
1.087228424045616606e+02
1.184416698056197106e+02
1.046965178280274245e+02
1.099719688342634214e+02
1.118718203733359076e+02
9.503826927468773533e+01
1.054940192265412264e+02
9.967538508200567549e+01
1.212854305105925192e+02
1.027218282066583015e+02
1.259682714627882660e+02
1.019357286087165591e+02
1.098569568416743891e+02
1.019441196862852195e+02
1.176381298731737814e+02
9.148660355642164177e+01
1.151010227896636451e+02
1.353773725780726522e+02
9.958691106284136652e+01
9.683390233713457462e+01
1.176554278313676178e+02
1.168787410802916185e+02
9.711292534888161754e+01
1.053432831137332784e+02
1.105903004950804984e+02
1.088423256679707549e+02
1.083408304522498611e+02
1.204326457350916684e+02
1.100988302597760793e+02
1.194212808745468095e+02
1.158277496110910647e+02
1.016314519902431783e+02
1.253583735347895498e+02
8.584145992536581105e+01
1.104763911729323382e+02
1.069690318692451712e+02
1.149233473811237047e+02
1.124025745883767229e+02
1.130752793975834862e+02
1.043845937855672616e+02
1.046745422962556091e+02
8.871809038311674556e+01
1.152726497360563513e+02
1.166183785600409664e+02
1.230977071753646896e+02
1.144663102481024453e+02
9.991327579709739837e+01
1.009169708787094635e+02
1.145303067653622691e+02
1.253905190968511789e+02
9.084804217864824238e+01
1.167705875783438074e+02
1.034275924379004721e+02
9.678234125231229257e+01
1.067226932458059281e+02
1.117495787305077073e+02
1.143373977350901356e+02
1.045641353627572414e+02
1.180004892818212312e+02
1.016178806915072812e+02
1.124876007987944604e+02
1.033048735393667528e+02
1.172702511568481469e+02
1.124903923212992538e+02
1.137810474528180436e+02
1.045958259634565337e+02
9.902742515365808629e+01
1.169705288290829515e+02
9.651558260552377533e+01
7.867353214549316931e+01
1.672112986261473964e+02
8.505390923022490313e+01
1.115488467609939676e+02
9.460723628441219546e+01
1.198391211401422538e+02
9.138243786321665141e+01
1.274101456213969499e+02
9.486805893726241834e+01
1.230448703441945639e+02
1.209935200293038520e+02
1.132313032847606991e+02
1.043772584436465820e+02
1.082209808017819626e+02
1.306985081524640009e+02
9.477899363316377901e+01
1.190522874009548246e+02
9.112161848850323054e+01
1.193016485772212434e+02
1.326478896978015598e+02
9.620212834779479749e+01
9.059923335353195739e+01
1.078529314748253398e+02
1.091512835257352378e+02
9.775137087847225814e+01
1.091131715437948770e+02
1.033748062974915598e+02
1.087691881810094117e+02
1.051493917520412964e+02
9.008139972702566922e+01
9.551179054833515636e+01
1.143749955622584196e+02
1.178889965833330820e+02
1.236134159334576736e+02
1.028544402934549993e+02
1.307484424665331915e+02
1.115065281286174041e+02
1.018527078245223834e+02
1.192800825994834497e+02
1.090750397083609187e+02
1.182367177915072318e+02
1.022657498655183446e+02
9.565375711743229203e+01
1.107865263485469995e+02
9.392449889130138274e+01
9.650485808544365796e+01
1.009576151314419263e+02
1.124815891758151452e+02
1.333704684188275564e+02
1.093698029770337428e+02
1.116741562602750122e+02
1.193268321041855273e+02
1.083694848296257334e+02
9.651181805953831372e+01
1.145670389080313356e+02
1.062035838266821912e+02
1.291018191329103502e+02
1.129555970272805752e+02
1.080549589337498588e+02
1.019296127029259651e+02
9.895265249742995195e+01
1.021791340426008929e+02
9.398820117496528326e+01
1.151271637684143485e+02
1.168595607939492709e+02
1.201923334039904034e+02
1.144020239335091134e+02
9.778681414554391438e+01
1.170415589502695894e+02
1.076499728985462383e+02
1.071568599384918770e+02
1.231564651271628463e+02
9.992630733212369876e+01
8.557672243744050888e+01
1.210067933181554594e+02
1.018265374169556026e+02
1.213792138472342685e+02
1.125543784323417640e+02
1.124566388537221542e+02
1.121104808581354462e+02
1.298111269851732459e+02
8.547112921703460131e+01
9.728256205669565304e+01
1.060043006397523726e+02
1.402130154683771650e+02
9.645504380231277253e+01
9.401163860289138086e+01
9.792391525890494108e+01
1.147350485229034973e+02
1.211450006016456058e+02
1.225726432108112931e+02
1.136900877188934373e+02
9.823078382829470456e+01
9.999387292197472732e+01
1.199802832910353061e+02
8.770347265049821317e+01
1.075708252729316854e+02
1.333823128698015239e+02
1.042015569422115675e+02
1.146337942423592864e+02
1.093132202192111038e+02
1.093250451363734186e+02
1.055285320517392194e+02
1.130750473646468350e+02
1.142392456920648129e+02
9.370292766669524553e+01
1.223873634760713998e+02
1.062251481665493174e+02
9.988429347403121028e+01
1.016105950618724449e+02
1.160479489466068941e+02
1.220734791000311219e+02
1.075391451510979692e+02
9.755716366642943171e+01
1.159417534402888350e+02
1.075506879138724941e+02
1.136623535505210469e+02
1.079589276563073525e+02
1.128929458262562235e+02
1.173284475988075997e+02
1.114269048239600295e+02
9.885913469992085822e+01
1.016006350807686403e+02
9.512530861597159060e+01
9.916027028096668516e+01
9.733120186098234683e+01
1.238961422001233927e+02
1.318308144293252440e+02
1.055469054778841524e+02
1.168067383889794115e+02
1.034760552542268925e+02
1.097869928848027712e+02
9.290390222324758440e+01
1.245584762389311209e+02
1.021964863841023998e+02
1.218026909784316985e+02
1.028140456879266651e+02
1.046674593484542868e+02
1.263835919099384739e+02
1.009902632200534214e+02
1.199060348392063844e+02
1.187453212949823467e+02
9.323243662630054018e+01
1.084974466554715491e+02
9.595124104780315122e+01
1.176298833554613452e+02
1.053355907065636643e+02
1.114787266375507500e+02
1.167495139218880240e+02
1.247886571597222769e+02
1.081020545233631225e+02
9.047222532332145306e+01
1.110294569381109966e+02
8.986726827643975923e+01
1.074673554839124137e+02
1.174548964853433546e+02
1.082675438186302159e+02
1.206222332809097253e+02
1.015150207357045531e+02
1.321316912277345921e+02
1.076481672278752200e+02
1.008438370677867795e+02
1.099348676785020018e+02
1.035284374709131612e+02
1.011234848589835593e+02
9.866742523601449477e+01
1.099129857869603200e+02
1.242646269547109625e+02
9.950675256754200859e+01
1.212985053040390540e+02
1.474173532274365925e+02
8.308214770149034223e+01
8.884569746155531789e+01
1.283646353720129127e+02
1.130873709609347202e+02
1.035695119013422811e+02
1.132094602834424535e+02
8.408189640123838160e+01
1.063562924355564689e+02
1.048893981711539851e+02
1.234821061294493774e+02
1.071890518661635809e+02
1.038368977992570024e+02
1.111700534126056397e+02
1.060964895906817844e+02
9.547092163075836879e+01
1.303934607077802639e+02
1.033128784003949505e+02
1.165684613135203307e+02
1.021834218618789691e+02
1.053188021932401313e+02
1.144562050863211624e+02
7.721192837981384116e+01
8.597817190194302839e+01
1.029268606696483204e+02
1.328917788948791951e+02
1.234094518812235606e+02
1.215573332643263740e+02
1.090369196289272793e+02
1.021510510232841256e+02
9.422023940014733512e+01
1.078816449758734990e+02
1.235849150361168256e+02
9.058729169036776341e+01
1.038190798290613941e+02
1.040646222657919964e+02
1.006538815503417652e+02
1.342622299342073404e+02
1.167501033839074438e+02
1.105110322858202920e+02
1.099231643099062552e+02
1.056847328555012098e+02
1.057770814494403879e+02
1.145275485594740275e+02
1.104418479604972845e+02
1.006061745944828232e+02
1.023523034346361413e+02
1.445681338843738217e+02
1.118731557057126906e+02
1.075977703937562922e+02
8.678924757737618734e+01
1.122727067689664437e+02
1.182644434302409167e+02
1.063318950363568405e+02
9.900991428049509580e+01
1.252805375030786621e+02
9.512137120669534340e+01
1.091495085825461615e+02
1.018656567088386993e+02
9.828742486528828692e+01
9.906992649561935593e+01
1.218979298072257791e+02
1.058125941620925232e+02
1.077969869387356994e+02
1.062731894310221605e+02
1.036636097628426256e+02
1.129345740590949561e+02
1.130432731252919609e+02
1.123451488218399135e+02
1.107528786448242926e+02
1.100063895951136743e+02
1.124499338757451170e+02
9.580188891508210247e+01
1.221630386123204488e+02
1.034812239456802985e+02
9.423408592934310946e+01
1.120577006786577385e+02
1.137440375895162248e+02
1.039148070848691248e+02
1.103727152092484118e+02
1.190733053862231685e+02
1.192026479576866649e+02
1.117196024440117981e+02
1.181226387026465403e+02
1.086790148871340449e+02
9.767547995856827470e+01
9.889621301504135431e+01
9.770305217253380192e+01
1.221239269453835306e+02
1.313094622674363166e+02
1.073168713631576878e+02
1.029681463112361968e+02
9.285967497514302238e+01
1.062635848155854745e+02
1.045408563818256482e+02
1.047777417182241209e+02
1.201284197867962149e+02
1.072833432074920950e+02
1.125767685158406408e+02
1.001800492655309398e+02
9.973440131680384013e+01
1.163515814717267176e+02
1.157330048509541456e+02
1.124784538601700064e+02
1.162991260944163372e+02
1.145304784959966895e+02
9.364321759118868727e+01
1.213149492001183773e+02
9.533794054767841430e+01
9.141352526139058909e+01
9.916069533734406605e+01
1.051068798728842779e+02
1.301973918230626452e+02
1.143712778205947416e+02
1.094383815736537429e+02
1.244042303043150497e+02
1.145517713755167932e+02
1.058282407468146857e+02
1.047611941761460344e+02
1.026169710641130166e+02
1.017951946567827548e+02
1.164053614147188682e+02
1.005295363237662372e+02
9.599906754779271978e+01
1.175052317918403304e+02
1.199231338483315881e+02
1.027274605286635278e+02
1.131369349304650314e+02
1.141743893276154154e+02
1.045177313295786945e+02
1.089115978610491737e+02
1.031800047552313515e+02
1.123618441075073804e+02
9.890893387354256561e+01
9.534048661833799088e+01
1.273332074860665131e+02
1.184624917125155008e+02
8.940406894855354381e+01
1.140362060217711928e+02
1.027444935914296593e+02
1.090585773753467294e+02
1.345778449461533341e+02
9.529816913538253687e+01
1.094581264615494263e+02
9.909481185414375659e+01
1.386436649382987696e+02
1.000694075864390271e+02
9.525307853817882631e+01
9.902761369175068751e+01
1.066473274135754536e+02
1.193074719287503456e+02
1.118632697790402659e+02
1.157932275323868510e+02
9.853529962762486605e+01
1.032656682429113744e+02
1.265681470582842394e+02
1.132158498145855816e+02
9.611812081940169605e+01
1.033956553522197197e+02
1.096828564355671602e+02
1.228830269507520825e+02
1.047364537483637719e+02
1.133125525554110453e+02
9.910256711719009104e+01
1.124989276161475402e+02
9.985105990578290402e+01
1.179946058048492858e+02
9.716554949625246707e+01
1.198787989060492265e+02
1.046007808049680534e+02
9.681344948870552969e+01
1.207660269429094626e+02
1.057599426134664213e+02
1.023109507108795100e+02
1.003344256167976596e+02
1.258433480689230208e+02
1.143738460455329431e+02
1.046646128785493772e+02
1.168804886271732215e+02
9.897417997723279370e+01
1.102460077991227365e+02
1.047085552977512748e+02
1.003686284266129150e+02
1.267076808951492524e+02
1.053883546187491191e+02
1.040760330225445642e+02
9.234035015757433484e+01
9.863018057021689344e+01
1.159999280404908291e+02
9.120918044101644284e+01
1.302404033170235209e+02
1.046555053521196328e+02
1.088926418746741263e+02
1.077268212598688280e+02
1.107163396366574375e+02
1.247301051416776403e+02
1.188983457984301850e+02
9.773363866675158818e+01
9.727799006267804316e+01
1.041697120596190729e+02
9.044019359383425183e+01
1.027591691579558102e+02
1.168375708205252863e+02
1.159214906726168124e+02
1.199666242226645068e+02
1.087536901158393476e+02
1.090659246804215172e+02
1.052505393138825411e+02
1.088300760369348410e+02
1.116796867477606270e+02
1.128692187323077434e+02
1.130996755351353755e+02
1.069385354140298716e+02
1.122691862240071998e+02
9.923699269809353041e+01
1.106042971664504648e+02
1.036524717577551655e+02
1.180796869364069579e+02
1.131628466717530017e+02
1.039198678253447383e+02
1.076936034480186208e+02
1.074978858334379908e+02
1.045917062707439698e+02
1.181814433244085194e+02
1.031562520163773797e+02
1.078323916484282847e+02
1.143999057985882217e+02
1.151664125220156336e+02
1.037273535699091411e+02
1.111768160129718410e+02
1.024032734032244889e+02
1.067789991420352891e+02
1.176349220055384421e+02
1.075593742650817148e+02
8.936226467804598883e+01
1.162858695690346309e+02
1.392890673073154062e+02
9.404455782716289036e+01
1.115579154243879429e+02
1.129488441667810861e+02
1.175399750376992642e+02
9.482644952060802268e+01
1.453806242918247449e+02
9.048722734139720103e+01
1.054063168068192908e+02
9.613899341676749088e+01
1.043953348339359479e+02
1.090018078922812350e+02
1.041969021826041200e+02
1.029289175812492658e+02
1.209600787011676459e+02
1.185079020165716059e+02
1.105867091151207688e+02
1.003428289944037886e+02
1.053985138800523629e+02
1.169153183382761227e+02
9.983726213358053769e+01
1.106478558246144246e+02
1.119958123421797609e+02
1.115445968453565797e+02
1.046765271409784077e+02
1.135694110287657139e+02
1.098117816176273607e+02
1.112471525434255852e+02
1.057291805701800342e+02
1.113280305715308458e+02
1.025556832390115432e+02
1.164345351478778383e+02
1.044254779968081550e+02
9.607031813008482857e+01
1.514418138076121636e+02
1.052466354094542424e+02
8.899404115353809175e+01
8.789472989297975403e+01
1.030075209751112908e+02
7.811993196734923117e+01
1.097389294134351445e+02
1.261306728725638777e+02
9.864216401086454766e+01
1.444196678374681824e+02
9.623231875402011326e+01
1.075893981234693655e+02
9.572230524103451899e+01
1.034178250998091215e+02
1.034549795086185355e+02
1.151437909731849061e+02
1.283189261044428235e+02
9.515252606458884088e+01
1.232833865836239937e+02
1.070236347728227457e+02
1.180679070493320921e+02
1.044731731859606896e+02
1.069875323108457081e+02
8.999929056483669854e+01
1.162323974272225513e+02
1.065680383808224292e+02
1.242496976116939038e+02
1.193990132629896976e+02
8.944294885213751911e+01
1.063700231992051641e+02
9.899254857159804999e+01
1.150161950536475217e+02
1.180465776843241059e+02
1.155135592882080431e+02
9.572685879390570562e+01
1.051667861646441651e+02
1.035522953240156596e+02
1.187335306615787687e+02
1.324674408959733967e+02
9.045918372647525985e+01
1.000264383306663944e+02
1.172891952114393632e+02
1.001943431444192214e+02
1.014320416156631239e+02
1.068929313217018660e+02
1.036214864269854559e+02
1.283834410754346607e+02
1.105936038650993112e+02
1.169704424519831463e+02
1.052289833915351522e+02
9.485121680156444768e+01
1.221658729161529209e+02
1.074994335119663305e+02
1.250594333707496872e+02
1.275800286062715116e+02
1.015229751023094593e+02
8.350830629897123458e+01
1.168640629252041094e+02
1.008965449263160394e+02
1.014435333911586952e+02
1.122201542127719165e+02
1.125950140444328298e+02
1.162444004925177126e+02
1.113154938175141240e+02
1.070525592783788227e+02
1.106506200167521712e+02
1.073647307587167461e+02
1.032377301993987970e+02
1.146038173661818433e+02
1.003424725631059289e+02
1.059626600076287133e+02
1.169603323824303942e+02
9.127779358942859744e+01
1.174102479515189401e+02
1.130386752324204451e+02
1.068329141249590180e+02
1.106962278181748331e+02
1.079873102725386644e+02
1.059181014531864520e+02
1.273092985246345421e+02
1.051956887684682727e+02
1.005060899940641264e+02
1.080405608111140623e+02
1.110304732737520084e+02
1.212908092297678309e+02
9.789147504664428823e+01
1.022799553737392131e+02
1.175812958236511179e+02
1.218248088714854305e+02
8.934793377793093327e+01
1.253637892699637320e+02
1.068489742189583040e+02
1.091852097583809496e+02
1.028240961224568082e+02
1.074990679324363470e+02
1.027429237685382759e+02
1.036325284685724881e+02
1.003173959183101687e+02
1.258588373738926975e+02
1.032396962835112078e+02
1.087334473524677350e+02
1.126053182720791597e+02
1.054798699975361842e+02
1.025763191753773356e+02
1.018825794606465962e+02
1.228975225058186567e+02
1.154055583793752788e+02
1.057978345059310641e+02
1.228142842572830773e+02
1.153295772747405721e+02
1.014189705373435970e+02
9.967755112376804050e+01
1.076281412141018592e+02
1.096525297749685137e+02
1.070774735682279726e+02
1.015218014249721818e+02
1.215432116113957051e+02
1.149376619353118087e+02
1.077478044990909467e+02
1.043099322011070456e+02
1.087358166753064950e+02
1.071634673490459733e+02
1.033612780963894551e+02
1.052754239874566622e+02
1.060694414346273931e+02
1.089656688634087089e+02
1.248090219723634249e+02
8.732697148602505877e+01
1.018362290831753825e+02
1.013814930418817539e+02
1.128540335329650759e+02
1.117831511188963276e+02
1.300947287750273347e+02
1.192367029201359969e+02
1.041551965597608813e+02
1.023351851962276129e+02
1.097169383079356919e+02
1.218097861039771601e+02
1.041384203731880689e+02
1.102637976597225560e+02
1.043245038568864658e+02
1.048697734041685692e+02
1.117746049307579170e+02
1.072672056581238138e+02
9.624528933660918995e+01
1.059864744825563463e+02
1.077278441770015007e+02
1.273388824659616176e+02
1.005450649082920052e+02
1.041735624202239165e+02
1.139343873659965567e+02
1.222170691454401208e+02
1.141881902354550533e+02
1.081392596080083166e+02
9.445645753859311355e+01
8.434309126284084357e+01
1.033383252943584978e+02
1.120608338038824883e+02
1.260262866238754356e+02
1.068600454569627374e+02
1.182209736977930419e+02
1.134982867923399539e+02
1.108689439299219117e+02
1.125498940197424815e+02
9.464876285431213887e+01
1.115228696074814678e+02
1.095484671991268897e+02
1.251809310376518312e+02
1.052049061563032808e+02
1.093933320604288753e+02
1.111382563153418062e+02
9.958112084399706987e+01
1.129825488130809106e+02
1.050921385147644571e+02
1.248271992125761045e+02
9.686097796115882375e+01
1.029078532849706704e+02
1.198945136922565666e+02
1.086800018895175981e+02
1.011876227723034134e+02
1.109995417956760946e+02
1.250807413848753384e+02
1.300535186923811182e+02
1.041600742423249244e+02
8.769982259269434621e+01
9.708835958927541299e+01
1.055017039002344177e+02
1.130542955753582959e+02
1.128100639167407451e+02
1.099375324866619366e+02
1.166983986249533132e+02
1.030095438606171001e+02
9.653138123419306282e+01
1.165251475643292736e+02
1.060215642921772314e+02
1.102877338481160052e+02
1.221501198685150058e+02
1.051291004890936591e+02
1.166858582450840345e+02
1.222188149297328437e+02
1.110059616301412859e+02
1.261172174849723859e+02
1.062595967987426633e+02
1.013641074906113317e+02
1.079415500019954806e+02
1.029411148343985190e+02
1.095181754817766517e+02
1.258367998641698904e+02
1.170382898233991256e+02
1.206016290889657228e+02
1.144957625569810205e+02
1.114033171083707572e+02
7.929275962809190048e+01
1.233912602495937989e+02
9.910444641128023591e+01
1.108469180150766675e+02
1.098309451124192009e+02
1.074213318086752906e+02
1.145386810752091264e+02
1.026408650895463950e+02
1.111650253815456040e+02
1.226318741239882399e+02
1.225577204227107586e+02
1.080997099249204751e+02
9.574386993535983947e+01
1.080334613254674139e+02
9.617720174582778725e+01
9.197524741005679516e+01
1.251451261932175925e+02
1.196724856019699814e+02
9.208829808982261511e+01
1.161919794637571499e+02
1.069269750161839028e+02
1.078388463583552408e+02
1.051961684822223191e+02
1.197041498052561508e+02
1.065568984170105722e+02
1.168351185627736299e+02
1.098127730318503694e+02
9.111914048270226374e+01
1.133036490359628914e+02
1.177191424529876684e+02
1.080296694195751144e+02
1.159485866355312851e+02
1.124595220352812959e+02
1.026043251592585790e+02
1.260686183521665384e+02
1.217119524768114047e+02
9.870991070225019826e+01
9.606918280140816080e+01
1.138676112439140979e+02
1.132077642178795003e+02
1.087201820998524227e+02
1.099386830858950930e+02
1.083231386641707843e+02
1.020052581245497691e+02
1.181192964895828226e+02
9.758300748440341010e+01
1.099106253028194686e+02
1.052619690221053617e+02
1.194660735692921349e+02
1.024782925557889399e+02
9.631453337880286369e+01
1.212265638134222741e+02
1.087097508437942821e+02
1.112677258725290130e+02
1.001233923159892356e+02
1.154916480493923245e+02
1.113066802739642327e+02
9.857991610871164312e+01
1.345399642520395957e+02
1.078473327215277493e+02
9.891628823320883157e+01
1.036088502440424151e+02
1.184374450331432200e+02
1.197181610335775872e+02
1.061249430429323724e+02
1.179823153787500019e+02
1.240714977791472506e+02
1.100905752013862866e+02
1.205008793919463415e+02
1.183823043414565745e+02
9.819417038923653251e+01
1.126706828785341798e+02
9.672529793494994976e+01
9.203536615546646260e+01
1.227372304724848391e+02
1.083633542603304960e+02
1.188553566545518407e+02
1.086398294772079964e+02
1.084130947163434797e+02
9.550723224813168599e+01
1.251498016306552898e+02
1.013292747371165490e+02
9.908762265365305666e+01
1.118790002411310809e+02
1.121586996434972150e+02
1.111249106964665714e+02
1.191781043284714769e+02
1.097353762915562072e+02
1.200472394839478198e+02
1.045504476174733242e+02
1.091098023411445723e+02
1.010359976022015616e+02
1.106385168860022503e+02
9.844697646327828977e+01
1.212190360760402967e+02
1.089726535443113562e+02
1.020440223542633902e+02
1.232430095091235103e+02
1.041810328068020368e+02
1.008823785646435596e+02
9.994191720698219683e+01
1.055599923005828487e+02
1.064738623276519291e+02
1.093897358448051591e+02
9.848367046738171382e+01
1.070763992184849798e+02
1.059054221302455119e+02
1.120941099167592228e+02
1.251366997742315164e+02
1.071546175862931278e+02
9.926096005087097751e+01
1.219140359967289697e+02
1.008583617535658021e+02
1.062282196653125936e+02
1.206009531985847900e+02
9.968850509871914767e+01
1.212386917149785432e+02
9.866941858691457412e+01
1.083067335502340569e+02
1.032474955303766819e+02
1.075859116745591564e+02
9.880813359664036000e+01
1.103199203747419972e+02
1.178005272293809895e+02
1.175146299417042570e+02
1.031878712030590748e+02
1.117472540335992477e+02
1.048077725649976202e+02
1.029948508726453440e+02
1.039733741323547349e+02
1.052208864919258104e+02
1.279516005472663096e+02
1.122305652447928992e+02
1.160637138841780711e+02
1.007478333814161431e+02
1.030970469968077197e+02
1.205133185184538434e+02
1.046717085877518940e+02
1.029656426936880678e+02
1.161884132261702405e+02
9.202391455683617494e+01
1.033528876077321144e+02
1.285117595840376623e+02
1.168958693932129762e+02
9.460153167215736403e+01
1.178105753116315952e+02
1.049178646448568486e+02
1.145156721260196235e+02
1.208547715379967542e+02
1.020958437320450685e+02
1.110894167975676936e+02
1.047358897554025958e+02
1.054267987499296453e+02
1.125821134146048337e+02
1.110772992847657861e+02
1.074285606440682983e+02
1.061511690563830399e+02
1.013596915181645670e+02
1.321429581229057817e+02
9.492825168046323370e+01
1.029292723483096808e+02
1.052938903487335551e+02
1.263482554884422626e+02
1.323415132500142022e+02
9.758955999627376343e+01
9.562158191603370483e+01
1.091822675570409586e+02
1.060689101086830988e+02
1.257677597990729197e+02
1.012661037519300038e+02
1.084452247538670662e+02
1.023461564912040274e+02
1.035540260814405968e+02
1.161108525696724740e+02
1.183727094489424587e+02
1.057358350110917371e+02
1.013514108010024586e+02
9.222143576140949506e+01
1.191886830767740406e+02
1.202860530922238809e+02
1.124429993715567946e+02
1.214567297750152193e+02
1.112051483284373177e+02
1.126034767694709586e+02
1.000078673886572460e+02
9.554840193915299551e+01
1.021115387530771699e+02
1.173043536897291972e+02
1.070884357858239611e+02
9.773166942832484949e+01
1.065403484039798059e+02
1.209920147722015855e+02
1.060526856307609620e+02
1.078834282220536664e+02
1.332695491841568582e+02
1.051343696125141065e+02
1.004407853871597780e+02
1.136710609650627362e+02
9.611172941166418582e+01
1.118798462962789557e+02
8.545945010156910371e+01
9.558628386935359345e+01
1.276189129872988275e+02
1.057312902271716553e+02
9.976277494510112831e+01
1.161782682348592033e+02
1.232265946497777094e+02
1.072159708664986795e+02
1.074553860920391060e+02
1.082679544717583866e+02
9.070737693553131464e+01
1.094966184178744442e+02
9.931642477808262015e+01
1.047222858024174030e+02
1.168983606463149840e+02
1.079464627675655350e+02
1.172134341474806689e+02
1.245607921143544985e+02
1.074637262500921793e+02
1.231135205663557031e+02
1.176507028100261749e+02
1.168372498210447930e+02
9.861929129474206945e+01
1.015990168102401867e+02
1.123301353227145540e+02
1.101280209193273691e+02
1.161807587021963144e+02
1.189727524817753306e+02
1.272595000197096198e+02
1.036806342897343569e+02
8.915768671572486426e+01
1.034033753529405431e+02
1.122083386428057850e+02
1.000026077580206021e+02
1.096209271834133858e+02
9.928040925035145392e+01
1.124309374897118516e+02
1.121496746407642320e+02
1.174081192969612317e+02
1.011428513195959482e+02
1.115615327056695776e+02
1.251407618115336788e+02
1.147533631993828749e+02
1.118865895540226063e+02
1.116834712563964729e+02
1.137945378757461299e+02
1.106629095735757460e+02
1.046133045142557734e+02
1.137931249190591245e+02
1.414634733482212994e+02
5.123313308677485622e+01
9.929359897879240293e+01
9.908846943933643558e+01
1.053641068826582057e+02
9.122908535311609057e+01
1.138559004663099614e+02
1.057767626931711078e+02
9.891772094379537350e+01
1.118915257768426841e+02
1.140015484100330667e+02
1.114704290304118075e+02
1.203930660804751938e+02
1.107785042861131188e+02
1.050548747676107695e+02
1.111751699294939897e+02
1.063826640801668901e+02
1.008896020400771931e+02
8.312929539931506895e+01
9.682260463665274131e+01
1.255940772830469427e+02
1.100745904350155797e+02
1.073721050071845866e+02
1.257525437980751519e+02
1.017206530899615871e+02
1.170753080598429676e+02
1.194950349481236316e+02
1.042340284710815297e+02
1.033200693088337232e+02
1.085242992104845001e+02
9.324058562577911857e+01
1.279399722429201773e+02
9.628504858749053597e+01
1.105354957755184131e+02
1.237740789274561592e+02
1.061752872685744933e+02
8.378802164600928393e+01
1.147904738399297884e+02
1.054477414394258687e+02
1.207720170219350422e+02
1.150628958093144405e+02
1.126282507993260822e+02
1.016702485528738578e+02
1.056997574434495277e+02
1.062665632787609695e+02
1.088768425350056361e+02
1.142923945974181521e+02
1.012729491697275108e+02
1.196207105903254728e+02
1.005478687248553484e+02
1.200942030471586008e+02
1.105585073078806460e+02
9.501178155630179845e+01
1.180190233960744592e+02
1.117122743584103262e+02
9.677762402466935043e+01
1.106703763264842166e+02
1.255502111212675231e+02
1.199630673486207399e+02
9.579713317994574595e+01
1.078605480710952378e+02
1.178381933418788492e+02
9.990636493605828150e+01
1.175794087259370428e+02
1.050908393035153665e+02
9.940632971019749675e+01
1.172576237904701770e+02
1.029931667365387113e+02
1.044415505272382774e+02
1.318209257348796370e+02
1.207006623147081257e+02
9.457724899118595374e+01
1.103242779055569969e+02
1.268521550194179923e+02
1.074522758639532043e+02
9.341129777972899717e+01
1.150980432802092963e+02
1.060406263517704133e+02
1.064573243256242847e+02
1.062528881030247163e+02
1.052224891111110168e+02
1.182051714653753152e+02
1.101352184807832657e+02
9.315986191988423570e+01
9.442535828774906292e+01
1.040585656774124459e+02
1.134940585095787071e+02
1.108658698971726011e+02
1.051903377487448950e+02
9.538027712084213761e+01
1.238985271384480740e+02
1.125042680542732683e+02
1.081596645885246630e+02
1.042984110792753256e+02
1.066794728361355737e+02
8.561823741529642007e+01
1.442760204006138451e+02
1.142248203580021766e+02
1.021939894786830507e+02
1.013709837256381263e+02
9.516689851708891013e+01
1.151155459319398062e+02
1.054343711390139475e+02
1.145381796447009037e+02
1.177679885838300322e+02
1.081707005397156252e+02
1.095509476159237323e+02
9.614334548251319745e+01
1.239705515125647963e+02
1.166377971205012045e+02
1.139429982270130211e+02
9.441530539527077792e+01
9.984694997345262379e+01
1.107432007704124999e+02
1.055560718571746293e+02
1.084347754047373229e+02
1.186495813661911427e+02
1.183120569604763972e+02
1.030799886120824880e+02
9.607394640884363923e+01
1.086944616490368816e+02
9.052347512200024937e+01
8.166119534124023005e+01
1.300530056212815566e+02
1.364865619910897294e+02
1.252099130256581105e+02
9.037899795020705085e+01
9.530078309973809780e+01
9.954976000008345238e+01
1.233936814058351956e+02
1.233639138580677326e+02
1.050478652049412460e+02
1.108658499440998781e+02
9.522397962157043594e+01
1.061914356571690661e+02
1.325408210462814509e+02
1.094483652755133960e+02
9.343819548254774077e+01
1.144885787542681612e+02
1.173637718430412633e+02
9.815538664055166862e+01
1.073886407972478594e+02
8.377885094756905460e+01
1.266066284924908132e+02
1.180390243558815939e+02
1.279464938967467873e+02
1.047012068399742617e+02
1.120005348464209476e+02
8.521009335263339324e+01
1.113132823003033565e+02
1.108856248218920939e+02
1.034368055392244798e+02
1.237969717534653853e+02
1.117671241947734444e+02
1.124144092579858949e+02
1.061085518408356592e+02
9.834565524017395433e+01
8.268611938650977322e+01
1.162483283466381181e+02
1.098787184600561488e+02
1.242142317793043702e+02
1.241854047188630261e+02
9.917907873916016115e+01
1.202255579979964750e+02
9.913173185168253099e+01
1.058471343684272767e+02
9.395070887015619121e+01
1.205935229731444593e+02
1.145693493187509375e+02
1.119227572341955437e+02
1.155182901936255746e+02
1.075749337670344232e+02
1.152140158507643690e+02
9.886938598405507150e+01
1.058353594258178134e+02
1.128851788191463186e+02
9.623877653783651454e+01
1.070811892157684042e+02
1.318301915395311994e+02
8.894276979684751439e+01
1.190607349847849150e+02
1.145713050734007936e+02
1.068687454187382571e+02
1.025457014325802874e+02
1.165681481978942458e+02
1.168925961865255800e+02
9.715440710433776417e+01
8.937893688297585015e+01
9.341295830072051842e+01
1.194167431702944810e+02
1.209661173619729908e+02
1.065348266885280282e+02
1.222294175640251268e+02
1.087168561399389688e+02
9.699506087067653937e+01
1.184095292663879064e+02
1.006660306803396310e+02
9.831079157186850637e+01
1.099459770669076022e+02
9.843709711196999024e+01
1.163389314076883494e+02
1.154333401434453208e+02
1.180398571073571929e+02
1.117040367277749056e+02
9.788177661164654353e+01
9.261751551439213870e+01
9.138293534682664188e+01
1.192643200681198863e+02
9.457855566488808563e+01
1.160102056581714720e+02
1.335182968190433996e+02
1.039344694629385089e+02
1.185586798989664032e+02
1.151395734532479054e+02
1.110501303501277732e+02
1.177160163850897874e+02
9.089877111157387901e+01
1.032127755583299802e+02
1.003848628947608290e+02
1.295303815649612318e+02
1.061540081801760351e+02
1.236314947461483058e+02
8.483507784973086530e+01
1.051655029010571099e+02
1.036551761024195031e+02
9.039360785400270970e+01
1.074252467468580647e+02
1.223804596806164398e+02
1.206690825052588849e+02
1.066961421548217857e+02
1.050543073999142223e+02
1.169898006793810055e+02
1.070572093189857270e+02
1.078693581454167543e+02
1.120967899322133974e+02
1.078610244845782802e+02
1.115090235011105477e+02
1.064373062060691808e+02
1.082614018440457500e+02
1.097955038689276250e+02
1.162051446245822177e+02
1.039623331486903766e+02
9.326935345674321809e+01
1.247700341484970465e+02
1.201108595036224642e+02
9.168980959896374827e+01
1.072848111886013669e+02
1.104795821731209031e+02
1.059915683420435499e+02
1.073605451090280098e+02
1.107854504451875641e+02
7.860889366746158657e+01
1.219012989751883680e+02
1.189971212324587952e+02
1.045078578212951186e+02
9.088890671921429032e+01
1.189348812837761358e+02
9.969619203985890010e+01
1.091099714624886303e+02
1.030219711656132944e+02
9.803402336692442987e+01
1.084208821094079696e+02
1.047308351304609744e+02
1.014042483300794544e+02
1.185750825827535948e+02
1.227562341097151091e+02
1.061030380207282064e+02
1.278009384122854186e+02
9.703834076823335408e+01
1.175996742260831383e+02
1.098363884346705248e+02
9.382303349785325963e+01
1.034629228386794892e+02
1.242212484374983603e+02
9.829840808430265042e+01
9.338719995204444047e+01
1.374888583257084065e+02
1.038889541700655315e+02
1.135362366451348493e+02
1.083272745377909274e+02
9.557427119053329534e+01
1.196495413985213645e+02
9.953801659175435645e+01
1.176741289249750650e+02
1.265005417368398639e+02
1.036334939364408001e+02
1.228626441327155021e+02
9.368254976594853645e+01
9.442733227893540970e+01
1.123533363130761842e+02
1.009412945212160082e+02
1.119024866379913448e+02
1.103527377985763422e+02
1.060410704734472205e+02
1.249146863428400565e+02
1.026992245266733335e+02
1.037766746380247014e+02
9.790166569868993918e+01
9.193201076330069554e+01
1.166516741984437431e+02
1.009529112639893782e+02
9.141892649636410795e+01
1.213913513992192605e+02
1.094663385563495979e+02
1.128845871564683705e+02
1.084001289267733057e+02
1.165074231091711141e+02
9.624293813842932366e+01
1.143486033097475456e+02
1.062872239033763009e+02
1.129466579249354368e+02
1.084858347260208262e+02
1.079818719535693390e+02
1.113330598729697982e+02
1.058023656648896633e+02
1.067031848547922692e+02
9.438327993867780208e+01
1.102493523287223667e+02
1.149237380370184525e+02
1.092255671083995026e+02
1.196337852302979314e+02
1.095767323198672329e+02
1.158733409772953706e+02
1.048040558379416325e+02
1.342370913336856688e+02
9.570751325344701854e+01
1.126747966720298422e+02
1.219336647148458042e+02
9.250217897262506028e+01
9.213087109269362429e+01
1.041751569163406543e+02
1.127314798212497635e+02
1.033886550105515170e+02
1.116377255221982239e+02
1.093340015433150398e+02
1.147670241555893824e+02
1.040335488886899071e+02
1.137003542494388171e+02
9.366304467415854162e+01
1.183096695489282837e+02
1.218325964853651016e+02
1.029210807559989149e+02
1.083038375225510919e+02
1.098599756821729301e+02
1.204378725867635325e+02
1.054218060352211097e+02
1.086762443749893521e+02
1.144842904130134968e+02
9.963248212424103656e+01
1.180537467353126004e+02
1.093166652110399184e+02
9.348260019092862194e+01
9.218747384995738514e+01
1.232729025715491815e+02
1.140077679887567257e+02
1.147432953952818622e+02
1.157235877448589747e+02
1.129168086029652613e+02
1.159478407007006666e+02
9.914929336387058356e+01
1.073012942471157345e+02
1.323893774610903904e+02
1.256795300047818387e+02
9.758078153693588774e+01
9.599573280749591220e+01
9.575684062783696504e+01
1.006500401219964829e+02
1.043724802098828945e+02
1.246521308615192680e+02
9.538217918326171230e+01
1.217095421145539973e+02
9.640951061622079976e+01
1.101539046125892440e+02
9.690319438684684883e+01
1.198994069135529230e+02
1.101426413859823725e+02
9.899800851077606012e+01
9.681965985265770769e+01
1.256370811581716822e+02
1.040028397997212153e+02
1.090500795545036681e+02
8.368220738997102615e+01
1.120751764951971268e+02
1.155147945767317310e+02
1.139057733655270255e+02
1.258605910170453370e+02
1.047312465026621595e+02
1.105336426334790048e+02
1.131825581673238190e+02
1.200717905143133208e+02
1.104661347110307190e+02
1.013359907562812197e+02
1.249209868783384962e+02
9.844888888471780319e+01
1.078016782313849404e+02
1.105659398596263401e+02
1.092823116083671096e+02
1.138670788103533198e+02
1.049692899387876537e+02
8.393941308561774406e+01
1.349216613409764136e+02
1.080085637891322250e+02
1.165085676809824946e+02
1.113590075604313796e+02
1.223260398947384147e+02
9.990010759521328509e+01
1.011608725201119938e+02
9.900415879272493669e+01
1.243768294805093291e+02
9.838245489588983617e+01
1.277726192909332354e+02
1.143500655033722637e+02
1.141567242877120236e+02
1.140052689128556125e+02
8.358745083918699947e+01
1.073651050121254968e+02
1.193610079806106938e+02
1.059000241480857767e+02
1.167070124945624912e+02
1.061139315458337222e+02
1.021175518454883502e+02
1.289460115061205556e+02
9.765921970576182787e+01
1.061166964607231478e+02
1.230817069860387960e+02
1.104308812119932526e+02
9.454466991715561619e+01
9.789547627668562768e+01
1.185029635273531312e+02
1.007391317025754773e+02
1.230510013759199097e+02
1.044686898536142508e+02
1.187659583677036323e+02
1.020633615903418274e+02
1.263223958632630826e+02
1.015552011960500778e+02
9.751870784444960805e+01
1.080380097761057101e+02
9.871056982225073284e+01
1.024482656438972583e+02
1.093362857591980202e+02
9.294673637839601099e+01
1.220135727757700010e+02
1.167872379905164877e+02
1.085256293516168995e+02
1.008378726981574829e+02
9.769369285463844221e+01
1.294755460492515908e+02
1.154341553906022995e+02
1.042797524966683937e+02
1.095436916582216895e+02
1.122523256714019908e+02
1.130521098060627878e+02
1.129736120383571887e+02
9.756273190406378149e+01
9.771801457513305422e+01
1.206624393665561854e+02
1.185497155430775251e+02
9.393121266668195801e+01
1.049324067167822250e+02
1.067423664319613579e+02
1.111740822067135781e+02
1.240344160458023310e+02
8.407840864126794145e+01
1.048641321985724488e+02
1.170293308411355184e+02
1.015529282437940708e+02
1.139973746296007704e+02
1.311934359139420394e+02
9.332358379779580559e+01
1.328589057041809838e+02
1.153047726179927395e+02
1.006251231372164483e+02
1.125740567267597214e+02
1.243556140725086863e+02
1.055321566961348481e+02
8.963017224328983446e+01
1.168270648763085688e+02
1.040089073266951942e+02
1.093846301123590763e+02
1.159681776531270856e+02
1.083289946054404140e+02
9.734493889192802385e+01
1.195840305758223536e+02
1.153366264257946199e+02
1.141089325186677712e+02
1.070614229766739243e+02
1.113357360401615352e+02
1.077328777588639639e+02
1.118165561369813901e+02
9.667320239263028725e+01
1.156671180025384729e+02
1.031195115120237631e+02
1.062005760327470938e+02
1.050476794495163375e+02
1.152931226613943920e+02
1.108601907830203288e+02
9.563544643099658060e+01
1.010776985670558759e+02
1.135705368185076765e+02
1.063634407628619556e+02
1.249802397125103113e+02
1.117994129471656777e+02
1.059993780077571017e+02
1.009723315010935494e+02
1.129007360185895550e+02
1.159784783057351376e+02
9.935733766146205426e+01
1.056946981365784808e+02
1.254890643574849207e+02
9.858807553436699322e+01
1.025989087095962446e+02
9.941305725957654715e+01
1.134127620192414412e+02
1.173330099321109259e+02
9.529626293743696408e+01
1.107111549699840083e+02
1.150056875493466464e+02
1.065974753502911341e+02
1.073256495403371673e+02
1.071582059084113752e+02
1.043247173066280027e+02
1.112199688888034217e+02
1.195149391311731790e+02
1.126028432147979288e+02
1.238455528187001988e+02
9.943940336120242307e+01
1.203837667969047232e+02
1.056890208351763363e+02
1.123809440590142685e+02
1.056932575526788298e+02
9.545610432050339966e+01
1.175962867110666252e+02
1.067273519489704370e+02
1.060635862409702810e+02
1.007962197380215059e+02
1.166522687027497227e+02
1.075949940562536540e+02
1.172871865812510777e+02
1.123271840224993667e+02
9.497378337215880606e+01
1.113873727657408494e+02
9.167485650926035134e+01
1.195424656527625586e+02
1.234884638186807848e+02
1.327851178672350159e+02
1.053779723106799509e+02
1.125640581500661739e+02
1.268396223797328872e+02
1.054362701461313634e+02
9.786272760412131788e+01
9.452994300198905364e+01
1.088680899883586903e+02
1.263655394177399813e+02
1.250689193567830984e+02
1.155700739273402746e+02
9.249206490221389743e+01
1.106385954961295255e+02
1.025357212030021827e+02
1.053755405651173902e+02
8.973497586482801580e+01
1.158982128245609147e+02
1.030386478703527615e+02
1.190046713987778872e+02
1.259773238849216312e+02
1.020491723623163978e+02
1.017312426629411846e+02
1.011408449724888072e+02
1.137215804138196944e+02
1.085419330674531864e+02
1.136252351037595076e+02
1.164311274068404884e+02
9.992603440904933620e+01
1.116258843345725325e+02
1.193333952708603647e+02
1.139220423418475860e+02
1.084853642707922887e+02
1.039245334209329314e+02
1.091274248028405935e+02
9.910992147672378394e+01
1.116645030416442381e+02
9.988148995843198463e+01
1.263439029468503492e+02
1.063796944435455032e+02
9.251559020193101901e+01
1.186914924182438540e+02
1.055153833653661763e+02
9.276051206649657388e+01
1.266549861074964980e+02
1.046647245471739467e+02
8.584496511166538824e+01
1.078959949087912378e+02
1.264579228527385197e+02
1.230878722564330019e+02
1.051806970629031781e+02
1.131939707214256288e+02
9.451377936750067477e+01
1.006802384751287036e+02
1.199499690355014963e+02
1.014167513405954537e+02
9.247594664947715160e+01
1.085280555823212723e+02
9.911664160321686268e+01
1.172155267065124917e+02
1.367132087633173967e+02
9.832576910696218420e+01
1.150058879159511349e+02
1.058032503848737917e+02
1.115488078914790719e+02
1.000021158790045632e+02
1.018275601658856431e+02
1.224627182729674928e+02
1.128339938709669639e+02
1.110684106035875516e+02
1.188144189531171264e+02
1.052638823621600039e+02
1.040477888070504804e+02
1.035655667337684207e+02
1.015386109248412936e+02
1.172506840528607910e+02
1.174638321580041946e+02
1.194278750625584280e+02
9.699645134160284954e+01
1.030265070056363754e+02
1.028355057129658263e+02
1.229271697281650546e+02
1.145792901358982334e+02
1.120068870948963990e+02
9.136372307737677545e+01
1.026704165999215661e+02
1.106281887453347395e+02
1.146754439294722658e+02
1.019299852508304269e+02
1.136974458033521387e+02
1.054127759545077794e+02
1.031756543969721633e+02
1.181548809615084821e+02
9.469360874447350795e+01
9.665607669265476432e+01
1.227489514441129899e+02
1.084730468394157157e+02
1.132386964837979377e+02
1.177161666239973812e+02
8.167996720434085489e+01
1.357910466093000252e+02
1.152773604110271464e+02
1.119580520183294823e+02
1.051356136446397613e+02
1.017994991038674755e+02
1.006009787485965603e+02
1.098908249072970591e+02
1.141467945199392062e+02
1.229634451073756765e+02
1.044529800918003559e+02
1.050838135825091655e+02
1.036169826296708578e+02
1.242230704421585017e+02
1.132973513420523233e+02
1.169164505993702221e+02
9.133532212809518569e+01
9.054290642796523514e+01
1.167137914070256528e+02
1.232291331032340338e+02
1.303530640556662092e+02
1.107378683108131554e+02
9.798686557543702236e+01
1.152438057431472203e+02
6.688016874916142740e+01
1.034070920143146850e+02
1.106658049709776748e+02
1.006776935023996060e+02
8.346491143710471761e+01
1.289581378849981945e+02
9.974051057333127801e+01
4.934822159421550936e+01
1.096035717268657379e+02
9.776885495749442612e+01
1.483845561919535783e+02
1.042071736687254599e+02
1.119059056169254944e+02
1.087595531949470598e+02
9.603285352220083837e+01
9.898711960280313349e+01
1.247386947836926652e+02
1.333248755570668322e+02
9.900178737942707130e+01
1.086979725028044328e+02
9.483399057271304855e+01
1.106495231739002207e+02
8.551924643529838477e+01
1.035993983760870378e+02
9.098698487390096545e+01
1.142628737972092523e+02
1.237970661904817007e+02
1.025068262015516041e+02
1.202577368176920203e+02
1.201070619378364057e+02
1.047215631218299166e+02
1.123376543918341497e+02
1.007346406366192468e+02
9.948548914480554117e+01
1.198294336067498165e+02
1.156018872808002413e+02
1.269655130906676277e+02
9.212575374136348216e+01
9.830439511968033628e+01
9.011818097301569708e+01
1.290132013311133221e+02
9.455775628885544393e+01
1.063614540457622155e+02
1.206166388261960378e+02
1.139810115185632924e+02
1.065906964687248148e+02
1.134895600786936143e+02
9.819857794663030859e+01
1.226810127139300306e+02
1.193516540993389299e+02
1.110703363175950784e+02
1.174564038445426775e+02
1.047435030923598021e+02
1.081847524705542298e+02
1.095521410283742938e+02
1.054596743651729298e+02
1.048542042812075579e+02
9.705255426522829509e+01
1.377138780008475010e+02
1.196559694670971794e+02
1.005905873391892129e+02
9.896782015717508330e+01
1.169751329220844980e+02
1.195420467220468907e+02
1.007853428466936094e+02
1.232601257904784262e+02
8.434048045841332453e+01
8.995380139121152752e+01
1.001902521847166554e+02
1.052461283083591468e+02
1.033560245857658657e+02
1.065657796197948102e+02
1.231467679334903664e+02
1.156306818758065447e+02
1.169134228706087839e+02
1.115456601213099646e+02
1.184506171906179048e+02
1.053051642803419412e+02
1.047781956602637763e+02
9.972374578739758988e+01
9.893925423649068307e+01
1.151904578768874075e+02
1.133560878238780845e+02
1.346911425005821172e+02
1.058577571014523784e+02
8.772193276805218431e+01
1.087985852446697947e+02
9.421195227654870052e+01
1.094048325543089959e+02
1.086936920579392307e+02
1.230670926911142544e+02
1.088232337699053858e+02
1.078704489283344401e+02
1.103275217062138296e+02
1.148526492885785899e+02
1.125643011953859798e+02
1.123687685109607912e+02
9.875573396398525006e+01
1.147921724777639412e+02
1.125763541880708800e+02
1.159118635128949819e+02
1.041109766580402436e+02
1.078855529425080704e+02
9.995929661787322118e+01
1.009138502026602708e+02
1.204303306213751625e+02
9.274766896568424102e+01
1.021411557711550557e+02
1.090013412847496710e+02
1.286226177171277527e+02
1.037895393158449622e+02
9.954571893577792707e+01
1.502018159869607814e+02
1.054152074184684977e+02
1.051340193074740768e+02
7.953680981364529146e+01
1.034141502838207458e+02
1.171367316127430058e+02
1.070896863913178834e+02
1.191675971778130076e+02
9.243948055765473271e+01
1.143084529786142554e+02
1.075982695091269363e+02
1.159558538412425435e+02
1.030522165140547202e+02
1.008343014732935217e+02
1.281978069709319641e+02
1.018886350392736801e+02
1.226423124271818637e+02
1.009255802579234000e+02
1.159236130192315670e+02
1.027618652121592930e+02
1.070221260496610824e+02
1.049756786692335453e+02
9.900925615846149697e+01
1.025861769127240706e+02
1.141040383722705656e+02
9.787640618815429150e+01
1.209214476100454618e+02
1.188551760151184737e+02
1.106244091477659026e+02
9.468995390629628162e+01
1.355289622819307738e+02
9.805464228703807805e+01
1.040633363055675744e+02
1.072999856983271485e+02
1.049343196138365215e+02
1.198736596497860063e+02
1.104577570785596947e+02
1.065464088464393342e+02
1.081738840987886476e+02
1.063380697848790106e+02
1.020484143234460674e+02
1.250577475803457901e+02
1.037011811494868851e+02
1.197214315648138410e+02
1.093650940730230019e+02
9.483626519736189664e+01
1.169090449422754716e+02
1.201249291269060961e+02
9.965256650442111663e+01
1.041029810819910324e+02
1.097749208618556196e+02
1.054457680447033283e+02
1.212154347028096879e+02
1.056397597218248876e+02
9.946748474803865747e+01
9.715372044557005893e+01
1.251367574915655894e+02
1.060320283074331371e+02
9.708480448466968937e+01
1.216753695516426035e+02
9.610912774930463343e+01
1.226765687636386843e+02
1.033373070633554534e+02
1.115223215568927344e+02
1.005987365280805363e+02
1.048528128008829441e+02
1.180155464778865735e+02
1.018223432217643278e+02
9.979418740622662654e+01
1.041481463268683569e+02
1.041040453458128923e+02
1.281355094703754673e+02
9.691701832825575025e+01
1.201070794842575253e+02
1.221473169353867121e+02
1.117196921620926702e+02
1.091850587228028218e+02
9.820428249946962751e+01
1.043282180649304678e+02
1.105082419936146039e+02
1.020196615336408001e+02
1.297961500038853160e+02
9.867494635331023289e+01
1.282247914119998597e+02
1.127838799712068578e+02
9.682639488464090505e+01
1.045315577362916457e+02
1.016287992073500845e+02
1.114414560733682578e+02
1.048411059070750753e+02
1.130358588184729456e+02
1.286878273246784943e+02
1.080524314210842363e+02
1.007622172386547135e+02
9.974470888874550667e+01
8.216970869910184661e+01
1.163577345986858660e+02
1.340508656635712441e+02
9.962819042105887490e+01
1.130961224631808477e+02
1.038726797297827176e+02
1.057543839954401363e+02
1.050800604744485867e+02
1.082236239989899502e+02
1.104893740048544402e+02
1.198441487399825718e+02
1.065169293669837884e+02
9.975829642852531265e+01
9.554466042092441569e+01
1.053750172028334333e+02
1.078040492119326359e+02
1.214310964317891433e+02
1.209550392673159109e+02
1.035305063360790285e+02
1.136077980223793134e+02
1.157800885762490708e+02
1.011217138331000314e+02
1.190367721559230887e+02
1.031404597466177364e+02
1.226047031644904592e+02
1.088664284761802605e+02
1.083885089949602474e+02
1.048780999575653539e+02
9.986629943750371297e+01
1.205016499243919981e+02
1.095326293144076146e+02
9.538300907059212363e+01
1.249234227944247095e+02
1.019405350038555440e+02
1.099411008504510221e+02
1.046280756000468415e+02
1.274375123579298759e+02
1.163808470978708840e+02
9.485882985262504974e+01
1.130629410891297226e+02
1.341449706540261104e+02
1.067445345071466392e+02
9.222674605231846101e+01
6.188669816406372348e+01
1.189912002031909992e+02
1.103107925674002274e+02
1.104970829555687004e+02
8.505705785577090694e+01
1.117005303829279654e+02
9.205251931942649435e+01
1.431744154407612655e+02
1.178544949473946559e+02
1.107037436194331974e+02
1.148709033585595591e+02
1.011065473399235373e+02
1.046725619282971991e+02
1.061966604615701044e+02
1.336615496868346895e+02
9.275485332409587613e+01
1.246733219762260205e+02
1.051767563557558134e+02
8.790050142813599621e+01
1.118786381112498276e+02
1.074510749373668688e+02
1.166511536109874783e+02
1.085894605353718561e+02
1.033591198688642123e+02
1.167540670626982120e+02
1.043563446148440903e+02
1.259215041189672206e+02
9.106266704625369357e+01
1.148812421572835234e+02
9.620891483753564444e+01
1.094728630351227423e+02
1.159273397120134490e+02
1.183588764802298101e+02
1.205091721960807263e+02
1.001406204870217493e+02
1.165311774565156497e+02
1.154760830821473689e+02
9.040644552967104630e+01
9.829613498620686585e+01
1.066540680749654086e+02
1.306651326462746852e+02
1.023821479353165387e+02
1.124188700806278121e+02
1.003774211515726762e+02
1.005920016917932429e+02
1.286035762025394718e+02
1.120993665765146119e+02
1.137123052636946596e+02
1.189622653291360450e+02
1.096225704018009139e+02
1.029460643734234537e+02
1.048293123942693654e+02
1.055610354940766911e+02
1.156816554851890970e+02
8.532994232096767462e+01
1.179384970042445673e+02
1.072962608849397554e+02
1.126543711132888177e+02
1.260543698638240642e+02
9.182091083713184787e+01
1.149933650006348387e+02
9.823418926739122981e+01
1.200817580243141549e+02
1.147641791285423949e+02
1.066882724063015502e+02
9.549122606512835887e+01
9.865890431566566576e+01
1.205642926074118577e+02
1.038166751720578986e+02
1.194587532816139941e+02
1.136194041844417058e+02
1.114058531781303998e+02
1.083713791264594022e+02
1.005853794183110494e+02
1.014102993122848773e+02
9.574700228685590275e+01
1.376906363742798476e+02
1.176794532283773265e+02
8.168243864816599853e+01
1.220460853334793825e+02
1.049665658099726215e+02
1.220697424996031941e+02
8.965638906879415515e+01
1.017056315135649669e+02
1.017250788744141232e+02
1.331240848256393008e+02
1.212091394340835251e+02
1.106139897384329771e+02
1.219960396712649526e+02
1.234786972293084659e+02
1.065451248207692316e+02
5.689379535169332058e+01
1.160462743599840110e+02
1.070753643642358952e+02
9.675811872669164870e+01
1.242022324753037026e+02
1.089571566467400743e+02
9.975729806534167210e+01
1.194086787784286372e+02
1.058057658326000450e+02
1.168226444307917689e+02
1.020070690235401116e+02
1.076371015234304025e+02
1.057371611275079175e+02
1.177591238508785239e+02
1.151906267831927835e+02
1.206535848565565061e+02
1.003369276218522259e+02
9.363961142805206350e+01
1.278451373912168663e+02
1.071529551306636847e+02
1.109101438780401310e+02
1.125428535724262105e+02
1.045281347087905601e+02
1.058643037933286024e+02
1.065745731264884739e+02
1.294085604504687410e+02
1.000100154431633541e+02
9.919425232636309886e+01
1.114019776028296178e+02
1.156345434805048313e+02
1.053459329107554368e+02
1.072046814492150872e+02
1.255101319868055469e+02
1.071103831516671079e+02
9.126803718034335589e+01
1.025885038960381337e+02
1.101413267921060282e+02
1.218369993638877418e+02
