-5.434672173020470787e+00
-5.388949811610629581e+00
-5.315974734180048067e+00
-5.128326280615222998e+00
-5.458437436745439797e+00
-5.462241678322688365e+00
-5.500836041666605780e+00
-5.477248043747777295e+00
-5.495706422056516161e+00
-5.509430525331525885e+00
-5.504686722486923145e+00
-5.467056235623243055e+00
-5.109104525457355273e+00
-5.125918586681296851e+00
-5.111006333926515488e+00
-5.121019688220893151e+00
-5.140357814826014504e+00
-5.132617132362785384e+00
-5.119200264044668103e+00
-5.119841708644413458e+00
-5.149809867528117202e+00
-5.153823286306195683e+00
-5.124519128122058120e+00
-5.394895033046059218e+00
-5.431590831556074583e+00
-5.475699205227066102e+00
-5.512806764203478593e+00
-5.050400840564027050e+00
-5.409700844891825788e+00
-5.432793406679928161e+00
-5.363492942278729636e+00
-5.325261097279171629e+00
-5.385058293174791011e+00
-5.148910535490930585e+00
-5.426059893704520576e+00
-5.444129660474454901e+00
-5.412419048153278567e+00
-5.113907029649400471e+00
-5.500083558252566007e+00
-5.549977019835164782e+00
-5.722228350017509513e+00
-5.421229561667862740e+00
-5.521590101820594398e+00
-5.697659217540409493e+00
-5.521018214123664336e+00
-5.545300323453699498e+00
-5.475372229225503595e+00
-5.530866123729628825e+00
-5.565592628671144126e+00
-5.713039027268715486e+00
-5.481164952867881190e+00
-5.468856502223026439e+00
-5.538784544918551767e+00
-5.589357564309914927e+00
-5.445676395609871712e+00
-5.479195772270683662e+00
-5.498408616112661740e+00
-5.544438756058430506e+00
-5.583257441178784752e+00
-5.664246947787183295e+00
-5.654750289991396173e+00
-5.749172261690199015e+00
-5.747119995946411208e+00
-5.649743223139087611e+00
-5.643640315146702058e+00
-5.632267697681220930e+00
-5.631806317273210460e+00
-5.642919402735100398e+00
-5.670862965707310188e+00
-5.622996395808884884e+00
-5.672405115123519970e+00
-5.627500620229562323e+00
-5.683253022347206418e+00
-5.621483773011672014e+00
-5.651765312551430220e+00
-5.751873586739113975e+00
-5.643626523485102631e+00
-5.630635258439061985e+00
-5.640451498753797921e+00
-5.655710795640993993e+00
-5.638148548606872090e+00
-5.633518693160604940e+00
-5.632641381350336651e+00
-5.625316126276443285e+00
-5.633176895274081275e+00
-5.655618025022619122e+00
-5.642768921385747483e+00
-5.659402838807022995e+00
-5.648521954928090061e+00
-5.731433311752259563e+00
-5.718206544490909593e+00
-5.736771862974725522e+00
-5.659738631188486302e+00
-5.707430047770487569e+00
-5.703974472058281897e+00
-5.716666090354883600e+00
-5.706097257614914930e+00
-5.688391041606793763e+00
-5.510819618496141103e+00
-5.577484340838132049e+00
-5.532677141834173362e+00
-5.562155751247190416e+00
-5.508529007954800605e+00
-5.543087602812100556e+00
-5.509822884077578031e+00
-5.567292427937944765e+00
-5.629519609161572014e+00
-5.519960125681715901e+00
-5.472964684132497482e+00
-5.513877119208758337e+00
-5.529503133775041768e+00
-5.499309451725300946e+00
-5.477052814752691567e+00
-5.536381677421692515e+00
-5.483315066281615024e+00
-5.540782041650934353e+00
-5.528789928297634937e+00
-5.594426889941208181e+00
-5.547054652449036283e+00
-5.541140259070915342e+00
-5.514537014739842036e+00
-5.536222644420141670e+00
-4.732640951611146285e+00
-4.657483030101603028e+00
-4.603896549580347219e+00
-4.818949140016481003e+00
-4.775225439341948430e+00
-4.734595187029814412e+00
-5.062672059572960848e+00
-5.069484465463441225e+00
-5.037240329700796160e+00
-5.094767566953525950e+00
-4.711505951437396256e+00
-4.716778733525907263e+00
-4.644056600125248124e+00
-4.688441139468030983e+00
-4.775133599869963774e+00
-4.653159371811504741e+00
-4.639495671276804067e+00
-4.620822761823792035e+00
-4.616728854379860358e+00
-4.729409375496143930e+00
-4.625714344853099291e+00
-4.612152470346825517e+00
-4.603995511413799591e+00
-4.715847762015250133e+00
-4.706969457159241088e+00
-4.735683603873209080e+00
-5.494655490342931436e+00
-5.444595976730166598e+00
-5.381369703409723648e+00
-5.508608953773059369e+00
-5.663832472614322100e+00
-5.715667922889005936e+00
-5.594527162046899704e+00
-5.143066370495685824e+00
-5.205946568024028664e+00
-5.230176138079709602e+00
-5.758066123908936795e+00
-5.772603359495275477e+00
-5.779804448793374405e+00
-5.735473051275993051e+00
-5.766590883528888156e+00
-5.539870097741650845e+00
-5.514497482476048873e+00
-5.543703994740055485e+00
-5.521022389235496597e+00
-5.539418931121168121e+00
-5.662401910007931249e+00
-5.730458826249598125e+00
-5.284790960969518281e+00
-5.227977092099131973e+00
-5.271602182487857391e+00
-5.300399800224328217e+00
-5.327355098905496966e+00
-5.512662517856058209e+00
-5.292497972547955065e+00
-5.334069233465148052e+00
-5.345719144434275982e+00
-5.337552891296541979e+00
-5.332195445273391954e+00
-5.299436639656469161e+00
-5.310324924763704324e+00
-5.296346312461519545e+00
-5.303378854230912154e+00
-4.711883897716130143e+00
-4.733453079886092318e+00
-4.706193038690950736e+00
-4.716885046835016304e+00
-4.728846520558649402e+00
-4.722874428038487338e+00
-4.703415934975573975e+00
-4.720410695981266613e+00
-4.731764909263226571e+00
-4.720660974942039623e+00
-4.729561916892627949e+00
-4.693952171202537826e+00
-4.685748556733674519e+00
-4.709562220544402322e+00
-4.688146852135399278e+00
-4.699869168221173510e+00
-4.685586901081092215e+00
-4.678852713844587008e+00
-4.688015021891268397e+00
-5.190897742806995119e+00
-5.123623530294971751e+00
-5.136273775385489238e+00
-5.123691519189399912e+00
-5.155979826809615751e+00
-5.162634879652999942e+00
-5.182923929464630319e+00
-5.154717608008059671e+00
-5.154398690948540640e+00
-5.380590508143270334e+00
-5.335119029541724345e+00
-5.319538497787985598e+00
-5.322100425601355767e+00
-5.279125539789405686e+00
-5.393877917574409153e+00
-5.380666884303154873e+00
-5.317159755437963042e+00
-5.285909111444889064e+00
-5.098248635342939039e+00
-5.257857622597989611e+00
-5.228988134796529685e+00
-5.340096403406620951e+00
-5.299834321906653045e+00
-4.879896783995146592e+00
-4.854503271533702424e+00
-4.857298009106640890e+00
-4.864094727606588009e+00
-4.872473669671975927e+00
-4.769419559940901721e+00
-4.714012120060882438e+00
-4.724354874333723586e+00
-4.876324825663403750e+00
-4.870905687077660140e+00
-4.947211325179458719e+00
-5.261642345211961391e+00
-4.913523126443460676e+00
-5.264458189278736988e+00
-5.273504566606168176e+00
-5.195675724572097032e+00
-5.149985025811307793e+00
-4.907303849873836832e+00
-5.196789994172344329e+00
-4.955196462324181539e+00
-5.337813768927167857e+00
-4.946912848752620384e+00
-4.893707995277035927e+00
-5.307669621228241041e+00
-4.940303572933625098e+00
-4.929677188302641788e+00
-4.954656545781224608e+00
-5.241389342453181222e+00
-5.229915113353625244e+00
-5.243581189752541505e+00
-5.217739710880632487e+00
-5.134963123178306610e+00
-5.242476611084892824e+00
-5.243819214449497501e+00
-5.228731091526523045e+00
-5.234158905187315192e+00
-5.106295894284125225e+00
-5.059470737959228970e+00
-5.129640540894921941e+00
-5.129747677482192181e+00
-5.151062070342568688e+00
-5.114233029340209846e+00
-5.250959308887769517e+00
-5.226499893966199295e+00
-5.102183723538681548e+00
-5.136780123763259098e+00
-5.108355056794747995e+00
-5.551500600081365810e+00
-5.551531738541025440e+00
-5.570441129268856706e+00
-5.557533490465049297e+00
-5.570136860668856826e+00
-5.554380321553374245e+00
-5.535641848082351046e+00
-5.560523832509374209e+00
-4.730855430226551306e+00
-4.742538998865317268e+00
-5.083729068413711971e+00
-4.699061842201121664e+00
-4.688377700955006055e+00
-4.760804410401290099e+00
-4.566365541071378154e+00
-4.704994036629129184e+00
-5.675810646897653911e+00
-5.643611696489960750e+00
-5.506696995112097426e+00
-5.559907016734247698e+00
-5.537814296524992130e+00
-5.504930146096046251e+00
-5.538860506424988728e+00
-5.617707716666019202e+00
-5.687291907509654187e+00
-5.669395129797035082e+00
-5.670459189491339203e+00
-5.632611595563878915e+00
-5.648007625568451928e+00
-5.633206692278490912e+00
-5.634007861417235752e+00
-4.761062397985698524e+00
-4.755528310238711143e+00
-4.727211271257272251e+00
-4.731415565517012922e+00
-4.733168547405521842e+00
-4.723877150367312261e+00
-4.735446263744321982e+00
-4.741286952799026899e+00
-4.791772579519135711e+00
-4.796413302529690448e+00
-4.810212770286746320e+00
-4.786819068557822021e+00
-4.794632031655865489e+00
-4.725936995643374772e+00
-4.739550896305451566e+00
-4.816687387917202301e+00
-4.701904852887984987e+00
-4.823591965038759533e+00
-4.840331679283107924e+00
-4.813921320875426346e+00
-4.815217787779737968e+00
-4.748104627379657217e+00
-4.780918156621506654e+00
-4.809058007267728918e+00
-4.792713415947002176e+00
-4.769089047191157782e+00
-4.795118489274228679e+00
-4.822325485613145446e+00
-4.819369047094216540e+00
-4.802463585717577033e+00
-4.813419383600228585e+00
-4.822147234114869008e+00
-4.798844098573299632e+00
-4.810596156901772780e+00
-4.828175391703338093e+00
-4.820969520478766590e+00
-4.845399020439189464e+00
-5.105310653774659535e+00
-5.110987113584211095e+00
-5.104924379071265506e+00
-5.099063295037351118e+00
-5.103587428773380452e+00
-5.111395794780582591e+00
-5.308174401421179134e+00
-5.304773843150615953e+00
-5.301510404524062636e+00
-5.298347437404589577e+00
-5.304656942042474732e+00
-5.304418029060844475e+00
-5.299398572851112377e+00
-5.301487414657332309e+00
-5.297767348973366985e+00
-5.298957115530075868e+00
