-5.488948988055661893e+00
-5.425523759761996523e+00
-5.350976727020301915e+00
-5.150455578793215139e+00
-5.530494573491206545e+00
-5.533788448823541373e+00
-5.588203651193230037e+00
-5.549338558942742416e+00
-5.581774625102288390e+00
-5.596830457526651870e+00
-5.588190402787944322e+00
-5.551886173272144731e+00
-5.094620650215091473e+00
-5.144058137255505869e+00
-5.131032155085279989e+00
-5.164545029354898453e+00
-5.116734982714553404e+00
-5.123565354773931269e+00
-5.129487583862054834e+00
-5.127054694535853940e+00
-5.163749717688759233e+00
-5.136607703402709113e+00
-5.141423995305034467e+00
-5.439905082050842111e+00
-5.477465470630959565e+00
-5.549013131703557811e+00
-5.592024260770085853e+00
-5.091195274166786966e+00
-5.469118808903224327e+00
-5.482234348551958014e+00
-5.410835448679350179e+00
-5.359117993469796559e+00
-5.429621920039612526e+00
-5.147287872807554621e+00
-5.478153307641048464e+00
-5.493325690873723133e+00
-5.468336443552546555e+00
-5.113176548149727552e+00
-5.582187223442119262e+00
-5.660589022196134579e+00
-5.829623625385654151e+00
-5.470811757626670158e+00
-5.620795410084309829e+00
-5.794922636138392313e+00
-5.608055916556511811e+00
-5.650808852297227958e+00
-5.563685831694998640e+00
-5.642046952751551103e+00
-5.677520688620922407e+00
-5.820620041661793032e+00
-5.566323174979999955e+00
-5.557626571392836112e+00
-5.624282649720176330e+00
-5.701831425957070820e+00
-5.519684457036211356e+00
-5.549592225103169518e+00
-5.592522457384401235e+00
-5.651766435152004497e+00
-5.690771665491077158e+00
-5.753669899129950416e+00
-5.760067804073728759e+00
-5.857284691673726229e+00
-5.856798456372879436e+00
-5.745751745042329439e+00
-5.743498827666869921e+00
-5.736021237657998206e+00
-5.734425211795345589e+00
-5.746442971412228040e+00
-5.766610462915365609e+00
-5.726666440279556625e+00
-5.775493611302643160e+00
-5.722132324925323310e+00
-5.792731484819027443e+00
-5.713430214599834578e+00
-5.755015374497250313e+00
-5.859913065393132392e+00
-5.734440198315116533e+00
-5.716110752147754326e+00
-5.727403877507904362e+00
-5.744696746698552126e+00
-5.727746423519572971e+00
-5.721242630579835620e+00
-5.722063887764096357e+00
-5.710530660889139298e+00
-5.721458852156993125e+00
-5.761985004604349037e+00
-5.736924232003422830e+00
-5.765779394363832466e+00
-5.755417101773039334e+00
-5.858184286106955518e+00
-5.844230034338279367e+00
-5.865261052580288847e+00
-5.786771298245170669e+00
-5.822779823020192147e+00
-5.830287469326809635e+00
-5.833007594293469822e+00
-5.825588976534449515e+00
-5.812442557584501124e+00
-5.583280820571285830e+00
-5.684427101690373796e+00
-5.601966906488194731e+00
-5.670619745814999391e+00
-5.577432882224377941e+00
-5.646288794031646852e+00
-5.581252593575737109e+00
-5.673797251447339818e+00
-5.727672433100891247e+00
-5.631765467719159091e+00
-5.546743083173201860e+00
-5.624599731626287458e+00
-5.642785958779380273e+00
-5.576330541869489288e+00
-5.551219184292844666e+00
-5.644945009686664683e+00
-5.560518040529293771e+00
-5.628009564773553741e+00
-5.597247981695922192e+00
-5.697809989918286355e+00
-5.619163534374671087e+00
-5.626641695238038920e+00
-5.590487397751853216e+00
-5.603741372672921273e+00
-4.652623994816580399e+00
-4.575980863435778367e+00
-4.549443537752467570e+00
-4.743274091846617857e+00
-4.709379980986320824e+00
-4.673050729007361070e+00
-5.072389469280863317e+00
-5.072510162114779675e+00
-5.062329206087183842e+00
-5.100560053607594568e+00
-4.631017020513530369e+00
-4.653456894766975438e+00
-4.534133883524356534e+00
-4.627524377459332428e+00
-4.697633168806055970e+00
-4.576620517020019818e+00
-4.571127999884049053e+00
-4.543837219696866825e+00
-4.539515314693715275e+00
-4.649264373218052526e+00
-4.574921693700614966e+00
-4.553184445509274703e+00
-4.547056617141636892e+00
-4.639494220410046665e+00
-4.642714792263426204e+00
-4.654096774528256653e+00
-5.556085560530884315e+00
-5.481133317502456137e+00
-5.417859368010494947e+00
-5.585966080389212607e+00
-5.741327218220726003e+00
-5.820545106226543197e+00
-5.638204442928316240e+00
-5.078831229441663098e+00
-5.162604286098765094e+00
-5.177685302077593477e+00
-5.883380703469400785e+00
-5.896611926033618722e+00
-5.901802773944808678e+00
-5.862135439604315046e+00
-5.879572833873625726e+00
-5.622488452207973886e+00
-5.594511394203908417e+00
-5.629386856329114508e+00
-5.593681557337137455e+00
-5.622341982089980483e+00
-5.742109615278175205e+00
-5.831885318218948733e+00
-5.310271863731058417e+00
-5.185209730474003464e+00
-5.302903699419310612e+00
-5.317751719824098444e+00
-5.359131250344387531e+00
-5.605340030505066906e+00
-5.244179855575950455e+00
-5.344893460931422702e+00
-5.355440147918526961e+00
-5.347782313978274971e+00
-5.344504859385086348e+00
-5.312152153224076301e+00
-5.309076359979209236e+00
-5.321033648837608432e+00
-5.327220004629302785e+00
-4.632969384586360206e+00
-4.656591271620424521e+00
-4.630810418463835454e+00
-4.648320037220631917e+00
-4.662980408605982063e+00
-4.654407219149814701e+00
-4.631088410929442567e+00
-4.664253985786361412e+00
-4.663268215717147669e+00
-4.657063304631086531e+00
-4.667147069493685407e+00
-4.623547512323318287e+00
-4.604251774224319860e+00
-4.618420521955632019e+00
-4.601285892064226779e+00
-4.600215083254188819e+00
-4.595128601166505788e+00
-4.581632920860505109e+00
-4.610533588629937896e+00
-5.194177653234907766e+00
-5.119563666410175351e+00
-5.114025139120784047e+00
-5.125285468905928177e+00
-5.163227602194552901e+00
-5.156146666475982521e+00
-5.177803888899819462e+00
-5.157650278503688845e+00
-5.171597201730712356e+00
-5.425401837203921218e+00
-5.350051580596825396e+00
-5.339491705654006104e+00
-5.353679307741776583e+00
-5.266969479376478525e+00
-5.445308370278551635e+00
-5.439523614474426338e+00
-5.364720973747362898e+00
-5.326286068020714914e+00
-5.121816985959251944e+00
-5.285464416017784828e+00
-5.261545861281171632e+00
-5.398904482782003633e+00
-5.353431702271058690e+00
-4.884639104035746193e+00
-4.868245496792122928e+00
-4.870153176789992600e+00
-4.873748657892779335e+00
-4.886412420357912900e+00
-4.722493137820752196e+00
-4.636580532369408481e+00
-4.661576581388256812e+00
-4.900092702616555940e+00
-4.875934925864811476e+00
-4.971277368366206595e+00
-5.318230065282711472e+00
-4.912050836887284611e+00
-5.324489735968125359e+00
-5.338179043271547464e+00
-5.229788932749067421e+00
-5.182037857924065349e+00
-4.871745425861392143e+00
-5.237907720586850502e+00
-4.982543619643958976e+00
-5.390882399974909589e+00
-4.929964557267335401e+00
-4.896266721274165512e+00
-5.361673425470331544e+00
-4.915142978421218167e+00
-4.923545152775273159e+00
-4.982295584705799918e+00
-5.230990507494642117e+00
-5.235800162992330087e+00
-5.248721094061995274e+00
-5.233955241124710334e+00
-5.168960170614252725e+00
-5.268545650877822339e+00
-5.250399886199222266e+00
-5.247281989973663130e+00
-5.254014434037635795e+00
-5.130997500113450904e+00
-5.091001139153477517e+00
-5.161208170238099413e+00
-5.133886591019196644e+00
-5.170743028617867054e+00
-5.131435699730366728e+00
-5.289666596583525227e+00
-5.223781817525277482e+00
-5.097943456903610837e+00
-5.148403069484793981e+00
-5.125082493347986379e+00
-5.674590730500759683e+00
-5.683863179802679966e+00
-5.702909762128607341e+00
-5.674254743714493010e+00
-5.701380546915119751e+00
-5.676097760535114389e+00
-5.653072242055132257e+00
-5.687369278272523587e+00
-4.658373035172343357e+00
-4.672964403230959185e+00
-5.093325304964515965e+00
-4.648777093365506374e+00
-4.593792104304684543e+00
-4.671117940958504633e+00
-4.588862367562787092e+00
-4.630529798947613962e+00
-5.804867659751772102e+00
-5.776566383798018123e+00
-5.601196246351972441e+00
-5.652386037853779577e+00
-5.629308507027787734e+00
-5.596088000259587858e+00
-5.645129519762947190e+00
-5.723024736272808610e+00
-5.806354173728889734e+00
-5.780146523087059229e+00
-5.781314205739958467e+00
-5.733225243606426602e+00
-5.755537127677301079e+00
-5.738391992934329444e+00
-5.737723042148209274e+00
-4.678798704075577852e+00
-4.682933528657659217e+00
-4.637442531597371520e+00
-4.656597713988084308e+00
-4.647408135596609924e+00
-4.647541077513020369e+00
-4.655790902647727769e+00
-4.670370181921881247e+00
-4.749263409207148179e+00
-4.726421152556835814e+00
-4.719089898038552278e+00
-4.712655361675054166e+00
-4.725703330019399573e+00
-4.657253061336454891e+00
-4.660976844776031136e+00
-4.760414938771325488e+00
-4.620071061504897436e+00
-4.752985188638921166e+00
-4.790213860058162965e+00
-4.734908056789205233e+00
-4.737218597581383861e+00
-4.678401015167502841e+00
-4.693388049458212308e+00
-4.743021986180665728e+00
-4.719147077877305918e+00
-4.691197675405303080e+00
-4.719730076700767718e+00
-4.743975379032938200e+00
-4.742989100959130511e+00
-4.748466269729530786e+00
-4.748059056311076276e+00
-4.743758479575298281e+00
-4.730794813516560282e+00
-4.724106419125486234e+00
-4.745121907254697291e+00
-4.739955714496232098e+00
-4.788826611792532439e+00
-5.166683869555288133e+00
-5.167796361675522476e+00
-5.163839813583326332e+00
-5.156077506586618675e+00
-5.162586965780832315e+00
-5.172769249475447140e+00
-5.404186347768840548e+00
-5.401858994984125140e+00
-5.393987948852990044e+00
-5.392210289383012167e+00
-5.400414571044479750e+00
-5.401227312161682725e+00
-5.393926466416107068e+00
-5.396687323733067032e+00
-5.395244460453291424e+00
-5.395657978403024302e+00
