-5.336953097585143801e+00
-5.348707052207721802e+00
-5.939775289488451904e+00
-5.556097639044984327e+00
-5.544912207831938389e+00
-5.466754471670485671e+00
-5.632004149729340270e+00
-5.360483949302364159e+00
-5.395646379115765612e+00
-5.430886766200612392e+00
-5.635580340030981183e+00
-5.495865954137334697e+00
-5.485663127351066315e+00
-5.629464273926309659e+00
-5.425358971467335145e+00
-5.453907530854514185e+00
-5.671814531519442149e+00
-5.598517703479962471e+00
-5.599715632217558081e+00
-5.609965478788230264e+00
-5.493670961269214281e+00
-5.498532753298727371e+00
-5.438793016225674570e+00
-5.527161377885025040e+00
-5.650720821426145513e+00
-5.601856325229831235e+00
-5.839020909163800788e+00
-5.633495099138709605e+00
-5.650422078561750716e+00
-5.436637445004562252e+00
-5.416934755856207317e+00
-5.495513062202885379e+00
-5.652150530675974949e+00
-5.618055621722879422e+00
-5.572401805584125789e+00
-5.405513096706868303e+00
-5.405120988791624725e+00
-5.755816308498603817e+00
-5.721608964311642787e+00
-5.803321272842373979e+00
-5.272045318988968887e+00
-5.273789777928932665e+00
-5.904784559535340094e+00
-5.734792751349459650e+00
-5.052701456246071032e+00
-5.231978125794014112e+00
-5.880679874803342422e+00
-5.185186944340533621e+00
-5.734068472766084668e+00
-5.113453869035964772e+00
-5.716769942233724144e+00
-5.735916760537259407e+00
-5.304477044831506838e+00
-5.801409808449791150e+00
-5.056837899394604818e+00
-5.672563641351858976e+00
-5.671881243699861130e+00
-5.738675381735461656e+00
-5.635272785591367573e+00
-5.690480146110865611e+00
-5.697226156841995959e+00
-5.915463488846480544e+00
-5.917160697706970396e+00
-5.919795212082735958e+00
-5.641018472116600790e+00
-5.764205619665633940e+00
-5.743796717324943124e+00
-5.734114094964980701e+00
-5.910699973894085524e+00
-5.756025040320597697e+00
-5.713753943113324851e+00
-5.732942907864323701e+00
-5.734431013617081518e+00
-5.802049966671877890e+00
-5.690209844192955835e+00
-5.720531418983983762e+00
-5.741810538332097202e+00
-5.755082778889509143e+00
-5.743550110383753626e+00
-5.126114357246834174e+00
-5.651598395627003057e+00
-5.740751661322853749e+00
-5.714405240500460614e+00
-5.787205661959618830e+00
-5.744554943811802872e+00
-5.780536738350215309e+00
-5.099078214508447005e+00
-5.768972622039536091e+00
-5.773049433305516231e+00
-5.056941118130281687e+00
-5.774951237629778689e+00
-5.702338662456899243e+00
-5.693378200042927162e+00
-5.744465734883518415e+00
-5.057079203775055376e+00
-4.846096378380048364e+00
-5.920079947348876992e+00
-5.742443530613995151e+00
-5.733845334135508232e+00
-5.672633536200996751e+00
-5.729937902370288327e+00
-5.162449985249691231e+00
-5.769867298853148974e+00
-5.704076183155109447e+00
-5.770024317527871816e+00
-5.919281330743277891e+00
-5.745167324787452401e+00
-5.716736219912283978e+00
-5.764808715893143365e+00
-5.808105463921963363e+00
-5.735877607193718752e+00
-5.707135222928984675e+00
-5.747187892063867487e+00
-5.911891883479223786e+00
-5.803575453536377715e+00
-5.704881302939108778e+00
-5.911340893178132383e+00
-5.711791161815899187e+00
-5.729206740454334756e+00
-5.789208953643485422e+00
-5.712882003447876222e+00
-5.714344361269342976e+00
-5.726666200095234416e+00
-5.901498057220452509e+00
-5.915600191671527952e+00
-5.685529471503561361e+00
-5.730272031889416695e+00
-5.684088875366776428e+00
-5.730242717723748491e+00
-5.598985047478842070e+00
-5.505934361443843628e+00
-5.687959428429395281e+00
-5.821564321174952816e+00
-5.801045170319624411e+00
-5.737916555028459875e+00
-5.731857467618277191e+00
-5.851629358334629494e+00
-5.748862215174258772e+00
-5.412496230436683042e+00
-5.682222786310188845e+00
-5.695208956755139162e+00
-5.753133662738042275e+00
-5.853947418737420527e+00
-5.699872677621307560e+00
-5.750867795999236698e+00
-5.697727673854817709e+00
-5.850848314565377351e+00
-5.915185506379500247e+00
-5.693464181531312285e+00
-5.695515176862834039e+00
-5.757273534982878971e+00
-5.746107514350140555e+00
-5.718559841045885328e+00
-5.740985620745800766e+00
-5.411908536998359054e+00
-5.356661972666334925e+00
-5.687403873885230610e+00
-5.747743099499228236e+00
-5.416106650781373766e+00
-5.306216222314363407e+00
-5.677688546485448740e+00
-5.843102657540565126e+00
-5.712847361412336511e+00
-5.775610656086081818e+00
-5.725441474834725319e+00
-5.456406050964962340e+00
-5.730977692835704573e+00
-5.077716005471793359e+00
-5.691900512481502084e+00
-5.100444879710282819e+00
-5.438770022794469305e+00
-5.711813820912102102e+00
-5.767773559820005502e+00
-5.757126013463754965e+00
-5.716323762452325319e+00
-5.092808704437047140e+00
-5.911115800587687374e+00
-5.725702739822932763e+00
-5.263878270087502642e+00
-5.843080326855617734e+00
-5.704811944473125784e+00
-5.715672470474487454e+00
-5.760014262184352418e+00
-5.715904562481513018e+00
-5.893671027690994713e+00
-5.678054030777719419e+00
-5.229850356627341768e+00
-5.033724032892275879e+00
-5.737319936092257322e+00
-5.698519021866792045e+00
-5.733739894527833947e+00
-5.678393673727943458e+00
-5.714869106158607437e+00
-5.720289138731012635e+00
-5.858034587273679428e+00
-5.925893464372367525e+00
-5.729826797314768960e+00
-5.759645896591683467e+00
-5.718659190976713269e+00
-5.837173682223691706e+00
-5.752405432915971062e+00
-5.932261689605555333e+00
-5.302105349245703536e+00
-5.748698669670645245e+00
-5.266764633550303998e+00
-5.707119178259181247e+00
-5.747204927980980038e+00
-5.742894212402529064e+00
-5.746673490543416918e+00
-5.762751436250420412e+00
-5.424861298885785388e+00
-5.746767182286613540e+00
-5.907663636287246334e+00
-5.759907719640343871e+00
-5.708156137714005318e+00
-5.525840145056895913e+00
-5.749347095498587024e+00
-5.726806992846961819e+00
-5.672967633897627593e+00
-5.701184837307779141e+00
-5.382411184568980822e+00
-5.715523548384936703e+00
-5.745617561050242017e+00
-5.858555174381779196e+00
-5.258522269121932879e+00
-5.719439217409700404e+00
-5.847677923466271466e+00
-5.727459421713769316e+00
-5.729756984386142449e+00
-5.358046690841852921e+00
-5.749426951499763128e+00
-5.740007779941166177e+00
-5.851390429936276227e+00
-5.767578738517276093e+00
-5.761406373087111454e+00
-5.840911505960998618e+00
-5.758523238403176592e+00
-5.715508339900331691e+00
-5.015166648214854028e+00
-5.926198691128916174e+00
-5.681163324423637029e+00
-5.704098012143607122e+00
-5.412836190337026565e+00
-5.713488102411543146e+00
-5.738853665280873706e+00
-4.920110892983742268e+00
-5.715329878910728745e+00
-5.719177328013799411e+00
-5.743620307587529616e+00
-5.723012805698220795e+00
-5.749807070146284893e+00
-5.770222174938722581e+00
-5.690976572219021534e+00
-5.919036068989867339e+00
-5.771821680617127193e+00
-5.795849908351330626e+00
-5.737946532424608392e+00
-5.772519270225532573e+00
-5.138935511670378098e+00
-5.098946229378293893e+00
-5.766458133857281787e+00
-5.740034118002629526e+00
-5.889369315494063173e+00
-5.707242755807323320e+00
-5.684517416227159892e+00
-5.823415749894555127e+00
-5.905512686860785898e+00
-4.978524803903098928e+00
-5.846240390216951965e+00
-5.737725480272525047e+00
-5.692730137800391610e+00
-5.684448013946309608e+00
-5.731932250222159908e+00
-5.132573157232731553e+00
-5.100736931587042555e+00
-5.787449649542719676e+00
-5.722233407532137051e+00
-5.849688798496560871e+00
-5.759124714510424958e+00
-5.901345104338294512e+00
-5.741836268112889385e+00
-5.047535150216113209e+00
-5.724055424212030729e+00
-5.836288521158492060e+00
-5.713314874312344749e+00
-5.666780747794245343e+00
-5.750125172564612086e+00
-5.742880282933277236e+00
-5.741892840888912275e+00
-5.828634311326705841e+00
-5.147879210415063689e+00
-5.716545814132354408e+00
-5.734407637919466616e+00
-5.298956946677764179e+00
-5.921624283845623005e+00
-5.846480011295106749e+00
-5.774148450073022687e+00
-5.726763727658042313e+00
-5.002221592497343217e+00
-5.902511136506659817e+00
-5.738471920042838015e+00
-5.706270135333418203e+00
-5.697188838828037838e+00
-5.682119365265065447e+00
-5.725168382097855613e+00
-5.731364354729496569e+00
-5.737205279967041882e+00
-5.295447441196470706e+00
-5.710738885082034422e+00
-5.802004965528966274e+00
-5.715949980914387218e+00
-5.749029281709390204e+00
-5.095204932329926883e+00
-5.913264153700730219e+00
-5.826823858608218387e+00
-5.775027147309884867e+00
-5.846063124905075625e+00
-5.031572809178830319e+00
-5.746273267545134011e+00
-5.914325905123229532e+00
-5.734183716156844746e+00
-5.317130117006100498e+00
-5.724153496651272377e+00
-5.742838441540263794e+00
-5.908664768872410988e+00
-5.333362989887591610e+00
-5.747986154275777970e+00
-5.823043830197438986e+00
-5.771757918903172246e+00
-5.907927341706314728e+00
-5.273832311591726274e+00
-4.887373611372631821e+00
-5.739416906406652252e+00
-5.687878744396043018e+00
-5.697802282307415034e+00
-5.913418962355204478e+00
-5.818381444968339977e+00
-5.372187344573127632e+00
-5.763885420670050053e+00
-5.766347724500459293e+00
-5.198672921587663254e+00
-5.727163180704321732e+00
-5.817669067625124590e+00
-5.706780610196062753e+00
-5.770746932344005486e+00
-5.906330004524956934e+00
-5.893438904297134684e+00
-5.728440061105344761e+00
-5.757641710871707730e+00
-5.011646862541812020e+00
-5.752909322301643869e+00
-4.984496013297033734e+00
-5.046119167332899558e+00
-5.819212571297430969e+00
-5.736329730145791395e+00
-5.731218424808846024e+00
-5.762988758709186143e+00
-5.747699647902730469e+00
-5.846461291427186957e+00
-5.227476187916994199e+00
-5.766470102184655389e+00
-5.129924627950416927e+00
-5.778426156191944330e+00
-5.745524711420729957e+00
-5.694289520529329351e+00
-5.749252145466520858e+00
-5.719569325996726405e+00
-5.724598919837563749e+00
-5.746227001411029711e+00
-5.780637255981626588e+00
-5.782988986245613638e+00
-5.747316580915214246e+00
-5.917711719635112111e+00
-5.747683153661973243e+00
-4.950015244407013348e+00
-5.314772363645022146e+00
-5.234239564065726213e+00
-5.313212985801742505e+00
-5.811094695259213516e+00
-5.265070822127088768e+00
-5.848592708507889704e+00
-5.844786115727743869e+00
-5.714982457385403336e+00
-5.715968216183250128e+00
-5.181623351860872972e+00
-5.367616010448931441e+00
-5.778472416524945920e+00
-5.715522225896157771e+00
-5.220497229061169087e+00
-5.692869482999781461e+00
-5.510071545474281685e+00
-5.707854624529547394e+00
-5.896475843764031666e+00
-5.777047905929678429e+00
-5.738458041565618117e+00
-5.785952571402170896e+00
-5.710406966010165952e+00
-5.252758044659415759e+00
-5.747793961632215343e+00
-5.881702958483645105e+00
-5.726030409848150704e+00
-5.712550194804052239e+00
-5.783980879846954082e+00
-5.760253535946098680e+00
-5.751242600139710781e+00
-5.713884056086460994e+00
-5.710302701698137362e+00
-5.434713904963501818e+00
-5.121536706898827340e+00
-5.125322274417306367e+00
-4.997617009929651744e+00
-5.735936767141923021e+00
-5.770072405219345946e+00
-5.708988006035859541e+00
-5.766644982570371170e+00
-5.182321267895694916e+00
-5.750437856392532687e+00
-5.058830437473620378e+00
-5.741919820616090853e+00
-5.712234798364328903e+00
-5.808689416842124587e+00
-5.414660077201123300e+00
-5.791530047910728562e+00
-5.808390789282051436e+00
-5.349425701099451480e+00
-5.761371420049196779e+00
-5.688745078603427707e+00
-5.347065663202301700e+00
-5.678690899785358681e+00
-5.730183634526749614e+00
-5.745582712971686767e+00
-5.836509540659777784e+00
-5.756783089253371344e+00
-5.430090255749671968e+00
-5.818141539982112143e+00
-5.890018764916318261e+00
-5.771756027518185839e+00
-5.733885592189059466e+00
-5.903662091432029690e+00
-5.395391956501016217e+00
-5.140488015478933193e+00
-5.068470549295107652e+00
-5.729413552652776964e+00
-5.775347172786308825e+00
-5.731160269899247872e+00
-5.749696650717543100e+00
-5.281521657371524903e+00
-5.252800309076993912e+00
-5.554322604874744940e+00
-5.955892460477196337e+00
-5.556024860890496520e+00
-5.526844148889066943e+00
-5.357939518793440214e+00
-5.308994907529659635e+00
-5.433478108413854812e+00
-5.289167232413367614e+00
-5.244934898565071890e+00
-5.229157367691322555e+00
-5.135020817719727404e+00
-5.372632936200187892e+00
-5.510520147921372569e+00
-5.883073302838401020e+00
-5.063249155334975882e+00
-5.487854750461790942e+00
-5.568093356249091741e+00
-5.510710174798268746e+00
-5.451018493371385887e+00
-5.526825831538831224e+00
-5.462737305860909665e+00
-5.265503816592783437e+00
-5.546843940223779690e+00
-5.988980232586364139e+00
-5.244935640333098448e+00
-5.719898057075321063e+00
-5.044168660492549527e+00
-5.287486339908969768e+00
-5.516616211453799323e+00
-5.459959134406100922e+00
-5.541246064475633837e+00
-5.296813681713756772e+00
-5.644423258568731505e+00
-5.232908269168502713e+00
-5.061238804772619559e+00
-5.471436544259135282e+00
-5.477549734031877726e+00
-5.988992435808971670e+00
-5.435046361774154455e+00
-5.925789534469856790e+00
-5.477551676784965018e+00
-5.518434849689156430e+00
-4.750702560835208033e+00
-5.475111042054472854e+00
-5.557724125511630753e+00
-5.135021559980838646e+00
-5.289785228505230918e+00
-5.974769659243779785e+00
-5.916347760586304183e+00
-4.738003798179038384e+00
-5.299383184029233362e+00
-5.386823620400400081e+00
-5.492168657706542056e+00
-5.653479762247602736e+00
-4.987469380440587408e+00
-5.541247777539341612e+00
-5.225975208459851196e+00
-5.265503425231642609e+00
-5.193201288926684533e+00
-5.470251895349505844e+00
-4.857772195718959019e+00
-5.541245462252601506e+00
-5.815786494003208240e+00
-5.062005781583051700e+00
-5.481364479144243518e+00
-5.502547305514601028e+00
-5.304334336540605932e+00
-5.310318356993662725e+00
-5.433163295913313817e+00
-5.296898836264579913e+00
-5.475113167729404040e+00
-5.546810925374693113e+00
-5.653407513307725729e+00
-5.271900961035541400e+00
-5.479122591401989872e+00
-5.089985697519051833e+00
-5.513471581081652140e+00
-5.244936372433057770e+00
-5.974769533239275177e+00
-5.063250869720147485e+00
-5.466854043034766519e+00
-4.983211310098611513e+00
-5.132366700856443309e+00
-4.737999960431279689e+00
-5.462548177444110031e+00
-5.418265665779589568e+00
-5.162318022978070964e+00
-5.184280885405604167e+00
-4.638119306876429704e+00
-5.427075375865791251e+00
-5.541600948315744013e+00
-4.909840209030390312e+00
-5.182017208467327052e+00
-5.184278822168317369e+00
-5.289166436748494959e+00
-5.289166260574916123e+00
-5.234095162588627836e+00
-5.509883910729416634e+00
-5.455708941255584143e+00
-5.162923808473582454e+00
-4.788029584941821959e+00
-5.264133777586511798e+00
-5.284084115991432462e+00
-5.916324954824045079e+00
-5.453716455679495034e+00
-5.451155994509076841e+00
-5.265503097969126856e+00
-5.479113522350806953e+00
-5.802268756789731974e+00
-5.304333997128889422e+00
-5.193199680694544185e+00
-5.342408928896280607e+00
-5.905767527110247883e+00
-5.483402252199510940e+00
-5.240168782668516378e+00
-5.245216380711402060e+00
-5.905775109500205566e+00
-5.521341863764940072e+00
-5.521825169556611179e+00
-5.252801578139890459e+00
-5.883075448377232952e+00
-5.260967396248024563e+00
-4.954476911120583082e+00
-5.189899284964908155e+00
-5.486764618037150321e+00
-5.225974317019673521e+00
-4.909034733925704330e+00
-5.507828372451117005e+00
-4.943539172992315045e+00
-5.336638914499595820e+00
-5.359239315952296856e+00
-5.526792614639566281e+00
-5.273489466986388763e+00
-4.620494801015015973e+00
-5.513471225525169217e+00
-4.708319856001532244e+00
-5.492188818973257725e+00
-5.012007904883068576e+00
-5.531182060944702883e+00
-5.489332800360445574e+00
-5.140281402049554416e+00
-5.397933797387041821e+00
-5.265501498618396781e+00
-5.541575481182173135e+00
-5.510744186027643821e+00
-4.988682615452504798e+00
-5.289166908067249651e+00
-5.521827562119999477e+00
-5.110111832930117615e+00
-5.513678624744479784e+00
-5.239919893649285676e+00
-5.135024998006812780e+00
-5.234094808445096447e+00
-5.282651711913515236e+00
-5.364782218273950853e+00
-5.170613358113731017e+00
-4.528000979563914896e+00
-5.024909907627086447e+00
-5.974771118116551705e+00
-5.466855622758732380e+00
-5.234094816516241977e+00
-5.186061001453445840e+00
-5.239913104555415480e+00
-5.232908318459407404e+00
-5.556068068630919399e+00
-5.481074176746367321e+00
-5.510282510192640260e+00
-5.489331633749856998e+00
-5.815791116142220218e+00
-5.271901998019372648e+00
-5.502877040082697846e+00
-5.265503766709361599e+00
-5.478874754922097523e+00
-5.902653100156523003e+00
-5.526870817765740185e+00
-5.283776696050679789e+00
-5.504887454030140681e+00
-5.434999394075958890e+00
-5.342386633159825315e+00
-5.968850223170816705e+00
-4.591193235913921811e+00
-5.135043336127129265e+00
-5.459482548576610306e+00
-5.188847520821613379e+00
-5.289783473733183250e+00
-5.234339068679306095e+00
-5.184277598266604059e+00
-5.934329631124834137e+00
-5.466852925619672732e+00
-5.479122407530494954e+00
-5.213345652934098240e+00
-5.389115370216309486e+00
-5.314472700188718868e+00
-5.521406260656999798e+00
-5.213340366897393885e+00
-5.290533717294019667e+00
-5.264576101991729651e+00
-5.026770148313095987e+00
-5.511619653474358671e+00
-5.481099060874071505e+00
-5.510170740794027466e+00
-5.832279429230772472e+00
-5.254517056925788410e+00
-5.459702398689582736e+00
-5.351681119289800392e+00
-5.489332957460420381e+00
-5.471122228635305618e+00
-5.038873417544280642e+00
-5.719896931849240751e+00
-5.271902113528120104e+00
-5.189900922662014082e+00
-5.357946601717054946e+00
-4.592227370401523956e+00
-5.438258747601308229e+00
-5.327639787846298880e+00
-5.475116133644746697e+00
-5.283780284684242545e+00
-5.508619610623350482e+00
-5.380278147460604288e+00
-5.193191908128763856e+00
-5.210919409522322354e+00
-4.935580282083573245e+00
-5.289761557775961798e+00
-5.415512112266766209e+00
-5.190119288795396635e+00
-5.244935847470126866e+00
-5.521332623920547356e+00
-5.916349550641919031e+00
-5.483401883996450010e+00
-5.486697950041130589e+00
-5.198040146051929433e+00
-5.103241308791234054e+00
-5.232935489502441584e+00
-5.090521494321301965e+00
-5.236033460271113604e+00
-5.326246916806232967e+00
-5.254485265461611654e+00
-5.076166213513357839e+00
-5.161280459124270692e+00
-5.133136242650526704e+00
-5.369238925164854237e+00
-5.481356816914065178e+00
-5.396072436710903197e+00
-5.124494668674777209e+00
-5.227631770201882411e+00
-5.905765700316420563e+00
-5.181736430923330694e+00
-5.278134273038441293e+00
-5.353266855707202510e+00
-5.541589112679059959e+00
-5.413926077838363327e+00
-5.122441628949617964e+00
-5.521826792977771348e+00
-4.665475152930055103e+00
-5.545801609873833193e+00
-4.989532073846307370e+00
-5.905763366206946863e+00
-5.265502459273278646e+00
-5.271901839163179559e+00
-5.504398381959407338e+00
-5.483936532661030760e+00
-5.988998117039821878e+00
-5.132554639849086442e+00
-5.357940577090540835e+00
-5.466854258120468657e+00
-5.155829961657333094e+00
-5.223688431712075086e+00
-4.933155720248794118e+00
-5.318273848616849264e+00
-5.318274590698335302e+00
-5.355272551373581713e+00
-5.274532723096866604e+00
-5.490057593695781613e+00
-5.459824970180510384e+00
-5.502868716082407019e+00
-5.189903139534213672e+00
-5.198465071309295915e+00
-5.541250027362580433e+00
-5.240169095551971523e+00
-5.460066846039847377e+00
-5.489587922764709305e+00
-5.466813550696597801e+00
-5.048143396586620923e+00
-5.490264043382262926e+00
-5.489334312038256058e+00
-4.653519130267485870e+00
-5.467183318880439735e+00
-5.497211895376374002e+00
-5.489331614296433237e+00
-5.492119893201103054e+00
-5.493709462230120799e+00
-5.302676687288483848e+00
-5.342407352918388419e+00
-5.504861951708147849e+00
-5.522844807454352356e+00
-5.121436234767357654e+00
-4.958450644612810265e+00
-5.159143597754484389e+00
-5.197027660174428298e+00
-4.871033429305877682e+00
-5.015524379485547968e+00
-4.858225521323314311e+00
-5.160977531069594448e+00
-5.320117101148763794e+00
-5.173845081075240770e+00
-5.313118732917311071e+00
-4.889690527611281645e+00
-5.104908957595813312e+00
-5.005073664688338475e+00
-5.134479440738568989e+00
-4.900360743925245899e+00
-5.057240665699396232e+00
-5.278347732189634378e+00
-4.979217068904201682e+00
-4.901153053532889992e+00
-5.066577093130649523e+00
-5.244627305780431570e+00
-4.985122045087817533e+00
-4.901693603756403839e+00
-5.391029087632384531e+00
-4.960681685423068643e+00
-4.871993369226569115e+00
-5.190445853095596362e+00
-4.967973431132207907e+00
-4.936176257576714299e+00
-4.849274931254909937e+00
-5.257898001434196722e+00
-5.287557569999914442e+00
-5.257192786917880944e+00
-5.036993908013566390e+00
-5.304170482276595600e+00
-5.151097154071179851e+00
-5.352551206769505576e+00
-4.917488922335983226e+00
-5.100451533500474532e+00
-4.887681913753681329e+00
-4.975185385947184180e+00
-4.892935780583387739e+00
-5.253520059487995830e+00
-5.238849567570700749e+00
-5.245130729775479672e+00
-4.983420181975756869e+00
-4.981051307026336694e+00
-5.056720957013138396e+00
-5.288836301751493885e+00
-5.202295584348111568e+00
-5.182154611520827459e+00
-5.037455748664783073e+00
-5.217960523593452749e+00
-5.134969042655888494e+00
-4.905815795835501980e+00
-5.178034111894114666e+00
-5.304500638761719955e+00
-4.556272693243369254e+00
-5.772448353095189333e+00
-5.841468359342727901e+00
-5.303283168064855779e+00
-5.969041826793441530e+00
-5.779323285827412171e+00
-5.969043427657650724e+00
-5.769377749554243984e+00
-5.847075187354668024e+00
-5.769450201130314149e+00
-4.818185678272402406e+00
-5.769380669683595642e+00
-5.776090693247695640e+00
-5.969388894440582405e+00
-5.846157829824061736e+00
-5.303433586235313690e+00
-5.794133343255047919e+00
-5.809247273640941955e+00
-5.374946825734915556e+00
-5.767348442110652229e+00
-5.066228914486346824e+00
-5.846149375172996265e+00
-5.763020324963551211e+00
-5.772495699288505477e+00
-5.315739414940748198e+00
-5.841567407874724616e+00
-5.980013533124043157e+00
-5.290683718187847440e+00
-5.778984842230492802e+00
-5.846182428546051746e+00
-5.348885973318274978e+00
-5.388765039321580019e+00
-5.809116666812817797e+00
-5.769596854929321061e+00
-5.807575157334023075e+00
-5.794279939411103975e+00
-5.579664493260504621e+00
-4.758779128966626359e+00
-5.806063702352997957e+00
-5.848057149960532719e+00
-5.841584106947069976e+00
-5.841564238189387304e+00
-5.829736265638319814e+00
-5.699696667564160713e+00
-5.843874578875575487e+00
-5.843058811753206072e+00
-4.330605742321353091e+00
-4.505445006744550618e+00
-4.819015267555093018e+00
-5.664130410640047408e+00
-5.388763014269499330e+00
-4.817151754060515323e+00
-5.339957692382033549e+00
-5.961401366369171839e+00
-5.730780639676382293e+00
-5.772519960260214411e+00
-5.144999346457550082e+00
-5.348877738048220642e+00
-5.427831442432656139e+00
-5.733249047590711633e+00
-5.383958917694480206e+00
-5.762952448483058099e+00
-5.304466278545802993e+00
-5.793519873089488570e+00
-5.853740692847549276e+00
-5.255377340968991895e+00
-5.793451947835540849e+00
-5.841557892593012724e+00
-5.843933880695953320e+00
-5.847085846569557432e+00
-4.454280751143486761e+00
-5.769602278535354678e+00
-5.807518785926665039e+00
-5.846145356475432209e+00
-5.382727369376908655e+00
-5.978704583796987215e+00
-5.662671724083170766e+00
-5.807590387225885387e+00
-5.979994770630750800e+00
-5.976153523774089926e+00
-5.702550230511821638e+00
-5.944657725108186241e+00
-5.983031672732834316e+00
-5.343710468614988329e+00
-5.387853190808234771e+00
-5.841561001989034274e+00
-5.388766761967889174e+00
-5.841562087703530359e+00
-5.849240376841239986e+00
-5.844823198843656975e+00
-5.349135267422116868e+00
-5.171869232061660604e+00
-5.765805924391155024e+00
-5.958242593215122618e+00
-5.847127584138506862e+00
-5.287112840629553112e+00
-5.765590341095120586e+00
-5.845929096292806548e+00
-5.807531276836662038e+00
-5.304254419106535501e+00
-5.762105172293778388e+00
-5.239265302087141585e+00
-5.843883889003525844e+00
-5.851970398257649641e+00
-5.961409159644967204e+00
-5.752497356211993207e+00
-5.847061692691991830e+00
-5.982969298841294581e+00
-5.734020689814152583e+00
-5.844840582686827268e+00
-5.849247655538691859e+00
-5.847071063941703173e+00
-5.769343826608898773e+00
-5.489700882459761289e+00
-5.799402160065570300e+00
-5.978722006418072610e+00
-5.806487660224247449e+00
-5.969060696941810740e+00
-5.428498763378241776e+00
-5.846115082169095700e+00
-5.424059555578848446e+00
-5.762338420966076846e+00
-5.762942087358957188e+00
-5.852010666493111302e+00
-5.980135272435383342e+00
-5.418784547934553331e+00
-5.348914479569889302e+00
-5.976115813098527241e+00
-5.852532056400934657e+00
-5.974205174033888177e+00
-5.732997661406192158e+00
-5.769271623403894544e+00
-5.349140444148888562e+00
-5.750814544553439767e+00
-4.209896581479751987e+00
-5.841590255387792752e+00
-5.809103410862359596e+00
-5.973088194383315397e+00
-5.348930026355298573e+00
-5.845983262946869097e+00
-5.762972464836077613e+00
-5.750842683921434606e+00
-5.315538364732558030e+00
-4.207446931539390533e+00
-5.819447215716227362e+00
-5.769511994795935017e+00
-5.843926930496944117e+00
-5.833072263208820551e+00
-5.852603437618737026e+00
-5.321657606012268005e+00
-5.769541574105942594e+00
-5.763023427902573381e+00
-5.772461573995239625e+00
-5.829618967880848324e+00
-5.304427678267048307e+00
-5.973084780392146520e+00
-5.303358208697582121e+00
-5.185830046638630009e+00
-5.800535166996159120e+00
-4.387320185568857056e+00
-5.750622598213069203e+00
-5.808812397333253053e+00
-5.349149618537374806e+00
-5.311906601805058692e+00
-5.973134549219382805e+00
-5.348906905832730985e+00
-5.750951598736214976e+00
-5.343751186776287909e+00
-5.841466472059506643e+00
-5.847918946663450690e+00
-5.807560518227566249e+00
-5.843062612003540046e+00
-5.304873683246782434e+00
-4.006846435499520354e+00
-3.836212065613878952e+00
-3.326039150694768409e+00
-3.836212065613878952e+00
-2.655899176881693080e+00
-3.802907155819354124e+00
-3.836212065613878952e+00
-4.084248884967133897e+00
-3.305476100621584923e+00
-3.410192169038974264e+00
-3.311927725981046677e+00
-4.054459145985166657e+00
-4.035337629701682083e+00
-3.832180610851098290e+00
-4.013405530920072906e+00
-4.061865071227289015e+00
-3.105150060461864481e+00
-3.836212065613878952e+00
-3.148922255418931115e+00
-3.991679087555273231e+00
-3.288750898506810127e+00
-3.836212065613878952e+00
-3.633424217890001362e+00
-4.130772862945449653e+00
-3.836212065613878952e+00
-4.051423110823956009e+00
-3.848459778210724380e+00
-4.165778223710018047e+00
-3.920512545868226173e+00
-3.899990023895032465e+00
-4.018563367435946887e+00
-4.009533001767562332e+00
-3.739543238582240026e+00
-3.655708665669956225e+00
-3.482947817216524911e+00
-4.988558256001065061e+00
-4.942617853636176228e+00
-5.141259492843734513e+00
-4.983391863150479217e+00
-4.850189110539509407e+00
-4.968827765527648488e+00
-4.923733817134553270e+00
-5.244110831431074260e+00
-4.827749460635370582e+00
-4.879173888130446279e+00
-5.007704230030936898e+00
-5.332243868890869543e+00
-4.929000025579636457e+00
-4.980816895649203602e+00
-4.829737507713986133e+00
-5.128774742035308698e+00
-5.234331217909564238e+00
-5.291939453770700297e+00
-5.049112116042913101e+00
-5.037675478727633660e+00
-5.030448193507635501e+00
-5.056619792933750190e+00
-5.211139257161251592e+00
-5.233801934801745048e+00
-5.081221521304724043e+00
-4.717354400043921814e+00
-5.239449943169017132e+00
-5.195408301843858823e+00
-5.199368679358319589e+00
-5.607940536310023205e+00
-5.251370662149506430e+00
-5.029768311061364017e+00
-4.945410979238957339e+00
-5.529414472047454510e+00
-5.690675374730220781e+00
-5.235434967792427230e+00
-4.881282683931425836e+00
-5.248955021948405353e+00
-4.988105895063550399e+00
-5.109264711840705075e+00
-5.066030649865669311e+00
-5.285739467029159755e+00
-5.062814050617295614e+00
-4.880529746775797761e+00
-5.706899652459750172e+00
-5.036923354626851257e+00
-4.725734292439560669e+00
-5.424373904842670235e+00
-5.469981290081596725e+00
-5.291122083837552559e+00
-5.299459821821440819e+00
-4.690388921703586789e+00
-4.744238515934541489e+00
-4.532995348539087921e+00
-4.735931495043548267e+00
-4.532038023789445091e+00
-4.613307924827842577e+00
-5.242920068928857091e+00
-4.663167356427996957e+00
-4.665529605785655676e+00
-4.773195258192457935e+00
-4.825955308294677337e+00
-2.902521964992484271e+00
-4.507041888587117739e+00
-2.263628086016719720e+00
-1.478122569438601985e+00
-2.703479923863485457e+00
-2.784320899036869523e+00
-8.533251449827137236e-01
-1.289070543922928413e+00
-3.489763626613893166e+00
-1.948982842964569917e+00
-2.646376316879680779e+00
-2.346484500992651157e+00
-3.717046884326399070e+00
-2.885732588271620269e+00
-3.242870061056409181e+00
-2.774821369640350976e+00
-3.741783827221722092e+00
-2.041512267521014667e+00
-2.023900675068702970e+00
-3.868211902681927050e+00
-1.595019712078962426e+00
-3.960232298097206449e+00
-2.010482309109170806e+00
-2.218994361948908978e+00
-3.461952370442131777e+00
-3.660235104834733022e+00
-3.019528436502548097e+00
-2.714139740413429536e+00
-2.380166708151663979e+00
-3.330915333443923654e+00
-2.976526531801449327e+00
-2.776022563936694887e+00
-3.567209360976676624e+00
-2.936607048158633493e+00
-2.903746475835708107e+00
-2.929407837302760775e+00
-3.045305018983569312e+00
-2.565177051916344819e+00
-3.390706655896943644e+00
-2.736280486198020778e+00
-3.801714635814024135e+00
-3.694623379699216503e+00
-3.269656557249207562e+00
-2.052877459915322778e+00
-3.170827707411092877e+00
-3.482414402317408619e+00
-3.322501278284931026e+00
-3.271759772365255614e+00
-3.038662884972469502e+00
-1.367200346079400441e+00
-2.752358015472633479e+00
-2.939762467143277824e+00
-2.707629857980067278e+00
-3.697952595335971537e+00
-3.058481664275108702e+00
-3.355437624464912005e+00
-4.059011641214136823e+00
-2.738680831006930383e+00
-3.578333555184433745e+00
-2.646476155172460931e+00
-3.462519779682370569e+00
-2.316973892341694263e+00
-1.735844881743731749e+00
-4.638252850844689412e+00
-2.192851120830946243e+00
-3.608187896354364543e+00
-1.222654059778461200e+00
-3.723184108741280696e+00
-3.536302669533819554e+00
-2.669252891264031202e+00
-3.467764618139394628e+00
-3.596661541624174063e+00
-2.768700213382145225e+00
-4.231306552093999862e+00
-4.610844087948074765e+00
-4.554739877806490256e+00
-4.174072298912190782e+00
-4.691676347655123536e+00
-4.184989388925601794e+00
-4.163772941578297804e+00
-4.082614136786498982e+00
-4.323799167670100196e+00
-4.229223754272246616e+00
-4.873446740312334491e+00
-4.407379359326734303e+00
-4.393968686688831227e+00
-4.422277174185476945e+00
-4.125060347492449431e+00
-4.273038969396611542e+00
-4.756512464345366453e+00
-4.229653022511143057e+00
-4.377520937748145435e+00
-4.185596117907705249e+00
-4.396074614545284476e+00
-4.092484741463364273e+00
-4.735543434106013194e+00
-4.922795076396511149e+00
-4.150975632446845864e+00
-4.539048503130058698e+00
-4.700484772087173191e+00
-4.959246604150115090e+00
-4.352117531072956069e+00
-4.816568470235527144e+00
-4.478450748277659876e+00
-4.216364755417042254e+00
-4.236222621265370414e+00
-4.273014472911246919e+00
-4.484858816510392643e+00
-4.407562593376047388e+00
-4.363674750941507696e+00
-4.233132918463376804e+00
-4.161625383381154286e+00
-4.292212819373756538e+00
-4.461874643835535892e+00
-4.341325786459909963e+00
-4.733540884880399702e+00
-4.747770128264278355e+00
-4.531097716869553871e+00
-4.281935632374130662e+00
-4.744553669101609472e+00
-4.800399935272640306e+00
-4.204231163798904269e+00
-4.715630669480224135e+00
-4.275116368911161757e+00
-4.270923755921876896e+00
-4.687953661148978490e+00
-4.442378980410877531e+00
-4.913704507914509634e+00
-4.683247196929612777e+00
-4.368759257787846906e+00
-4.163814272281807227e+00
-4.442612675254932419e+00
-4.188180473822589178e+00
-4.471286932284459503e+00
-4.355233449074000340e+00
-4.498469983841836495e+00
-4.424514411674097758e+00
-4.409697565930563279e+00
-4.063507723131521310e+00
-4.269434600639357313e+00
-4.377520515863956518e+00
-4.299330448780426472e+00
-4.287376860403428580e+00
-5.204032851065136356e+00
-4.458660879167419822e+00
-4.172027460928559250e+00
-4.362408521662454852e+00
-3.523418030228836262e+00
-3.548883512012649621e+00
-3.370412952430340781e+00
-3.963710149673262517e+00
-3.628653512016530414e+00
-3.015934832744838534e+00
-2.901276455465656934e+00
-3.751256746828111499e+00
-4.009995915572500458e+00
-3.999732798803864231e+00
-3.115152694419998092e+00
-3.772573996019629394e+00
-3.780210256527245072e+00
-3.641892337134950974e+00
-3.140885769719607090e+00
-5.025182667654360280e+00
-4.373521714742814481e+00
-4.402608974467599801e+00
-4.784139056236619503e+00
-4.719982274216297569e+00
-4.580138583794046703e+00
-2.982284651547923549e+00
-3.833668291890049762e+00
-3.242091262870256507e+00
-3.261501945192768037e+00
-3.606263343553620881e+00
-3.415709057789590108e+00
-3.644617300149475714e+00
-3.550629646090507574e+00
-3.170521217632344069e+00
-3.606541832867435460e+00
-3.504990314540666674e+00
-3.665252146266174016e+00
-3.191940116663853910e+00
-2.840815897541752566e+00
-2.921242311827805249e+00
-3.226378043848928900e+00
-2.883852182256513963e+00
-3.099893247284360331e+00
-3.704498629041797386e+00
-3.551546946608032496e+00
-3.119469549775202744e+00
-3.316531662509583089e+00
-2.644311643244237509e+00
-2.853564698395161248e+00
-2.870368282884879108e+00
-3.445450880421418560e+00
-3.830003510998067462e+00
-3.158145753398410527e+00
-3.006672552933836506e+00
-3.555726996956583008e+00
-2.727525763487527843e+00
-3.144646160990886674e+00
-3.281450515072254603e+00
-3.614396832854892327e+00
-2.900325487867351892e+00
-3.301325155659566413e+00
-3.581706253385775973e+00
-3.554149068068837014e+00
-2.835381377842236539e+00
-3.090097359101602326e+00
-2.815738452128923708e+00
-3.664075307222190325e+00
-3.624855935774495830e+00
-3.710658945637971051e+00
-3.416441271282850245e+00
-2.965470328023077418e+00
-3.235086976407859805e+00
-3.091295238438112936e+00
-3.793760808393863648e+00
-3.579785356094532744e+00
-2.824891745626123996e+00
-3.755422276630584921e+00
-3.252146367109801872e+00
-2.915645731622531489e+00
-3.395340745780206504e+00
-2.901464817245793970e+00
-2.977736939319661769e+00
-3.522785812584452891e+00
-3.672167370725120783e+00
-3.076496013523704054e+00
-3.618719976381024939e+00
-3.289402959751950295e+00
-2.974183474399609395e+00
-3.338195979148899983e+00
-3.388573555008799865e+00
-3.582796070363454266e+00
-2.879531469322067494e+00
-3.543498531538449736e+00
-3.263659071136217449e+00
-3.763280374742182577e+00
-3.028001514597917776e+00
-3.642161247617051067e+00
-3.410296989898443432e+00
-3.269522475566991382e+00
-3.381733252686853763e+00
-2.941857302192728785e+00
-4.632510064255331628e+00
-4.464981142598630548e+00
-3.954314156103152289e+00
-4.102343346096662735e+00
-4.328408425483864619e+00
-4.081770792604153542e+00
-4.493287205590503319e+00
-4.630455797386707317e+00
-4.335484279235076954e+00
-4.213507747679855697e+00
-4.666858022511100046e+00
-4.462227483571477471e+00
-4.159458102334082419e+00
-4.416797158357050890e+00
-4.438889787541536514e+00
-3.967600224424352895e+00
-3.363877907280238055e+00
-4.114440529856707052e+00
-4.468723695271389573e+00
-4.579635802213696039e+00
-4.492111400788218134e+00
-4.470966502058226766e+00
-4.128285944800556884e+00
-4.784343857945527745e+00
-4.331977759406377970e+00
-4.196808087119450192e+00
-4.391725511624031242e+00
-4.154243612896499016e+00
-4.612370017152281676e+00
-4.195176561207625276e+00
-4.198520841002060244e+00
-4.066720195185406617e+00
-3.963160383851414448e+00
-4.603601415284721554e+00
-4.492116928494005457e+00
-4.563160422205126743e+00
-4.480075894125621794e+00
-4.591227933744745471e+00
-4.312703586889661267e+00
-4.671648030774345095e+00
-4.155272087455160523e+00
-4.365534955932152350e+00
-4.299085266003273453e+00
-4.216098044645583798e+00
-4.336054298490774173e+00
-4.177458906005193207e+00
-4.306203692561989094e+00
-4.528071710300607400e+00
-4.343828820759382481e+00
-4.447545840925199556e+00
-4.465527284998599633e+00
-4.337902137807305714e+00
-4.627685982272418563e+00
-4.583967451731532528e+00
-4.666021854475135733e+00
-4.423757419077483100e+00
-4.505640268810607196e+00
-4.600737456644909074e+00
-4.349125334881935423e+00
-4.486796159373714232e+00
-4.511764234737340118e+00
-4.146282286185862809e+00
-4.493625228030754926e+00
-4.281162903528026753e+00
-4.379296969663108108e+00
-4.429594930242905626e+00
-4.547535770961907531e+00
-4.788422327583321980e+00
-4.382735753772625920e+00
-4.594113567995466774e+00
-4.405855224373886436e+00
-4.350458082010600691e+00
-4.459561841965707707e+00
-4.389037025245878354e+00
-4.344954261510671323e+00
-2.419665651192191458e+00
-2.308928392683935904e+00
-1.041126016020718525e+00
-1.404987528265671193e+00
-3.923230882100533279e+00
-2.451658779979693836e+00
