-5.439451649203615347e+00
-5.393152012088665792e+00
-5.322545005486829517e+00
-5.131810280959687276e+00
-5.464951439379388987e+00
-5.466390709577717111e+00
-5.505561487464585291e+00
-5.484238409315596030e+00
-5.500840847957069180e+00
-5.514456498409914254e+00
-5.510548112543316890e+00
-5.472647929824635327e+00
-5.114119777569548830e+00
-5.129217571001784215e+00
-5.113454687930126141e+00
-5.127598866333745953e+00
-5.145439467148471557e+00
-5.135293299893477048e+00
-5.123279154463448393e+00
-5.131026286125194069e+00
-5.154462729541517518e+00
-5.159514405406901538e+00
-5.132792988455603833e+00
-5.398213568579037336e+00
-5.434831092871559299e+00
-5.478621281401474086e+00
-5.516293124710488271e+00
-5.062096052427829562e+00
-5.414846042073016896e+00
-5.436340676562248397e+00
-5.370879201529439761e+00
-5.331300019990637296e+00
-5.390876423410614571e+00
-5.157296009487279953e+00
-5.429190539978674401e+00
-5.448561403597338426e+00
-5.417951031008143126e+00
-5.119329669926366400e+00
-5.505864907598559732e+00
-5.553111218962444973e+00
-5.726521077576021135e+00
-5.423302458805280502e+00
-5.524864770030897709e+00
-5.701995995460577227e+00
-5.523082349242947942e+00
-5.549574078314372549e+00
-5.481619249119484394e+00
-5.533380065184556607e+00
-5.568060881547308938e+00
-5.716787188544449450e+00
-5.483288671698804073e+00
-5.472078019743838340e+00
-5.540221761668978395e+00
-5.591990080166254984e+00
-5.447471914325783260e+00
-5.482329774490536600e+00
-5.500525490625577163e+00
-5.545929934089611990e+00
-5.585662151179376700e+00
-5.666714816336416938e+00
-5.659111645637446841e+00
-5.752236088363977373e+00
-5.749546646928701321e+00
-5.651057903762584544e+00
-5.646133152380095943e+00
-5.636440319135894939e+00
-5.636504496673738096e+00
-5.646567188509266977e+00
-5.672982113221291200e+00
-5.629069888536094801e+00
-5.675379316280755759e+00
-5.632408936441526848e+00
-5.685460297508072358e+00
-5.625033042027162367e+00
-5.653585655735662741e+00
-5.755647315038038947e+00
-5.646221048792335218e+00
-5.633774393868840491e+00
-5.643538049541314550e+00
-5.658171895709023680e+00
-5.642024388887453057e+00
-5.636134688094538880e+00
-5.638349045000238036e+00
-5.628783228693606588e+00
-5.638156025752912193e+00
-5.658689785215253565e+00
-5.644934279289855361e+00
-5.663287697115232611e+00
-5.654191668482285493e+00
-5.732320897729042741e+00
-5.719618604918782268e+00
-5.739840582233729727e+00
-5.659040650872496414e+00
-5.708527346464785879e+00
-5.705313396410812921e+00
-5.718885001973579740e+00
-5.708140913443116027e+00
-5.689855879641974035e+00
-5.512292214368180510e+00
-5.579460498640233190e+00
-5.535002542387005953e+00
-5.564007977658118165e+00
-5.510409373867114269e+00
-5.545258032601865672e+00
-5.513068298918228471e+00
-5.569415587733557160e+00
-5.633261911403255162e+00
-5.518802233163968118e+00
-5.474461350126567538e+00
-5.512724950121832279e+00
-5.530006398302570680e+00
-5.501902602800645248e+00
-5.479041925197427609e+00
-5.538267773304923480e+00
-5.485013248783766393e+00
-5.542860192561912314e+00
-5.530070674165026290e+00
-5.597047426317811158e+00
-5.549651792500540637e+00
-5.546505757684046856e+00
-5.517761435632495548e+00
-5.538949788277765407e+00
-4.741654217836337892e+00
-4.665197631809927969e+00
-4.614174168545019938e+00
-4.826145001369240184e+00
-4.782847896360856943e+00
-4.742999959110902886e+00
-5.061396959303553267e+00
-5.070312628854651393e+00
-5.039888181527103050e+00
-5.098331321820852580e+00
-4.674700682356860426e+00
-4.702916890739698985e+00
-4.653740902014026126e+00
-4.691962499664378505e+00
-4.778135633414933636e+00
-4.659171236518603543e+00
-4.651432085500762703e+00
-4.627296748460484999e+00
-4.629664544840092155e+00
-4.735376677378837940e+00
-4.637165957319827392e+00
-4.620701505413219223e+00
-4.607957480630631153e+00
-4.721483704903326917e+00
-4.709664348941881684e+00
-4.741830096815530915e+00
-5.499721757804628908e+00
-5.449832972098614725e+00
-5.386946447069433930e+00
-5.513534735352950911e+00
-5.667197258927979320e+00
-5.719042771333127106e+00
-5.596983647987793020e+00
-5.150896324553953853e+00
-5.215516916656954827e+00
-5.237423383113689823e+00
-5.760580260720990609e+00
-5.775725126364637418e+00
-5.784751159326906311e+00
-5.737032224146470405e+00
-5.769398325255534310e+00
-5.544239381021537127e+00
-5.520587069970071425e+00
-5.549244597838681514e+00
-5.525799944332952407e+00
-5.543977270868577278e+00
-5.665607394801335239e+00
-5.735331381406322926e+00
-5.292068559246534853e+00
-5.234799147953123288e+00
-5.275760603799241721e+00
-5.304445722579211875e+00
-5.331921253785321113e+00
-5.517720926315731411e+00
-5.299836493699481288e+00
-5.341153988454561130e+00
-5.351592325519302307e+00
-5.344335584713079790e+00
-5.338553104031353413e+00
-5.305433956018042352e+00
-5.318954271954236646e+00
-5.303496386865174550e+00
-5.311809831442236174e+00
-4.717710428193797156e+00
-4.735959917185482482e+00
-4.713343576294510839e+00
-4.724288775575918642e+00
-4.733702621727481130e+00
-4.727943379831169857e+00
-4.710490843156329710e+00
-4.721760180156982400e+00
-4.734537655822494528e+00
-4.716962950810115629e+00
-4.733935310199128388e+00
-4.697295867722454332e+00
-4.692122673912987096e+00
-4.713377214090999523e+00
-4.693118603918323473e+00
-4.708021144000889002e+00
-4.691956857986876450e+00
-4.684917918142766702e+00
-4.692934482368124272e+00
-5.196247198570204340e+00
-5.118347144561069761e+00
-5.129804273807952342e+00
-5.119449410874240769e+00
-5.150330406135553041e+00
-5.169808714546821449e+00
-5.183954854121226141e+00
-5.145511016318746300e+00
-5.162596018504820528e+00
-5.388175796743074564e+00
-5.340849988259148695e+00
-5.327252423709503582e+00
-5.329152445055565401e+00
-5.285621206369254033e+00
-5.400450851214039005e+00
-5.386623140803584064e+00
-5.322732949578151462e+00
-5.289857699490252863e+00
-5.097508624154539092e+00
-5.261362727343525947e+00
-5.231818886755606357e+00
-5.343445856691291240e+00
-5.303861662200509031e+00
-4.878944184152198105e+00
-4.855226249569483343e+00
-4.856527575723846191e+00
-4.867068822085044211e+00
-4.872192868808168598e+00
-4.768806180441480969e+00
-4.712430614014681218e+00
-4.727189414929173772e+00
-4.878013477797179753e+00
-4.873754512021958085e+00
-4.952929313751716300e+00
-5.265221236226435231e+00
-4.915698313474231362e+00
-5.271096840646828596e+00
-5.278537272642969569e+00
-5.198698948011263532e+00
-5.153059418765383981e+00
-4.906517205819664440e+00
-5.199076795869005174e+00
-4.958628456787392835e+00
-5.343873742043739661e+00
-4.949761794699558237e+00
-4.898121060687208761e+00
-5.314583868981051396e+00
-4.941548283459622048e+00
-4.933896355282369584e+00
-4.958757439461900951e+00
-5.249003259437633240e+00
-5.232857161865868356e+00
-5.248450318232858791e+00
-5.221726125662332407e+00
-5.136441025560276152e+00
-5.249873735607037517e+00
-5.249342321716105708e+00
-5.231941401889268484e+00
-5.235584477785043767e+00
-5.114254464682669976e+00
-5.074705121266471330e+00
-5.136059007435338053e+00
-5.132322270255825103e+00
-5.157799142850689300e+00
-5.120087354204398977e+00
-5.260401890968005922e+00
-5.235435206810658215e+00
-5.110597693938021990e+00
-5.140179313644354764e+00
-5.108554128740376399e+00
-5.557482445462865961e+00
-5.556444143065042418e+00
-5.574199909872061376e+00
-5.562352528813057972e+00
-5.574487681404364459e+00
-5.557020793439792605e+00
-5.540386950188231019e+00
-5.562715342050237766e+00
-4.741535576483836500e+00
-4.742302492926927293e+00
-5.083140106338124298e+00
-4.718666188189037491e+00
-4.702529247013032432e+00
-4.739063737475683880e+00
-4.604155585833614062e+00
-4.712928899120501391e+00
-5.681054043059986292e+00
-5.647272477994320639e+00
-5.514228231650323053e+00
-5.563386876262902625e+00
-5.539696827631658493e+00
-5.508251218655128234e+00
-5.537965354317024413e+00
-5.627750236591298361e+00
-5.691971075329346874e+00
-5.674247555018750333e+00
-5.675289280585026574e+00
-5.634481054809147516e+00
-5.650376229548202289e+00
-5.634772541983281258e+00
-5.636474572516703141e+00
-4.762382016870904344e+00
-4.760829441583801724e+00
-4.729351723644067640e+00
-4.735998100278070666e+00
-4.741244095608564635e+00
-4.724272543166629923e+00
-4.737149092271393691e+00
-4.744590797240821445e+00
-4.792316986649392874e+00
-4.792260541013912523e+00
-4.812741985124644906e+00
-4.785707493221615039e+00
-4.795215554718521567e+00
-4.731985236982078291e+00
-4.746612985271887020e+00
-4.820002526624351802e+00
-4.705453845967789483e+00
-4.825567714904050121e+00
-4.845307756646872299e+00
-4.813394655957960566e+00
-4.817395431056665345e+00
-4.761514927768758731e+00
-4.788674828755163482e+00
-4.813184957645514572e+00
-4.794434328587210636e+00
-4.775519268840571208e+00
-4.799929485041664279e+00
-4.827073797408882427e+00
-4.819631093641110198e+00
-4.809764728580593562e+00
-4.821864060027866827e+00
-4.832191361602482083e+00
-4.802514699720431324e+00
-4.814676214145098498e+00
-4.832376530388078351e+00
-4.830395276844523522e+00
-4.855383944936756180e+00
-5.078796318986700697e+00
-5.089476640466106261e+00
-5.079902661160939914e+00
-5.075302892976776725e+00
-5.077384327791433449e+00
-5.091435922317335994e+00
-5.297976859863734234e+00
-5.294456884275077435e+00
-5.293815609593546689e+00
-5.289379822073671633e+00
-5.295766242721734685e+00
-5.294991590436074702e+00
-5.291741718295088326e+00
-5.293091050804134667e+00
-5.288114194035620663e+00
-5.290170399036384197e+00
