1.099372984743809667e+02
1.031868799012505349e+02
1.192841364165773825e+02
1.085449114981083056e+02
1.096230524999659508e+02
1.065825555275577443e+02
1.232598769240700278e+02
1.037742007664865014e+02
1.057681158381294324e+02
1.114652396747522545e+02
1.173518551729422370e+02
1.098610824950050642e+02
1.216539009773135120e+02
1.061166730360490362e+02
1.084464519734370072e+02
1.200869550487754651e+02
1.064891958817566859e+02
1.047816580022529962e+02
9.959105483722697727e+01
1.152962248574285695e+02
1.169332475256475732e+02
1.088399223286819222e+02
1.068018297548399431e+02
1.001520792859919737e+02
1.064573358791497668e+02
1.301184509090398933e+02
1.145080401470555671e+02
9.393534028960574744e+01
1.104516503119999982e+02
1.029801715308553156e+02
1.086926736108008100e+02
1.324561496834472791e+02
9.381880972718387568e+01
1.044153688290085285e+02
1.073954600457320936e+02
9.990865149939283185e+01
1.064403983316579883e+02
1.187437024275933624e+02
1.190496578648801318e+02
1.169856970232290223e+02
9.643246240330640262e+01
1.184009360989441006e+02
1.057467907431155538e+02
1.015396254907571887e+02
1.211861363983982187e+02
1.043215985240189667e+02
1.025679731162618396e+02
1.067405443211758893e+02
8.965346466744711051e+01
9.048683690407146685e+01
1.388994745374750721e+02
1.071927826046051564e+02
1.101380741271302242e+02
1.019921669563804301e+02
1.018500557593283418e+02
1.142618334777161664e+02
1.243357472731309201e+02
1.054820194964130025e+02
1.074012597406938170e+02
1.021168784381087988e+02
1.089124303085498724e+02
1.011740296551749907e+02
1.167162033355156865e+02
1.161340379006445716e+02
9.832031765574166116e+01
1.161661474086646706e+02
1.086493389390899580e+02
1.145887091571494381e+02
1.063597183542818243e+02
1.138866972606494841e+02
9.968247273958832011e+01
1.124237935169826841e+02
1.132576139255751144e+02
1.163931837984911795e+02
1.026578780083330713e+02
1.026403382938485294e+02
1.094610733839157035e+02
1.006866346764109181e+02
1.207297222583150500e+02
1.118044385797860372e+02
1.029409710587756450e+02
9.975974068986397469e+01
1.137090123332273066e+02
1.075633586167854077e+02
1.190627695719635000e+02
1.031051462464331649e+02
1.106813403428979683e+02
1.078958850361573667e+02
1.100413993767248826e+02
1.048572872646318501e+02
1.056121155226651638e+02
1.257010972597066711e+02
9.469141750355835541e+01
9.432644635868200567e+01
1.165768466938013859e+02
1.205757765808831152e+02
9.541534078063710922e+01
1.255651800254856596e+02
1.168852309280653685e+02
9.805237252695407335e+01
1.059822761014810339e+02
1.050178078907984229e+02
1.046973917284597633e+02
1.095126562884513390e+02
1.150464136491272740e+02
1.182512240586228387e+02
1.037615471791731778e+02
1.058588713575974509e+02
1.041249250078828226e+02
1.114085494264218283e+02
1.028346841922727606e+02
1.101544216260170685e+02
1.118272171116236393e+02
1.156758514223508740e+02
1.139976284049836863e+02
9.435853922705568664e+01
1.166097497131413263e+02
1.030473806479722185e+02
1.165357711257037323e+02
1.085617253553280790e+02
1.007356322912599609e+02
9.017941447657493370e+01
1.138337829728914556e+02
9.790385463334051508e+01
9.624999234647786750e+01
1.261121835222159575e+02
1.054990347734697593e+02
1.149167903612997179e+02
1.147993742851604964e+02
9.979374092952974706e+01
1.079726560526069932e+02
1.177349911026646367e+02
1.125228336594855989e+02
1.353362536233491369e+02
1.065424304219022247e+02
1.018670198286334596e+02
1.030666111162052374e+02
9.732964351000889280e+01
1.115931411594795577e+02
1.036862749908460017e+02
1.108644371063159610e+02
1.125315414634649045e+02
1.111544829660397085e+02
1.161106747376646382e+02
1.026975692507196385e+02
1.059912855892794141e+02
1.047465568515859644e+02
1.064599216681091036e+02
1.097864323227616552e+02
9.155572076276590110e+01
1.167731764482144001e+02
1.179349286567091326e+02
1.172666571483124187e+02
1.007416610158224302e+02
9.649552344386056291e+01
1.025842163171090675e+02
1.182135879332098227e+02
9.562446331038080416e+01
1.061656796354398864e+02
8.835439028483925483e+01
1.194958516772478845e+02
1.615932092751560276e+02
7.616002041846857651e+01
1.176397495826314668e+02
1.114263211459338692e+02
9.897747308645136854e+01
9.385037687631441372e+01
9.839801451828037671e+01
1.078421471785208041e+02
1.035956483717001220e+02
1.238620247847600808e+02
1.114914768414791979e+02
1.091676059033009949e+02
1.176653986758212795e+02
1.068726649735072129e+02
9.954962552237549289e+01
1.116898735164525505e+02
1.028691778942751114e+02
1.181301624612386831e+02
1.048933982159941110e+02
1.130082436602585716e+02
1.066022578105320235e+02
1.122085968884757392e+02
9.446600205309015053e+01
1.234112770959538636e+02
1.035291746123175329e+02
1.149823129958188588e+02
1.107687250135117694e+02
9.757553508616926763e+01
1.000227918411251835e+02
1.249015810985009693e+02
9.646370365074143649e+01
1.092468835118310011e+02
1.504668214380993732e+02
1.026107370295083285e+02
1.045215307266422400e+02
9.690794866921208950e+01
8.499399446029218552e+01
1.240575570758489476e+02
9.985467195149151109e+01
1.334386910805922355e+02
1.315537688682763360e+02
1.048521048321918840e+02
1.053919948088125125e+02
1.069739324210199669e+02
9.717047144425492888e+01
1.096048575972320407e+02
8.967820942958790909e+01
1.231581941924723367e+02
1.112098005986675560e+02
1.080992644730139176e+02
1.068532554135318975e+02
1.138254832401927388e+02
1.186531966454206355e+02
9.787237132729806888e+01
8.546179508652386403e+01
1.044330185650738514e+02
1.287630842632410122e+02
1.146764230847093131e+02
1.214362909851986529e+02
8.829452455959365409e+01
1.024405860245250182e+02
1.053147241436099364e+02
1.110605507729298864e+02
9.246216414183044208e+01
1.312926132505280066e+02
9.342661272690250485e+01
1.156785337919756529e+02
1.150854601950059930e+02
6.961047692027359801e+01
1.190242876541325501e+02
1.037813142097787278e+02
7.457728715148893173e+01
8.834872623989654983e+01
1.229155323912553825e+02
1.240857914901116885e+02
1.189423875642821145e+02
1.125494023933417935e+02
1.003819116317205413e+02
9.946628504649319780e+01
9.653284803288205751e+01
1.076618910067900430e+02
1.077254570651355010e+02
1.203510413852826417e+02
1.224719156022206334e+02
1.027884992093685241e+02
9.653417132396583611e+01
1.133319951145452791e+02
1.084078662910960418e+02
1.003607888380153526e+02
1.236934877501468861e+02
1.001829318503232003e+02
1.077304965286710683e+02
1.150989327308101053e+02
1.143145931018863308e+02
9.285915557556613464e+01
1.136106276188688042e+02
1.062053008454071517e+02
1.126158650158139807e+02
1.154430910246286714e+02
1.110399965143568011e+02
9.754876801424812527e+01
1.028292622009677046e+02
1.053695609674399236e+02
1.252511553851701933e+02
1.162400540574096226e+02
9.166729974873696563e+01
1.138930050240634557e+02
1.053616091874926326e+02
1.132592008449127690e+02
1.142481235803675617e+02
9.376774807564483183e+01
1.199278680312319949e+02
1.053425016709920499e+02
1.263871273353394855e+02
1.105259981084060428e+02
9.975095265857341076e+01
1.321237498366952252e+02
9.164452130363838478e+01
1.046146014589040760e+02
1.135088198094576484e+02
1.044977555194020198e+02
1.087754502676371118e+02
9.051598215052747776e+01
1.081968231317818976e+02
1.075054482970289627e+02
1.185397701502489554e+02
1.099811252989923389e+02
1.179879796608523890e+02
9.578733084841442746e+01
1.076713479917449661e+02
1.103688853355537134e+02
1.080265607958913563e+02
1.233229223079878096e+02
1.100796199381003362e+02
1.108741821618767176e+02
1.160644495320868117e+02
1.177069452423785805e+02
1.046038840378109001e+02
9.611811219429532116e+01
1.089180196788886548e+02
1.093672075986335415e+02
1.011360388688185594e+02
1.263468824598950420e+02
1.225052845871718290e+02
9.671250954335377514e+01
1.027670237990490136e+02
1.152521658835489688e+02
1.148185005870959969e+02
1.157309812773543314e+02
9.981494492103443861e+01
1.034211538884330110e+02
1.059538460711689538e+02
1.225690992986629198e+02
1.085516711746936664e+02
1.150464669850665018e+02
1.039979841463748329e+02
1.006210056789166458e+02
1.041399011762431712e+02
9.996422408910125057e+01
1.261308571512017807e+02
1.132402246576516092e+02
1.083822046860002501e+02
1.136958929087446961e+02
9.602018485732824615e+01
1.101126710847925239e+02
9.088306908180364019e+01
1.284014818387034609e+02
1.142229273775145089e+02
1.091606728637938630e+02
1.021529516047847181e+02
1.108432478959828842e+02
1.054707652879262127e+02
1.097598737036688874e+02
1.058180685067195839e+02
1.172183883527461319e+02
1.069286961653933901e+02
1.001608826609542859e+02
1.188497789593021565e+02
1.060510337744423026e+02
1.354820708085255205e+02
1.072222057649347420e+02
1.058154527203924431e+02
1.058130897824745063e+02
1.076781306943636167e+02
1.077779252169219006e+02
1.032296193854835309e+02
1.077869481802588325e+02
1.233069765023641224e+02
1.040547084369802917e+02
1.046360416220356768e+02
9.217280441480797037e+01
1.046905933894329053e+02
1.086383022856172005e+02
9.493661432834750258e+01
1.027926706362912341e+02
1.101006888760808238e+02
1.327598797811337761e+02
1.058167698082627197e+02
9.189912366158125678e+01
1.302542013109388677e+02
1.187025799274128701e+02
1.084720506172279357e+02
1.018110158092316198e+02
1.071304833040105535e+02
1.080468766898344910e+02
1.209886202859537434e+02
1.242996440603111949e+02
9.246928273609415783e+01
1.044660971862135028e+02
1.057590818091607616e+02
1.083775699609288097e+02
1.088487713159862693e+02
1.083902154529952071e+02
1.062988370040592940e+02
1.184586548545463529e+02
1.249761291725048125e+02
1.019156144102314840e+02
1.191269354461188641e+02
9.450704915185258415e+01
1.044408508657249968e+02
1.076620336997947192e+02
1.014003676626146273e+02
1.003260102406507173e+02
1.485192695394277393e+02
9.981080169038268934e+01
1.025474592434255641e+02
9.541503575918768831e+01
1.349157439858928171e+02
8.858818686718869628e+01
1.186040608458311425e+02
1.011190276025719044e+02
1.001004179008379253e+02
1.081629389268724566e+02
1.006939082136566128e+02
1.206711282036795012e+02
1.251052207616830856e+02
9.238903445325654218e+01
1.120672301905998012e+02
1.011880909075907482e+02
1.135923066542823108e+02
1.060825597619808320e+02
1.342246879733675087e+02
1.006755810446516932e+02
1.031911363073612762e+02
9.227141141423091142e+01
9.877769459404990471e+01
9.564884354552108903e+01
1.173745056234868116e+02
1.176757740709226709e+02
1.197720486246230678e+02
1.054062126693817874e+02
1.021517637203167226e+02
1.070784580567777908e+02
1.311773272409317883e+02
9.907604290710742134e+01
1.043229100592306793e+02
1.082622518617416745e+02
1.179391125287185389e+02
1.236497903327101113e+02
1.142440179395592423e+02
9.371761736401622045e+01
1.069736192649446735e+02
9.662738570259749338e+01
1.105992267458578056e+02
1.039422865731625478e+02
1.204025581125887356e+02
9.783412321230379405e+01
1.256436978494426029e+02
8.758304193285108852e+01
1.176693581671614908e+02
1.111721169996406644e+02
1.233825030498799151e+02
1.133288261653524103e+02
1.149226790326962089e+02
1.002721776109838032e+02
8.901149474796110894e+01
1.215359259382590125e+02
1.044574256427384285e+02
1.106794292397444792e+02
1.035198601178714313e+02
1.143127907989696581e+02
9.875609614091918331e+01
1.057798889877953314e+02
1.324098987894054176e+02
1.173723222392178371e+02
1.183915376559321402e+02
9.420675773386240337e+01
7.772490134786497151e+01
1.028412556077847739e+02
1.364145371077180471e+02
9.406286873623717781e+01
9.307986914554209079e+01
1.005194721884550262e+02
1.228109075444599938e+02
1.105439011194470140e+02
1.124552158218182853e+02
1.051257472447179993e+02
1.085812447308853024e+02
1.048803080109701966e+02
1.149680393826772757e+02
1.042682783422266937e+02
1.038669748365437471e+02
1.277145532542074733e+02
1.098938246702744692e+02
1.055439126858604055e+02
1.049432995991693787e+02
1.130457592763220731e+02
1.078881736996504941e+02
9.741880038437042799e+01
1.151130317409929802e+02
1.274684480543286185e+02
1.050006904907277772e+02
1.057920681402389675e+02
9.355584055535582877e+01
1.038084455370553201e+02
1.122345424770916367e+02
9.420052752123318385e+01
1.103558543750977208e+02
1.137109336441133962e+02
1.123243761811605168e+02
1.127323649254694118e+02
1.119233761613745628e+02
1.137556653654919785e+02
1.129551756727919241e+02
1.148426717205106513e+02
9.690728182773013089e+01
1.298589089705885158e+02
9.154523605911334982e+01
9.205551929436252578e+01
1.252207214351084730e+02
1.211323682334051028e+02
1.072497968697123270e+02
1.152366998869752877e+02
1.032378892008506881e+02
1.004100487346622401e+02
1.128688199049391585e+02
9.614542470926994611e+01
1.153735739620176446e+02
1.201256998655058510e+02
1.096837654568715266e+02
1.032876089998221687e+02
1.034738055356647237e+02
1.163958024314633946e+02
1.136335086022715757e+02
1.078936703240830184e+02
1.119975858455558608e+02
1.145858275934493093e+02
1.067889677967184525e+02
1.092224512698897740e+02
1.091152432872281821e+02
1.069896519065757445e+02
1.173225971099907241e+02
9.986587155472589927e+01
1.072970006293051739e+02
1.147507978532427302e+02
1.075398658193419692e+02
1.101861898028838880e+02
1.080891648946906258e+02
9.597892364561512579e+01
1.294451031592118682e+02
1.039871329922401770e+02
1.228709523971138111e+02
1.037296188044867336e+02
1.041566541894337945e+02
9.682944582132638800e+01
1.165850068523312757e+02
1.115847762634398208e+02
1.044434906154481268e+02
1.085040118692541142e+02
1.218578444789187927e+02
1.068535969381793080e+02
1.098013469004191336e+02
1.104433130668335536e+02
1.077678015523435278e+02
1.194525576316614206e+02
1.022302843208196492e+02
1.058653573416084441e+02
1.246517248382627514e+02
9.971460331127066468e+01
1.090782433233618747e+02
1.143701147838710455e+02
1.031483427199887615e+02
9.600649651090427028e+01
1.089514009996612600e+02
1.183351029208467509e+02
9.506136485258076618e+01
1.199997890721296301e+02
1.148560196826390580e+02
1.117860960788998739e+02
1.023602532885517320e+02
1.166461575859369617e+02
1.009669876884879187e+02
1.017391200498833825e+02
1.223115679615648190e+02
1.092029042020898117e+02
1.092879072566187375e+02
1.114566506555652836e+02
1.156118969185650371e+02
1.108509620933841830e+02
1.002023952289720370e+02
1.145222096192766372e+02
9.497933512814822166e+01
1.160228321630153658e+02
1.037438797171339502e+02
1.368076161798636861e+02
1.057635753336337530e+02
9.566724002690355633e+01
1.104055464475173949e+02
1.193560316584351142e+02
1.038354880213606890e+02
1.094866980885730783e+02
1.117858651124930986e+02
1.014419557436318939e+02
9.942174846112419573e+01
1.122114868746804888e+02
1.132715407098581721e+02
1.222250364474039941e+02
1.169655825171488601e+02
9.789278875011648040e+01
1.012785039533707589e+02
1.185643598840327257e+02
9.817842546139829096e+01
1.100308596542280526e+02
1.176697318688513718e+02
1.220662165585121386e+02
9.446438785092237822e+01
9.213081531004743852e+01
1.127293846525622314e+02
1.081816684251729725e+02
1.115133415828870085e+02
1.192273410004422800e+02
9.812980473068049037e+01
1.104819817512222073e+02
1.072706365389671532e+02
1.002944501665872536e+02
1.106122849577771490e+02
1.041736652759679060e+02
1.095419210596289190e+02
1.095971320118641898e+02
1.206202615401241758e+02
1.175792153909015525e+02
1.031190101152213998e+02
1.014084397200168866e+02
1.276444333228227066e+02
9.534695906808410371e+01
1.041778817464096960e+02
1.059195408446631603e+02
1.145431710875464972e+02
1.057730044642734129e+02
8.325219828100446762e+01
1.191039131324383646e+02
1.202328025177222344e+02
1.224167374645234361e+02
9.152754806007058619e+01
1.114796012729339196e+02
1.073449211738363545e+02
1.160489219386678315e+02
1.026921215975364703e+02
9.925099529159788858e+01
1.032625928034466938e+02
1.098519989687575844e+02
1.040560127233289904e+02
1.205975048474364826e+02
1.171411015857991913e+02
1.058628872719689582e+02
1.078436397705419267e+02
1.161002522445389644e+02
1.127266447499010980e+02
1.162830271502491968e+02
9.778487296043131494e+01
9.417448809702140977e+01
9.830297174780604053e+01
1.211377721006075490e+02
1.182802487313414588e+02
1.127421862930112439e+02
1.110491101192778558e+02
1.104274112887503776e+02
1.265833819491225967e+02
1.088825445551436957e+02
1.080906167440379022e+02
1.077289570201259892e+02
9.265783311541669320e+01
1.141252111994277953e+02
1.067208754651451841e+02
1.002927044577553346e+02
9.937236436251842520e+01
1.182561270257929209e+02
1.182174342245075565e+02
1.072926621898739654e+02
1.167714566854065055e+02
9.643021078242445299e+01
1.217806149128755777e+02
1.254963949082356862e+02
1.073547947356456689e+02
8.643056916403999423e+01
9.211573649615181125e+01
1.314648643346120878e+02
1.033091063462327952e+02
1.046812516462908889e+02
1.054004428664166539e+02
1.148993740179711693e+02
9.618345416566680228e+01
1.251991345760419705e+02
1.103008445655079015e+02
1.077203534566450713e+02
1.089852816884506836e+02
1.086044369871267321e+02
9.546616511585042986e+01
1.093087208617107109e+02
1.251166759355126175e+02
1.053591346083706952e+02
1.081942118148026566e+02
1.177591412734725083e+02
9.601464870678498187e+01
1.161052614230378310e+02
1.083032896804289607e+02
1.033385589291622750e+02
1.239101608095612903e+02
1.202042446324725518e+02
1.147996281624713930e+02
1.178985139850982051e+02
1.260295559647654073e+02
9.873774111730475056e+01
1.050406271314789279e+02
8.869559202843599621e+01
1.163766767489042735e+02
1.056254047448951781e+02
1.079807730492749585e+02
1.127411401193614893e+02
9.644027303958264952e+01
1.179635079432786142e+02
1.118902635731940904e+02
1.001902399157917500e+02
1.091057539557684635e+02
1.145668677431199001e+02
1.162709739277702141e+02
1.033347479883113209e+02
9.706549886292714291e+01
1.109139375975974104e+02
1.062639042331036876e+02
1.262835455294586495e+02
1.063174369774540367e+02
1.081997992843553078e+02
9.523673010263243555e+01
1.243768887600047464e+02
9.994770056409832648e+01
9.505064753012051426e+01
1.207641548779695881e+02
1.025170885697156677e+02
1.034787654878603576e+02
9.807810820932576235e+01
1.288282575449437388e+02
1.056429222749306689e+02
1.213695593889247561e+02
9.799759469318217953e+01
1.106474941662242344e+02
1.144885972020197045e+02
8.999369368145302417e+01
1.027035366598706219e+02
1.212133374354813213e+02
1.141847819041515777e+02
1.104136211387201172e+02
1.040264478654740259e+02
1.132579272576018212e+02
1.134420910214630567e+02
1.058712209949306526e+02
1.138623390801665067e+02
1.062952972719621698e+02
1.153583175777745140e+02
1.147933594190013480e+02
1.141060190512570500e+02
9.375167369555374819e+01
1.282430489683868302e+02
1.131444048449037325e+02
9.900224381201549306e+01
1.089242106976205662e+02
1.037644904116364160e+02
1.216164197824590474e+02
1.295218613889221331e+02
1.171881337792789139e+02
1.057914082698597014e+02
1.284021730857907642e+02
9.387071430904504155e+01
9.485592857549585233e+01
1.114356093530985703e+02
1.117955447346926547e+02
1.025467528723810346e+02
1.033603272864791336e+02
1.184637385559524887e+02
1.098668670917837034e+02
1.095922201573673362e+02
9.635745267184047691e+01
1.326460144889557000e+02
1.127490945785235112e+02
9.521154364307359685e+01
1.051711335469409079e+02
1.080596937577814316e+02
9.563572384545676641e+01
1.226465319414416371e+02
1.115609857877086171e+02
9.745960396285701677e+01
9.520473132882358414e+01
1.216673986602503277e+02
1.016390408209181970e+02
1.151153296074191417e+02
9.320129057090382219e+01
1.097920031524446784e+02
9.271109223050000026e+01
1.189141146249473593e+02
1.240974801888624768e+02
9.625923902164940671e+01
1.141277599610073423e+02
1.070016386928184033e+02
1.346306745563526306e+02
8.702927921531514244e+01
1.129879233316317624e+02
1.068849624704042611e+02
1.126853358217356629e+02
9.639041303659693938e+01
1.127152769780430219e+02
1.181440814232544909e+02
1.089515733597750966e+02
1.020043574839190939e+02
1.027582228956407420e+02
9.553878818887832836e+01
1.113998139390654103e+02
1.280331468386259246e+02
1.116364777860523674e+02
1.091146329087895026e+02
1.092053196773796202e+02
9.342954555474214828e+01
9.101996526202499638e+01
9.880280067788478959e+01
9.093890300545916716e+01
1.321414220988849308e+02
8.645685353349895763e+01
1.153638595208473703e+02
1.163243789783926161e+02
9.731435750037999810e+01
1.085409542796516433e+02
1.237374796101731249e+02
1.036720171125964924e+02
1.125046919778912411e+02
8.576177875274690621e+01
1.143659522356727223e+02
1.142007791314520233e+02
1.139108034812184513e+02
1.205620108433858633e+02
1.071273179132055731e+02
1.327791364049744800e+02
1.118405081961637251e+02
1.073241137689385027e+02
9.868965701695910298e+01
1.003926545655826175e+02
1.298181418735085515e+02
1.074439013129501177e+02
1.157661616454574727e+02
1.158906248230960614e+02
8.678215809960686045e+01
1.195075391531714786e+02
1.062744475905067958e+02
1.058731686628247388e+02
1.011461470834792351e+02
1.073031639954769929e+02
9.536620391735958435e+01
1.095424118766143806e+02
1.319133784211170166e+02
1.078988190542725079e+02
1.083773134463561547e+02
1.130172543533691965e+02
1.137616371923434144e+02
1.154292440928231542e+02
1.142876946548434205e+02
9.137300112341736735e+01
1.084122729240129388e+02
1.059895693387257438e+02
1.253191706407016710e+02
9.571225568326215694e+01
1.074042564064340013e+02
1.099980728363767781e+02
9.432644549825991476e+01
1.243650071818520644e+02
1.089110638179089392e+02
9.654745989024677044e+01
1.101869722151461843e+02
1.176597616659114180e+02
1.103510796638308449e+02
1.058164561848170848e+02
1.201168279270094104e+02
8.992574862763444798e+01
1.078795963460411116e+02
1.185621187817629902e+02
1.189050060489526572e+02
1.033191368526408098e+02
1.112161377567860683e+02
1.181681811578816479e+02
1.025742252941070234e+02
1.013744800826838599e+02
1.199557079785044067e+02
1.301146943479330105e+02
9.545510145514597866e+01
9.280887135859941850e+01
1.119252852369529023e+02
1.063584921521809434e+02
1.026396117308058109e+02
1.164757005542870729e+02
9.586929795275673882e+01
1.157387568999099585e+02
1.233197244194174687e+02
1.018831588270551123e+02
1.221475525523789116e+02
1.049071760171609498e+02
1.037908504278131261e+02
1.018052270888583877e+02
1.232813260501356893e+02
1.175752898731633564e+02
1.072871192125937654e+02
1.024609125544858301e+02
1.022642046560739146e+02
1.109938964361298446e+02
1.108365262914516762e+02
1.074584787244277067e+02
1.160591389013131760e+02
1.025133881045975244e+02
1.082954303306575099e+02
1.351955673675298044e+02
9.732031038271318835e+01
1.141506962269227188e+02
1.036506976860237614e+02
1.170902579279241280e+02
9.400641016135548966e+01
1.149925693312073207e+02
1.199689233558927839e+02
1.058322647854625558e+02
1.010819965564084697e+02
1.100994406612740875e+02
1.161098112106780320e+02
1.088841941602353103e+02
1.129291478552965202e+02
9.973973795980901969e+01
1.138604733856228393e+02
1.067841386322576369e+02
9.562709143233698228e+01
1.118916926326858459e+02
1.021113127825536679e+02
1.258195514036305269e+02
1.180198286621612453e+02
1.079821107565840492e+02
1.153809121374628006e+02
1.146815708561503726e+02
1.162562695952320553e+02
1.105159156857623373e+02
1.187297898115505319e+02
1.111825618646392115e+02
1.078124956807046146e+02
1.065371349919477666e+02
1.088638967959072659e+02
9.946030581858823894e+01
1.051600756520351041e+02
9.742570515441836676e+01
1.049728454338057730e+02
1.183937619088357849e+02
1.164299136054616071e+02
9.872716933281895990e+01
1.191631778304168563e+02
1.100827527314564378e+02
1.169897775455672502e+02
1.058207308389615378e+02
1.208723767521055095e+02
1.029878896501912493e+02
1.002953723342202608e+02
1.045527822294785949e+02
1.152806515500793267e+02
1.100865056761436023e+02
1.207599882419160622e+02
1.064813244411613482e+02
1.128643743086410041e+02
1.097602049393875916e+02
9.370454034300884416e+01
1.195697907483933449e+02
1.135939511213227178e+02
1.037282075997995321e+02
1.227559319277452232e+02
1.137123003498453926e+02
1.068362337479140649e+02
1.037849446752329783e+02
1.062450011647064798e+02
1.129065811951727767e+02
1.194053824131566302e+02
1.091805554812143981e+02
9.837068962446437581e+01
1.183108443300974812e+02
1.089887150891673429e+02
9.843093480975399245e+01
1.052432719756476871e+02
1.059402748162905681e+02
1.178421612091744635e+02
1.021180609484482318e+02
1.007457883875268010e+02
1.179463456807055906e+02
9.286688195971404980e+01
1.131382439390004038e+02
9.652933560402638591e+01
1.084232098343817512e+02
1.151027381377976582e+02
1.039835423346538477e+02
1.197088401543826990e+02
9.719694762124504450e+01
1.054135901173146692e+02
1.265877418610596550e+02
1.063562515268852309e+02
1.179651903728005777e+02
1.016505697120337572e+02
8.908534688242764332e+01
1.120527343167896106e+02
1.022192281333711179e+02
1.077499377904599100e+02
1.142339139320114043e+02
1.253337124967277418e+02
1.069949802789807904e+02
9.437797480866804278e+01
9.746696633449980141e+01
1.088187416351261021e+02
1.017344037220316153e+02
1.422227655157350910e+02
1.098881905069493854e+02
1.156283151115106165e+02
1.151554728679227821e+02
1.078808990269496064e+02
9.665698015126262987e+01
1.263592774922898911e+02
1.047915259973143662e+02
1.117183627756452324e+02
1.063715511824839126e+02
1.144365149786988383e+02
1.090743403678816605e+02
9.179960135506604502e+01
1.279836797135056656e+02
1.035107594612298669e+02
1.021735516109342541e+02
1.248906153501899610e+02
1.043835073752072020e+02
1.146858074006787689e+02
1.049837808993268169e+02
1.009477224204242134e+02
1.052212597105724683e+02
1.117035744523636396e+02
1.210363003128030783e+02
9.065065470013568927e+01
1.160523048355054669e+02
1.047052174460202991e+02
9.734168457304927813e+01
1.120536601841614726e+02
9.776407044910219213e+01
1.095938406987288971e+02
1.029712655741284095e+02
1.093993956663069298e+02
1.244807604909813108e+02
9.681503350270490671e+01
1.166504102203589639e+02
9.546852309973488104e+01
1.100266272600267570e+02
1.173264065662252307e+02
1.179621313910634939e+02
1.186472282766419255e+02
1.059644156633385705e+02
1.129266138420406520e+02
1.047508317295107787e+02
1.095814334913160479e+02
1.034148784992392223e+02
1.002042463424619427e+02
1.192147681375624870e+02
1.120261441264912889e+02
1.009368027239860623e+02
1.208908799105721243e+02
1.040703166010742677e+02
1.070985382950320712e+02
1.197660987184475800e+02
1.001823939981057094e+02
1.135950567246138689e+02
1.166451913566977652e+02
1.172359514167704049e+02
9.846178827174281878e+01
1.097802952982526676e+02
1.106283117087151879e+02
1.114732061139357171e+02
1.171656958203657695e+02
1.030441201812397054e+02
1.190942542188900433e+02
9.267702986550061439e+01
1.026432618748212633e+02
9.806422020388653493e+01
1.408144899425056451e+02
1.057637403023074683e+02
1.084958991189428588e+02
9.580273197998026546e+01
1.128549010005836379e+02
1.216773217448810556e+02
1.039371771380825749e+02
9.969466868604055776e+01
1.191438743536239429e+02
9.989778697234477534e+01
9.678377381240377986e+01
1.038362225133505774e+02
9.709247147349310580e+01
1.394985631780594986e+02
9.579483424484040199e+01
1.153772373439644099e+02
1.208805529798780896e+02
1.116865493619310996e+02
9.602534688153222930e+01
1.127910043889941534e+02
1.174369590510905255e+02
1.047759173285600980e+02
1.107266632490834866e+02
1.029901139208744212e+02
1.140730170040094862e+02
1.089775036228752185e+02
1.153298380756921802e+02
1.036065024241398049e+02
1.068058806130504053e+02
1.039315817158589965e+02
1.249558488673993821e+02
1.306634404867477883e+02
1.013262792451360923e+02
9.126245366793020253e+01
1.204905102543988278e+02
8.649394056693049038e+01
1.077483377470660315e+02
1.465247371900281053e+02
1.074318554909496868e+02
7.909392422426491009e+01
1.145185639718292805e+02
1.043890906070447073e+02
1.068280411625907647e+02
1.189946518638950579e+02
1.014393774938661608e+02
1.101694103371860649e+02
1.176778640143204910e+02
1.028255422269780297e+02
9.773939963717864998e+01
1.241846362304636955e+02
1.034803006146436246e+02
1.074394994829059016e+02
1.020372182141451276e+02
1.182401623023025650e+02
1.074140574828216188e+02
1.035008321479859461e+02
1.101988799870510150e+02
1.144888822151786343e+02
9.939252637150458725e+01
1.254729723881725079e+02
1.097549920911375096e+02
1.115028690529329083e+02
1.115636075680848904e+02
9.934204145337983505e+01
9.225409484446412023e+01
1.186599812655346682e+02
9.975208504497813067e+01
1.198475001360884988e+02
1.282446612202881226e+02
9.774021626086094727e+01
1.003043952917634698e+02
1.165157124197699829e+02
1.019614336364264346e+02
1.126168764570427072e+02
1.123061066083417785e+02
1.122083654259591157e+02
1.044804685057328442e+02
9.822551848002888164e+01
1.323276669994587280e+02
1.250897738339895540e+02
9.153310735515485419e+01
1.086091666911903246e+02
8.786007673372876070e+01
1.441519930041497446e+02
1.065334823158525523e+02
1.228640064687511142e+02
1.279775600196274041e+02
9.776540058052555082e+01
9.630958466264618778e+01
9.092927015080216790e+01
1.416389481038610825e+02
1.100418616073613691e+02
1.077073843934230126e+02
1.075708547964710817e+02
1.105443763034226379e+02
1.264776655325494232e+02
9.836468687578647518e+01
9.368384500259246295e+01
1.248929194496855359e+02
1.055630481060517951e+02
1.008212721234703650e+02
1.014112528816609569e+02
1.465000111366116187e+02
1.109601475275239864e+02
1.193241331311521236e+02
1.161567208139631902e+02
1.036371061862904952e+02
1.043597678055151903e+02
1.006068732491491460e+02
9.910343826176848836e+01
1.187171729718330511e+02
1.132620943689067303e+02
1.204612071537455478e+02
9.910103957386330364e+01
1.048433001132997617e+02
1.129462702844305255e+02
1.075103689307270258e+02
1.101162969523622053e+02
1.081191504106981398e+02
1.064986459272901271e+02
1.116959631136407722e+02
1.171027062468401283e+02
1.069733483967481646e+02
1.069102244841486851e+02
1.130781848380647432e+02
1.033455185117397974e+02
1.090234151170525791e+02
1.045109390585377298e+02
1.179353157026725114e+02
1.028711739215874275e+02
1.166346563961401586e+02
1.067774149526374003e+02
1.090824932903114188e+02
1.014419797641620988e+02
1.086762829776363191e+02
1.001372104000707708e+02
1.291684419313848480e+02
9.806491089022223662e+01
1.037689509113823050e+02
1.129236771074490946e+02
1.199212668492373268e+02
1.195348633400047476e+02
9.244549523389889600e+01
1.026024435643705317e+02
1.119816599551067071e+02
1.101240289875182867e+02
1.024342481781270493e+02
1.140621361033011567e+02
1.153702309719015062e+02
1.246133855715838479e+02
9.832864330244512985e+01
1.015764189016552024e+02
9.790210849138784965e+01
1.199356938279151450e+02
1.226723632443786585e+02
1.388934032424017175e+02
9.968238926675138600e+01
9.630236124560003930e+01
1.080167895509543001e+02
9.994182319118525015e+01
1.130301025193629556e+02
1.233035981993804739e+02
1.041466899313617489e+02
9.319964918694672917e+01
1.263578268892232188e+02
9.891303138015159391e+01
1.021384946158684244e+02
1.084974368092530170e+02
1.085114668402563325e+02
1.141927069541598883e+02
9.666047157438633519e+01
1.113317489719792519e+02
1.161155619634799621e+02
1.037478700939539067e+02
1.145545957850724648e+02
1.160301118482918667e+02
9.751344352250305292e+01
1.092702819159645031e+02
1.133644942747463773e+02
9.846826280557449707e+01
1.272728832662058522e+02
1.078046152103302973e+02
9.209470332356495703e+01
1.173117872712295622e+02
1.124529126641027403e+02
1.332511782713928312e+02
1.049622264259558477e+02
1.058518866445930371e+02
1.030930436539889570e+02
9.170404958313618238e+01
1.192461539168993312e+02
1.065516624489733459e+02
1.041901743983522550e+02
1.088782174588122302e+02
1.054424543998626831e+02
1.082701065744004154e+02
1.224943556741801274e+02
1.017093432146363483e+02
1.048760133156707184e+02
1.259912331981149123e+02
1.187469717451836289e+02
1.119485580712712505e+02
9.463532362103380535e+01
1.011107519826422703e+02
9.108715049911505446e+01
1.247508952937206601e+02
1.299232516487340661e+02
1.092828728059564725e+02
1.022744769457232366e+02
9.572767660332338835e+01
1.249061883385876399e+02
1.001967941444915198e+02
1.028399943324561292e+02
1.146027875113428820e+02
1.047410273695620475e+02
1.082977178448051063e+02
1.029103099462295319e+02
1.027557889700006655e+02
1.035932466896617683e+02
1.017637542861547075e+02
1.106255951057301274e+02
1.317893028230882067e+02
1.068368540692926558e+02
9.306840412682294073e+01
1.192603917513519747e+02
1.128591116619701893e+02
1.023641237343389747e+02
1.220924146717750460e+02
1.282639045992077911e+02
1.073049155732375652e+02
9.550714582905193595e+01
1.096786727987534533e+02
1.198234297350581414e+02
9.361377842229522628e+01
9.901241348930469144e+01
1.053721790241696112e+02
1.333456823679860292e+02
1.125074833289099701e+02
9.329751160471577975e+01
1.109286212781203886e+02
9.111721382279876025e+01
1.084992338293120895e+02
1.200994834078741036e+02
1.203627513427404665e+02
1.063433096716024551e+02
1.100149073235211432e+02
1.053919375916204046e+02
1.121462041607148308e+02
1.130280173885970783e+02
1.026969858202392487e+02
1.124262861118579906e+02
1.105976939335513407e+02
1.075004789116009221e+02
1.020469898970124092e+02
1.139879746944284307e+02
1.160938227134303560e+02
1.115197104665042218e+02
1.055355243611663951e+02
1.082456485143158744e+02
1.086854753844630608e+02
1.230901353909758740e+02
8.708123179564283589e+01
1.019778630503910648e+02
1.200953309869949095e+02
9.934548100240670010e+01
1.140183268258452500e+02
1.168383495317968226e+02
9.712100246760773814e+01
1.123247191968180800e+02
1.142573531827087976e+02
8.105240088882611360e+01
1.070031966432912753e+02
1.313815762397134677e+02
9.878074821209978040e+01
1.067876664257983350e+02
1.184463853322401974e+02
1.191334020714587609e+02
1.106170727997796348e+02
8.984752943266322234e+01
1.288481884228900185e+02
1.020028746011022918e+02
8.878500852493611717e+01
1.078339515959632564e+02
9.894421455051993064e+01
1.098379546514361920e+02
9.692693247482176844e+01
1.067383591114490002e+02
1.341461134927828596e+02
1.043311131926119089e+02
1.049647497668413507e+02
9.547003697472290185e+01
1.208706624341082971e+02
1.202222782786155477e+02
1.065998196773296058e+02
1.159427989373185284e+02
1.206193225317189928e+02
9.878336435675031169e+01
8.803691013068907978e+01
1.147319148145491141e+02
1.028207096178931010e+02
1.054473905614079285e+02
1.099881672255187652e+02
1.033106420290266385e+02
1.209844484615956191e+02
1.154602272550382764e+02
1.237418202628722383e+02
1.001278244035567866e+02
1.077451737934879077e+02
1.207905327593186655e+02
8.623440531726787128e+01
9.000261166597590545e+01
1.028719157830998512e+02
1.542461109067019152e+02
1.115240345876082699e+02
8.929184265844004642e+01
1.013125243999225802e+02
1.080124982633117838e+02
1.294392353782688474e+02
9.607495201954338881e+01
1.081973715023019906e+02
1.040836521311196350e+02
1.047781247525672086e+02
1.142055307214498043e+02
1.124300655606631523e+02
1.124533970604378794e+02
1.179751543455653433e+02
1.147308922195658312e+02
1.011157776069417196e+02
9.695547547615301198e+01
8.979215565695031387e+01
1.091520037986492326e+02
1.150267163977305671e+02
1.003463869861176363e+02
1.099727560437613647e+02
1.254270039767175007e+02
1.043168520939708515e+02
1.284818173526261660e+02
1.133090678555107758e+02
8.716625983396856725e+01
1.173517794849665705e+02
1.325069905977973974e+02
1.396221379270120906e+02
1.054349489814808152e+02
8.199310563640121075e+01
1.031021691884002109e+02
9.872068594144357689e+01
1.160281352380719824e+02
1.098741939757109236e+02
1.148850950879456434e+02
1.127166935172521818e+02
1.134298062387822768e+02
8.671243478960330719e+01
1.121355676102558192e+02
1.037224124899920668e+02
1.194427490016962565e+02
1.203124594470548772e+02
9.980947844111184963e+01
1.015487322484578812e+02
1.079597922327446327e+02
1.032601954849123018e+02
1.076860356447707119e+02
1.065572249895497663e+02
1.081932505405067531e+02
9.913909919449517361e+01
1.160441827401329107e+02
1.153702702882105626e+02
1.098571133318648236e+02
1.081916372192476530e+02
1.119967822220480969e+02
1.064405213802355519e+02
1.071069938369771961e+02
1.076782616649360165e+02
1.016595542790664837e+02
1.019282047995726259e+02
1.090603197054371520e+02
1.281302400859937904e+02
1.013927383711992292e+02
9.622032410528530022e+01
1.206915200944024065e+02
1.054886371047505520e+02
1.176417725163657906e+02
1.124194853354797914e+02
1.137189723196339770e+02
1.203509886112253895e+02
9.841646651772508392e+01
1.101758925909635423e+02
9.584455910099603670e+01
1.152101219236998020e+02
1.208556150009314507e+02
9.614492190329075072e+01
1.130369010027173431e+02
1.066488406753334175e+02
1.065524879561327225e+02
1.132417523603008362e+02
9.420872932428648028e+01
1.161382426559578533e+02
9.165128372628329601e+01
1.037632402151585609e+02
1.258514756683917426e+02
1.075839489572327778e+02
1.093250288057873689e+02
1.068305518857812046e+02
1.014171225314709943e+02
1.118119744110095581e+02
1.083707895983289404e+02
1.167391476573622526e+02
1.104998234638690775e+02
1.071325998379801092e+02
1.338214341988992828e+02
9.926722550729996897e+01
1.068909765015374518e+02
1.041144487282055309e+02
1.016943281004249116e+02
1.018272469951112811e+02
1.049203935822462341e+02
1.143758892164384662e+02
1.027020383844344451e+02
1.094486962282136489e+02
1.259002359795334058e+02
1.034807589331786346e+02
1.091330440474945931e+02
1.042118973734131515e+02
1.249405726120808140e+02
1.029691345146951988e+02
9.827540555755351193e+01
1.109529792297518469e+02
1.018112995710678774e+02
1.184027627890470882e+02
1.133739901318467531e+02
1.062907931262674168e+02
1.059056871780613989e+02
1.008272750933854667e+02
1.152690688312820129e+02
1.150361785364950435e+02
1.060459725200942387e+02
9.594801310471845568e+01
1.112550691361767718e+02
1.208781323923254689e+02
1.113170579611202839e+02
1.101013355924196446e+02
1.014965204180260656e+02
9.724177119919986012e+01
1.030616059405832203e+02
1.444329256438902007e+02
9.000597902128713201e+01
1.148593129249620972e+02
1.027688360479475023e+02
1.376444192289514774e+02
1.004058767826628298e+02
1.030800443415063796e+02
1.290482114807336700e+02
8.851007633378931416e+01
1.081620632383808669e+02
1.090390239906539591e+02
1.097107231369641056e+02
1.191210599135686437e+02
9.619483900151203670e+01
1.138427115912654415e+02
1.216785974495313383e+02
1.253982274731926481e+02
1.184168694270493631e+02
9.968998309691653503e+01
8.807821589433233100e+01
9.491300834222305127e+01
1.013114990109237112e+02
1.152181690127258804e+02
1.078491462736749611e+02
1.014688378580270012e+02
1.200542792954054221e+02
1.109241718476138345e+02
1.235512957839691239e+02
9.974627806051455536e+01
1.324994319417754980e+02
1.150832803462336642e+02
1.189606881541053269e+02
9.865875301431351829e+01
8.674659875518625540e+01
1.106026421944850142e+02
9.893934939653688332e+01
1.287214832540069551e+02
1.048697708937131807e+02
1.130010665838222650e+02
9.478866598703001500e+01
9.636708298193509847e+01
1.096315262202148091e+02
1.233961391575278128e+02
8.709999932354470786e+01
1.252922308497154233e+02
1.089958710124810324e+02
1.151816586605963266e+02
1.063757392547935723e+02
1.176819439041148598e+02
1.115938026732211199e+02
1.057535097568830338e+02
9.915920738001078405e+01
1.082278951438879488e+02
1.025780408505533643e+02
1.056469546567625741e+02
1.060268987848879334e+02
1.158622065349254484e+02
1.133289527673239263e+02
9.835614207902760597e+01
1.036031816874317855e+02
1.168756190475348973e+02
1.235041119917657682e+02
1.121606561341355501e+02
1.078753448530150223e+02
1.089442810632376819e+02
1.008459254600133335e+02
1.202241684895986253e+02
1.056503698027175346e+02
1.110098940272661139e+02
1.066921872702775431e+02
1.064783025098004714e+02
9.933824128307315959e+01
1.145269328848818731e+02
1.185187101275643329e+02
1.231438133806103536e+02
1.034036995635935341e+02
1.159723483716649497e+02
9.000249030402798667e+01
8.428056150420891868e+01
1.362227849244989386e+02
1.037077388064429186e+02
1.178782031716858256e+02
9.921242634645824410e+01
1.119141148994445700e+02
9.616248041568279348e+01
1.242678692628217050e+02
1.282973345244642189e+02
1.121989177526044585e+02
1.007934942405679379e+02
1.076449325478909884e+02
1.064657288124934666e+02
1.000145611537042214e+02
1.071374773684963202e+02
1.086641431967702118e+02
1.256239966239093064e+02
1.161693837224123627e+02
1.104945173601054620e+02
1.302390933812947083e+02
9.692339633175990343e+01
8.817080683074841829e+01
1.083875707659974665e+02
1.072181175918132396e+02
1.120450189847626632e+02
1.148248400204016662e+02
1.160758905879005596e+02
1.026045062232528124e+02
1.039360574022092010e+02
1.092098894004215168e+02
1.014454764911727978e+02
1.209713443311281083e+02
1.040079593019802218e+02
1.097473694352578804e+02
1.099356870519218035e+02
1.095477552829951975e+02
1.209232719822235396e+02
1.115621801385949539e+02
9.006714277116317646e+01
1.206580204783072361e+02
1.031128963500370617e+02
1.141366201451849918e+02
1.267176695772322290e+02
1.036384900265573066e+02
1.023758254220450965e+02
1.154392320647842496e+02
9.584386054701836599e+01
9.793204363984906990e+01
1.182208109642492389e+02
1.078815957120471580e+02
1.192905443935043763e+02
1.033356945311691959e+02
1.011576522153001179e+02
1.165423628092285782e+02
1.113118927963291043e+02
1.060879263044811722e+02
1.176100886014034330e+02
1.122402737809339044e+02
1.145311992882889882e+02
1.078727981319820941e+02
1.225802629112313582e+02
1.091817318732587125e+02
1.043503145782530765e+02
9.646470243126724142e+01
1.141742504274093761e+02
1.067551163533567689e+02
1.084256437318150290e+02
1.076711990038101732e+02
1.147902688432761096e+02
1.042544636721584510e+02
1.042985456084354325e+02
1.213211870616243573e+02
1.062588529633259640e+02
1.061009149804802263e+02
1.063430346307218741e+02
1.114174503527587063e+02
9.258509636943371390e+01
1.165621673068098119e+02
1.113542353209609530e+02
1.026257898664756993e+02
9.986875574163312308e+01
1.081081227955851602e+02
1.190370090967668801e+02
1.176743399696325980e+02
9.634729061847536968e+01
1.123324235995095250e+02
1.064222949736566477e+02
1.157542650432286422e+02
1.053246857167611239e+02
1.037466321353006578e+02
1.048080395894019432e+02
9.430861523289827630e+01
1.190203834689819615e+02
1.252531244564698341e+02
1.048057679178318722e+02
1.112813806900573326e+02
1.153989285606648281e+02
9.225097102800137350e+01
1.144746529230525880e+02
1.185400787783808738e+02
1.040344073323434344e+02
1.125145020295969260e+02
1.012950795242547173e+02
1.159661932754384566e+02
1.155235982799233341e+02
1.079607088044628824e+02
1.031119518388168075e+02
1.112932516033035739e+02
1.036227634422834853e+02
1.197990466008482571e+02
1.141651038012014396e+02
1.142187729999366752e+02
9.604131246404833178e+01
1.066012497282075770e+02
1.050806716291828309e+02
1.034419340841670163e+02
1.012683782770184848e+02
1.139178469157611318e+02
1.012651225612893597e+02
1.008325087707314509e+02
1.076551077037747604e+02
1.179936616927617479e+02
1.139208757737562792e+02
1.042180294496046713e+02
1.135499900312352253e+02
9.676057945475750444e+01
1.173482856105898691e+02
9.268301123002395059e+01
1.279310125078633291e+02
1.077102809886327606e+02
1.175445293265504034e+02
1.006121268319487712e+02
1.248429379890940112e+02
9.437762564093240769e+01
9.417317641976329412e+01
1.377558404119178022e+02
8.725850425015688927e+01
1.057533290659449534e+02
1.047749566451548731e+02
1.106707941935462287e+02
1.023094527331548278e+02
1.156526335162142942e+02
9.900908745088868557e+01
1.194744733018789589e+02
1.180047798952739129e+02
1.046132718042993446e+02
9.963278616912349150e+01
1.067539415374438221e+02
9.710715545730739962e+01
1.213590618393723588e+02
1.001307623500390207e+02
1.099546748960587479e+02
1.188561273486860017e+02
9.661999905241219722e+01
1.077184845021039195e+02
1.245142713471658453e+02
1.244432866361145926e+02
9.421225801509758924e+01
1.099228936261005600e+02
1.156734841452354630e+02
1.189035494786391496e+02
1.076207102568983771e+02
1.083247748130554271e+02
8.852009051639996073e+01
1.138932038240825619e+02
1.065574219972060348e+02
1.027913666286585226e+02
1.145233671213584330e+02
1.056016574259286500e+02
1.120174206965636898e+02
1.144482230629026276e+02
1.136662577502016234e+02
9.885797075176890303e+01
1.155390602218405718e+02
1.168126682886592249e+02
1.013573503699973628e+02
1.195073522396635326e+02
8.866662300988241441e+01
1.136848749212678911e+02
1.110081609067066921e+02
9.820420835327142584e+01
1.166529609611196463e+02
1.099748548769370160e+02
1.258711638652786036e+02
1.048914631536782167e+02
1.004872051772212274e+02
1.307472080322325780e+02
1.198863744056931893e+02
1.074738034550503585e+02
1.386211547959333643e+02
9.815895422199915288e+01
9.618917278279234040e+01
1.070912792363164101e+02
1.101785761786790800e+02
1.007986278634146231e+02
1.015901627166070398e+02
1.151661306583334436e+02
1.047154085878138119e+02
1.027379497348911883e+02
1.268603422983242552e+02
1.063516425992561096e+02
1.293727038754605303e+02
1.044576398052748232e+02
9.285785984872167376e+01
1.140376756807329173e+02
1.062189855555773335e+02
1.058373789412774642e+02
9.844820624700292910e+01
1.328457650355768180e+02
1.085517695671313447e+02
9.767746784775256685e+01
1.297694962941732513e+02
1.165948475958712294e+02
1.066099139568690646e+02
1.072996509634036499e+02
9.734203027934698582e+01
1.015819041077766798e+02
1.073114354860338580e+02
9.450716642565326708e+01
1.047942104687625147e+02
1.057792645467140602e+02
9.839380410859233450e+01
1.179628658756597446e+02
1.219933072552013158e+02
1.050107866544408779e+02
1.113396728155817641e+02
1.223585314220651696e+02
1.201826516233841886e+02
1.185611971531941720e+02
1.024944712839313468e+02
1.247943074036419659e+02
1.007717352629714469e+02
9.530696915553390625e+01
1.059267803899348479e+02
1.041212485611331999e+02
1.218239922071902299e+02
9.522204131440746266e+01
1.142934086607891970e+02
1.117966130285654600e+02
1.108119565988581172e+02
1.062223268118176378e+02
1.225563901528190485e+02
1.165629876392330573e+02
1.145052583417254652e+02
1.030994998051157552e+02
1.245380388648090673e+02
1.063235861713120016e+02
1.051686320142345608e+02
1.009962201763774772e+02
1.105040033814772045e+02
9.102305648289930673e+01
1.049273525516073136e+02
1.287436218085521489e+02
1.063801009707413954e+02
1.213629372874175374e+02
1.022930093743922981e+02
9.690975224013627098e+01
1.015429727951889021e+02
1.179308104271702575e+02
1.176789485182576129e+02
1.149792214445182168e+02
1.072297572140729187e+02
1.227486525460983984e+02
9.876417412798340933e+01
9.421851574144288577e+01
1.142038184946952555e+02
9.354670016980821856e+01
1.349319764534447188e+02
7.859851989943597061e+01
1.186700816951143906e+02
1.106251737859524411e+02
1.208121752474593649e+02
1.003236336642085860e+02
1.197524970126075203e+02
1.170606489340766387e+02
1.060819647285609619e+02
1.102336430115416448e+02
1.005303659112726962e+02
9.788382437405847725e+01
1.048756276690551204e+02
1.345807988022531276e+02
1.099665350338630532e+02
1.134492793015827772e+02
9.065344352789892923e+01
1.167305302365283097e+02
8.375998287061251801e+01
1.069874395946694676e+02
1.411793497343903994e+02
1.080290966918965267e+02
1.233250195197285564e+02
1.155108993725890087e+02
9.955415002801548496e+01
1.231606570927061028e+02
1.062266130532478030e+02
8.601445955219628559e+01
1.177305730189208646e+02
1.015202343292191927e+02
1.185183179153887210e+02
9.499646838800626369e+01
1.127872602249246512e+02
1.006668022748383180e+02
1.187908407354981364e+02
1.103427882797435302e+02
1.087860811523569708e+02
9.848266754245968002e+01
1.106079883410934031e+02
1.092133124649565872e+02
1.307224680604779508e+02
9.442182124878796401e+01
9.276455072181065020e+01
7.870248993801641291e+01
1.037436685014148594e+02
1.012360955641511140e+02
1.377808649169289481e+02
1.200522746988852845e+02
1.010661411517236843e+02
9.348982449063041145e+01
1.004558013520014583e+02
1.374778850283404950e+02
1.041941270469193199e+02
1.108283169451527641e+02
1.062367319165215633e+02
1.165851521478083583e+02
1.177330051208195130e+02
1.055942679741667831e+02
9.125006126891896940e+01
1.233339489449430459e+02
1.146560566575085289e+02
9.814967521285659302e+01
1.035493445663108076e+02
1.102377847198778511e+02
1.060555504601438486e+02
1.327342099899857431e+02
9.346896842430388119e+01
1.029263927148410289e+02
1.146306171073597966e+02
8.985559398611164283e+01
1.270816177722191753e+02
1.168245322230982168e+02
1.192489220833483614e+02
1.084116080789083583e+02
1.005257592931899921e+02
1.152305406385394662e+02
1.064956999744849213e+02
9.676881134377323690e+01
1.037582670147308335e+02
1.089506301146303997e+02
1.261414927745397279e+02
1.222956462469083760e+02
1.018683943864716355e+02
1.021356126575094265e+02
1.025239083445133588e+02
1.238660974465483235e+02
9.954231411259296181e+01
1.141881513960443613e+02
1.168766434611539324e+02
1.219552316929249685e+02
9.837133584049502133e+01
1.042779907408674518e+02
1.032446143861635477e+02
1.049586972458214973e+02
1.183819930132964373e+02
1.235780981260956679e+02
1.063419716476113166e+02
1.116983966765728979e+02
9.567385257761726791e+01
1.086369915858177961e+02
1.211173773266925906e+02
1.124080238035747215e+02
1.079652805727373845e+02
9.810132685206214376e+01
1.090064247487364781e+02
1.120005433811053450e+02
1.175445826747398286e+02
1.103771088131412910e+02
1.217109317324178761e+02
9.872207213637665291e+01
9.980028148030514501e+01
9.484092216210491699e+01
1.281422558925557098e+02
1.090868232569410736e+02
9.098289782399962178e+01
1.126716973091270262e+02
1.087002331519674811e+02
1.133861188140717502e+02
1.079951508389964658e+02
1.193988841943452854e+02
1.256682953555643820e+02
1.014988669767961227e+02
1.051618572098319362e+02
9.551566134608010827e+01
1.131157251894950662e+02
1.279671146950339136e+02
1.186949389557232735e+02
9.318157208637335032e+01
1.068602032044706647e+02
9.839822444523410638e+01
1.247435304694517697e+02
1.030179697703383965e+02
1.135964030972369869e+02
1.046928673891314219e+02
1.101528782915991655e+02
1.390766604437245633e+02
1.022454435148917042e+02
8.964923645223650794e+01
1.048166764280759082e+02
9.653773296071052812e+01
1.159011658587645712e+02
1.101104776075361258e+02
1.242031892027305702e+02
1.059757086868630012e+02
1.035681264383584477e+02
1.091350348820451188e+02
1.149382358170179259e+02
1.130542685486712315e+02
1.198113834352784721e+02
9.627137227160196176e+01
1.017760829322957363e+02
1.024801099769527752e+02
9.869343706799725169e+01
1.184302122640609127e+02
9.811310931052842932e+01
1.024883133634285883e+02
1.315822065996825074e+02
1.195231529053413482e+02
1.124028633286753376e+02
1.035381157150973479e+02
1.344108438290164429e+02
9.754612926502268522e+01
1.171743405442345392e+02
1.011763956151909838e+02
1.014608842813395881e+02
9.670363568916329200e+01
1.142368049776544439e+02
1.147684204219421531e+02
1.109079990261817414e+02
1.134474403586952320e+02
1.018255872632398820e+02
1.241341200743694060e+02
1.035794984494938404e+02
1.169766516170210338e+02
9.820141619516869014e+01
1.190004117387657487e+02
1.112864031962076865e+02
1.050633395200223674e+02
1.131769818364799249e+02
1.087999794292577462e+02
9.673494067979669353e+01
1.214251357216484450e+02
1.165867478305432172e+02
1.093373631086084714e+02
1.032350487021272301e+02
1.022173179190953078e+02
1.014078834639858684e+02
1.109832297188195298e+02
1.096402105462995138e+02
1.280165031023142888e+02
8.837529228703998285e+01
1.101315987625955870e+02
1.019024023151461193e+02
1.071824529287077468e+02
1.047025027053495165e+02
1.060595599199765218e+02
1.157598933884436434e+02
9.380378486098331337e+01
1.277622884314561134e+02
1.185145672071318188e+02
1.227562222327464667e+02
9.834680138737570587e+01
9.559960690817320028e+01
1.162395208064360332e+02
1.059885777802010125e+02
9.297323414049428436e+01
1.240188019147988570e+02
1.123613241414929291e+02
8.962863699914474580e+01
1.030812600079793100e+02
1.164178269925505020e+02
1.112200096215874225e+02
1.140264560621593404e+02
1.064856961705820027e+02
1.201656770970528783e+02
9.872087059213335181e+01
1.158443157145926108e+02
9.654773578195108996e+01
1.185352588796319395e+02
1.269310665609607724e+02
1.052219468837282363e+02
1.314924902009711616e+02
1.176962241916804430e+02
9.321997305019486646e+01
9.761223294969406084e+01
9.621787501537336595e+01
1.205324280627170879e+02
1.131457305148930885e+02
1.233307574555488628e+02
9.939357326368190115e+01
1.060845595383443225e+02
1.066798486692297558e+02
1.067630075315051528e+02
1.019338862033391564e+02
1.283670619955521772e+02
1.008563913732557467e+02
1.149073804913706311e+02
1.047177553117154218e+02
1.030964811678822457e+02
1.172501483858976457e+02
1.220629545299044452e+02
1.020334465521373772e+02
1.032542093971514987e+02
1.101874899672456252e+02
1.005296864510919193e+02
1.142648738156792945e+02
1.074098051611197064e+02
9.750143616454791129e+01
1.135844634461516875e+02
9.064458742767509136e+01
9.614544889045251352e+01
1.278234810700260766e+02
1.267770074204617430e+02
9.277895158260201924e+01
1.211676426705252823e+02
1.055329262419306104e+02
9.997332378910220996e+01
1.096886555568221411e+02
1.186394584081506025e+02
9.897364333702414285e+01
1.029249570131257343e+02
1.132830138309883665e+02
1.267179020890676497e+02
1.004900660982731040e+02
1.199595218249624651e+02
1.039553947430602818e+02
1.073046246304684388e+02
1.031841831933348885e+02
1.160287862107887378e+02
1.177682988232586325e+02
1.253679519344827469e+02
1.072928802825026509e+02
8.711380139728190386e+01
1.195132667521673824e+02
1.074663401952225854e+02
1.145237940213229564e+02
1.110117311442285342e+02
1.049405043287924286e+02
9.715383735610187443e+01
9.905655922725200924e+01
9.899640913209978521e+01
1.155346835090052906e+02
1.072617985932485141e+02
9.478006355729162635e+01
1.062969056397955256e+02
1.284533476526811171e+02
1.291728728701892521e+02
1.144611776985676244e+02
8.756823316326774886e+01
1.065480038074951779e+02
1.025369289120556999e+02
1.095614023836720747e+02
1.136744297966932606e+02
1.081581866507369796e+02
1.131532817337791954e+02
1.118377458676738883e+02
1.080317529503029590e+02
1.013558332120312429e+02
9.761279428070589859e+01
1.158137331967790402e+02
1.179915188171838167e+02
1.097063664217202046e+02
1.010638042910959911e+02
1.120630963506645372e+02
1.071780532023859820e+02
1.111262002008670464e+02
1.156377658444761920e+02
1.219513883023743830e+02
1.031448036874357257e+02
1.210060042679174188e+02
1.044497273534874324e+02
1.012978229402046679e+02
1.022979325367808343e+02
1.198888026850383426e+02
1.174120157421003228e+02
1.002201307983296061e+02
1.083902913572038074e+02
1.069447869791078887e+02
1.060746561222504454e+02
1.104456891648693357e+02
9.425008067923543820e+01
1.040977035793316361e+02
1.017058868424273754e+02
1.145522451439270810e+02
1.293587532017227772e+02
9.955653714932462606e+01
1.087894294249575324e+02
1.066537612906764565e+02
1.068055430328712134e+02
1.175955387228750766e+02
1.034613584067355561e+02
1.130539191790283695e+02
1.098833271895456818e+02
1.029995436748631050e+02
9.922490477717188639e+01
1.098677464341325134e+02
9.734081500911078422e+01
1.163361300674978196e+02
1.084864422895705047e+02
9.987587640452787241e+01
1.247123475522962224e+02
