1.297550624372275649e+02
9.992919573258565435e+01
7.803019118649349650e+01
1.206330921230927231e+02
1.135066338955876972e+02
1.059235064873117267e+02
1.215547547877909977e+02
1.112460582058516820e+02
9.899031163129507149e+01
1.077167173603510690e+02
9.337406642300246062e+01
1.239496808042525657e+02
1.014893038556556206e+02
1.297382044838764443e+02
1.189558640476750497e+02
1.032929329542137680e+02
1.107833500173485533e+02
9.979432618993115511e+01
1.078097987242842350e+02
1.402381116126726681e+02
9.335068158000410676e+01
1.109191378526178937e+02
1.044098570894568354e+02
1.161315323541773665e+02
1.081278160898778964e+02
1.270456706145702270e+02
1.055145945880643268e+02
9.316347201266255240e+01
9.805516577020949853e+01
1.012164688184046071e+02
1.059278813207702541e+02
1.121566770518499254e+02
8.545764330733842939e+01
1.451073258053623078e+02
9.353914393194824584e+01
1.126199919387405259e+02
1.060659973758953356e+02
1.321714813742440526e+02
1.155014234466393361e+02
9.551673483348567117e+01
8.872585746281262686e+01
1.052291332041620393e+02
1.162223330423835677e+02
1.059784936908599349e+02
1.115056461635750225e+02
1.233878736018233013e+02
1.123947672781938536e+02
1.111708280087060103e+02
1.063672873997029171e+02
1.048439817784811225e+02
1.000573764578024907e+02
1.264306845282390412e+02
1.063446132287909762e+02
9.832096440854736841e+01
1.303790490761084868e+02
9.634362568255244241e+01
1.119185522686122312e+02
1.045567395515280253e+02
1.118868196240891280e+02
1.080873009866036227e+02
1.131621958695889560e+02
1.073348322687226073e+02
8.933197303197552230e+01
1.169829043543876423e+02
1.207453590429700228e+02
1.095910773467632708e+02
1.078426754341387124e+02
1.121886227203809057e+02
1.238931039423684695e+02
1.146458307037430018e+02
8.691425269014253274e+01
1.148559323353581902e+02
9.945134178414033954e+01
9.651364646181824014e+01
1.086561618403572993e+02
9.926821673943949520e+01
1.230211484635786121e+02
1.077343057614653929e+02
1.121550250829973265e+02
1.041379433852355021e+02
1.167052413387363998e+02
1.023186734763634007e+02
1.161415356629452447e+02
1.119327509043651645e+02
9.957705857483799150e+01
1.105082378517275856e+02
1.117866144681946423e+02
1.067958524852223263e+02
1.156144926682485163e+02
1.129407324728836670e+02
1.090263831803479206e+02
1.002071898595732620e+02
9.973426161421809866e+01
9.411667604233122120e+01
1.124033801968549540e+02
8.012036399141381082e+01
1.258065647491319794e+02
1.358451242893986830e+02
1.089935622990580271e+02
9.974010260209767864e+01
1.079913625513824229e+02
9.798377892413506629e+01
1.074959067585725876e+02
1.329461941168317765e+02
1.194534525181496178e+02
1.158947833805591188e+02
8.467143179532887132e+01
1.206238906578023062e+02
1.197318854237716721e+02
8.439855470713507657e+01
9.774378345346038088e+01
1.214588110134339303e+02
1.101268273914699307e+02
1.229804822090009253e+02
1.060523925917221817e+02
9.769337372567821376e+01
9.366849142460432631e+01
1.064874058826431877e+02
1.021855390306850779e+02
1.204563262040470448e+02
9.612272392970483281e+01
1.308720478587143248e+02
1.063791811716961320e+02
1.182024584730753958e+02
9.365901915589638804e+01
1.092174660554521495e+02
1.248001258009356320e+02
1.047591961211320921e+02
9.659400712989665294e+01
1.295857852876226559e+02
1.038795089695948661e+02
9.821022075838826026e+01
1.080054688966721415e+02
1.164925121852449337e+02
9.757678861954606475e+01
1.243224615272629734e+02
9.943627638194216445e+01
8.673445008431363590e+01
1.121587684083160639e+02
1.020351938177574596e+02
1.153702123327808522e+02
1.032173706102128961e+02
1.287466507938483176e+02
1.049409526591069408e+02
1.042823573138438746e+02
1.149510376671736367e+02
1.197903456555286539e+02
9.787665256561159310e+01
1.150851227001433870e+02
1.147487202791669461e+02
1.014453404494714590e+02
1.079546753162852610e+02
9.287041652485609688e+01
1.097284163216604611e+02
1.324688607769662667e+02
1.082763985399812015e+02
1.171278114680149400e+02
1.108005939390564691e+02
1.136262017744944188e+02
1.086756635416923160e+02
1.102653719093850668e+02
1.060917926475358684e+02
1.070181909997065333e+02
9.417976608306729247e+01
1.096248668493676206e+02
1.189119061505760016e+02
9.491004196693461381e+01
1.165008389430764311e+02
1.178668574644549381e+02
1.026799937484433798e+02
1.224396422029433040e+02
9.408313162323264578e+01
1.103248831393073601e+02
1.201361130288330799e+02
1.072807679838558670e+02
1.230220688832662148e+02
1.009248853465038422e+02
1.091028644696685177e+02
1.068494927538813215e+02
1.131845491533772332e+02
1.004914157407174997e+02
1.371556622873098945e+02
1.267939902025145642e+02
1.035088974704528653e+02
1.015121372932809720e+02
1.157817124286961814e+02
1.335941362703099742e+02
9.547654709180257271e+01
1.031358502532829533e+02
8.876002412285434673e+01
1.102166463888659536e+02
1.183013082341985864e+02
1.082626638527705580e+02
1.137268105576992667e+02
9.725202132519778786e+01
1.103507618000548973e+02
1.070924841788830832e+02
1.071892556046393423e+02
1.200163301035210281e+02
1.010342634807259685e+02
1.193617424857993399e+02
1.018285303945442308e+02
1.039258679997077053e+02
1.109535026153870376e+02
1.184635795145531318e+02
1.008274768450967400e+02
1.076306899269979453e+02
1.178958132167682891e+02
1.011365474026002573e+02
8.982796599779686630e+01
9.432251599490967919e+01
1.026453866813415630e+02
1.102015770440010272e+02
1.364154613470602158e+02
1.102445731743748070e+02
9.666522991090643302e+01
1.253555355048056157e+02
1.127529263218894897e+02
1.007603086894311843e+02
1.139052024969293484e+02
1.093482623402714040e+02
9.551822923790552977e+01
1.290520862489795206e+02
1.078182627310518313e+02
1.081517701087455521e+02
1.328727362358423250e+02
8.404969614677476386e+01
1.073680603352531051e+02
1.248764226848839201e+02
9.994025599631227408e+01
1.089357693486425092e+02
1.115360601921468771e+02
1.190501536728062888e+02
1.237825518677246777e+02
1.007273354384422106e+02
1.033436533276725271e+02
1.207452039687027963e+02
1.045706800653529740e+02
1.000530285738595353e+02
1.031112369675739728e+02
1.186521515608774848e+02
1.139606661141022812e+02
1.095063443902784996e+02
1.111684994709311241e+02
1.347216980435910614e+02
9.508180426129921159e+01
1.059757676635536825e+02
9.244895833329591994e+01
9.818992753321406042e+01
1.061324317553804519e+02
1.099896509880074973e+02
1.170528815786219923e+02
1.258677966859073223e+02
9.854218988665989798e+01
1.130363212521117759e+02
1.210012275242726361e+02
9.330908608316286745e+01
1.041713200133397947e+02
1.180604607676557976e+02
1.078049300926012108e+02
1.006224708655331597e+02
1.147866960149592614e+02
1.047235338429743621e+02
1.239788800513184555e+02
1.018385364527339476e+02
1.252766064957089895e+02
9.635455424711945227e+01
9.563508096751607468e+01
1.101642391599217632e+02
9.577416246686519230e+01
1.134109404633669129e+02
1.020167995090167068e+02
1.073020212257867740e+02
1.252871672669288756e+02
9.652170925203154184e+01
1.131533076479847750e+02
1.140397751378385038e+02
9.894306516286752640e+01
1.026435037556058916e+02
1.176827112207722195e+02
1.170039712769627300e+02
8.343806611467989853e+01
1.168454422616169524e+02
1.139905814586606994e+02
1.152156492279585507e+02
1.182221184611971552e+02
1.029493781569283897e+02
1.033923430746651917e+02
1.041526207737759933e+02
1.122920725671972093e+02
1.095397986183214982e+02
1.195375162360742678e+02
1.068895391124875260e+02
1.020941924893589032e+02
1.173868600469406118e+02
1.017853192461304275e+02
1.031304137124748621e+02
9.283079059889358575e+01
1.186503672482654963e+02
1.077574505163253917e+02
1.004631423887099260e+02
1.312217987532157224e+02
9.841381878069996958e+01
1.152157932006129926e+02
1.095017737848436781e+02
9.729303088971549585e+01
1.053351882625588587e+02
1.256077370794219235e+02
1.222302269052748755e+02
9.160498357530235580e+01
1.161079281628761635e+02
1.054343275288559028e+02
1.012952590841203744e+02
1.210638250322918310e+02
9.420484134971455603e+01
1.112101836108420088e+02
1.066438266294650674e+02
1.219798371340924774e+02
1.199095292244590070e+02
1.156344748956805262e+02
1.050405143192495245e+02
1.060141205778361240e+02
1.192329164831726018e+02
9.983966492669972581e+01
1.068979946132148910e+02
1.097035210641417109e+02
1.265657905993871140e+02
1.114984454486190089e+02
1.017714178586932974e+02
9.623607874697584919e+01
1.191861257083225638e+02
1.038509172994235854e+02
9.804716358074223592e+01
1.128679469876214654e+02
1.232710103228056226e+02
1.058885532649884453e+02
1.218160085945768571e+02
1.003468876998462918e+02
8.867823662654197392e+01
1.239799578670397437e+02
1.173192601444259111e+02
8.982342816493101623e+01
1.231975265718692327e+02
1.169990606580662273e+02
1.155561502733127526e+02
1.141879029430925954e+02
1.159837052163470901e+02
1.047354330326489134e+02
1.122013517680958188e+02
9.113071300377569628e+01
9.793533963207221404e+01
1.140119964204659624e+02
1.267907092820206856e+02
1.106078273429719587e+02
9.892134844445894259e+01
1.062720564022077667e+02
1.273464358346149652e+02
8.867169091892907318e+01
1.341185658947639752e+02
1.141518326594560335e+02
1.096232387304263085e+02
1.012671637621149188e+02
1.200194696748103951e+02
1.092798143216494395e+02
9.982910531406074028e+01
1.115612442294659132e+02
1.175235451942130851e+02
1.127497585871401498e+02
1.054310672674341589e+02
1.008420713296777649e+02
1.071954579982243843e+02
1.025815636379380464e+02
1.149155168581338131e+02
1.303933748241156820e+02
9.984720293299233163e+01
1.107159643050884767e+02
9.473862816418169075e+01
1.063650885053126558e+02
1.093726537439124229e+02
1.344612299953180923e+02
1.042088512080421481e+02
1.048008512285755529e+02
1.053523536086867125e+02
1.227508958913993098e+02
9.014682948865089429e+01
1.268889700591775522e+02
1.212786851534538783e+02
1.149261863991017094e+02
1.086811299088786313e+02
9.976287062092123392e+01
1.071297456567408375e+02
1.033685746262487299e+02
1.138303367656042155e+02
1.187267088041702863e+02
1.113663333846051131e+02
1.050125476977424483e+02
1.036867351306681115e+02
1.026238912396752028e+02
9.385979764346154752e+01
1.113067836793474470e+02
1.173915950207206720e+02
1.006606392797313987e+02
1.118584766351030879e+02
1.019891394207739239e+02
1.031281102592652417e+02
1.020858749263864667e+02
1.325637682921399971e+02
1.117025098532930514e+02
1.045936744431045042e+02
1.368121528573173293e+02
1.068328237330028827e+02
1.029723897821023400e+02
8.853633446047574296e+01
1.233889637017915533e+02
1.077897633398796131e+02
9.998949384881484548e+01
9.566180655443392311e+01
9.966808248322412567e+01
1.330803366306968769e+02
1.111392343925663226e+02
1.262471333564448628e+02
1.084428902866962261e+02
1.112910984598956361e+02
1.048945107252676650e+02
9.076532940959623375e+01
1.161673098405802875e+02
8.768636638101017411e+01
1.025197249907606789e+02
1.375450108672202987e+02
1.031709020838142266e+02
1.050732812540470604e+02
1.073617288450777636e+02
1.203313496075143263e+02
9.690163430622752117e+01
1.157590151955262314e+02
1.169555576080161785e+02
9.813300435133363919e+01
1.159377518297112317e+02
1.183867786162472981e+02
1.123905828716190740e+02
1.265859860923099944e+02
1.110166961732263360e+02
1.219760660851688101e+02
1.038628490895005427e+02
9.159962860515818761e+01
9.648815319972518978e+01
1.027974458419792114e+02
1.261537592319151031e+02
9.917478386253804956e+01
1.176768471307640311e+02
1.272973744445306465e+02
8.390467969638365275e+01
9.691019223347159084e+01
1.157008321904100683e+02
1.221305916339626663e+02
1.083375333436096639e+02
9.303125336372194454e+01
1.145231137399407118e+02
1.291671561055648283e+02
9.583215248133976161e+01
1.056766701441486731e+02
1.110192818001950172e+02
9.885872356416246021e+01
1.177400646978793475e+02
1.041010320749150111e+02
1.034768054391556831e+02
1.216128693314848306e+02
1.121622958686388785e+02
1.115083985740080266e+02
1.038145840284186363e+02
1.142344061660961074e+02
1.054854579573686237e+02
1.019840840919858636e+02
1.344374944799257321e+02
1.034784495502002954e+02
9.529909129094384923e+01
1.129269313881333687e+02
8.702641662591419447e+01
1.234048749933172928e+02
1.221558270204554901e+02
9.957973055423936160e+01
1.034060303550146642e+02
1.047392846841121070e+02
1.032827573256217875e+02
1.256204105998615290e+02
1.090182582142813459e+02
1.109297649668269941e+02
1.106460830985518555e+02
9.872791180065149774e+01
1.213494180167569141e+02
1.052590662006450657e+02
1.208440583813048477e+02
1.225233852498804197e+02
9.497670663857029183e+01
1.070400893604658279e+02
9.375015360719997659e+01
1.125840347222270736e+02
1.008985525161076566e+02
1.136759422147632819e+02
9.717880120980247227e+01
1.152366774951512980e+02
1.085056467478885764e+02
1.185688563601057695e+02
1.145468531110160626e+02
1.246198591899508727e+02
9.446266982698246295e+01
1.066882873471637794e+02
1.060689092084686536e+02
1.081782157498629999e+02
9.522706430183951909e+01
9.798964546008762966e+01
1.263852663336697617e+02
1.172378116594411779e+02
9.467415303703650409e+01
1.091883985582873748e+02
1.160242061973702334e+02
1.133165886277491978e+02
1.043163957965611104e+02
1.175690296960801646e+02
1.091222226925099221e+02
1.140782959787554489e+02
1.128967695319930016e+02
1.129390293210082490e+02
9.949811748179600102e+01
1.064457895288170022e+02
1.142513909733385447e+02
1.109337159950984102e+02
9.960478656403967079e+01
8.969372367180729100e+01
1.234160123045737407e+02
1.341398979034800050e+02
1.036970283199688083e+02
1.080703588305082263e+02
1.087061995771210832e+02
1.032867062819971551e+02
1.207756116275858460e+02
1.169311870122535737e+02
1.112530103773851096e+02
1.181248546432312168e+02
1.088604055690249197e+02
9.925415151569666250e+01
9.719981086209821797e+01
1.083663777874038772e+02
1.430270167110977866e+02
9.223470116445918165e+01
1.122496583667030876e+02
1.296382818631475686e+02
1.262714930802484616e+02
7.964891418344161877e+01
9.827373108899182341e+01
9.770803779086271845e+01
1.219201348069184263e+02
9.741209165838137096e+01
1.102303877084296744e+02
1.033270002312109170e+02
1.080736032303781826e+02
1.157268824810808496e+02
1.177426249327221086e+02
1.110144599959482008e+02
1.114895152027066132e+02
1.002717002404869504e+02
1.110498786256615205e+02
1.038497951045356160e+02
1.100574276113331678e+02
1.021694850982163132e+02
1.094159264736450297e+02
1.236273469708266219e+02
1.036375910881790929e+02
1.075384233166951162e+02
1.060570433535444863e+02
1.174057203194176395e+02
1.039192215654999671e+02
1.140467734466516276e+02
1.185643716811703001e+02
9.682714107794393499e+01
1.008510701586345846e+02
1.099904505725978794e+02
8.333806368715472956e+01
1.146651615682423255e+02
1.065682612169262313e+02
1.324400878000662374e+02
1.073153629421676669e+02
1.150174792064068043e+02
1.003397322133420317e+02
1.124993640809851314e+02
1.091902308021861074e+02
1.116952510969883150e+02
1.105519818696904792e+02
1.089857637545011073e+02
1.035026634569240827e+02
1.054585292834584465e+02
1.173860681839217506e+02
1.108370466947925195e+02
1.060734632965482120e+02
1.039883792583772504e+02
1.186255213813520442e+02
1.253104160085303533e+02
9.737213825295120273e+01
1.066705703777228251e+02
1.200200617010789585e+02
1.160159119588363268e+02
1.056450861981252132e+02
1.032349201863884929e+02
1.052378972033859554e+02
1.053913791871219416e+02
1.238556651171009690e+02
1.129105260570231195e+02
1.059896773946937856e+02
9.531646486720811140e+01
1.099220159929638072e+02
1.078710672348767901e+02
1.002171415662644165e+02
1.147855797016162285e+02
1.070038873473495187e+02
1.112940200551783505e+02
1.104519816317887830e+02
1.123861186020268406e+02
1.137012327186231744e+02
1.352567075447418006e+02
1.184609139496141950e+02
1.008720349706382819e+02
1.134478890074948083e+02
9.641381768233856064e+01
9.670140704841521995e+01
1.254783135906608322e+02
9.859746012041068752e+01
1.229142954295082575e+02
9.083938774348042955e+01
1.102868540184547044e+02
1.215269987799172355e+02
1.198865327396612201e+02
1.064463614150761543e+02
1.078444493451300019e+02
1.001932298053529138e+02
1.178673907821421096e+02
1.266335339413425203e+02
1.189834976935636206e+02
1.062536763405020963e+02
8.798369772383591680e+01
1.032423938558851404e+02
1.045385534315742433e+02
1.127171242852840010e+02
1.119026807680791507e+02
1.131555472320413713e+02
1.107597083199098904e+02
1.265062115763981865e+02
9.683706620002017473e+01
1.042331476727416515e+02
1.178664830252714211e+02
1.023792761785884124e+02
1.074674272145241929e+02
8.107287792002887272e+01
1.073773841139913401e+02
1.262851074381302396e+02
8.469252821312439039e+01
1.105747909633408597e+02
1.254167132358390404e+02
1.193268188012766586e+02
1.047848921281406263e+02
9.328013024574815404e+01
1.143678604069556997e+02
1.028417757660075864e+02
1.213675415015391508e+02
9.463941975530765660e+01
9.589220075635060425e+01
1.114657823403102839e+02
9.209927724145164518e+01
1.417375939426165417e+02
1.115658188816353231e+02
1.140700948154171499e+02
1.165076884270423392e+02
1.167412681769321381e+02
9.538383782458626570e+01
9.694864085697264500e+01
1.133428850202571141e+02
1.065880606408783535e+02
1.163514500547134816e+02
1.050355758144280856e+02
1.176152864894659444e+02
1.263582424993157076e+02
9.109573919862577895e+01
9.361039049450727134e+01
9.947869464283833452e+01
1.275553135945996246e+02
1.121567379347957711e+02
1.018727952469351408e+02
1.328858143028255654e+02
1.008817427653776662e+02
1.033866729836810379e+02
1.006287751156024513e+02
9.840902282097329135e+01
1.185977384652963877e+02
1.205120471834451479e+02
1.152607847590406038e+02
9.459486953461922099e+01
1.014479045612228560e+02
1.028060251387616972e+02
9.665292719286085799e+01
1.164471310671418252e+02
1.065430741777024650e+02
1.160566501468345422e+02
1.278914319912303910e+02
9.436902749771192589e+01
1.106271441547176551e+02
1.098078541799643659e+02
1.022930936786415401e+02
1.018576499833012861e+02
1.142040608152818635e+02
1.032537967897039977e+02
1.053216072145914808e+02
1.347984167513392322e+02
9.773115975203135974e+01
1.101262341333536625e+02
1.135370852433378701e+02
1.089996974781304289e+02
9.674911453907807868e+01
9.601443435226245526e+01
1.276037644404316609e+02
1.087477848112732062e+02
1.188645294610977174e+02
1.101749061161951602e+02
1.009403986569402321e+02
1.162993346413093860e+02
1.018337052538752943e+02
8.952089595381391973e+01
9.671965127766326020e+01
1.105864298551866085e+02
1.370081071722506181e+02
1.156644167879879888e+02
1.017727464100056523e+02
1.098797217790856280e+02
1.157639251178489843e+02
9.789895953345299517e+01
1.143180894353310038e+02
1.023579658853724226e+02
1.147130325529863768e+02
1.194707403676480197e+02
1.247780528185512168e+02
1.115640110100011100e+02
9.228847587662647811e+01
9.775458467368885351e+01
1.065936619882094334e+02
9.748447396027653156e+01
1.187460646680699199e+02
1.200371649240705096e+02
1.196555691806583326e+02
1.161420907574042047e+02
8.673227552962327991e+01
1.034453040934821360e+02
1.113169173178890787e+02
1.096484306227728212e+02
1.031549428896976224e+02
1.100133297388251350e+02
1.180865219837451292e+02
1.033662196972545075e+02
1.028546431934453977e+02
1.196791887957060112e+02
1.038736299811798034e+02
1.119948991974689534e+02
1.133876691400583354e+02
1.003494066712397341e+02
1.396900556196691809e+02
1.055031186187925982e+02
1.079980064021477659e+02
9.453250320922775529e+01
1.002719782017603052e+02
9.933658738878897054e+01
1.047145520589709520e+02
1.068283499887949830e+02
1.272430537896068330e+02
1.147404013088913644e+02
1.021279592150928153e+02
1.097092008834005838e+02
1.258183088674681329e+02
9.605823503848300504e+01
9.585764076710333370e+01
1.225945397035214057e+02
1.092682611072736591e+02
1.221047352267038093e+02
1.027325800911732188e+02
1.060991429210397001e+02
1.052336211108941910e+02
1.083335205325391541e+02
1.123036479417817617e+02
1.172119308146700831e+02
1.083277222774379283e+02
1.161353619340311099e+02
1.122858991082862445e+02
9.082942522636322735e+01
1.112685932747395299e+02
1.213305527156502706e+02
1.041422032721020656e+02
9.648438313644767561e+01
1.135719196958328183e+02
1.089586112299336378e+02
1.110060517791915515e+02
1.234184724997144684e+02
7.683938923032297907e+01
1.243520334600635380e+02
1.030858006514818328e+02
1.091057096808604570e+02
1.097021194351849687e+02
1.120148422098118459e+02
1.038682618869509469e+02
1.258078930438228014e+02
1.281074610632579436e+02
8.839373732990718224e+01
1.000007682220479239e+02
1.116513620959491817e+02
1.115719975888534066e+02
9.674267266819356337e+01
1.070094261270629232e+02
1.134790262811713148e+02
1.061424647820681173e+02
1.219905361851229628e+02
1.024266358422108141e+02
1.040840311985168540e+02
9.858085732948104862e+01
1.210096577611953848e+02
9.549148955975121567e+01
1.160378754124776890e+02
1.173982811240472017e+02
1.070655401547848982e+02
9.708074196116913868e+01
1.027477251666696958e+02
1.012858853706091367e+02
1.135768787708503993e+02
1.249955339816546740e+02
1.120223304729124720e+02
9.614275492409679202e+01
1.046583569280561647e+02
1.304584822778598152e+02
1.284909698729783827e+02
9.040651987868798756e+01
1.090086688732498885e+02
1.113724544415592845e+02
8.177346813889300847e+01
1.326708734720874361e+02
1.344229350998095356e+02
9.134323750610009540e+01
1.117454450706906073e+02
1.131920772925897580e+02
1.117833140343776535e+02
1.040883404396533081e+02
1.208830385257718376e+02
1.017408375549561725e+02
1.023976091992098816e+02
1.024956544395420366e+02
1.009619129904436221e+02
1.007032710952732231e+02
1.070075482967175873e+02
1.167507250212121619e+02
1.247768196599398465e+02
1.288334299339948927e+02
1.058188961725862498e+02
1.019334537374507192e+02
9.344969557966308571e+01
9.451908455543245680e+01
1.365155465164662871e+02
9.723316228085681701e+01
1.230272040865423548e+02
1.041016391605400031e+02
1.118281873690412880e+02
1.060291088103528381e+02
1.125608646575104927e+02
1.002662733615520381e+02
1.234283188224249699e+02
1.120411923252388533e+02
1.079607944735703740e+02
1.077167046130526842e+02
1.045579121738410322e+02
1.343722878394723068e+02
9.606348507828029426e+01
1.157100035491479133e+02
1.095918509543171240e+02
9.732169129478833725e+01
1.224778278798061280e+02
1.037011743252580374e+02
1.044807768156688468e+02
1.013785113171151124e+02
1.039660895396784923e+02
1.231880577387433391e+02
1.176764592643664571e+02
1.022611497440114050e+02
1.145462812889523576e+02
1.122916313548851264e+02
1.036985718579299203e+02
1.170557948833983346e+02
1.069424319764894733e+02
1.436635259262096724e+02
9.770338114856242839e+01
1.103415175647418351e+02
9.504681558229223981e+01
9.810331058435498619e+01
1.068596266185983978e+02
1.121430058362062994e+02
1.192001136566607045e+02
1.160399142211666401e+02
1.027098933689346723e+02
1.143419701924203906e+02
9.017156853712347697e+01
1.158454379905693941e+02
1.072148472360980946e+02
9.447417400931936982e+01
1.077472095329862327e+02
1.107615538158895703e+02
1.206566106027608640e+02
1.153914161105320915e+02
1.118215886642579022e+02
1.283820071145009081e+02
1.097875135005154164e+02
9.557617698193092792e+01
1.100734668451559770e+02
1.005201928562972995e+02
1.085700168059074713e+02
1.307660331903811652e+02
1.182722952645384709e+02
1.150217702270106059e+02
1.157304961359700428e+02
1.011362580477475603e+02
9.021964574737586418e+01
1.132716163123823492e+02
1.089847293463785292e+02
1.041428926405697837e+02
9.813099561386530922e+01
1.219459719997982461e+02
1.154021212237838085e+02
1.051212104296741643e+02
1.349691511921908784e+02
1.133761362840429285e+02
9.030983122420185794e+01
9.294852303893848955e+01
1.125640728789721834e+02
1.136434397109243264e+02
1.028148919835044381e+02
1.110868512924964620e+02
1.063860729718162759e+02
1.270537750084138082e+02
9.616306648955210790e+01
1.110238516380867679e+02
9.320111261823851123e+01
1.240888135202754512e+02
1.064617136329872977e+02
1.056282468823197007e+02
1.028223822452196003e+02
1.190870492796263136e+02
1.166009581483128272e+02
1.299136452367636139e+02
1.101226741794539237e+02
1.112735606028381170e+02
1.081282983356134224e+02
1.157299459327303452e+02
1.103546470096742667e+02
1.038093342505843708e+02
1.074162556074792576e+02
1.272044687126256548e+02
1.052451988901396618e+02
1.095772569861006644e+02
1.009082927434959629e+02
9.938849806197856651e+01
1.147534683074291166e+02
9.903065078997968840e+01
9.965878383248774242e+01
1.150855814471018732e+02
1.048826799401976473e+02
1.252475777524487341e+02
1.095818908046361742e+02
9.024337423126100077e+01
9.619727215879632354e+01
9.936077987439631443e+01
1.310049928353512598e+02
1.205231646035434068e+02
1.062406071964880141e+02
1.143675885063080244e+02
1.125263363379740298e+02
1.119412793140983808e+02
1.081781246164021866e+02
1.010543120503523511e+02
1.080151447402272709e+02
9.717152366854828927e+01
1.105286465378538310e+02
1.133836950435860444e+02
1.261222753032682107e+02
1.032328089042962489e+02
1.062940748296747984e+02
1.114579490662640922e+02
8.819063247917064530e+01
1.148106330488822664e+02
1.138174754619497264e+02
1.031678148974105511e+02
1.250736462295887463e+02
1.133677492183617659e+02
1.076404544297604673e+02
1.011024340001847861e+02
7.662646328314572486e+01
1.203720025181718114e+02
9.511539073648697240e+01
1.026109466998206301e+02
1.203403912707775874e+02
1.016797350642304991e+02
1.262227834700846074e+02
1.015758208964647906e+02
9.978566774903450209e+01
1.078042052405543387e+02
1.083732886509587843e+02
1.312052902591509280e+02
1.083876732881572025e+02
1.135270362120025993e+02
9.709866944820106482e+01
1.047937820618155911e+02
1.193479595172089489e+02
1.238942879914166326e+02
9.687726994372397371e+01
1.094281797651813974e+02
1.113702250055032863e+02
1.162061404811360461e+02
1.093752372147684611e+02
1.125682761580792999e+02
1.213847110703880219e+02
1.285396650279495248e+02
1.123683999267817342e+02
9.467334354781462480e+01
1.006250743644148429e+02
9.298927916127432525e+01
1.073812553640750735e+02
1.117893914601989280e+02
9.820980810697498953e+01
1.102032510488923975e+02
1.186864368464861883e+02
1.099634694264012467e+02
1.248549822277264667e+02
1.026451362825967664e+02
1.007720507785221997e+02
1.136417984513260109e+02
1.067054961000387578e+02
1.063374230468221526e+02
1.412734722488349632e+02
1.070713672976957582e+02
1.071089959895531365e+02
9.248000337510995905e+01
9.416885967077990927e+01
1.139086380233699742e+02
1.033170711450599981e+02
1.007959402002376805e+02
1.179120475992694281e+02
9.183541684796627180e+01
1.179247551795018722e+02
1.205954106471111942e+02
1.085593079328597810e+02
1.015703934743613956e+02
1.180004623732248490e+02
1.201330009280336526e+02
1.130115114498413647e+02
9.513251547122041529e+01
8.526997174592412421e+01
1.120032969731475134e+02
1.224813147223150054e+02
1.057685526555882944e+02
1.215946023435658532e+02
1.076157497940412071e+02
1.038578402949334247e+02
1.021726217897008127e+02
1.118362295907549395e+02
1.120562217904199400e+02
1.086640751115285326e+02
1.173321156602229394e+02
1.015362888466478779e+02
9.230080786262033143e+01
1.347641359453495511e+02
1.127475132585677358e+02
1.049142139085839460e+02
1.098988356203041974e+02
1.018480864365189831e+02
1.196407421352745786e+02
8.927108459559134701e+01
1.242104863120673173e+02
1.261259586107407529e+02
9.197237170455341015e+01
1.054072227509996793e+02
9.083472041357647697e+01
1.053492249378810754e+02
1.121324684392832722e+02
1.103778166484787846e+02
1.280080675411152527e+02
1.199701265637944942e+02
9.222400594552827613e+01
1.123294585670309544e+02
1.112068448566611636e+02
1.049657816095677276e+02
1.164735627421163286e+02
1.216561204426570271e+02
1.115375673332993358e+02
9.929428925499510683e+01
9.500970633422599576e+01
1.209085941108694300e+02
1.081829474842318035e+02
9.366840499509990536e+01
1.101197348365000579e+02
1.117750048441043305e+02
1.035724732002236266e+02
9.059221715598060598e+01
1.192432571421209673e+02
1.355758130008902071e+02
1.020226307889699626e+02
1.071662089274717289e+02
1.014966127471290918e+02
1.011658905991066746e+02
1.269728899149037886e+02
1.099179917407276008e+02
1.120017058420392146e+02
8.972583291640965797e+01
1.116899463855548760e+02
1.011073266053857935e+02
1.042451644069086001e+02
1.181078124203302337e+02
1.105037371144469631e+02
1.099980357798429935e+02
1.048253482868531705e+02
9.430355635981852913e+01
1.222966575466770109e+02
1.136568238933336232e+02
1.077224129894906071e+02
1.135739229148111065e+02
1.042335729937783384e+02
1.190190667553456478e+02
1.113187862493501825e+02
1.144088277131683213e+02
1.094632736725382358e+02
9.829149673546947952e+01
1.148789337079709725e+02
1.028838054488771974e+02
1.202810956533610920e+02
1.282140483868502088e+02
9.950250891420976984e+01
8.989641257543485153e+01
1.142053418724880771e+02
1.098131825091121812e+02
9.727623218327588006e+01
1.167624447878611420e+02
1.236794947783897953e+02
9.176949641883115305e+01
1.087908908717705287e+02
1.220833036963806819e+02
1.128067846765153490e+02
9.421608381560507439e+01
1.076564612205006313e+02
1.089899120051364321e+02
9.467208897172487525e+01
1.064150460810148928e+02
1.274437492556627518e+02
1.105665660039326497e+02
9.559256460653897136e+01
1.174776701804564993e+02
9.736090518272165184e+01
1.280267294046490463e+02
9.282220064835651385e+01
1.282504951237799844e+02
1.093086329171197093e+02
9.359940239252068750e+01
1.277745005123853446e+02
9.726302251172850788e+01
1.116344967791812905e+02
9.846895267936946539e+01
1.142403711283033942e+02
9.955519861116620461e+01
1.088754657306859883e+02
1.095488555642828317e+02
1.067750218253557364e+02
9.964605142918104264e+01
1.262319607788954698e+02
1.047580113012629681e+02
9.831280945588025588e+01
1.017476490806677134e+02
1.112571029107666902e+02
1.077461638194114357e+02
1.235978601515416528e+02
1.114139848333973219e+02
1.108633320322423685e+02
1.134241795639756560e+02
1.158629168017127995e+02
1.051295242212373324e+02
1.142025975810133929e+02
9.606145685368254306e+01
1.112288213081614430e+02
9.522990139571408008e+01
1.089458780414441890e+02
9.467777252179264735e+01
1.261801274803241881e+02
1.070798148377545260e+02
1.248623320857924455e+02
9.709692286708849451e+01
1.027446360541957660e+02
9.775744153040579931e+01
1.320358806997157615e+02
1.086893426270073206e+02
1.069739403565595666e+02
9.497114393567331092e+01
1.092829943360108444e+02
1.025893583393867203e+02
9.516017453197298437e+01
1.053139883362656235e+02
1.206408539320977269e+02
1.170972845983757651e+02
1.115091860786796047e+02
9.658578567962223360e+01
1.206028582297436884e+02
1.088868441763914774e+02
1.093972645389305143e+02
9.429246968997654221e+01
1.030215317384900118e+02
1.244190105259978196e+02
1.106839176903370827e+02
1.116367865361298897e+02
1.004628277452539322e+02
1.152842640390014566e+02
1.221826236173960893e+02
1.075620464563292131e+02
1.209899086011610336e+02
9.011744400874928829e+01
1.118401454480522261e+02
9.232800437398559268e+01
1.164192363949988476e+02
1.344202219433526011e+02
1.046347645493406446e+02
9.732117285070121682e+01
8.948379618784498746e+01
1.287594354991755949e+02
9.667638028829894381e+01
1.091448461750366903e+02
1.226969900916090666e+02
1.102242077836376950e+02
1.087582096581648017e+02
1.159994887997807780e+02
1.091270811302515540e+02
1.037569686191775844e+02
1.117322979907380329e+02
1.074265243109098407e+02
1.062745764667232748e+02
1.093250425998030693e+02
1.064499501459170006e+02
1.095924708056598007e+02
1.032048349577141551e+02
1.209981309849759725e+02
9.968281954166165804e+01
9.492741062413197994e+01
1.176739754002670253e+02
1.176978961404391555e+02
1.230032738862982455e+02
1.011050440558786079e+02
1.042841086754557978e+02
1.148874436637734817e+02
8.820908557022490015e+01
1.174876386942868862e+02
1.085776413440554222e+02
1.189174141158371896e+02
9.730129773454426356e+01
1.224461870843128253e+02
1.237637459600897500e+02
8.470816480515928504e+01
1.099387298216015552e+02
1.086341937721258262e+02
8.108360488685454470e+01
1.248463329425220536e+02
1.031143247929542213e+02
1.127776534262587376e+02
1.068419636827894124e+02
1.097637703574782080e+02
1.220284005892852832e+02
1.046109683883799732e+02
9.957892715729593647e+01
1.014475606039412270e+02
1.141139786070467181e+02
1.096349360611525299e+02
1.101566270827994600e+02
1.059231045870498775e+02
9.945824220425808448e+01
9.000773276326299310e+01
1.404101955477179615e+02
1.068524315146981394e+02
1.037812987591727989e+02
1.043102820742686845e+02
1.134044181713003354e+02
1.099251979375450645e+02
1.062128840222152348e+02
1.183107415388913779e+02
9.971027425734244787e+01
9.266221734370000718e+01
1.052294739351753066e+02
8.461477187710762848e+01
1.345326968075210630e+02
1.305302158618229385e+02
1.136315541554568114e+02
9.823788665199090531e+01
1.026933277277515515e+02
1.205427125125778360e+02
1.139755131899436833e+02
1.053035773938647282e+02
9.822841184607632670e+01
1.205959150493334846e+02
1.048619495888204227e+02
1.119295254787193841e+02
8.569659863973394920e+01
1.265138638247648544e+02
1.007178884051735253e+02
1.124653841051394352e+02
1.187875506770746767e+02
1.249147208623467264e+02
1.069968813216211885e+02
9.422441021621695256e+01
1.049311101112194677e+02
1.248105866559709085e+02
1.067170972166654224e+02
1.070770688146570819e+02
1.076938316814307086e+02
1.047201475901329673e+02
1.117374308480553822e+02
1.027195481971557456e+02
1.012078858782008695e+02
1.204104491920443252e+02
1.158744261361102161e+02
1.024314357180219162e+02
9.441240744654270145e+01
1.018059380241174239e+02
1.059668854635073671e+02
1.176473312095736361e+02
1.152999398839770748e+02
1.168415411552933705e+02
1.025648644042487518e+02
1.251318982607329389e+02
1.132900305525571838e+02
1.095707306483958945e+02
1.054553961292852193e+02
9.958907925486326462e+01
1.132251733126220756e+02
1.228010397633354955e+02
9.906096615806023920e+01
9.497607994881768434e+01
1.138157886079345218e+02
1.139062707507977592e+02
9.495031437310373690e+01
1.146477651818300529e+02
1.123972017139879540e+02
1.053207846900039897e+02
1.158484862253250327e+02
1.124380008248284781e+02
1.139407871683413305e+02
1.245948569201485441e+02
8.914529471532196681e+01
9.957073821668861058e+01
1.129156483459712206e+02
1.174744889982914486e+02
1.188734425342108096e+02
1.150743022020355539e+02
1.081882244723668407e+02
9.166637478648803494e+01
1.186375600422182259e+02
1.022839724808705881e+02
1.123176459862112608e+02
9.708659295752819673e+01
1.004998530741308826e+02
1.156715599495408924e+02
1.153620513059049557e+02
1.132458588357118430e+02
1.113781253139884910e+02
1.191641160437688995e+02
1.093900510545656317e+02
1.053672392974893057e+02
1.029559781455519385e+02
1.072983753838576320e+02
1.025080862069047214e+02
9.034261591503924649e+01
1.095245619995866520e+02
1.015024882046025709e+02
1.089004895023266215e+02
1.383274440646514449e+02
1.085146051936708886e+02
1.068877225647197520e+02
1.005765130567805983e+02
1.033890291114201858e+02
1.119601336145905321e+02
1.247165115513227107e+02
1.020059124711392826e+02
1.246026326599404825e+02
1.086308898589412024e+02
1.116062208631259267e+02
9.303035084955156719e+01
1.119829126655406242e+02
1.077789902890851863e+02
1.144923569524201952e+02
1.189974943494485728e+02
1.065838396194570379e+02
1.109634157618640984e+02
9.721072656480266971e+01
8.787740851962320221e+01
1.288724526395612315e+02
1.111982835108187686e+02
1.174700780413898542e+02
9.551793641241727073e+01
1.095283231587083179e+02
1.055371192724205969e+02
8.265779939962887113e+01
1.271215787648729361e+02
1.250066284786183246e+02
1.022466331148676204e+02
1.154795125465735879e+02
1.026067569451624735e+02
8.872808524877845571e+01
1.176503111932703973e+02
1.152992466360338852e+02
1.202193788926283844e+02
1.082155896022426873e+02
1.270866623807227143e+02
1.123742978385991478e+02
1.036168085471527576e+02
1.033131581291535639e+02
1.005661493919269560e+02
1.082519806622017171e+02
1.126648891888763586e+02
9.932614948758529749e+01
1.065587227564653716e+02
1.228553206617742291e+02
1.072975143107081095e+02
1.069855140925023989e+02
1.076715896086900699e+02
1.136588358402273116e+02
1.003639586189916457e+02
1.126857884917149164e+02
9.305123996746249304e+01
1.265602229787300814e+02
1.031848034252985258e+02
1.074066181576375243e+02
1.041770645266783930e+02
1.285003883338872299e+02
1.048365365530680151e+02
1.064610712120859546e+02
1.060059249468426117e+02
1.137849611162870502e+02
1.072551183397793011e+02
1.181472418592701956e+02
9.622136184255107594e+01
1.136157189443684103e+02
1.160589030307691587e+02
1.081208132036389884e+02
1.109319600720514529e+02
1.006315157300225849e+02
1.266311587951828841e+02
8.717152083190400447e+01
1.122315179076435783e+02
1.167210910927323084e+02
1.016669083201294939e+02
1.033504382200247278e+02
1.076323881920687882e+02
1.152288381338057519e+02
1.212099177049154690e+02
1.263941465670727808e+02
1.045779724819207956e+02
9.498393840633086427e+01
1.096871504802618915e+02
9.722894383322345391e+01
1.089419572396252534e+02
1.104565799961974903e+02
1.024277201411537419e+02
1.069660472976655399e+02
9.905715972048859896e+01
1.276272802156378958e+02
1.237894125839823118e+02
1.017857830836808972e+02
1.082238477170958078e+02
1.118792715569586278e+02
7.846890236420085785e+01
1.135392739944332021e+02
1.108647603863622777e+02
1.319586803167869675e+02
9.281881028006283429e+01
1.056485025833717799e+02
1.001102099063736972e+02
1.181755981719063300e+02
9.355000915519475768e+01
1.076594050183351499e+02
1.275290950720284116e+02
1.163822969654243593e+02
1.154217073987759932e+02
1.062040189627752795e+02
1.153044389391981781e+02
1.028097285990869523e+02
9.978281517717289262e+01
1.220086315371696628e+02
1.012542183857603959e+02
1.138374259762542096e+02
1.179660929228414830e+02
1.049037576030937089e+02
1.064264005961295254e+02
1.006206050207805447e+02
1.195882213887046248e+02
1.021172414310446754e+02
1.138685907805794386e+02
1.205303056968265167e+02
1.006916808975472577e+02
1.036752972339961758e+02
1.153168820650883646e+02
1.013792468786210748e+02
1.049485285377191417e+02
1.091812155595360423e+02
1.019553928867485837e+02
1.204137936907451376e+02
9.502299766818555327e+01
1.226039560719438981e+02
1.057648690758567085e+02
1.164582697652326146e+02
1.112932011300000710e+02
1.091438992353815536e+02
9.752790203160927263e+01
1.145219682388663642e+02
1.285910206907401800e+02
1.103737372057598520e+02
1.100538599516727629e+02
9.047479544910888194e+01
1.058262442914645902e+02
1.005177804902923810e+02
1.202751008854559558e+02
1.122208360575433801e+02
1.104432563609891673e+02
1.111146536490214771e+02
1.017942045040312706e+02
1.308724731189496993e+02
8.356234809970922583e+01
1.154427353532637142e+02
1.081252609055568001e+02
1.096902901393072369e+02
1.131241232428188823e+02
1.107409181561492346e+02
9.836116539330932085e+01
1.192686292505235031e+02
9.635771043380962908e+01
8.883090403501972787e+01
1.063198274387561071e+02
1.032994737295286569e+02
1.019857931145718766e+02
9.915900193886490399e+01
1.070295942707876975e+02
1.187585734804527533e+02
9.461976348993624697e+01
1.067908708189281413e+02
1.243544650493113153e+02
1.114372276255699603e+02
9.920636856427665862e+01
1.029874483027997059e+02
1.230119848685167767e+02
9.899133607781105582e+01
1.198682910133961741e+02
9.698348541878559104e+01
1.201293800011513611e+02
1.056244825660187132e+02
1.065707210616625957e+02
1.113652038395782284e+02
1.147461826844950394e+02
1.051905746563282378e+02
8.321032959967620002e+01
1.034294517694611528e+02
1.043598785387588350e+02
1.150429246135373234e+02
1.361025216253011081e+02
8.938064857163453780e+01
1.084886217775166841e+02
1.004767613240004920e+02
1.197668547591473498e+02
1.142528465693051203e+02
1.177278341402776221e+02
1.251193005337643029e+02
1.062627527603098656e+02
1.075514611746659597e+02
1.134779557025367183e+02
8.807014811865603576e+01
1.154955061704404358e+02
9.407975765831277215e+01
1.056338488797015174e+02
1.115790696667844770e+02
1.096229084395650943e+02
1.108016565351644971e+02
1.215594137349685440e+02
1.162078838985969469e+02
1.028065496990680003e+02
1.150945516939909936e+02
1.136550247956099184e+02
1.022297902687884772e+02
1.068721663242532571e+02
1.237280865446793570e+02
9.499150300630417121e+01
9.572197088486574046e+01
1.228964170338960002e+02
1.072352044204608603e+02
1.086043061762923685e+02
1.110016099046084577e+02
1.151594502869209151e+02
1.032190062946680342e+02
1.162280425706306346e+02
1.003828727734601785e+02
1.088897016421413184e+02
9.871536911217529564e+01
1.029241895405180145e+02
9.519584074497775816e+01
1.271068589760925107e+02
1.023440322509051867e+02
1.144189743165638902e+02
1.108915003294445114e+02
9.541047873173410210e+01
1.070223170137852549e+02
1.163472797265537650e+02
1.095702246704736922e+02
1.154222467915973169e+02
1.117474949763639671e+02
1.068103508323816726e+02
1.095050948598738643e+02
1.054217692492314598e+02
1.054994462972225051e+02
8.952890267555355308e+01
1.169719157991955996e+02
1.369576702565784672e+02
1.113732431178758731e+02
9.594805903976559591e+01
9.337880332063448918e+01
1.127416529116780168e+02
1.174998947911999494e+02
1.072570803818508551e+02
1.163326680306443421e+02
1.086859110403080564e+02
1.306647164176909826e+02
1.015915143124426692e+02
1.001869593391341766e+02
1.112028625757942280e+02
1.051582291413912742e+02
1.135007800552024833e+02
1.026013071598909931e+02
1.075735340553722921e+02
1.163090978619169960e+02
1.066563464975518372e+02
1.022342947247172873e+02
1.329381532693028021e+02
1.084858960623361384e+02
1.012824940266025919e+02
1.037842107844436157e+02
1.126259970156777115e+02
1.043447299840255340e+02
1.258058127837902447e+02
1.153063156384457528e+02
1.155141724283410412e+02
9.539655961451825306e+01
1.104514568381600128e+02
1.155219910514376664e+02
1.033664480628193019e+02
1.069956573378919842e+02
1.032835368396754063e+02
1.226329765318953520e+02
1.141600220214233303e+02
1.065970972493482662e+02
1.034747141171493325e+02
1.301325134154747332e+02
1.114467674999524718e+02
8.779525680296241319e+01
1.139894877425324040e+02
1.103976219087942781e+02
1.057755270931882592e+02
9.772395080809995704e+01
9.982608210828955464e+01
1.284044056512916541e+02
1.147032476094633182e+02
9.283737044942735395e+01
9.845575071465516714e+01
1.135328060590113211e+02
1.125583500231152669e+02
1.218045580813275421e+02
9.654716685909292551e+01
1.133892711223796397e+02
1.116041566350772598e+02
1.207850140525764999e+02
1.057532672794048665e+02
1.082031540713723103e+02
9.392381993937154050e+01
1.177114689862513615e+02
1.322712265595430665e+02
1.041020807066148706e+02
1.184804916256042873e+02
1.141685836189945888e+02
9.358874584705596078e+01
1.167609329167739531e+02
1.342660006788401859e+02
1.013841403122181504e+02
1.208333479952105876e+02
9.652019813396516668e+01
9.585204918470914492e+01
1.140016149482496104e+02
1.264610490679910413e+02
9.645483654565727250e+01
1.165190570710413738e+02
1.293443156009079757e+02
1.083486191424499197e+02
9.697705066233311300e+01
1.048623407860238217e+02
1.120839903964544959e+02
1.149125581926802369e+02
1.042893480290609602e+02
1.117190259935593843e+02
9.323133965257363798e+01
1.296940985707201719e+02
1.016798764535628692e+02
1.004227968085757823e+02
1.174823287014640414e+02
1.040781311747632856e+02
1.268920967771860262e+02
1.156448724796186269e+02
1.033791109053468631e+02
1.100382957321283186e+02
9.582492943502965943e+01
1.027945072196124556e+02
1.023715566606243641e+02
1.227688664949760806e+02
1.149892592957140778e+02
1.164523072601433711e+02
9.701954662990279132e+01
1.065085239293658645e+02
1.237465601437119886e+02
1.188781906770910410e+02
9.884362364566089809e+01
1.142181917195387371e+02
9.311018242005067691e+01
1.117123750276823984e+02
9.685054620441553652e+01
1.141754262481809405e+02
1.061321033059079610e+02
1.196460219672138265e+02
1.050366440090573690e+02
1.049612189470983168e+02
9.575196394665617561e+01
1.119216626649562158e+02
1.003222839206711825e+02
1.119183081213673745e+02
1.288611626358140256e+02
1.097145790780236609e+02
1.097683194125523016e+02
9.209875767994728335e+01
1.040815502295903201e+02
1.048900917959384600e+02
1.252571460495022393e+02
1.156274863460694320e+02
9.883303752590086333e+01
1.126888894680757431e+02
1.140857959529965342e+02
1.017606345204404619e+02
1.149794821780403851e+02
1.130757276199591956e+02
1.189273349984091368e+02
8.887190852274548547e+01
1.253381546829410809e+02
8.623337848219988189e+01
1.145212285332743960e+02
1.054648133472964275e+02
1.093454236313379795e+02
1.100760364973706800e+02
1.199557847811813218e+02
1.136423469011700575e+02
1.052116241652441460e+02
1.268590143406013908e+02
1.242736490537155305e+02
8.807109042108079677e+01
1.104320305235272031e+02
1.053310956388132098e+02
1.024185932479453953e+02
1.284053310236519678e+02
9.938067758941738816e+01
1.070888789140386450e+02
1.245252249885415239e+02
1.119601128718804546e+02
1.081329821559214395e+02
1.056588521516075616e+02
1.215097484065373692e+02
1.069731088441376841e+02
9.915810334746292654e+01
1.094870953009248495e+02
1.252558371057217670e+02
8.895584619339619792e+01
8.947829868188514979e+01
1.168175709313123889e+02
1.146795374961581757e+02
1.224223649129639711e+02
1.008049104137227374e+02
1.105795428039686215e+02
1.102022087638196410e+02
1.091302367514891358e+02
8.273755104280148487e+01
1.218631328784580319e+02
1.052089827311717585e+02
1.207693641714282364e+02
1.188549231202725878e+02
1.129512428934210106e+02
9.711526086298852078e+01
1.066652938764615755e+02
1.113329441750645401e+02
1.095291836847581095e+02
9.384783340042388033e+01
1.182451804067220991e+02
1.238628545813377286e+02
1.098484251347904319e+02
1.060032989305565394e+02
1.034972630153375945e+02
1.062226017512503375e+02
1.070843780351751207e+02
1.207178934159941690e+02
1.086554481249697233e+02
1.100783419336049462e+02
1.036025605732619965e+02
1.143196950979846918e+02
1.026294397834116268e+02
1.197810531209064635e+02
1.049358074832732797e+02
8.885504265246146360e+01
1.248932110538632401e+02
1.161546107843390701e+02
9.483606474926668284e+01
1.060860043627568672e+02
9.849196285425813358e+01
1.250262879369478100e+02
1.117181672525486533e+02
1.039767024340199555e+02
1.274838848988274549e+02
8.700536817889006613e+01
1.050557602614035630e+02
1.394356516461281785e+02
9.791473679164127475e+01
1.087868183869012029e+02
1.026917769116726902e+02
1.177235965753820892e+02
1.201386633723597441e+02
9.967839132783699085e+01
1.087439771526467780e+02
1.026814852898599213e+02
1.113677725076557010e+02
1.234443200120017536e+02
1.155236700012511477e+02
1.011151168544682264e+02
1.029273884745886534e+02
9.800885554085441242e+01
1.136526550833407185e+02
1.209455577093391838e+02
9.543760821915365966e+01
1.173787348117226514e+02
1.084372115361232574e+02
1.158014283194215182e+02
1.280205052871229725e+02
8.372104473630410837e+01
1.020541732993376485e+02
1.155964709163046678e+02
1.113803559388921371e+02
1.288276111026225692e+02
1.047594661595517636e+02
1.059930874715009992e+02
1.106573432504438159e+02
9.896104092190508084e+01
1.053454778011218167e+02
1.065376566440365025e+02
1.192511833979430946e+02
1.055343882643715006e+02
1.065331950817090103e+02
1.084340342047520664e+02
1.101406159540174343e+02
1.113817374380393801e+02
1.100218872945007718e+02
1.203714554499753291e+02
9.003149775742156180e+01
1.105373671210161461e+02
1.199109790029942246e+02
1.051620378779038845e+02
1.001069889989448001e+02
1.306941991901112488e+02
9.077584361318734807e+01
1.137938072750178264e+02
1.046443012086796500e+02
1.034035005015986570e+02
1.117851109494123136e+02
1.350130147480325036e+02
9.886226553971005160e+01
9.034667180159556210e+01
1.095020686963276830e+02
9.168370376869543747e+01
1.370982756617277403e+02
1.094927052206129048e+02
1.024910374261142465e+02
9.708796965475660556e+01
9.570876554971904682e+01
1.096651646197277188e+02
1.404615603762722174e+02
1.180004264801976461e+02
9.815573130799405988e+01
1.113617689648952052e+02
1.354867223401588490e+02
9.789832396785179469e+01
9.149122993615290511e+01
1.151140648287265975e+02
1.107760375463056874e+02
1.015172303195001433e+02
1.080674727548868645e+02
9.730091245148112478e+01
1.238177029510442537e+02
9.913823646500235043e+01
1.088253301450341297e+02
1.061409764419309596e+02
1.195618587565062114e+02
1.138386340385380890e+02
1.081131190728164313e+02
1.084877487375567569e+02
1.098799839738642561e+02
8.971682231469192459e+01
1.133834972925189533e+02
1.367199277297250148e+02
9.530586368117840834e+01
1.108061878136857104e+02
1.100539240953423956e+02
9.544077501351763715e+01
1.338352799593246516e+02
9.417970837696314845e+01
1.024507916611492817e+02
9.781953249126979699e+01
1.148610758997511709e+02
1.135895796745348036e+02
1.039771818291270620e+02
1.076444167461579013e+02
1.163463983138553317e+02
9.942957116333131751e+01
1.118580910392816321e+02
1.166850037643891795e+02
1.096493269306571250e+02
1.177103340622056464e+02
1.017928310402467957e+02
1.034788639314972585e+02
1.115313817696720804e+02
1.219972715918159594e+02
9.941973538486898576e+01
1.015643739152321388e+02
1.269570064850894795e+02
9.652328163069464040e+01
9.897327863596997588e+01
9.563128937207370939e+01
1.294524742808803239e+02
1.298123684440916179e+02
1.077876724058561706e+02
9.869368699464986605e+01
1.009589536274067996e+02
1.136984651056163784e+02
1.117696322113381058e+02
1.062262560755724792e+02
1.201313512608836334e+02
1.043215437708014122e+02
1.229364943469615099e+02
1.115562759423257972e+02
1.117232216660267312e+02
9.770127879689310646e+01
1.096457313262489777e+02
1.000882866718874311e+02
1.178243548282326429e+02
1.045218638495712469e+02
1.187582113364011320e+02
1.036542977346384760e+02
1.052976127122813637e+02
1.050279751128327064e+02
1.147887679291578564e+02
1.036440399122819969e+02
1.224523349659646243e+02
1.149900154912419197e+02
1.001485094710445338e+02
1.005567755693102612e+02
1.097741370099932965e+02
1.195924222392271190e+02
1.065235527223717611e+02
9.731394994715678592e+01
1.109848651875117014e+02
1.123657200646209304e+02
1.013766201211143425e+02
1.030603536115270629e+02
1.155608431402068987e+02
1.276555612589234840e+02
1.052916078073664465e+02
1.045873740866756094e+02
9.766829269118511547e+01
1.252249022418519928e+02
1.125949370904504008e+02
1.019488991232116462e+02
1.060120762862979547e+02
1.100838537644376487e+02
1.155380329050079524e+02
1.079082680933299798e+02
1.043238371788259968e+02
1.079572394194695732e+02
1.110287257087533703e+02
1.099697024021586031e+02
1.003028818898271339e+02
1.127631850159757363e+02
1.159671023842515609e+02
1.055624541464295447e+02
1.052513059713775476e+02
1.149281980255558295e+02
9.871360542143735017e+01
1.247951879353174718e+02
1.071479802390430507e+02
9.462134811340801832e+01
1.199104062430389348e+02
1.115315404179761458e+02
1.079646081934428139e+02
1.080827995454594515e+02
1.148680304108886077e+02
1.249741842851639717e+02
1.064397780250744603e+02
9.424601751782554970e+01
1.154746230266499794e+02
1.081949436757505936e+02
8.946783077469933687e+01
1.146000945883375977e+02
1.180278223993042701e+02
1.081802420299392793e+02
1.187990429877482512e+02
1.226082983528426382e+02
1.074453479358496963e+02
9.086182259400288785e+01
1.095194232101239464e+02
1.061961403568700746e+02
1.075439936868549751e+02
8.677989738440832923e+01
1.168584314716299701e+02
1.116331256124855287e+02
1.038881645044802582e+02
1.284744604431691357e+02
1.140763532906334348e+02
8.654472836217495058e+01
1.142872568426397066e+02
1.044148713997949756e+02
1.112207684806892019e+02
1.242142858672707035e+02
1.185395901495605386e+02
1.084499709219483066e+02
1.039564069547623291e+02
1.079451065562967500e+02
1.103930405718740957e+02
1.069956090371522350e+02
1.132058081487605676e+02
9.848252471578209111e+01
1.013199467085966177e+02
1.184904770543679291e+02
1.057787621561458451e+02
1.181958342745359829e+02
1.043376654746999748e+02
1.024909358234843779e+02
1.017938021761194562e+02
9.194595442167924659e+01
1.022387014980865558e+02
1.234221308501945629e+02
1.137144158949650006e+02
1.049467375034352017e+02
1.179381737356836339e+02
1.159339910501720965e+02
1.019470880977660698e+02
1.045967108328429021e+02
1.092240193838802469e+02
1.285856541475663164e+02
9.080572136513906401e+01
1.035030385084112936e+02
1.053481679741287707e+02
1.190088745696015735e+02
1.015078000708531363e+02
1.119760199731750419e+02
1.136153170538099033e+02
1.073232326482690553e+02
1.045298750716295473e+02
8.998632410467500620e+01
1.064007886053971532e+02
1.189586544547943276e+02
1.254442474094257420e+02
1.112352481330143661e+02
1.108401571271227084e+02
1.171061251297643082e+02
9.535646051162333947e+01
1.203453671851613791e+02
9.808549020902448490e+01
1.100236701871458962e+02
1.406671064778515472e+02
1.028622794365383726e+02
7.842913698243326337e+01
8.898354641795877740e+01
1.158883633483738151e+02
9.627793083734687229e+01
1.256966116645978389e+02
1.063375146444650454e+02
1.312397178753107312e+02
8.150003104825634637e+01
1.053967783276346353e+02
8.493242745474647393e+01
1.073470632543915144e+02
1.326618246284397458e+02
1.246644559515064827e+02
1.029771097036332179e+02
1.056417260330165959e+02
1.041041654043120417e+02
1.147962446427559229e+02
1.139151801988436290e+02
1.082798263219976889e+02
1.096156798410690811e+02
1.059912536337719473e+02
1.110252391037734583e+02
1.136553764044794548e+02
1.140854749450736989e+02
1.208738390756153791e+02
9.411604197023739005e+01
1.160933646594101845e+02
9.218913336093129374e+01
9.921846072256296623e+01
9.318062602499706770e+01
1.086182905114582411e+02
1.240172145709389184e+02
1.143431169168030976e+02
1.125543363955012097e+02
9.832928165371204443e+01
1.044963141547411709e+02
1.305063065008520482e+02
1.064766355906178319e+02
1.142067023797587240e+02
1.008208010623969813e+02
1.229736473191656927e+02
8.952749948101109112e+01
1.112245287011147923e+02
1.298057170118800911e+02
1.046699882226060510e+02
9.536765939512096679e+01
9.698435149167347902e+01
1.272681077181006657e+02
9.045895503826453421e+01
1.180938202819645113e+02
1.097107069680857450e+02
1.104964402861763801e+02
1.011552195822759472e+02
1.131265821890249725e+02
1.180320737919660701e+02
1.051913163248095913e+02
1.021636488375339269e+02
1.145189362730602767e+02
1.263157742895850078e+02
9.526467423025211190e+01
1.139896545839535946e+02
9.313277232842979458e+01
1.125803717290347947e+02
1.095444196946057502e+02
1.040095553376621638e+02
1.236526667817167038e+02
1.067668956110513108e+02
1.167141587348028366e+02
1.111296591528500528e+02
9.352823779991393849e+01
1.027283966294997697e+02
1.027866179977940106e+02
1.168307176139791750e+02
9.735726683588526953e+01
1.241236575305919416e+02
1.095320025199019369e+02
9.944465407030786253e+01
1.056307948639736196e+02
1.128532457773132762e+02
1.132982574501653374e+02
1.230395689092732283e+02
1.017829519344504945e+02
1.051737525865800933e+02
1.070093207162325655e+02
1.227830255990247252e+02
1.070954104776971434e+02
1.155592885630325242e+02
9.774678345037584393e+01
1.005835933054923430e+02
1.086021640464584550e+02
1.000964820167457106e+02
1.012648106189176929e+02
1.064430411815798720e+02
1.352355041828929529e+02
1.040161442938277503e+02
1.087278011084765978e+02
9.748854380930234242e+01
1.119769757709401574e+02
9.797042083005790403e+01
1.329244463306550301e+02
1.260692358654088281e+02
8.819633182709841890e+01
1.019427965762369439e+02
1.153903585066727544e+02
1.127137218482317707e+02
1.094633953514506715e+02
9.475029093529273894e+01
1.057315352589714479e+02
9.455525527294470578e+01
1.133629286340893145e+02
1.053706459067195595e+02
1.152025645049731963e+02
1.212614726944222667e+02
9.103490567900168173e+01
1.105840365571883126e+02
1.037688786385992046e+02
1.083571662374635736e+02
1.234622507186249720e+02
1.055788249043519613e+02
1.175032800842115535e+02
9.637753903349948814e+01
1.183914747242179715e+02
9.755916788281608376e+01
1.110075543910045042e+02
9.545401617311240727e+01
1.081411495886953986e+02
1.262847723070236157e+02
1.042667546276068009e+02
1.258468473634957547e+02
9.415809106173550447e+01
1.005884219953713483e+02
1.251471682714068550e+02
1.092687300887228048e+02
1.062566466744627292e+02
1.266488660018126922e+02
9.312640169931265177e+01
1.086691098451904196e+02
1.029345323545660449e+02
1.162264792348027669e+02
1.123231020789106793e+02
1.107334627293886484e+02
1.169921501371342174e+02
1.209584553005395549e+02
9.879105017011109169e+01
9.569223159031086823e+01
9.582591869415891495e+01
1.022364267923657053e+02
1.300689799007063527e+02
1.087008053171142876e+02
1.125280365349794920e+02
1.059154074484198986e+02
1.224056157987019162e+02
1.022953408362155443e+02
1.036920764393975531e+02
1.084671998726518751e+02
1.097858842419213516e+02
1.095671928055796940e+02
1.061305156983494129e+02
1.147679556927460993e+02
1.080691456787431122e+02
1.044408575117742970e+02
9.787858986240513559e+01
1.227832558866028165e+02
1.097018458776797445e+02
1.060879396091602871e+02
1.223089701333877031e+02
1.065289059604594826e+02
9.739601082475290639e+01
1.135852149008556609e+02
1.123930481556999297e+02
1.072102155637946623e+02
1.091743489915795209e+02
1.074145873086771701e+02
1.113612384499277255e+02
1.091443545399935289e+02
1.048346820388270402e+02
1.179538587165635306e+02
1.077277983836930702e+02
9.887149123181673360e+01
1.280034219024325921e+02
1.002344678579139980e+02
1.183348829508197326e+02
1.094853975307939891e+02
1.008127355147698694e+02
1.068058750955003120e+02
1.145795998012801817e+02
1.061841589980483036e+02
9.936861303288337410e+01
1.160415813144330741e+02
1.162647316460309384e+02
1.074592502876154612e+02
9.889703899903550166e+01
1.152363437778425066e+02
1.157176888048443004e+02
1.033986821369140898e+02
1.217809094978518516e+02
1.013545153027418593e+02
1.203975658784698197e+02
1.051726704311350176e+02
1.064772110564944541e+02
1.076118717805213691e+02
9.471907563731578250e+01
1.235642483086149781e+02
1.248595925635774222e+02
9.962925617581258564e+01
1.129503065379640390e+02
1.117141349493049916e+02
1.082974738398128096e+02
9.493720902433921083e+01
9.552881934289332833e+01
1.148937866005057771e+02
1.170497795834073287e+02
1.001405650888870298e+02
1.058897949279299979e+02
1.181208958678648600e+02
9.066285950612807198e+01
1.089555492093387272e+02
1.156681523368468731e+02
1.311646638283211530e+02
1.126704682659558046e+02
9.859660558802161745e+01
1.268962379413717514e+02
1.006618531995659112e+02
1.127389240226055023e+02
1.048374890558099253e+02
1.062428122936548505e+02
1.022258010206586221e+02
9.882781934519607603e+01
1.034864834507849594e+02
1.077990463185715839e+02
1.184722918560172928e+02
1.046720567108942390e+02
1.208896679521347153e+02
1.014543709728163634e+02
1.064811973484199683e+02
1.264126035609920677e+02
9.614252673347793632e+01
1.116514056608385062e+02
1.102869581820639979e+02
1.228748420284738785e+02
1.064047028915716311e+02
1.105585892051318950e+02
1.212662305369452298e+02
9.573039863031526409e+01
1.012335730864434424e+02
1.201394489075207019e+02
1.181688590075856951e+02
9.495891742251578194e+01
1.164232718253646937e+02
1.078134995864775902e+02
1.190253244322651796e+02
1.027891897515932840e+02
1.164658521577446919e+02
1.070186140000039643e+02
1.197086207440127481e+02
1.017295979479267061e+02
1.076167035530324512e+02
1.014945327621097988e+02
1.120193537331773541e+02
1.059227672572510670e+02
1.163730762057118540e+02
1.116166316467506761e+02
1.088066111073252529e+02
1.069525215449256592e+02
1.144940561061748099e+02
1.254039921538674918e+02
1.364674569942051789e+02
1.021306329048589845e+02
9.784056839276809114e+01
1.097604905060275797e+02
1.007548921543053524e+02
1.061979814958283868e+02
1.158703369464105606e+02
1.131296580518523172e+02
1.100016613198865372e+02
1.151378696670609685e+02
8.576071643464372585e+01
1.140178479014028312e+02
1.108800068198104611e+02
1.305057530165731237e+02
1.128066862395339456e+02
9.257210603158054596e+01
1.032375009141959339e+02
1.024785728219713263e+02
1.163824042353993207e+02
1.255501631355094503e+02
8.403934664185909753e+01
1.059540008664484958e+02
1.279685386513663303e+02
9.612892867245788864e+01
1.020014615159099094e+02
1.128189026533665782e+02
1.024496848648003038e+02
1.266011114014338403e+02
9.796467643116142199e+01
1.117241893863837845e+02
8.902464930571949253e+01
1.173990671572997968e+02
1.095885589399701843e+02
1.349411973678323875e+02
1.023084860504222604e+02
1.017826944208995741e+02
1.087470071900600459e+02
1.015574233979750147e+02
9.922527339487741926e+01
1.322434033634329751e+02
1.041149994181000267e+02
1.064340915401209315e+02
9.600463082210129073e+01
1.007774801784546952e+02
1.021956773776365424e+02
1.326773236607639035e+02
1.156894678837401358e+02
1.034863817656383986e+02
1.249279126020042270e+02
1.065554111206668892e+02
9.759286842629417436e+01
1.159007902389540448e+02
1.010303386628888944e+02
1.076799807049028459e+02
1.032093569136727353e+02
1.132640918674900803e+02
1.043008367866293469e+02
1.218735737900553318e+02
1.045202012195836261e+02
1.080735491985064414e+02
1.068958151246009152e+02
1.184203315864114643e+02
1.080759248969928592e+02
1.041353034191285047e+02
1.148545214529350034e+02
1.047967466704459696e+02
1.092659896901478049e+02
1.017743930388423763e+02
1.071668188469415810e+02
1.159427644797730323e+02
1.060738960635539172e+02
1.161417528115688071e+02
1.037927253366576252e+02
1.239167403651351691e+02
1.048135371867830514e+02
1.012233501862547627e+02
1.242737478143212400e+02
1.008423129777241627e+02
1.023408766117355242e+02
1.152159728147690885e+02
1.108881552879072245e+02
1.100093909982288380e+02
1.050343391096623833e+02
1.169868043343307562e+02
1.094317768696139126e+02
1.118905929857527326e+02
1.022213411931893745e+02
1.068699177981617083e+02
1.186958008806846010e+02
1.006275978880179593e+02
9.935536214789847520e+01
1.368578940131500588e+02
9.566580754413058685e+01
9.815341516362782670e+01
1.151845322184970541e+02
1.022815358804729158e+02
1.260312847894091561e+02
1.026863819048050885e+02
1.094743076918124132e+02
1.079383792095047170e+02
1.206095053772685759e+02
1.209803659025065059e+02
1.244668223467936343e+02
9.405779690423794648e+01
8.354658445949462475e+01
1.209825939012161342e+02
9.268116664342494460e+01
1.265079096754546271e+02
1.130177097134991868e+02
1.022605179173222751e+02
9.814672800569358913e+01
9.433676102994563450e+01
1.219896090651937612e+02
1.210491049318873564e+02
1.099158091618588315e+02
1.143985772986418112e+02
9.598133404099905874e+01
1.269756559246913241e+02
9.077761548978541839e+01
1.135801995795631569e+02
8.802304461354202658e+01
1.173787909635767477e+02
1.068625386585116104e+02
1.069996263732443538e+02
9.719241286135857649e+01
1.040011390863833753e+02
1.011257829829305592e+02
1.052321761244719198e+02
1.005210178471917288e+02
1.126581189336099555e+02
1.295047981603084963e+02
1.046401625960476167e+02
1.091914881324060644e+02
1.014356142893572184e+02
9.611103797251671210e+01
1.182157791508973474e+02
1.222290740474703199e+02
1.128242363255567540e+02
1.056548513192290528e+02
9.655228252639412290e+01
1.053661243539895338e+02
1.305622340079579260e+02
1.216519540418937453e+02
1.012179580872698779e+02
1.035627289210451494e+02
1.080872473042374651e+02
1.060545563987207345e+02
9.764746885853416813e+01
1.175171609161398010e+02
9.991041699956385003e+01
1.251784001931196997e+02
1.151220416155315007e+02
1.067246409087349690e+02
1.099543139277562318e+02
9.813568161526085021e+01
1.083850676350840985e+02
1.183626454127593064e+02
9.191970921795851268e+01
1.119008436257483510e+02
1.021730992029109757e+02
1.160800911372988367e+02
1.197473774894517078e+02
1.118570373509761851e+02
9.818807316334358859e+01
1.194521804777140090e+02
1.264346677346863856e+02
1.267789926389716442e+02
1.009673274938642464e+02
8.628206704143964600e+01
1.065958614400943389e+02
9.103679572972812650e+01
1.116391645300484043e+02
1.184305118600965869e+02
1.101382286201834404e+02
1.168397133870688975e+02
1.168949195671584675e+02
1.039765879375489561e+02
1.205486198062140915e+02
1.321031107685062977e+02
9.545895306440824868e+01
1.233418930298971787e+02
9.995090991570668848e+01
9.287374570758161951e+01
1.135031640192890450e+02
1.121413497587146679e+02
9.571036072615144974e+01
1.080597694779950189e+02
1.206714524871804883e+02
1.037274762595909294e+02
1.160905886784794205e+02
9.430718114384799833e+01
1.202819196576250533e+02
9.461696525977930605e+01
1.128193602167391560e+02
1.182849757802686099e+02
1.141534855969676556e+02
1.121933697601346012e+02
1.259949368535952630e+02
1.207806646530172827e+02
1.057383444678797559e+02
1.010846951932183799e+02
8.627365624208476902e+01
1.069262059972263330e+02
1.027900886560774296e+02
1.093442550261964499e+02
1.013335413883973786e+02
1.342724851222611449e+02
9.685895533512477584e+01
1.193582477066549785e+02
1.069767731424838928e+02
9.276668507456707857e+01
1.020591991108392023e+02
1.265636316014954588e+02
1.078983383385461963e+02
1.220951790217912674e+02
1.208837660238163210e+02
1.044548506137474959e+02
1.070321996445995012e+02
9.162075680616496243e+01
1.311271860703537300e+02
8.502682317614653584e+01
1.189766222207074975e+02
8.338409676247833602e+01
1.022224734424344490e+02
1.212449648134523557e+02
1.282407471217385648e+02
9.164944248627050172e+01
8.767387882572258206e+01
1.138040013191108244e+02
1.062448765542148408e+02
1.164168686634591978e+02
1.107752474029248475e+02
1.176608804628012876e+02
1.538177189857950680e+02
8.337044000552016598e+01
9.655248659766395747e+01
8.734629816235640476e+01
1.042123084659607883e+02
1.072725046377605480e+02
8.236915759531099468e+01
9.615379311005006002e+01
1.697267933726531339e+02
8.925092816360381676e+01
1.120343581251482021e+02
1.088786393522863705e+02
1.142061400842521550e+02
1.026265281513130390e+02
1.114659533516981327e+02
1.068046619768459919e+02
1.161919977847469170e+02
1.077140739761325250e+02
1.057802307734994542e+02
1.114765127250538512e+02
9.694737555379877847e+01
1.187589066939885782e+02
1.117771661862862089e+02
9.570768436730023154e+01
1.116273856710414663e+02
1.029360957153443081e+02
1.219273952167765884e+02
1.090987710013645113e+02
1.144997332624511301e+02
1.014472240078317071e+02
1.176827251402745702e+02
1.144070894457107386e+02
8.513016446136008142e+01
1.239492972603762553e+02
9.910726643279899406e+01
1.039152605073513342e+02
1.102652965575402249e+02
1.035567775052072079e+02
1.206901846664328133e+02
1.167667924345937109e+02
1.082991595349298706e+02
1.130319534187383965e+02
9.869000391629516855e+01
1.063559446824130248e+02
1.188749949256810936e+02
1.116073523471740288e+02
1.135222980097819345e+02
1.066756025770266376e+02
9.308654854370973908e+01
1.056141401114443141e+02
1.207120583695101743e+02
1.162199722933993371e+02
1.015939600077740863e+02
1.272521329538818406e+02
1.107784201672046152e+02
1.140538492127143968e+02
1.128656104744740816e+02
9.024441409740786924e+01
1.055951629317090834e+02
1.058210790423340910e+02
1.099548488195684399e+02
1.093846155460129381e+02
1.216699144104108115e+02
1.034713808094428344e+02
9.991033808891738488e+01
1.058470623900612537e+02
1.103051445837827345e+02
1.242346768758079634e+02
1.051296469575796522e+02
1.424073357261356705e+02
1.107612759187242517e+02
8.839064334065515993e+01
1.056476906910743878e+02
9.848147506329928547e+01
9.839296269827477204e+01
9.862971204123627444e+01
1.261098298536847437e+02
1.168224069683387114e+02
1.025140387038596828e+02
9.601306664972761951e+01
1.111524828321558260e+02
1.160250134781712887e+02
1.128351186421358392e+02
8.892481193514153404e+01
1.209170743073980816e+02
1.189176635431287679e+02
1.038472344009827992e+02
1.260772658287247339e+02
9.922336453413703339e+01
1.090552656046667437e+02
1.039291622005336961e+02
1.261933281691734692e+02
9.014315331718933066e+01
1.095890797148738613e+02
1.118991070913595109e+02
9.986532206764344721e+01
1.234080277213341503e+02
1.064729689361363256e+02
1.056404721910863600e+02
1.223601086157760847e+02
1.009159221540309375e+02
1.081112042061620144e+02
1.154687012966326733e+02
1.136368990394482523e+02
1.067258106975108944e+02
1.193456385206828401e+02
1.089802254859821318e+02
1.185000033924649756e+02
1.024270533723983334e+02
1.055315922423921648e+02
9.903309486134435247e+01
1.136835184496010100e+02
1.027995738783190660e+02
1.115377032519293721e+02
1.168835084087074137e+02
9.744863651431028018e+01
1.149707414980718170e+02
1.091836460433558784e+02
1.221509986002160701e+02
1.062935883011054017e+02
1.118358232762035840e+02
9.558039693841621443e+01
1.083262552138440782e+02
1.212657160000660213e+02
9.951494314126290419e+01
1.207760822455642682e+02
1.123641503933203154e+02
9.935924606056521213e+01
1.024546741017344971e+02
1.188550840320775137e+02
1.072773923316756424e+02
1.144230485444369947e+02
1.027778664717681067e+02
1.202257653925996834e+02
8.499239206102643607e+01
1.101082534427389987e+02
1.078949403337124124e+02
1.124117617761062746e+02
1.121830660812531022e+02
9.711718915207828218e+01
1.167774571919765378e+02
1.281431699945785851e+02
1.187826066430356349e+02
1.079325630053242122e+02
9.581382740441405588e+01
9.159088810112483259e+01
1.112258244106438383e+02
1.182160015290317716e+02
1.096655773411897883e+02
1.194642300834023132e+02
8.796809188866427576e+01
1.092169213584537744e+02
1.072917853397074026e+02
1.183003704598567651e+02
1.145303356156337173e+02
1.122933597012476667e+02
1.054889441908714218e+02
9.470599996016160560e+01
1.096082977580891509e+02
1.042414204663026709e+02
8.570232688431403290e+01
1.082721545289368237e+02
1.093590721371417942e+02
1.249365915709138335e+02
1.161952009048000747e+02
1.049058121617193677e+02
1.185232571395055032e+02
8.986514239685992322e+01
8.650442299326763873e+01
1.076041726655894877e+02
1.444465640512451046e+02
1.296063200202071357e+02
9.786107107313482345e+01
1.122091810751104504e+02
8.825075526037713303e+01
1.166430304654464294e+02
9.672848665524858802e+01
1.215238628616238117e+02
1.184655415030414787e+02
1.131494584391239187e+02
1.055026855755099859e+02
1.302355569475452057e+02
1.091628602392284932e+02
1.065594199007130527e+02
1.186396464391247321e+02
8.714077009992739420e+01
9.219773517254215278e+01
1.085767841303369750e+02
1.124512640856470114e+02
1.053395536562698709e+02
1.158919673898224829e+02
1.189607482010715671e+02
1.116541054162242546e+02
1.068876299132659256e+02
8.925510059203872970e+01
1.188564069382306059e+02
1.062779501730512521e+02
1.199731260554180210e+02
1.210553564540495586e+02
1.173589764064483489e+02
1.260428417643634589e+02
9.018956237237897255e+01
9.827416307480544333e+01
9.592153247609088851e+01
1.083742852464444155e+02
1.037803416262711949e+02
8.437168702263093678e+01
1.205862452250816688e+02
1.083567213676990093e+02
1.062976594768661158e+02
9.873667486260822557e+01
1.031432625472793632e+02
1.205550108164891441e+02
1.393227896901607039e+02
1.162769209317117429e+02
9.563775562107542783e+01
1.027829913204684971e+02
1.149471870735553551e+02
1.095906627936831939e+02
1.002560517573010515e+02
1.066787989968078989e+02
1.200162871302884042e+02
1.122865620092309484e+02
9.968431650660392052e+01
1.164618705350941781e+02
1.114353115336894717e+02
1.030358166579824228e+02
1.073763418741566085e+02
1.068971180980266951e+02
1.180117489110758271e+02
1.090440008952330828e+02
9.092662020430881853e+01
1.218045785611334679e+02
1.087413480947577256e+02
1.039133143448777474e+02
1.026104187858145167e+02
1.215153259544338340e+02
1.016102963475298964e+02
1.232683126627649131e+02
1.198921828701806049e+02
9.937627376720143957e+01
1.109241297818113168e+02
9.990619744295247528e+01
1.017330477816057623e+02
1.070550067490079584e+02
1.219515282282645217e+02
1.217678075980606991e+02
9.419961379150217340e+01
1.105806837186290608e+02
1.057632643859151216e+02
1.043773657745470587e+02
1.091848305573963813e+02
1.072657713992080488e+02
1.140606212493047593e+02
1.153454688780449686e+02
1.033844804194572902e+02
1.185231767866382455e+02
1.022585656159684646e+02
1.186479646360088225e+02
1.009112509144961507e+02
1.105731436918542414e+02
1.112023378838183163e+02
8.313437567357676983e+01
1.116430636493459616e+02
1.010159814666991025e+02
1.096414458215860606e+02
1.368787705031118094e+02
1.036189308310295161e+02
1.010080989439200323e+02
1.039949769804822211e+02
1.300480593379763263e+02
1.139583321151704922e+02
9.284658497999113536e+01
1.135572320363451695e+02
1.210564039296994139e+02
1.082240434666360329e+02
1.249980369889869678e+02
1.052658186539332519e+02
9.622498329427365604e+01
9.742223481354803027e+01
1.103240842113315665e+02
1.112805679295405952e+02
1.143418638681205834e+02
1.349680895998854169e+02
8.600548501224791664e+01
1.049594390818577949e+02
9.273507778020254477e+01
1.185186495298086697e+02
1.057416628275452126e+02
1.095571812174026860e+02
1.077736969903614437e+02
1.048119465891601862e+02
1.226847651054609685e+02
9.703503436355131839e+01
1.134211818333698005e+02
1.112237647745196512e+02
1.009318202176113601e+02
1.057814630421061821e+02
1.262384780139680203e+02
1.176455759170670348e+02
9.970234231198192276e+01
1.072985756305236436e+02
1.226408302905666545e+02
1.288768705689477372e+02
1.079767436362569129e+02
8.428545889775969613e+01
1.019209306164858759e+02
1.210114290900444587e+02
9.637440899820056472e+01
1.348821446509517443e+02
1.116692666941527676e+02
1.259640062892115679e+02
9.197800599796201482e+01
1.151062438460718198e+02
9.854055718127514751e+01
1.056037520264366663e+02
1.185416305673902571e+02
1.060786312001395260e+02
1.123226072550316417e+02
1.143509876397908016e+02
1.301225226750740660e+02
1.130932800256174033e+02
1.039303424347326370e+02
8.320879796065446499e+01
1.154004743828041200e+02
1.081729143721527464e+02
1.156803118779053108e+02
1.018699643854068597e+02
1.148253199332761625e+02
1.290051334953267883e+02
8.852925225416335309e+01
1.063167528705710083e+02
1.233553493739549509e+02
8.838197589397039167e+01
1.162163336811803589e+02
1.308951537512245977e+02
1.009286891031936904e+02
9.501943326239793919e+01
1.066818684965375041e+02
1.203045000017188073e+02
1.009810194907066432e+02
1.222983727524856334e+02
9.513633087384349096e+01
1.039507767763873858e+02
1.060428006823744624e+02
1.125946299044341430e+02
1.162143661040487501e+02
7.756590948791584594e+01
9.699441550487981090e+01
1.283820360570106232e+02
1.013348905519015233e+02
1.000630919507649281e+02
1.329928415854377306e+02
1.028870432059767381e+02
9.350371124098930409e+01
9.837460017800412970e+01
1.067981798567825820e+02
1.185590606537783032e+02
1.286613970805265410e+02
1.050653091791394473e+02
1.125627751347695238e+02
1.091645386610175876e+02
1.117778751013088083e+02
9.105735588635516820e+01
1.238947989983370235e+02
9.893913290562360885e+01
1.142834110398701029e+02
1.310151793973292058e+02
1.037637363384391307e+02
1.090696233542151674e+02
9.733190330689276948e+01
1.023261711965349576e+02
1.272681765071583158e+02
1.085442653823978247e+02
1.112706764184023172e+02
8.214181802378240604e+01
1.151787789062393017e+02
1.083201686897484279e+02
1.235514820396214191e+02
1.229752362511361099e+02
7.971734221968870315e+01
1.057066619132660179e+02
1.064520418085057969e+02
1.283623419055662680e+02
1.041279022686870377e+02
1.050746951723358649e+02
1.009758287005493571e+02
1.074269767564615421e+02
1.101073489373876413e+02
1.145200056675260925e+02
1.231719840145752158e+02
9.675845660351777155e+01
1.092880040361884681e+02
1.192953239347067438e+02
9.161500283467347572e+01
1.066803262630752442e+02
1.065162711505224138e+02
1.012172073002835901e+02
1.260941397072500649e+02
9.758278083872022535e+01
1.159056697881949560e+02
1.265181146714414950e+02
1.125000681332826389e+02
1.029037341038141165e+02
9.284670285375935350e+01
1.168213263343155006e+02
1.027286450198142091e+02
1.025609046816274201e+02
1.029621700226697101e+02
1.336942036031659597e+02
1.046091279383195030e+02
1.022571679583562769e+02
1.076963330776887204e+02
1.216939547794724064e+02
9.637905273546888907e+01
1.252918795866751367e+02
1.096367116062178866e+02
1.033453039217678224e+02
9.591196961407219135e+01
1.006836474371661581e+02
1.094812998312874299e+02
1.429464103062285005e+02
9.600498068403933871e+01
1.062559052215699609e+02
9.265782904219875604e+01
1.305646193883851538e+02
9.998466710341317309e+01
9.434044479325004318e+01
1.089742310962506053e+02
1.102075185995353621e+02
1.115362675178770786e+02
1.247432870802144294e+02
9.572027062072014303e+01
1.179209376453968474e+02
9.612907354115502301e+01
1.072411982838950451e+02
1.111282326628510191e+02
9.837384688970082891e+01
1.165876251317628487e+02
1.007939544103143987e+02
1.106334198824042119e+02
1.133252826152844506e+02
1.156432040525848066e+02
1.209017933892699688e+02
9.400648673029606073e+01
9.532082238874366453e+01
1.199750930643267282e+02
1.043956862440086582e+02
1.034575407909165108e+02
1.077410503408274280e+02
1.132831145069469159e+02
1.070375169887704203e+02
9.391589303088036900e+01
1.008409621092088599e+02
1.161022157703596207e+02
1.251788906955628704e+02
1.072035870199741652e+02
1.123993224097557544e+02
1.065265577583448504e+02
1.143691863607132149e+02
1.052066387620421466e+02
1.161787998942564428e+02
1.030248518659437735e+02
1.104049704821754005e+02
1.096578989449189265e+02
1.130548860287291859e+02
1.162727102715011256e+02
1.087703678259977522e+02
1.011552043559226348e+02
1.071116988366866423e+02
9.252602609997975946e+01
1.172741351924182425e+02
1.227650235164044403e+02
9.611479371773602054e+01
1.001572518494736812e+02
1.164250062024547816e+02
1.057177721795358565e+02
1.175983997481084344e+02
9.722639887721327057e+01
1.054292066176685267e+02
1.034185000690253275e+02
1.254098415305263927e+02
1.206794090587138299e+02
1.070604364892596863e+02
1.088087119285956277e+02
1.137016901500864918e+02
1.000218086697279318e+02
1.052578487621425580e+02
1.057307702180181224e+02
9.780182510350137193e+01
1.148649686264512439e+02
1.412736344813652352e+02
9.525681734520104271e+01
1.022570874834505474e+02
9.920799377686492448e+01
1.032416607996544968e+02
1.170880122325507813e+02
1.062166814857343553e+02
1.164503822788552725e+02
1.128692043513288752e+02
1.387401591378468027e+02
1.026121175278010753e+02
1.020415267170431406e+02
1.075406403045531079e+02
9.847890957840286319e+01
1.021111657707350133e+02
1.022659846605804006e+02
1.114368956272537758e+02
1.162614132302705343e+02
9.675169157046559576e+01
1.262421966314428943e+02
1.019142927684521993e+02
1.302918554506050839e+02
9.282369199409922089e+01
1.256488150816276743e+02
1.155917689270869602e+02
9.126435889671120094e+01
9.839468568159486495e+01
1.087304871804367110e+02
1.180119887850605949e+02
1.263345108656698130e+02
1.139603272227675035e+02
8.866935153396052272e+01
1.015221116938155745e+02
1.253759256077307782e+02
9.627669136155965646e+01
1.285491628998181284e+02
1.067352042544249713e+02
1.150292560336809089e+02
9.762810585673517494e+01
1.258056951551341314e+02
9.486752262902324162e+01
1.114351706920067073e+02
9.727906830635133417e+01
1.059999465427190444e+02
1.310667937197949584e+02
1.151144663934822603e+02
1.084271454140656346e+02
1.109051123307737043e+02
1.072547831548313297e+02
1.124249302203432421e+02
1.016922511022439011e+02
1.014470034422689366e+02
1.424274289357091732e+02
9.568162255701180641e+01
1.112996963863484723e+02
1.002924682884581102e+02
9.608085208302388480e+01
1.157459844476004776e+02
9.759062929621613591e+01
1.085842986655945168e+02
1.163792991021596634e+02
1.209090876104613983e+02
9.322653118317201404e+01
1.054732811177274527e+02
1.061744212283873168e+02
1.118631811497330233e+02
1.228792567168922716e+02
1.086970208859675608e+02
1.017564628273376712e+02
1.146041898381709814e+02
1.065798828279588264e+02
1.079211090101885588e+02
1.232941659544743516e+02
9.817694350889092902e+01
1.045004186812005571e+02
9.967226125268061310e+01
9.699143226963951747e+01
1.151239160640250248e+02
1.090062771521620562e+02
1.198645576657027760e+02
1.131364960752119373e+02
1.081084225964572596e+02
1.049217653929017047e+02
9.908526479287583300e+01
1.208275003690673941e+02
1.124219995331459074e+02
1.089550226815747749e+02
1.077792990165796994e+02
1.103500118181249832e+02
1.107391604061626538e+02
1.085407983950406532e+02
1.072087551110499533e+02
1.120538293629028601e+02
1.174320098919286295e+02
9.951548528959804685e+01
1.053725591809760118e+02
1.181214166596899986e+02
1.071377221837689575e+02
1.083328524610465280e+02
9.592328354107267785e+01
1.144167621598240601e+02
1.092468496743727684e+02
1.300707609589219373e+02
8.449168869006240357e+01
1.177992878728983470e+02
9.939882125528762913e+01
1.065520103469977613e+02
9.593679257481450406e+01
1.017920656774614940e+02
1.299876630232954255e+02
1.187650720126511459e+02
1.197974155325419332e+02
1.196563994841823302e+02
1.010502697092121309e+02
8.571804334269626224e+01
1.211883443203005442e+02
1.100182622062822730e+02
1.324479345527948908e+02
8.404498854969521915e+01
1.133359231505449571e+02
1.050994591440973522e+02
1.024075784032956733e+02
1.194681279494821808e+02
1.141313408777046732e+02
1.162986255677958241e+02
1.053925629734964247e+02
1.029685463724380554e+02
1.043138799983569527e+02
1.133133349829562349e+02
9.784176213788747134e+01
1.108960072543018498e+02
1.292939179572935586e+02
1.099403040148800557e+02
9.277556585387694099e+01
1.114779731008046042e+02
9.008316725597315155e+01
1.027736059911471784e+02
1.247515254879684790e+02
1.079900637210954670e+02
1.006740119643539373e+02
1.045838804673218760e+02
1.228369760208560137e+02
9.950859571845738571e+01
1.197452871969490076e+02
1.325432696529360896e+02
1.070597965529172342e+02
1.116322002747486266e+02
9.582473371606803880e+01
9.769868599976048529e+01
1.102805154776658298e+02
1.034112290860938970e+02
9.692630244504076131e+01
1.306448741775934081e+02
1.267972408345786448e+02
1.110619045470317587e+02
8.982772577291264327e+01
1.038733802366387238e+02
1.123819085916073419e+02
1.022777633675186024e+02
1.049367593386985931e+02
1.035906483407941607e+02
1.273592021789993680e+02
1.150047165210218907e+02
1.087586339141483620e+02
1.146027583560682501e+02
9.583871918992593919e+01
1.116245021247769245e+02
1.092359372523319365e+02
8.459477183429365255e+01
1.136328151479846866e+02
1.240328943421540373e+02
1.106893755196933995e+02
1.074351597341675983e+02
1.121307861202974578e+02
1.213396975421993176e+02
1.215739152675422901e+02
9.689233492295512917e+01
1.117191361741792264e+02
8.962416155354814862e+01
1.065242805495311842e+02
1.072738071935695388e+02
1.141711140229728159e+02
1.095385172337890651e+02
1.107798562018552246e+02
1.027656921716401399e+02
1.116217305282239494e+02
1.074018907456021452e+02
1.076409046811559733e+02
1.051364792477068733e+02
1.093175213634184360e+02
1.150798824781615508e+02
1.175931305315581170e+02
1.013033886229561489e+02
9.692900296099674051e+01
1.039856242651510883e+02
1.311515852613102311e+02
1.296335557214376308e+02
1.224755162763643739e+02
9.210171154231794333e+01
9.403410407168050256e+01
1.094952406124505586e+02
1.079606959246340097e+02
1.061128711098668163e+02
9.320498724552631131e+01
1.317539958068725809e+02
1.090167811978638213e+02
1.030095673717391804e+02
1.016884317747559550e+02
1.084233649981994034e+02
9.521520538471558837e+01
1.375799067511284477e+02
1.211387004242893539e+02
9.604503902676526650e+01
1.204161560039020173e+02
1.082508552720920392e+02
1.050260650918557559e+02
1.034753920255992057e+02
1.064936161069243639e+02
1.133405077866022737e+02
1.048764351046160925e+02
1.237018445346648292e+02
1.008968465383539126e+02
1.052681131506813443e+02
1.316134333555732496e+02
8.584433905329292713e+01
8.811084481940709168e+01
1.021112740970692556e+02
1.201213484314235558e+02
1.272030190535639349e+02
1.034776370244546371e+02
1.146819584493965039e+02
1.220252485042925770e+02
1.065787556383300085e+02
1.215287901586883521e+02
1.043651733560632806e+02
1.177156527590095152e+02
9.292273446932750858e+01
1.091755955732101171e+02
1.031637872356118351e+02
8.125321573047789059e+01
1.045329630346054017e+02
1.155753277265563241e+02
1.135189433495293230e+02
1.275714687574724167e+02
1.101208877778048389e+02
1.160821206792797540e+02
9.505758607910190960e+01
1.106010894918063059e+02
1.171524609439800315e+02
1.072591917169608990e+02
8.752721031577704025e+01
9.554229596657266654e+01
1.095429949019445814e+02
1.371145981445249049e+02
1.130996468253666194e+02
1.060559372744573636e+02
1.332075948406723569e+02
1.010435989915054762e+02
9.178325838524840208e+01
9.930337307488574083e+01
1.226032223386572468e+02
1.115573605207165997e+02
1.237239836273693356e+02
1.063184722630891486e+02
9.226315572799377662e+01
1.216161902687696141e+02
9.433096147468161519e+01
1.122479125662991351e+02
1.082248533592116360e+02
1.072574236773660061e+02
9.287279743483799166e+01
1.287702197958065540e+02
8.917699975844023186e+01
1.244442533291814783e+02
1.001619975956371462e+02
1.194322044078936358e+02
1.192058185515076332e+02
1.199928500226586152e+02
1.010721674245431814e+02
9.668253746102733714e+01
1.102404216794126484e+02
1.272379659538723899e+02
1.031775268812003077e+02
1.008767971967332926e+02
1.109301535261956104e+02
1.039593567017396225e+02
1.076039934771030318e+02
1.022406561323140295e+02
1.037105694209025870e+02
1.155055254573307906e+02
1.059709803468015110e+02
1.204496975114142714e+02
1.277190509976846897e+02
8.439568103908662522e+01
1.100515535692644420e+02
9.623318395822683158e+01
1.039174562980845735e+02
1.377828376636036580e+02
1.088627351896111577e+02
1.245183006777646852e+02
9.977136432045033132e+01
1.211095046512270130e+02
1.027174713139707620e+02
9.176774797216995694e+01
1.023372565502650104e+02
1.232805954361549396e+02
1.029002934058949137e+02
1.041360434704243545e+02
1.083594171950261114e+02
1.145680725513533957e+02
1.050429227307076872e+02
1.134737764945302843e+02
9.206827960062497596e+01
1.141071905974502414e+02
9.082119135029540757e+01
1.360985007191946181e+02
9.354435331220422256e+01
1.226758214608334043e+02
9.689233036053674653e+01
1.127496814000814140e+02
1.195983988463408565e+02
1.103666764760711203e+02
9.916063594384030466e+01
1.297624691895341584e+02
1.238719504844423938e+02
9.710840780006078887e+01
9.928038031252626183e+01
1.202814388240150123e+02
1.066163744055970994e+02
9.791364102704605443e+01
1.060714607206121372e+02
1.033347358439058894e+02
1.145050672569208388e+02
1.259223059797849942e+02
1.081724753661173821e+02
1.162151025180113351e+02
1.181925099055711144e+02
9.330859954492088093e+01
1.141839217524955501e+02
1.042038530690207097e+02
1.158037369255955156e+02
9.913184998211225718e+01
9.696043657950704642e+01
1.055041697911218819e+02
1.331929203232453176e+02
1.008100828538012479e+02
1.174612197937413640e+02
9.899233540940079479e+01
1.202566237596593908e+02
1.107807185915257122e+02
1.073810721010081011e+02
9.981991723509608505e+01
1.167612061001200630e+02
1.125656357827219978e+02
1.141897631375967563e+02
1.056637462141112422e+02
1.059285608000380421e+02
1.218322248722115688e+02
9.583136134435346776e+01
1.118218764095564381e+02
1.124413736909219494e+02
1.063787361954922517e+02
1.100012115076370236e+02
1.041261449790409017e+02
1.122174779954488741e+02
1.225770681089313427e+02
9.730645960325342969e+01
8.599800809840198212e+01
1.345346633009845903e+02
1.068773553448159959e+02
1.114792682655853326e+02
1.234186879990791539e+02
1.032152758002957569e+02
9.740449705433738359e+01
1.206908918595408409e+02
1.016775472508172129e+02
1.158201179851138392e+02
1.018593971044941782e+02
1.158984394089494572e+02
1.209727620289714025e+02
1.185262516908261574e+02
9.909320745348415471e+01
1.003027622172370315e+02
1.037963184154209557e+02
1.129981317702811907e+02
1.269363291839109706e+02
1.062371997716607552e+02
1.219984182343056602e+02
1.034192103815188375e+02
1.056408977761805090e+02
1.104363653295988286e+02
1.089064932492230753e+02
1.025367230379586942e+02
1.081331730172104528e+02
1.187364458914174747e+02
9.216896817480366622e+01
1.083128756092166469e+02
1.217504706226963549e+02
1.148844988700664800e+02
1.272498164830288943e+02
9.851828673633548306e+01
1.101942740608049576e+02
1.084565218811067666e+02
1.067736184848304646e+02
1.063766907067121963e+02
1.278375418896167446e+02
9.507059806471006880e+01
1.132395928623396628e+02
1.086390007943700340e+02
1.059180697503750537e+02
1.138647847745345274e+02
1.121095172748068478e+02
1.022289356792633441e+02
1.181996278702807786e+02
1.074463109848000073e+02
1.021033966062801568e+02
1.073771096229234843e+02
1.106215119220077838e+02
1.109925782995176462e+02
1.160765525665860594e+02
1.158023008990057718e+02
9.548655482771887648e+01
1.188255214042439576e+02
9.051163325617083899e+01
1.142737399732932886e+02
9.939573998553936462e+01
1.143155450886866760e+02
1.052842461072830531e+02
1.122823452314781321e+02
1.111820085335617136e+02
1.133755294149064099e+02
1.126091839764143288e+02
1.127026905288395255e+02
1.054418054830868101e+02
1.053703264459056754e+02
1.099767654790159668e+02
1.083184622869722205e+02
1.102511807447480123e+02
1.255389052670548153e+02
9.678300273720584812e+01
1.183096354640691317e+02
1.130928503725352101e+02
1.018771589409063125e+02
1.127450012201464773e+02
9.284786525713610672e+01
1.159525602270692701e+02
1.041595552125940145e+02
9.907182464588692028e+01
1.211592557921790529e+02
1.306305063277734746e+02
9.764304091282430420e+01
1.065387617070922914e+02
1.234130162853884940e+02
9.925018106508153437e+01
8.914945837606529722e+01
1.202460240275102308e+02
1.180343653695045276e+02
1.004456452288209647e+02
1.316566290420870473e+02
1.011140144420229632e+02
1.139941310281474074e+02
8.908413801727897408e+01
1.050561554842059167e+02
1.119205600159989444e+02
1.098554850770202762e+02
1.028457961083276899e+02
1.260528023523487775e+02
1.233003460566327050e+02
9.424518610507189464e+01
1.023682403046307172e+02
1.071563384878548391e+02
1.205993809228053664e+02
1.061737452700172213e+02
1.040633488425590656e+02
1.203703396831604095e+02
9.936657646699593727e+01
1.166525916288971416e+02
1.128521225997022412e+02
1.057662729894274918e+02
1.100041144663383790e+02
1.036203391079891389e+02
1.069762464678160399e+02
1.049984695165834978e+02
1.070216112135275353e+02
1.116243860074108625e+02
1.079406698723171161e+02
1.201028671916131287e+02
1.045127260662110587e+02
1.003048735853683411e+02
9.930648823828063598e+01
1.080805569708254410e+02
9.638097437119401434e+01
1.367582478334337281e+02
1.100342785488790440e+02
1.095200564274581581e+02
1.173111265894432762e+02
1.148749016655547734e+02
8.708716452736172187e+01
9.924978789506408816e+01
1.213974116084297066e+02
1.162930144418805014e+02
1.058982037790842128e+02
1.275919952027054336e+02
1.024429073881528183e+02
9.962747159825465815e+01
1.016724296214651702e+02
9.759098022200147682e+01
1.059243056500483249e+02
1.151165198479258720e+02
1.203772274544092227e+02
1.105664697380315999e+02
1.072840085532068457e+02
1.081915603060722901e+02
1.093534624151444916e+02
1.151193722528146282e+02
1.023112926296999916e+02
1.082432552821839948e+02
1.127406548877104484e+02
1.144737904738473731e+02
1.039980147455351442e+02
1.035732210636284378e+02
1.168427317749988390e+02
1.071629824159805793e+02
1.099999020656623401e+02
1.003150244358950260e+02
1.021983839136602512e+02
1.181450948192509145e+02
1.239937985146598862e+02
1.047704165783626280e+02
1.082303517576560949e+02
1.044817817975180390e+02
1.176612019449527935e+02
1.022994772019613521e+02
1.076483996878330345e+02
1.096018492393935873e+02
1.145480755201487568e+02
1.112882528016165793e+02
1.153053586769587469e+02
1.036217770514707865e+02
1.050848453643657194e+02
1.135544832067079000e+02
1.082153354178081059e+02
1.181044208171916949e+02
8.956798882299938214e+01
1.233844539235057169e+02
1.231783313260013699e+02
9.754163968021399000e+01
1.067868163109124140e+02
8.800193043908006985e+01
1.378842954712984294e+02
1.153299384227654230e+02
1.119850861119121106e+02
1.134543025651880725e+02
9.102327903089081929e+01
9.339276123692532394e+01
1.479921230593673158e+02
1.034927943685491130e+02
1.094986043680955703e+02
1.049326639803921211e+02
9.217755959921467479e+01
1.217685701089487793e+02
1.051559623517992748e+02
1.048990372911502362e+02
1.013611262810440223e+02
1.096625309004569147e+02
1.143021344272152788e+02
1.082968788783608431e+02
1.413739862533289227e+02
9.643515498540430997e+01
1.027436734326891212e+02
1.058037375879316073e+02
9.666381559092566533e+01
9.508046989784271830e+01
1.186571187064455017e+02
1.306328867597976569e+02
9.870320855691586814e+01
1.081249199921947195e+02
1.005173027834061799e+02
1.330063519539830850e+02
9.428819847127168430e+01
1.121198268960218911e+02
1.356338205882848627e+02
1.010424808281452727e+02
1.058507071712001988e+02
1.023905229762341236e+02
1.058069253583570060e+02
1.168514403107254367e+02
1.093254655635007566e+02
1.086953948628391942e+02
1.082927288108248121e+02
1.076057476933745392e+02
1.145370164848583414e+02
1.070998193694351386e+02
1.295064519753033494e+02
1.241929771092213741e+02
1.074392243916359604e+02
8.863361056253130243e+01
9.745312101351466083e+01
1.286845969772334968e+02
1.095675482491819537e+02
1.110999169571587970e+02
1.280885134752471686e+02
1.090506095808857907e+02
8.827657539154189692e+01
1.167879345324099063e+02
1.028538793162658180e+02
1.086894032612001837e+02
1.205661434744263687e+02
1.103332128935639673e+02
1.023401318012039951e+02
1.087217209288301945e+02
1.055104222071066573e+02
1.206040846466009668e+02
1.038471458050719747e+02
9.111529651557184195e+01
9.012052925063710518e+01
9.891146486241372315e+01
1.555066859515066255e+02
1.048782787311342730e+02
1.024524447355112784e+02
1.213432397362761321e+02
1.000459403913240379e+02
1.251324135127794079e+02
9.732813754002069118e+01
1.062530540715288652e+02
1.011686482707077204e+02
1.113973794878082231e+02
1.308861819646893139e+02
1.004516698851624312e+02
1.063676553605248216e+02
1.122125102985523313e+02
9.649934303637543564e+01
1.096212950325087974e+02
9.710808461070863018e+01
1.038999552167999667e+02
1.172887339724701974e+02
1.156608619979831047e+02
1.122057436017555005e+02
1.101147212319421556e+02
1.041404272545838978e+02
9.547087854424061959e+01
1.065143569594323623e+02
1.091564607890052940e+02
7.730187183431115727e+01
1.027379823809862671e+02
8.843487609791597492e+01
1.410910367713756273e+02
1.204705702703895440e+02
1.118797030009014435e+02
1.141969364750792266e+02
1.180796336347185189e+02
1.104289142846410670e+02
1.083332692986848400e+02
9.233985258488698378e+01
1.111007496563328800e+02
1.029440081974797749e+02
1.395656637641777991e+02
1.118544965316373805e+02
9.092549243008464543e+01
1.351595910755743546e+02
1.161188506236137812e+02
9.464140197120784137e+01
1.095893171276798057e+02
1.101171122983565738e+02
1.249496101660383687e+02
9.568920356306774977e+01
1.141297722430863075e+02
1.036859584025282146e+02
1.038085345562911925e+02
1.067374088640509484e+02
1.028246699810114535e+02
1.066318536889513808e+02
1.335132314649945613e+02
8.739303439499406068e+01
1.173174243072137415e+02
1.147610114967479689e+02
1.322518908496225265e+02
1.107970646989517434e+02
1.028882653331809252e+02
1.178591103579734778e+02
1.154763675988758251e+02
1.008389492221098465e+02
1.141039697281854899e+02
1.050207115042181414e+02
1.123188180788632735e+02
1.074442246028628318e+02
1.064275495206264992e+02
9.592802018327611790e+01
1.185317316610498040e+02
1.156984382563672256e+02
1.360346127872636259e+02
9.135181835037020903e+01
9.016151452821361545e+01
1.192543848444383059e+02
1.105381744759683187e+02
1.026740924084573692e+02
1.176733856339703550e+02
1.141087473194453850e+02
1.098928499883970460e+02
1.057954001595132496e+02
1.070280488047891083e+02
1.063777558310459597e+02
1.019623708792123722e+02
1.232686020179787505e+02
1.113965208136754228e+02
1.277946410672770696e+02
1.216741829868434621e+02
9.600744096312655529e+01
1.159504725413744808e+02
1.065676805451688409e+02
1.210011364102588232e+02
9.462159464864764402e+01
1.133964001863845397e+02
9.952840929204376152e+01
9.781156294608283019e+01
1.139673926465886922e+02
8.515476339391118188e+01
1.213414308234499259e+02
1.215852530603253285e+02
1.095686514577572694e+02
9.223792763701257513e+01
1.080491600411301079e+02
8.363954729393186938e+01
1.190529635929750469e+02
1.146063489821825243e+02
1.241430720062003275e+02
1.031284764517301085e+02
9.965787732361390283e+01
1.048175359520637926e+02
1.110699162865044798e+02
1.123346139179407572e+02
1.227687553391397017e+02
9.457337798793436434e+01
1.165644625511555006e+02
1.136168353958089483e+02
1.230709201652463349e+02
1.065822992937586662e+02
1.025815227784975434e+02
1.001645627071491162e+02
1.093481188829709083e+02
9.687107227746372473e+01
1.097472926702469351e+02
1.100523340011684041e+02
1.267027804035923708e+02
9.799065755265695543e+01
1.069415263921023609e+02
1.164329856086462627e+02
9.951160699720949765e+01
1.279500689654966834e+02
1.055733816146470616e+02
1.115003741827088390e+02
1.034785738277039400e+02
1.036962398829364389e+02
1.259344928811832176e+02
1.020602877533246016e+02
1.082207594000304312e+02
1.155997723908651125e+02
1.104764288591575081e+02
1.145066381956625605e+02
1.132504678462657637e+02
1.015750363101082172e+02
1.059415333560081791e+02
9.614222963495498675e+01
1.225971179341350989e+02
1.154373758564045431e+02
1.165822621147537888e+02
1.180439396231812026e+02
9.730250900036995176e+01
1.025035238122995480e+02
1.232925667656718787e+02
1.018210321905883831e+02
1.125384173152619809e+02
1.025959939493978652e+02
1.213223470724705919e+02
1.120136477742218375e+02
1.021631339852080345e+02
1.117466041867960627e+02
1.064558853156786569e+02
1.140444639037939965e+02
9.898732996701652098e+01
9.203904283364360595e+01
1.346976236803191682e+02
9.835901779866065908e+01
1.110284887638912181e+02
1.207303634861101074e+02
1.133402852209941187e+02
1.012389522846724503e+02
9.463597673726320636e+01
1.258815366736753276e+02
1.020358945550344458e+02
1.129514255088283079e+02
1.016366415965915451e+02
1.155176365030461483e+02
1.080505798158545758e+02
9.835147651723048057e+01
1.274613141946437764e+02
9.883962562112020578e+01
1.019259722336288689e+02
1.186102269425216349e+02
1.096132943570268594e+02
1.020848733496878964e+02
1.118173448761114201e+02
1.164813219275301606e+02
1.004426276061075214e+02
1.166482936379916708e+02
1.240972185075906111e+02
1.003972639849236259e+02
1.024703973534183916e+02
1.054080167010410065e+02
1.047572688977458171e+02
1.212785845564710314e+02
9.963627172527451137e+01
1.381325493934044744e+02
1.065293200739338886e+02
8.778246538393625542e+01
1.153642828235676205e+02
1.071011650140824543e+02
1.088316928558368204e+02
1.034195887433161403e+02
1.071226008765848974e+02
1.290966378794583989e+02
9.794665206539617941e+01
1.089591684375111527e+02
1.064879575811653183e+02
1.124687838439918295e+02
1.156309202996673378e+02
1.303255350241256281e+02
9.915650353076169665e+01
9.082649297125841770e+01
1.251695270303880818e+02
1.018714427627954677e+02
1.202305908216823553e+02
9.873715793698605125e+01
1.024553756656193144e+02
1.043203579644010688e+02
1.089339640876355446e+02
1.095488722401005930e+02
9.749302594247670584e+01
1.170119033937993720e+02
1.139813816698095650e+02
1.080798991153937152e+02
8.489755486508876459e+01
8.279928632066855698e+01
1.197659121761664238e+02
1.249807215948598156e+02
1.107732810535929104e+02
1.218306985435870899e+02
1.122144400869502334e+02
1.164590600261290803e+02
1.231343063479119166e+02
1.057518261441379792e+02
9.509601265331478714e+01
1.010798901286631946e+02
1.097096977484787743e+02
1.023995199083465621e+02
1.062462116017776452e+02
1.012530797112236343e+02
1.155300885514701292e+02
1.207519547860297564e+02
1.469453271146166173e+02
1.068882193579128028e+02
9.630809557635608087e+01
9.743521385768264054e+01
9.378469058255429047e+01
1.139810930149678683e+02
9.866731245997924304e+01
1.000143472089834802e+02
1.285473125892361281e+02
1.073128459860825075e+02
1.084862362930835076e+02
1.117577516922808059e+02
1.218663449227365732e+02
1.054686633317773357e+02
1.155230429897995350e+02
1.067174971649549633e+02
1.095304148049337272e+02
9.317803442049927298e+01
1.224583637474983959e+02
9.061640452191970496e+01
1.060249833939220991e+02
1.120959944107956687e+02
1.172785290621113603e+02
1.039246045297796144e+02
1.183689329060720894e+02
1.036671257855030461e+02
1.260924941352508313e+02
9.132718480809181472e+01
1.024816333166916422e+02
1.092380802819155576e+02
9.464615731913919205e+01
1.290400727494404691e+02
8.615931458456131509e+01
1.017558843172503629e+02
1.042034908347432491e+02
1.336962341378998076e+02
9.603353858451129099e+01
1.038379345497697130e+02
1.145986903416963543e+02
9.818250004428000466e+01
1.124200683261092166e+02
1.265709805123113227e+02
1.284213522261391631e+02
1.002650019312651182e+02
9.140367153927275012e+01
1.061444139272542344e+02
1.247519649632348404e+02
1.009198161525972921e+02
