-5.432487591573766927e+00
-5.386464458549266254e+00
-5.317896564951493765e+00
-5.140233187165537565e+00
-5.462299386198101736e+00
-5.468465565466899214e+00
-5.504370773654408744e+00
-5.481546293352674404e+00
-5.502444319855165134e+00
-5.512222336931501765e+00
-5.513685267984358873e+00
-5.475797293661104348e+00
-5.122498611744195074e+00
-5.133378319064754614e+00
-5.118280342380274739e+00
-5.141917130114594059e+00
-5.140679562557426863e+00
-5.130657865587794575e+00
-5.098494329791026125e+00
-5.112437274299244550e+00
-5.158950361332982126e+00
-5.155749970614836641e+00
-5.122112153133984158e+00
-5.404554740539434299e+00
-5.431046659190492676e+00
-5.475525861636511671e+00
-5.513185532164690095e+00
-5.019241852659342307e+00
-5.411786374545997980e+00
-5.431701334575766538e+00
-5.364861285610543540e+00
-5.337340443159378722e+00
-5.393240117008842205e+00
-5.156258204084133823e+00
-5.425679210501421323e+00
-5.446455698352579589e+00
-5.414613501503061421e+00
-5.118670966909053988e+00
-5.515523058198117390e+00
-5.558643036666776283e+00
-5.732996776134179129e+00
-5.429618428972935007e+00
-5.534735332451838019e+00
-5.708242642935891453e+00
-5.529598278864471972e+00
-5.552252384312595268e+00
-5.485903690304992253e+00
-5.539183290222765343e+00
-5.574941710921749838e+00
-5.723935440248776985e+00
-5.490428693344479250e+00
-5.479242302126458242e+00
-5.547879693062535367e+00
-5.597274539080517641e+00
-5.445968307164488209e+00
-5.487273222627674585e+00
-5.512320289235787207e+00
-5.550133235495126272e+00
-5.590904300105134617e+00
-5.671875756759805931e+00
-5.671203097295606455e+00
-5.756332918957733469e+00
-5.754932178974097035e+00
-5.656409232752410254e+00
-5.652080492269278444e+00
-5.649195420306687865e+00
-5.642396603492464635e+00
-5.655485044450748511e+00
-5.679646660370375244e+00
-5.657383755757163790e+00
-5.683684570527725022e+00
-5.639727302013158194e+00
-5.696039601050740586e+00
-5.630169328666576156e+00
-5.661162383196391978e+00
-5.760281969390399048e+00
-5.651879893920950693e+00
-5.639278139167696047e+00
-5.649839419442956867e+00
-5.664056091435916152e+00
-5.652205381314312049e+00
-5.641994706839045470e+00
-5.645211233242092064e+00
-5.635442112376861878e+00
-5.643283989325833083e+00
-5.676383483032673816e+00
-5.654417768779265607e+00
-5.670021092355415959e+00
-5.663876063893810375e+00
-5.736364598893737288e+00
-5.721904228619532518e+00
-5.738935814559473769e+00
-5.661882115675785698e+00
-5.712833156175812555e+00
-5.706346984295963765e+00
-5.720096128552675019e+00
-5.709750156065323878e+00
-5.692862467536745186e+00
-5.511571217355560215e+00
-5.582402069639907261e+00
-5.539970700575955753e+00
-5.567024159008894024e+00
-5.511631308766476778e+00
-5.540849816490603708e+00
-5.517371704039426561e+00
-5.571929611133205285e+00
-5.642511102323629402e+00
-5.535532125468203724e+00
-5.492507629709776573e+00
-5.535574248992070956e+00
-5.551404270463011770e+00
-5.506232789193662214e+00
-5.491877511238457465e+00
-5.547174062665519045e+00
-5.491598550008315982e+00
-5.548282982086425896e+00
-5.534705107421450165e+00
-5.599321804032425298e+00
-5.554242861419524502e+00
-5.547999282184963299e+00
-5.525063516804888053e+00
-5.542543642079504451e+00
-4.723529454917846593e+00
-4.658514510340313386e+00
-4.616719611950948376e+00
-4.823630949810276292e+00
-4.777070554847345107e+00
-4.730403984237657511e+00
-5.060725731787430348e+00
-5.063790617528075799e+00
-5.030201196316610890e+00
-5.095731802278321787e+00
-4.683192859680753273e+00
-4.651962646154014891e+00
-4.581065016684122249e+00
-4.683359671864685936e+00
-4.762004066159582827e+00
-4.650994512033671313e+00
-4.648304261298597417e+00
-4.606836697204953701e+00
-4.616417384443296079e+00
-4.727033894702291406e+00
-4.620276393812457805e+00
-4.612531228975813136e+00
-4.627284399503121648e+00
-4.711997718866119733e+00
-4.700473748986247813e+00
-4.756556163120652769e+00
-5.495104458987127849e+00
-5.441517993023815336e+00
-5.376331901207837660e+00
-5.513016866366847069e+00
-5.677825566339676833e+00
-5.727684350912628730e+00
-5.607425874618095385e+00
-5.133594732988776776e+00
-5.206799928453572868e+00
-5.232720691830540005e+00
-5.765709069390493546e+00
-5.780909840925692045e+00
-5.787061930744564542e+00
-5.741697268347313532e+00
-5.776462467235586651e+00
-5.541404689119985960e+00
-5.517246604496566675e+00
-5.545750005154083340e+00
-5.526101044627249159e+00
-5.542680751732101285e+00
-5.676717901898296503e+00
-5.740610241417399173e+00
-5.288985124917219949e+00
-5.228504023415333712e+00
-5.273316133023863372e+00
-5.298794258547800062e+00
-5.324232523880274570e+00
-5.515584352425195291e+00
-5.287183864558087087e+00
-5.335062708458065295e+00
-5.345100517158456022e+00
-5.335902281076979392e+00
-5.333086078809657238e+00
-5.302389440040649937e+00
-5.315986818832168836e+00
-5.304336240415079118e+00
-5.311854722889219005e+00
-4.709727599027014655e+00
-4.723087477260349054e+00
-4.707035158039035494e+00
-4.707495495961876664e+00
-4.720179705219146982e+00
-4.705710437715072914e+00
-4.702917065584784950e+00
-4.712255838992897239e+00
-4.729976533902903846e+00
-4.710126997334369570e+00
-4.718098036992176780e+00
-4.681419965394711724e+00
-4.691323061596058608e+00
-4.695861066893320057e+00
-4.681461007218546300e+00
-4.692380639935238129e+00
-4.679357864654582144e+00
-4.673634650647661815e+00
-4.690050084555170251e+00
-5.189841926090741353e+00
-5.140217607719433701e+00
-5.152758627111175826e+00
-5.142639806582097073e+00
-5.221162240113681463e+00
-5.164392616380818701e+00
-5.217885944669252041e+00
-5.213958407593725752e+00
-5.158248846062700288e+00
-5.378914364098809742e+00
-5.333847404549075577e+00
-5.320663984605110919e+00
-5.323544050500712999e+00
-5.272950206451370470e+00
-5.399906056474264027e+00
-5.387740353592993081e+00
-5.316129598855610539e+00
-5.296551277535107793e+00
-5.121074759474098848e+00
-5.270890775116811255e+00
-5.256682520017894156e+00
-5.350140593464717043e+00
-5.304253308435343151e+00
-4.891102238835731697e+00
-4.860928432932611898e+00
-4.853425372150238282e+00
-4.886622716469445571e+00
-4.851877963735924837e+00
-4.761622661928196720e+00
-4.630858963362563863e+00
-4.692144900548060882e+00
-4.878784784325865154e+00
-4.865664227558878174e+00
-4.950164815266451690e+00
-5.274240153226064542e+00
-4.911670569734596370e+00
-5.274169301919216402e+00
-5.279867003296331518e+00
-5.198539360945259702e+00
-5.167958880045448566e+00
-4.891833088150202791e+00
-5.201291735583790654e+00
-4.958930522924226203e+00
-5.339216582621196139e+00
-4.933285774009656066e+00
-4.887825456993517115e+00
-5.310242043513524024e+00
-4.926303564575021277e+00
-4.919544508058077525e+00
-4.949206866154563400e+00
-5.243612821053988071e+00
-5.224726807361722791e+00
-5.244891016956930940e+00
-5.216233725802261745e+00
-5.123941351708560354e+00
-5.226228435103884351e+00
-5.236243030018177258e+00
-5.222071881722033737e+00
-5.227095821209062798e+00
-5.108546919754398452e+00
-5.073166606801474465e+00
-5.145025207133458345e+00
-5.140081840590402074e+00
-5.148504637852628463e+00
-5.115240710665995394e+00
-5.255566194116759071e+00
-5.222820589373374567e+00
-5.098884694426253361e+00
-5.131752819806345123e+00
-5.110870666552173702e+00
-5.583256522315681813e+00
-5.579014912363906120e+00
-5.578097719410948230e+00
-5.564370674121763116e+00
-5.591726934854976960e+00
-5.597207977703385851e+00
-5.566859846383316324e+00
-5.581749299108007101e+00
-4.727381527461656852e+00
-4.771208060180557986e+00
-5.081776819159804504e+00
-4.697694483485980399e+00
-4.660686261446283396e+00
-4.722460888320025418e+00
-4.811242865002109959e+00
-4.689354786991495772e+00
-5.694945171357668201e+00
-5.653062758116805142e+00
-5.523025486193687605e+00
-5.571150123651164243e+00
-5.550570367209055611e+00
-5.531923255863357092e+00
-5.543245248818251980e+00
-5.619948078370002875e+00
-5.700172068987682472e+00
-5.678973873961218999e+00
-5.679335847715570651e+00
-5.638202987544747913e+00
-5.651009240904472541e+00
-5.641534915903153369e+00
-5.669455607249300755e+00
-4.744297697054554952e+00
-4.746173575059286165e+00
-4.719674548544189996e+00
-4.725770599278822814e+00
-4.734730731892140554e+00
-4.710881144639992968e+00
-4.724177912740110230e+00
-4.730989944941221381e+00
-4.765859474454145150e+00
-4.778222277157840203e+00
-4.789202437322225947e+00
-4.739033333032360851e+00
-4.792390769203854539e+00
-4.722804343391566739e+00
-4.724192649233796892e+00
-4.770585321081378893e+00
-4.693642984098195470e+00
-4.797772682446061587e+00
-4.837378284088851288e+00
-4.789895491445738784e+00
-4.798761635153840466e+00
-4.726059817530257945e+00
-4.767851633851369897e+00
-4.793081512654884691e+00
-4.789516674945183183e+00
-4.761591519714795773e+00
-4.783370588442082294e+00
-4.811722487481636890e+00
-4.814391085091526357e+00
-4.770466244237976383e+00
-4.810513219064122659e+00
-4.825410880095154731e+00
-4.786724720475356243e+00
-4.800736648426930486e+00
-4.816131965405115345e+00
-4.811841527975857957e+00
-4.837912088193009552e+00
-5.122501521800541191e+00
-5.122090436530391422e+00
-5.118312230419483022e+00
-5.110155894276616095e+00
-5.113395973792522753e+00
-5.126187809223472058e+00
-5.300361518275136241e+00
-5.295902627702465892e+00
-5.292120865334277724e+00
-5.291226241080601689e+00
-5.299529242065690759e+00
-5.299502735191916614e+00
-5.293926014902751831e+00
-5.293166349489327516e+00
-5.289165045083305650e+00
-5.290874006405810626e+00
