-5.445488824329591360e+00
-5.400690773477130335e+00
-5.333123819548781341e+00
-5.145624501899653147e+00
-5.471499246644586201e+00
-5.472339197916559428e+00
-5.512533808871024732e+00
-5.491650070091685265e+00
-5.507040559639280630e+00
-5.519243325149668422e+00
-5.514324083368886242e+00
-5.477363900885398706e+00
-5.125059511345813945e+00
-5.140178078952343910e+00
-5.124866255848720797e+00
-5.141458142957362476e+00
-5.159183968200995452e+00
-5.154523012298621865e+00
-5.137553675872536196e+00
-5.142323664735367394e+00
-5.166846102111315453e+00
-5.174772445015507927e+00
-5.144131933225192910e+00
-5.408732195897460571e+00
-5.440727332180891551e+00
-5.485022312144170797e+00
-5.521187557013340630e+00
-5.078810297293176568e+00
-5.420277659967342565e+00
-5.442482811031241319e+00
-5.376815790497876613e+00
-5.339477096679296153e+00
-5.398083894379414716e+00
-5.170103482309205134e+00
-5.438475164811649165e+00
-5.455518483616541126e+00
-5.423817623870637483e+00
-5.134049705963965593e+00
-5.508712905389314685e+00
-5.554703214701893543e+00
-5.727335080772823162e+00
-5.428983361551496856e+00
-5.528480894889688635e+00
-5.703781036161049478e+00
-5.526961866752790442e+00
-5.552070341235713080e+00
-5.484452156922714927e+00
-5.536422488815683884e+00
-5.572157485477740479e+00
-5.718571806547388725e+00
-5.487472546664145412e+00
-5.477220784841033030e+00
-5.545648233022569151e+00
-5.594116607090360738e+00
-5.455005128792850044e+00
-5.487966606900037903e+00
-5.505346839457955888e+00
-5.549774448279134020e+00
-5.587942912292565012e+00
-5.670080156403003002e+00
-5.659949658427628094e+00
-5.753690495217887779e+00
-5.751933048621727274e+00
-5.654126058930544652e+00
-5.649484429780781802e+00
-5.639911706293773364e+00
-5.640205643535073143e+00
-5.650756865568750342e+00
-5.675679305695245702e+00
-5.633579010073255233e+00
-5.676837135817678792e+00
-5.636707144752709731e+00
-5.686723602168078706e+00
-5.628709587043633888e+00
-5.657924453275023247e+00
-5.756249399003053213e+00
-5.649507253362147985e+00
-5.636231707541418778e+00
-5.644761463279804659e+00
-5.661183254592019765e+00
-5.644847796865811951e+00
-5.639671511612531773e+00
-5.642021151020317760e+00
-5.632970548398970045e+00
-5.640161712256574589e+00
-5.662272975216788851e+00
-5.648767338795032344e+00
-5.665323102501981012e+00
-5.657361702043902874e+00
-5.732155936410719299e+00
-5.718264223520838740e+00
-5.737024370989264987e+00
-5.659836055766270135e+00
-5.709553556208642355e+00
-5.703561574708325033e+00
-5.718261455850063513e+00
-5.707859825417616939e+00
-5.690677756615368565e+00
-5.520823689079202623e+00
-5.584832951024991665e+00
-5.543380064688430586e+00
-5.570587264511331682e+00
-5.519490740420988750e+00
-5.550359202909789680e+00
-5.521375914757225445e+00
-5.574549184884809883e+00
-5.638168414071636825e+00
-5.527201384378090054e+00
-5.483782127291578767e+00
-5.519510693302212445e+00
-5.538006100578370727e+00
-5.508323331826264102e+00
-5.489093988427008242e+00
-5.546083215529487020e+00
-5.494404610024217206e+00
-5.551996828249524008e+00
-5.541723520127221470e+00
-5.602620195489034671e+00
-5.557016578298353160e+00
-5.551686239754191732e+00
-5.525958797445466253e+00
-5.545694262272762742e+00
-4.745180534737457378e+00
-4.672603730662959975e+00
-4.615186691011587961e+00
-4.828506434465589692e+00
-4.795932679988575309e+00
-4.750832444980036762e+00
-5.069014027376528730e+00
-5.074828624943948263e+00
-5.047310178640538325e+00
-5.104636957869201908e+00
-4.682156623502273796e+00
-4.681542933778732873e+00
-4.616755723810375578e+00
-4.697136192590914305e+00
-4.776819717759774875e+00
-4.664913269879218838e+00
-4.651856418270710058e+00
-4.634180800947221179e+00
-4.631705931810603971e+00
-4.741603716852039518e+00
-4.640451594903314714e+00
-4.632207058992919180e+00
-4.612662366781785650e+00
-4.727609019034821003e+00
-4.718274851196002651e+00
-4.742386186844700369e+00
-5.508097554809321394e+00
-5.460102045877508914e+00
-5.400449265704225787e+00
-5.522494591435644473e+00
-5.673328068048304473e+00
-5.722852338967847174e+00
-5.605566228107641713e+00
-5.160792660355199679e+00
-5.227206664106948786e+00
-5.252040464612415249e+00
-5.760378208242484810e+00
-5.774669325951754750e+00
-5.781736834290112093e+00
-5.737884918077027052e+00
-5.770140680535823741e+00
-5.550384313988220519e+00
-5.526543056249746400e+00
-5.555824357650196887e+00
-5.535690075197381432e+00
-5.550123710480543870e+00
-5.671248592651802589e+00
-5.736904999986225384e+00
-5.305196598786491080e+00
-5.246546834745353216e+00
-5.288909488632004496e+00
-5.316610225498834552e+00
-5.346677653719807743e+00
-5.526963802754545796e+00
-5.315015957669789515e+00
-5.358739515383170726e+00
-5.369725453490705291e+00
-5.361341913231949086e+00
-5.356135451993182528e+00
-5.322417603358918115e+00
-5.336114996400995736e+00
-5.322190849897511455e+00
-5.332191850838428948e+00
-4.727261073153017357e+00
-4.742208369044761618e+00
-4.719353497931541241e+00
-4.731428619861665297e+00
-4.742276123171781599e+00
-4.739684396868398153e+00
-4.718482707942324161e+00
-4.735092982100931103e+00
-4.746886968390992223e+00
-4.730215823827720101e+00
-4.742544570180815100e+00
-4.707868510067839019e+00
-4.704017689048594519e+00
-4.721733502276433292e+00
-4.702383468074427419e+00
-4.714023934497926227e+00
-4.697160239557345740e+00
-4.694631687235666817e+00
-4.703180854479757755e+00
-5.212829270570910722e+00
-5.141101531192742158e+00
-5.156101564555983785e+00
-5.139861877939463142e+00
-5.176977725298407051e+00
-5.183072634220497577e+00
-5.200098719539663072e+00
-5.169151311223363798e+00
-5.178193808672931553e+00
-5.398297790375923277e+00
-5.352819066604495468e+00
-5.340219717536087707e+00
-5.340416579831307686e+00
-5.305578228033703603e+00
-5.411632992556158150e+00
-5.396904935686368532e+00
-5.336563830484273296e+00
-5.300126104915913849e+00
-5.112158863097754136e+00
-5.279797009187375600e+00
-5.252318047222646058e+00
-5.355467487126686521e+00
-5.314168869219491498e+00
-4.884016645771350973e+00
-4.850845469642589336e+00
-4.856663462613469484e+00
-4.871658911372874101e+00
-4.873943884619756695e+00
-4.774428810303700033e+00
-4.715142294128053635e+00
-4.727222031373045752e+00
-4.875957355744851895e+00
-4.870878148559404153e+00
-4.961242248918848574e+00
-5.276080859315694482e+00
-4.930859694050793607e+00
-5.287196481804922854e+00
-5.291115208741707931e+00
-5.218897385290495627e+00
-5.173664190774304394e+00
-4.919666876454833471e+00
-5.221518426579048189e+00
-4.966892754496335272e+00
-5.355471256607136077e+00
-4.956632849760308268e+00
-4.905486632835703631e+00
-5.326932927867727763e+00
-4.950555836258972775e+00
-4.941619599473521696e+00
-4.968778599319318090e+00
-5.267554087438536037e+00
-5.254521457571246223e+00
-5.269302441125185865e+00
-5.240629269708531268e+00
-5.150587007084061142e+00
-5.265943199778893913e+00
-5.265707427590270662e+00
-5.249852921351394031e+00
-5.260107116277400685e+00
-5.131800626632776918e+00
-5.083792365092869581e+00
-5.147532744883477562e+00
-5.145375049177562943e+00
-5.171479688836130073e+00
-5.136186049932422115e+00
-5.273414261664060909e+00
-5.250926061378723197e+00
-5.120798761434712354e+00
-5.151078062362878462e+00
-5.123705582894292121e+00
-5.557878437320148635e+00
-5.550599720891603361e+00
-5.574497677132993267e+00
-5.565791398601357187e+00
-5.571451602844073037e+00
-5.559115721956070288e+00
-5.537793751734167991e+00
-5.563627845764122171e+00
-4.747357039669562795e+00
-4.751090581620703190e+00
-5.093729364275735527e+00
-4.727243309771280266e+00
-4.668132810322411785e+00
-4.719541580220489863e+00
-4.600055294177774812e+00
-4.680945291522927931e+00
-5.674556037474031811e+00
-5.642990582368890173e+00
-5.520192151212842013e+00
-5.566735699123769976e+00
-5.545741398766788066e+00
-5.514813134616332491e+00
-5.543124805165160929e+00
-5.630060597005895673e+00
-5.689768970910173529e+00
-5.673792319060333433e+00
-5.674897086698315718e+00
-5.638598812804204385e+00
-5.653215992026410674e+00
-5.638788031589990091e+00
-5.639979205880677249e+00
-4.772086938884418039e+00
-4.770575066396624209e+00
-4.741515716912679146e+00
-4.744887578767649217e+00
-4.746652959841281216e+00
-4.730573394902049422e+00
-4.742784254297420787e+00
-4.751068611120198071e+00
-4.798171941273539076e+00
-4.800077499582054763e+00
-4.815580059718979733e+00
-4.785466665861692448e+00
-4.799464118271093760e+00
-4.741174347077661722e+00
-4.753372743935761591e+00
-4.837146973439959474e+00
-4.711743556017008672e+00
-4.832239509287605372e+00
-4.853926023100864739e+00
-4.818757577436176831e+00
-4.823912390488574786e+00
-4.764515054344055756e+00
-4.805391460614856669e+00
-4.811251168183272142e+00
-4.797436566098049582e+00
-4.786374582413992051e+00
-4.815158614677758742e+00
-4.831975423159510008e+00
-4.831654469488714021e+00
-4.817984517833092895e+00
-4.835162815302751049e+00
-4.842702957542630138e+00
-4.808072337936334151e+00
-4.820579808364275465e+00
-4.838541238014914647e+00
-4.838908796011240021e+00
-4.867420008258154240e+00
-5.076529457007053381e+00
-5.076800372756133939e+00
-5.069617822645251515e+00
-5.063269089188700001e+00
-5.068731816600220874e+00
-5.084618806168824889e+00
-5.304427334597857424e+00
-5.301824841938485910e+00
-5.298444607684160701e+00
-5.295219567111784542e+00
-5.301696166530557974e+00
-5.301123896231356269e+00
-5.298317790828865448e+00
-5.298951646284810302e+00
-5.294652231730053948e+00
-5.295145634043977090e+00
