-5.438323276259649397e+00
-5.391482277504587195e+00
-5.321195331227795755e+00
-5.138014521681899538e+00
-5.463010795880188120e+00
-5.466562519838030987e+00
-5.505006923931468954e+00
-5.482050550264489175e+00
-5.500229865957352082e+00
-5.513954706387552029e+00
-5.509237369119796668e+00
-5.471653770868612376e+00
-5.115196188486118345e+00
-5.130144557565991192e+00
-5.118903123506687969e+00
-5.132345888394990396e+00
-5.148485226025989903e+00
-5.142907999994604573e+00
-5.126808933033532689e+00
-5.132877730315655640e+00
-5.154297577987586365e+00
-5.162890505656203111e+00
-5.129864568444030937e+00
-5.397546615231899381e+00
-5.433517423539540481e+00
-5.477324180853781144e+00
-5.514233118466219885e+00
-5.059033053166555050e+00
-5.412289990444529408e+00
-5.435795606913425893e+00
-5.368696664058684398e+00
-5.328693252717550344e+00
-5.388358523205749151e+00
-5.159814857381713082e+00
-5.428931487617970397e+00
-5.446948681059123665e+00
-5.415957644943758531e+00
-5.124266843240911307e+00
-5.504195982212798377e+00
-5.552805292714815266e+00
-5.725710936774228266e+00
-5.423553582292377051e+00
-5.526428515452797896e+00
-5.701156124012772608e+00
-5.523352527769876730e+00
-5.549151113092757548e+00
-5.479220116482283132e+00
-5.533427674614551428e+00
-5.570062949804565733e+00
-5.716014723298981082e+00
-5.483978925843045360e+00
-5.472390174534417007e+00
-5.541578587696132097e+00
-5.592039894322840432e+00
-5.449251866028331115e+00
-5.482967866509542709e+00
-5.502527900703216623e+00
-5.546271131912191343e+00
-5.586536388746682569e+00
-5.666701616248402296e+00
-5.657031387988431526e+00
-5.752559415243410079e+00
-5.750411716006428975e+00
-5.652817124280529626e+00
-5.646663260011732355e+00
-5.634807055113463470e+00
-5.633504032939279149e+00
-5.646929355227469749e+00
-5.673342393773625147e+00
-5.629687460638624685e+00
-5.675258089719045884e+00
-5.631351469370481588e+00
-5.685575977544450765e+00
-5.623843857121570977e+00
-5.655177416565577708e+00
-5.755527025553353049e+00
-5.646416978647009977e+00
-5.633358769328133064e+00
-5.643626006874979062e+00
-5.657412431789553331e+00
-5.641185865592144744e+00
-5.636208967329761066e+00
-5.636412617260218916e+00
-5.628958125216523278e+00
-5.636792565484439521e+00
-5.659706069614961699e+00
-5.645593220771409015e+00
-5.662935380348245396e+00
-5.652378516296147737e+00
-5.733118976071587269e+00
-5.719672511460566433e+00
-5.738075803953442744e+00
-5.659881437231122803e+00
-5.708928564318026311e+00
-5.705880696528207174e+00
-5.717875357141592119e+00
-5.707414469058327278e+00
-5.690073857407943692e+00
-5.512124624582393828e+00
-5.581550808523507712e+00
-5.536111890332064078e+00
-5.565858563158227135e+00
-5.511124398614504649e+00
-5.547284072562500334e+00
-5.514350846504656900e+00
-5.570832062041743526e+00
-5.634341295678488848e+00
-5.521015755457273855e+00
-5.474153627836117586e+00
-5.514734581718928830e+00
-5.531955451941633406e+00
-5.502835787310281113e+00
-5.479864560028399723e+00
-5.540168971941096032e+00
-5.485572860744283297e+00
-5.544497333467099942e+00
-5.531828725513690870e+00
-5.598997173482242573e+00
-5.550641719823766529e+00
-5.545007684616696686e+00
-5.517141958012662606e+00
-5.538685779295301259e+00
-4.738572051695172149e+00
-4.657428904953778037e+00
-4.602304519058222354e+00
-4.826488911322362796e+00
-4.787086245400403506e+00
-4.743755171595370967e+00
-5.073545071983427412e+00
-5.079270005261665943e+00
-5.044951467938291856e+00
-5.107501750632490456e+00
-4.726376308849250307e+00
-4.716522056003572771e+00
-4.635940354870974112e+00
-4.684195218768445024e+00
-4.768415488038654892e+00
-4.661429118660866067e+00
-4.651587555928433204e+00
-4.637822296840028891e+00
-4.628654654965836279e+00
-4.730078985320514739e+00
-4.632909088480488435e+00
-4.614392660739802032e+00
-4.607583109933954368e+00
-4.720354190735574385e+00
-4.711010908644549744e+00
-4.743289271908736282e+00
-5.497141478890120503e+00
-5.448141015564644363e+00
-5.384237079142686788e+00
-5.515809365682732945e+00
-5.668258636325764321e+00
-5.719466969820732771e+00
-5.597453908554558488e+00
-5.151023547345662479e+00
-5.214373613979287114e+00
-5.235694434195997005e+00
-5.760266135602847726e+00
-5.775052950810854568e+00
-5.781922928823337138e+00
-5.737048326486831051e+00
-5.769191666577902389e+00
-5.543501484013280134e+00
-5.519413200767998795e+00
-5.548762049276238173e+00
-5.525458520494286319e+00
-5.544093600990315451e+00
-5.664734711399850298e+00
-5.735053562966524687e+00
-5.297892738851864181e+00
-5.232274616867757189e+00
-5.284891033424568008e+00
-5.311230965310304697e+00
-5.336125832064809948e+00
-5.516578771818084093e+00
-5.300047998952420514e+00
-5.340314663116556559e+00
-5.352291279857058548e+00
-5.345570188157707570e+00
-5.340300215222700153e+00
-5.308535361916225881e+00
-5.317737573795072059e+00
-5.307319697627439048e+00
-5.312896620607444831e+00
-4.720297638348242231e+00
-4.737274306322976969e+00
-4.715769780197860861e+00
-4.719864146998761889e+00
-4.731058138275208158e+00
-4.725860630251301764e+00
-4.708529658651117167e+00
-4.725561928313561921e+00
-4.734001698490188481e+00
-4.718432114377987929e+00
-4.734673522225268272e+00
-4.697585007992199024e+00
-4.701991181127420205e+00
-4.721051852801988247e+00
-4.698287573972887543e+00
-4.713126488009246273e+00
-4.696876630259469110e+00
-4.689143181733891552e+00
-4.699935316230996030e+00
-5.202632920836196995e+00
-5.140465904154698507e+00
-5.156032702931201861e+00
-5.138600322239310181e+00
-5.172346240710282039e+00
-5.174560553365211035e+00
-5.204997774037080305e+00
-5.172803152218164335e+00
-5.167338554861218292e+00
-5.385219524605305175e+00
-5.340660605673873462e+00
-5.325056139785651510e+00
-5.326747038912279741e+00
-5.285146332196116070e+00
-5.399115529028722271e+00
-5.386969114932550262e+00
-5.325036444568603144e+00
-5.297101771032727058e+00
-5.106817774719710989e+00
-5.262705532077050385e+00
-5.233747130345232534e+00
-5.345675459476842306e+00
-5.305934618082341458e+00
-4.883785037137395868e+00
-4.857298443889065176e+00
-4.858222425610440709e+00
-4.873235566948094011e+00
-4.873306069898460713e+00
-4.781657388858413960e+00
-4.725597533132638084e+00
-4.738904989991612915e+00
-4.881810060767917570e+00
-4.880784860696852689e+00
-4.952936113636225102e+00
-5.265690897527425918e+00
-4.918930686983347123e+00
-5.271324464446451863e+00
-5.278612674337203714e+00
-5.203296594534926101e+00
-5.160472002762001686e+00
-4.912310950386299169e+00
-5.201457559895120042e+00
-4.958807770324065167e+00
-5.342745670238580935e+00
-4.944418220320016211e+00
-4.896434521777006665e+00
-5.312766275732798249e+00
-4.937137166859615789e+00
-4.931408603537706270e+00
-4.956437511569081522e+00
-5.250049371401559029e+00
-5.237279112322280383e+00
-5.250066230582170590e+00
-5.224354991523527225e+00
-5.144195119658376392e+00
-5.250825035209317093e+00
-5.253000496792986418e+00
-5.233084210003508652e+00
-5.239012800946861503e+00
-5.119441776358375940e+00
-5.071517179054736424e+00
-5.145326277054866893e+00
-5.141037867965811969e+00
-5.156788104825771768e+00
-5.124186037460948917e+00
-5.258041296443796142e+00
-5.233129672050397474e+00
-5.111096813137420369e+00
-5.143168310176302604e+00
-5.111946434825217267e+00
-5.555323868618108563e+00
-5.552083308169740938e+00
-5.575248335838595359e+00
-5.562135214227751590e+00
-5.573250672687243501e+00
-5.559508165398461266e+00
-5.534191859106295297e+00
-5.564328597721526215e+00
-4.737221015650352030e+00
-4.746339184048277815e+00
-5.095471823966208902e+00
-4.715054868703702162e+00
-4.724749230422748525e+00
-4.765582793945412732e+00
-4.717944320707425199e+00
-4.733720131828946798e+00
-5.678115706060306245e+00
-5.647405712873908357e+00
-5.514071938661214034e+00
-5.563173226056315812e+00
-5.543590781627538711e+00
-5.510847985624680589e+00
-5.541781281879545773e+00
-5.623462558958344459e+00
-5.690827853170862483e+00
-5.672701850074801655e+00
-5.673779448766055111e+00
-5.636143157306097606e+00
-5.652503575394990598e+00
-5.636896379036362426e+00
-5.643139993078063910e+00
-4.755680638811158545e+00
-4.756481198288139645e+00
-4.732541888827671350e+00
-4.735837463428280714e+00
-4.737464234686479259e+00
-4.721433233370018634e+00
-4.729706332240485089e+00
-4.737166039099168557e+00
-4.782404534212813196e+00
-4.781230891024804919e+00
-4.799319828077740269e+00
-4.774728674588397226e+00
-4.781216682397921858e+00
-4.730811216483445492e+00
-4.745740769466079811e+00
-4.814888132068752213e+00
-4.703754372331184541e+00
-4.820325117098001932e+00
-4.846352402111629765e+00
-4.812024919743510765e+00
-4.808762704797849175e+00
-4.751646192425286408e+00
-4.779920464095906318e+00
-4.803221035483699275e+00
-4.788063869634495262e+00
-4.766120922104128965e+00
-4.797148287110711173e+00
-4.827605926891838095e+00
-4.814423294171465528e+00
-4.805024416376983076e+00
-4.816534205162777305e+00
-4.828861894246987418e+00
-4.803325126176758886e+00
-4.809437831389226758e+00
-4.824498181636340810e+00
-4.828157723705833959e+00
-4.845425309671900216e+00
-5.099903823123387525e+00
-5.104317828779353583e+00
-5.097316787126619175e+00
-5.092419748044095584e+00
-5.095355298183369186e+00
-5.104355683561425217e+00
-5.286294225814448744e+00
-5.281008279904401803e+00
-5.278407433466224319e+00
-5.275435720745905499e+00
-5.281254179394900383e+00
-5.283266348234111121e+00
-5.277076693339960656e+00
-5.279930199275566061e+00
-5.275425338997532521e+00
-5.277447942346851661e+00
