1.227310398477300453e+02
1.021826479741211955e+02
9.440239013234631216e+01
1.160472907993615621e+02
1.056170378229378883e+02
1.142449685932438115e+02
9.470397782009150944e+01
1.102751457421768748e+02
1.116591488777502832e+02
1.084416258276021949e+02
1.019805881108818824e+02
1.154051158023494139e+02
1.222280727479761424e+02
1.060753066393122026e+02
1.039465154327064056e+02
1.170576494199129485e+02
8.622633100439982456e+01
1.203021892661815713e+02
1.060355229478020931e+02
1.222441351837747305e+02
1.316102364639973530e+02
1.361758652936977114e+02
1.123042069512600420e+02
1.049596962888304290e+02
1.075692821733205449e+02
8.389697394439825473e+01
1.012716901615598601e+02
8.816501465506306090e+01
9.201122384839634094e+01
1.477114728561067523e+02
1.184613736155783386e+02
1.019734358750783514e+02
1.090486838848268007e+02
1.003272823628689423e+02
1.074278758032883303e+02
1.192410485152220048e+02
1.212337940498553053e+02
1.106820368695623245e+02
1.058238132602304944e+02
1.132796170434192504e+02
9.782569683558368467e+01
1.056359159936653356e+02
1.039591344997009088e+02
1.062122702617823222e+02
9.818210688108904094e+01
1.316752037544322604e+02
1.045774401133919866e+02
1.062191834048127106e+02
1.007300530948351138e+02
1.018186381181892131e+02
1.112287282283105867e+02
1.031819196889762509e+02
1.222005468457132338e+02
1.056119345202974529e+02
1.119031112956684808e+02
1.003346357433298408e+02
1.111580513929996812e+02
1.150588460640244932e+02
1.051831685662373417e+02
9.848503807955518141e+01
1.036479723834433884e+02
1.314646837463189968e+02
9.980482689231187976e+01
1.400704646449177346e+02
9.163771122729106366e+01
1.022976567841347020e+02
8.822274660150303305e+01
9.942231912086026568e+01
1.465520451281251439e+02
7.656077569895361989e+01
1.119607847058396715e+02
1.199507259075822532e+02
9.681908766471627814e+01
1.220669835491552533e+02
1.198917744307089208e+02
9.686995810661532857e+01
1.291013907865568058e+02
1.170093607731254224e+02
1.164078102516347286e+02
1.049901871461541845e+02
9.145663418163194081e+01
1.029890787523454208e+02
1.207884593747315591e+02
9.827452751678245590e+01
1.123529425918602271e+02
1.117877908876489244e+02
1.060491363609759077e+02
1.062187580498801651e+02
1.045180490419480321e+02
9.427076431363363440e+01
1.328501123104807391e+02
1.227139416375387100e+02
9.926224659100678593e+01
1.098288773420390072e+02
1.120356204807287384e+02
1.162536612318019422e+02
9.505758624251326694e+01
1.120066477669471539e+02
1.319074483812970584e+02
8.779755123458205901e+01
1.196240771994141880e+02
9.524542625187963552e+01
1.019503731433071607e+02
1.166270938655918599e+02
1.115867256940762076e+02
1.099392526099395582e+02
1.084131227672601341e+02
1.074878509119239283e+02
1.114869807588645614e+02
8.828475792502075592e+01
1.195377331453584588e+02
1.191543159007616453e+02
1.232499177479764398e+02
9.380382722265932216e+01
1.023261704372603020e+02
1.098246772900304933e+02
1.104051467634500909e+02
1.168098332805589052e+02
1.088234347979629177e+02
1.179233919939440227e+02
1.154081928113400579e+02
1.040057905937093921e+02
1.026287625491713129e+02
1.064067372792966637e+02
1.162462062731648160e+02
9.409352976966468418e+01
1.024154056334339913e+02
1.304890336313610248e+02
1.126786950272063308e+02
1.070541666711016831e+02
1.091982011254573450e+02
1.093081562101072990e+02
1.101411989895188981e+02
1.176346244214381755e+02
8.328659083852248557e+01
1.280325345648074062e+02
9.968721270637055909e+01
9.806914186417907331e+01
1.156554667197934805e+02
1.281852798629512336e+02
1.038527748335517344e+02
9.739300621439500105e+01
1.013927229646657509e+02
1.085082789423650667e+02
1.193610040626812605e+02
8.839364539758264527e+01
9.701568325742242394e+01
1.316516770079526282e+02
1.138113290720353632e+02
9.269150332621472899e+01
1.132365887006796328e+02
1.081885574063317677e+02
1.088442048360370791e+02
1.141213938254940246e+02
1.172038174370946706e+02
1.132383978666146476e+02
9.428039314164387008e+01
1.087550270951925313e+02
9.667628076471936538e+01
1.246531635089135222e+02
1.145939004588902748e+02
1.120477955921007549e+02
1.194016641561797769e+02
1.103777463453292285e+02
1.086245624072994787e+02
1.043394078409860128e+02
1.004787147613649267e+02
1.008430062489997283e+02
1.175551154503212388e+02
1.149199890961484840e+02
1.135099865980937750e+02
1.208379139390305568e+02
1.067308991738517392e+02
1.022425832058406598e+02
1.228220388627320858e+02
8.943634874068693819e+01
1.182429447897899877e+02
9.669546580704285077e+01
1.088733199107862220e+02
1.004276282981123245e+02
1.160537055481413802e+02
1.147586105281057201e+02
9.764129346419589695e+01
1.107049521832730647e+02
1.393724245525596928e+02
1.087031107220603587e+02
9.907757038118514004e+01
9.845838033577443582e+01
1.126281758992984265e+02
1.143673435860184640e+02
1.156688858900056402e+02
1.035815131508766882e+02
1.171851596509008004e+02
9.077575432614582951e+01
1.236119234768063535e+02
9.752179508973466682e+01
1.107918747699923330e+02
1.115709894296420970e+02
1.144336809394367691e+02
1.156592923612087276e+02
8.342864112742874738e+01
1.079415538238394987e+02
1.187652494866599824e+02
1.201645661330963861e+02
1.097426377466256611e+02
9.446038593119992299e+01
1.250739767387331085e+02
9.905279307233715258e+01
9.847215191495952524e+01
1.088327443457412329e+02
1.057114690275425346e+02
1.058499460532246559e+02
1.177347570488414448e+02
1.134072959203396351e+02
1.150609676427450410e+02
1.018825961120586356e+02
1.029214643501485114e+02
1.040180032939597794e+02
1.129902388584062010e+02
1.090565344863383075e+02
1.063430183215793505e+02
1.040944740239274324e+02
1.113490776352953020e+02
1.177891321069887169e+02
9.957738392326893972e+01
9.077173335465901971e+01
1.083839135751978660e+02
1.185592418744105174e+02
9.807526760592637061e+01
1.353415261804919965e+02
9.162322388889597846e+01
1.310680916708419659e+02
1.018585900051651976e+02
1.240632983503583802e+02
9.887165570928910086e+01
1.038018019820306677e+02
1.066702558069342786e+02
9.310936784087162721e+01
1.245198244667803209e+02
1.136985518658467953e+02
1.111635625588564551e+02
1.065573806881969432e+02
7.784726077622751461e+01
1.017003335387427967e+02
1.313619490021366403e+02
1.195337156522846698e+02
9.363116289255253832e+01
1.231486135921523157e+02
1.195315547569974655e+02
1.087520465084250958e+02
1.108006287147797053e+02
1.136206654525864224e+02
9.614178393648126075e+01
1.066998252868130805e+02
1.179986663540292966e+02
1.137617954252838928e+02
1.188522386929115982e+02
9.611713122842478185e+01
1.062922051228044751e+02
1.174339475226292677e+02
1.250728413796715586e+02
9.343953106509280815e+01
9.604895558135056888e+01
1.066025326986754180e+02
1.256728437679644088e+02
1.041675696999858332e+02
7.720113700939724311e+01
9.286848834478281844e+01
8.313733276485859847e+01
1.147517827943605369e+02
1.168152324854759314e+02
1.257781333359222771e+02
1.067917884395015733e+02
1.007855854464644239e+02
1.228153124388096842e+02
1.070966699258303692e+02
1.017647375745986693e+02
1.165764927405745937e+02
1.090085794566935675e+02
1.010559190546026684e+02
9.931470133760080898e+01
1.086762185440601627e+02
1.331207402165941289e+02
1.012863303842233762e+02
1.201315798945509243e+02
1.105411797367055158e+02
9.503063705829465846e+01
1.042363209722491604e+02
9.299285665163758097e+01
1.044182343390210974e+02
1.124184287464362200e+02
1.127244757427525030e+02
1.251504139798459221e+02
1.052078889917137303e+02
1.287061825468994982e+02
1.045280875477563995e+02
1.008315944895754654e+02
1.015638634799225599e+02
1.027620028451535745e+02
1.198576571135424729e+02
1.136712095464887398e+02
1.144351720298564459e+02
1.185689095284287902e+02
1.175307573033065864e+02
9.109753320339160609e+01
1.046691816719758776e+02
1.189113648858516399e+02
1.056864396579773171e+02
1.211119044086741781e+02
1.177034652167991737e+02
1.092057086688684109e+02
1.035341860588012821e+02
9.640248533153771859e+01
1.060446780065441743e+02
1.310141118349053500e+02
9.459690058485757902e+01
1.109241310609235001e+02
9.737611074056856353e+01
1.064410382603097531e+02
1.148691420578133204e+02
1.027889753653782634e+02
1.059083399495611388e+02
1.288976627812357094e+02
9.280689498851789665e+01
1.160026530136566123e+02
1.041067605524468576e+02
1.156945272536428888e+02
1.150153395152536433e+02
1.053041225287121847e+02
9.823226415596536754e+01
1.072018277631342329e+02
1.134653876698051675e+02
1.173135161695907840e+02
1.082504320339863000e+02
1.117920304460876793e+02
1.315113704064942226e+02
9.546718044555578331e+01
1.034702071804429693e+02
8.830195370825295242e+01
1.225097196245887545e+02
1.177468147019557705e+02
1.268998002993559169e+02
1.092557018845527921e+02
1.033021461572194823e+02
1.103906543681669632e+02
8.624461287937020870e+01
1.195519343833411199e+02
1.082711596334601722e+02
9.573407191950416006e+01
1.051301570979933757e+02
1.110734602576083176e+02
1.198058013523282455e+02
1.136399341306634199e+02
1.142851983899958555e+02
1.013689029794655738e+02
9.759841196288890330e+01
1.012957474542080973e+02
1.354581393762279617e+02
9.178555785683698787e+01
1.043272550983336657e+02
9.445615974511548529e+01
1.214323512056521110e+02
1.003538449200481182e+02
9.263525114777556269e+01
1.063237476281790208e+02
1.164612294847460277e+02
1.097528110950086528e+02
1.254401883791933017e+02
1.207883196658004579e+02
9.969486299231331827e+01
1.140518966087097965e+02
1.028068100497555974e+02
1.150682674997067210e+02
9.565339169250820817e+01
1.084918298298651678e+02
1.022410624927260869e+02
1.062962479114170549e+02
1.279788406920768864e+02
1.110958608467042410e+02
9.872695425187211526e+01
1.230349209112563358e+02
1.152456430694331999e+02
1.017708177784345480e+02
8.959249183093578495e+01
9.217574064343689599e+01
9.068663291656761771e+01
1.734428982530531584e+02
1.231118904768165123e+02
1.267585433763577214e+02
8.478820104382063505e+01
1.100776898369924197e+02
8.808322987924425718e+01
9.538028041820815872e+01
9.902523745864290561e+01
1.214514882848634869e+02
1.028129060188349655e+02
1.132504642939896371e+02
1.144105754581782435e+02
1.058153668419435149e+02
1.085687093536552084e+02
1.177403656221629262e+02
1.009679503087554480e+02
1.041376973756237874e+02
1.250821212233378787e+02
1.046467897695377900e+02
9.470715582875534722e+01
1.173846632888937478e+02
1.305465317536157386e+02
1.209617467486767310e+02
9.506167589872036672e+01
9.338469798102630648e+01
1.127570405815380497e+02
1.029241709083404999e+02
1.129553475555478599e+02
1.323716615852179359e+02
1.007042133980554581e+02
1.056413828171362184e+02
1.173394648350922154e+02
1.154495970475576172e+02
1.182760847584808062e+02
1.109189204237745088e+02
1.126459323724906625e+02
1.097481657609142474e+02
1.011495126867099401e+02
9.935937113889276873e+01
1.085248413546235327e+02
1.154516923598288685e+02
1.206843094474255906e+02
1.035121103182290483e+02
1.193943757187813901e+02
1.172651102510145051e+02
1.021280671743118091e+02
1.183305461519073987e+02
9.599645756130333041e+01
1.145608806754460574e+02
1.181475744397360330e+02
1.055687259945789833e+02
9.747471880577138847e+01
1.120642979303134155e+02
1.090384146789372721e+02
1.130458632416917624e+02
1.089126314555431208e+02
1.045266586280102388e+02
1.329575167945235989e+02
8.018452421352255044e+01
1.090539699909267881e+02
9.765956034191952995e+01
9.736840988032415112e+01
1.073734937800102642e+02
1.095296235964847540e+02
1.374245624514212238e+02
1.009055999305792994e+02
1.326669158905141614e+02
9.659897587506934258e+01
1.108927778826510888e+02
1.209279539869192064e+02
9.262254298168201672e+01
1.032030444595600898e+02
1.210893499475536998e+02
1.088121933595793109e+02
1.079886026337534730e+02
1.165832966780095887e+02
1.179021084837854829e+02
9.734259678643370250e+01
1.014138451993146077e+02
1.164679013024449574e+02
1.076262328390712213e+02
1.168911439482068317e+02
9.597622056755257347e+01
1.351508813516512078e+02
1.024332054861339572e+02
8.963466707201943962e+01
1.137588549254871140e+02
1.128257957011784924e+02
1.170984809169446379e+02
1.140417069986608141e+02
9.921863303093618924e+01
9.233588862715356527e+01
1.171230052644842061e+02
9.490915670822258221e+01
1.264947142200392989e+02
9.720608207475250140e+01
1.184922946058225790e+02
1.089762548696707256e+02
1.081100378225694101e+02
1.180042604070509924e+02
1.135231020230772145e+02
1.165259070739606528e+02
9.544084692776301893e+01
1.074240409659400513e+02
1.030228818969626303e+02
9.803267820762384588e+01
1.104703975185842211e+02
1.113684274897307205e+02
1.143016984736333512e+02
1.057882761414582973e+02
1.154882738404471496e+02
9.615500455809994662e+01
1.267467915217376913e+02
9.596910487014032753e+01
1.134139677686224843e+02
1.343813719056331877e+02
9.331172989931596362e+01
1.097865784047929907e+02
1.163087156170538634e+02
1.028295313359510743e+02
1.047400451704218654e+02
1.119017592415284668e+02
1.114755175202954547e+02
8.660002029866606676e+01
1.129882433586114274e+02
9.403541030669579470e+01
1.242054489529860319e+02
1.171313666965840383e+02
1.069501768950207321e+02
8.612128661202318369e+01
1.074211691411950795e+02
1.139665571644286928e+02
1.178480096395465608e+02
8.695974289743276131e+01
1.160209508566422016e+02
9.925988785474673648e+01
1.211376283886398966e+02
1.055245920648337119e+02
1.091419585399772387e+02
1.054542632150125598e+02
1.127802749669267683e+02
1.068166686403456964e+02
1.198734942867704802e+02
1.006721766531280906e+02
1.099558819337668325e+02
1.085080400402199103e+02
1.144295996047142410e+02
1.134419960499533744e+02
8.765758634578465092e+01
1.217152098984001896e+02
1.086608490226959987e+02
1.171834343381249255e+02
9.860905750527008706e+01
1.117154589672721272e+02
1.279705662069055165e+02
9.812064581444025180e+01
1.131137536089151467e+02
1.119070004713987743e+02
9.501161058180940699e+01
1.108917565017636662e+02
1.152403314865014465e+02
1.203213568793361645e+02
1.014690112269307463e+02
8.560971673846727015e+01
1.197264700322828332e+02
1.084652410974504022e+02
1.166615990687280231e+02
1.180865014754610769e+02
9.497898076023057001e+01
1.041729517722485667e+02
1.220379091425124614e+02
1.099054535188064250e+02
1.053866666722320389e+02
9.934002517151854761e+01
9.655214199674152553e+01
9.255210414674540687e+01
1.026894704737652546e+02
1.212021576139735544e+02
9.876819537138545968e+01
1.352633558903116864e+02
9.223107486096910179e+01
1.039546326213707630e+02
9.925889658833133922e+01
1.248313934582258611e+02
1.039212363736539260e+02
1.240893274334210616e+02
1.260951920337526673e+02
1.000567604861090700e+02
1.027473729359241759e+02
8.768027578495068042e+01
1.054642975466584573e+02
9.315604329657628568e+01
1.115288562877126992e+02
1.186790847832052975e+02
1.028415502180047127e+02
1.236152881260057086e+02
1.246477365195086833e+02
1.059681518682417050e+02
1.125660137923087376e+02
8.727141935132721073e+01
1.135892382240185015e+02
1.078101581513064815e+02
1.324611556837101887e+02
1.082372092495336489e+02
1.043189054081452696e+02
1.098046713572208120e+02
9.892449953590015355e+01
9.608009171131476478e+01
1.050689955977926360e+02
1.093058365179362994e+02
1.068515621803830840e+02
1.091342487832105093e+02
1.235365183849141033e+02
1.024815407691953340e+02
1.128330505708688776e+02
8.988075718076642318e+01
1.079256165035746307e+02
1.194912580576832113e+02
1.071168107119777204e+02
1.180918451257353610e+02
1.029770778982552173e+02
1.262443190420487014e+02
1.272846172132492768e+02
9.352041384823148462e+01
1.025433938778137417e+02
9.707326916076816303e+01
1.032847488842355261e+02
9.967153136283957338e+01
1.242027586421664864e+02
1.241080819520395124e+02
8.396159687719325859e+01
1.129380273632241369e+02
9.622771393400128659e+01
1.078787441387588046e+02
1.317130919276308987e+02
1.073646379472579895e+02
1.086065787451588136e+02
1.272926521792151391e+02
9.932001268767686497e+01
1.150886919971326705e+02
1.146347754278565247e+02
1.056162567401548102e+02
1.119868084058361575e+02
1.094604918664320792e+02
8.625202313806290988e+01
8.445140513947346506e+01
1.327063921148039185e+02
8.314491197519410548e+01
1.409403914395166169e+02
1.008765412219594566e+02
1.031875304760325491e+02
1.007332526389270981e+02
1.158469083555045245e+02
9.132015360472439625e+01
1.235837292583308908e+02
1.175378866068013650e+02
1.151556418767136734e+02
1.086087077835458388e+02
1.067424499501029231e+02
9.559862565858105654e+01
1.205964020387046531e+02
1.090660394475658563e+02
1.138812232609837451e+02
1.011733125437235259e+02
1.201126173706970377e+02
1.246874063612054186e+02
1.024283835594213485e+02
9.442941943865993437e+01
1.080711174728886164e+02
1.263833485829784848e+02
8.506546236125505800e+01
1.076124835553406029e+02
9.989735647257816709e+01
1.257781138568033157e+02
1.047696366356009037e+02
1.137967816623228003e+02
9.346263882288209857e+01
1.354845862962403089e+02
9.664652329074382919e+01
1.021858035880622566e+02
1.110123824812796158e+02
1.069181963748355031e+02
1.081688523260289685e+02
9.568492694454300818e+01
1.158748280244064546e+02
1.184968527710264823e+02
1.133257566743202460e+02
1.110814348486646139e+02
1.077016471720657051e+02
1.149334786464832661e+02
1.041625581135080409e+02
1.047474765707149658e+02
1.163156895424340007e+02
1.012320213766375758e+02
1.055643498942494460e+02
8.923980627875278060e+01
1.055263790416606469e+02
1.145594348523582653e+02
9.685750009071627176e+01
1.159207028275614704e+02
1.271925708120855489e+02
1.038369696864026395e+02
1.072572831060112577e+02
9.556263240054016705e+01
1.046331451081980646e+02
1.221620476274744220e+02
1.206285131689557772e+02
1.156847246998682408e+02
1.040411695178033682e+02
9.266317911615465164e+01
1.458957956052126974e+02
1.027691925778627109e+02
9.560998272452003732e+01
9.906355273912187442e+01
9.459683062773370921e+01
1.220719268638437569e+02
9.741830521943563781e+01
9.620043407171816341e+01
1.076662411654320977e+02
9.800228469230241046e+01
1.083728941071200040e+02
1.080733394025123602e+02
1.058210558558628236e+02
1.237187414441020223e+02
1.114052184737023339e+02
1.428048341387361688e+02
1.032358394805708315e+02
1.110698828802687643e+02
9.757480264003980608e+01
1.035009389479941149e+02
7.664552451340847483e+01
1.120553878310894476e+02
1.075112446407738105e+02
1.026401313872082852e+02
1.082107132175125628e+02
1.180910047904452966e+02
1.077910528499356104e+02
1.122300171255228634e+02
1.039818705517514701e+02
1.104959882260924360e+02
1.084378492152711999e+02
1.065451817945358357e+02
9.835972736051226661e+01
1.173528257408130173e+02
1.116966786064153752e+02
9.649840503469405917e+01
1.035875392700180129e+02
1.019773962634800029e+02
1.264355406253750118e+02
1.032799935629723933e+02
1.123102561838810090e+02
1.027405738840690219e+02
1.162169224103434715e+02
1.075420302880888528e+02
1.134419564161423750e+02
1.004846213788607940e+02
9.953932107366941295e+01
1.159686310878334297e+02
1.126595462731416717e+02
1.169556703021626447e+02
1.039483207614564435e+02
1.072049241036471017e+02
1.176739907157661094e+02
1.120198559504111557e+02
1.081723401014153865e+02
8.714370208754317559e+01
1.101974744113474287e+02
1.197786170248561888e+02
1.062624989740859718e+02
9.413359557575581960e+01
1.266403301082964248e+02
1.274172454011652036e+02
8.790785543252447098e+01
1.084794561616176054e+02
1.134554459239931532e+02
1.091465557754040816e+02
1.077440636871615993e+02
1.169874303430756157e+02
1.069544269497297364e+02
1.137406782235396889e+02
1.312998540539937267e+02
9.396577561809753831e+01
8.646448266903948365e+01
1.124818937642026100e+02
1.156157052619599739e+02
9.386252964291510636e+01
1.191468781300519595e+02
1.064502221654751679e+02
1.051938141859589990e+02
1.025261349091241954e+02
9.739589678907266546e+01
1.010596316460672597e+02
1.234557959813159158e+02
9.559945810642413733e+01
1.314740216014582188e+02
1.255580917809882351e+02
1.021326135174626444e+02
9.948360266041491684e+01
1.008697062241751041e+02
1.069613359253156375e+02
1.240984517209899423e+02
1.100318623524612462e+02
1.138846892918331406e+02
1.134625424112504675e+02
1.217523818210620590e+02
1.010507715335076426e+02
9.474444431837302716e+01
1.164139917736012109e+02
1.092623191810364034e+02
1.273899634284623943e+02
8.383386032767964480e+01
1.098411606037606418e+02
1.081778824536677490e+02
1.149546150636250417e+02
1.102072703096138468e+02
1.071086536029682605e+02
1.073461001635253211e+02
9.912222446765645145e+01
1.129297035506053817e+02
1.197348991609411684e+02
9.727017720382090715e+01
1.016404370864644022e+02
1.107383828868585880e+02
1.172920731636480411e+02
1.330479689062294710e+02
9.364563841755763463e+01
1.188446748802082027e+02
1.154327468408017268e+02
1.074977522155746641e+02
1.017737580002530962e+02
1.074876404888370161e+02
1.056972413310610932e+02
9.624704550882579213e+01
1.216729426851255624e+02
1.218096599102900939e+02
1.043189162696446886e+02
1.276979814606755923e+02
1.068171841536465791e+02
1.015805574350758036e+02
9.536749158510606605e+01
1.150433402819251825e+02
1.084968942691832154e+02
1.144378832466926212e+02
1.076350909173558534e+02
1.259496428461124395e+02
9.442397673219615228e+01
9.393027757799612232e+01
1.027768884119222861e+02
1.113486743001427328e+02
1.196272400568296348e+02
1.090108219170325441e+02
9.867160538041255791e+01
1.134611802057893328e+02
9.139853318261614845e+01
9.793363463288407900e+01
1.256655540968566669e+02
1.278882840931654385e+02
1.090031188521110437e+02
9.689893355975219436e+01
9.523821521330526707e+01
1.104294729155277821e+02
1.117456799857270227e+02
1.059705237895768732e+02
1.159189314231721255e+02
1.041174731420709350e+02
1.078612430950076657e+02
1.358681747060099099e+02
1.034477546928783624e+02
1.139132412080569452e+02
8.271737692688884636e+01
1.006883808463606158e+02
1.170586944467564052e+02
1.010299516150688817e+02
1.211652537262726383e+02
1.029712597903139653e+02
1.146813210242429193e+02
1.188865379873352737e+02
9.867849491515056570e+01
1.225493684328096293e+02
9.893617559199893208e+01
9.871615197038926226e+01
1.084403420460788396e+02
9.947464767055842572e+01
1.310097446576573645e+02
1.023973677819010106e+02
1.156625948726733810e+02
1.007455388012090651e+02
1.159749318009461803e+02
9.605505998633256581e+01
1.224425462509810956e+02
1.097212255166436705e+02
9.458451541931356132e+01
1.019544360287132037e+02
9.321511983886357200e+01
1.171621998368342190e+02
1.034938646255912431e+02
1.030596461121776031e+02
1.086570094266684805e+02
1.260755741087512831e+02
1.059344034558122445e+02
1.198631879703549004e+02
1.064312233503407157e+02
1.142838709320126895e+02
9.746161282125828507e+01
1.103103058770689699e+02
9.426048297956741351e+01
1.136886852863921575e+02
1.019463612736552989e+02
1.334280998226897452e+02
1.090437481051508115e+02
1.009397080271013607e+02
1.106435251691704309e+02
1.042637174618653830e+02
9.788470187491321894e+01
1.385894276742219802e+02
1.123003363836866839e+02
9.783720880222371363e+01
1.030838915840119370e+02
7.922414002339222350e+01
1.231860619048420205e+02
1.061406733408806531e+02
1.078162212404833014e+02
1.055785056031782574e+02
1.108458928629875828e+02
1.045103630201108018e+02
1.045387953931445537e+02
1.094315423080489040e+02
1.134070266251945753e+02
1.136364232067277698e+02
9.388641565664035227e+01
1.087907101447576679e+02
9.393321688722026863e+01
1.013669579694667391e+02
1.001519839703916119e+02
1.098837368478366869e+02
1.176028685671952445e+02
1.122222861560026104e+02
9.668408928964188931e+01
1.166697633405012766e+02
1.097167596657718747e+02
9.755520402364098231e+01
1.244591374776333765e+02
1.010660875868843078e+02
1.053218595959489221e+02
1.095723981930913169e+02
1.196920187854045992e+02
9.710770026242198583e+01
1.221153631268222739e+02
9.666076320136291145e+01
1.068753958028591029e+02
1.065181720113609032e+02
1.100265225991895903e+02
1.118344310436099960e+02
1.217144577548586284e+02
1.095194976864899132e+02
1.130641511689348420e+02
9.603722566346486644e+01
1.207960898730928676e+02
1.063134077892772211e+02
1.005274690715805974e+02
1.118600673835182988e+02
1.074955850309391963e+02
1.248763621593281101e+02
9.988674092336815136e+01
1.013504372429492406e+02
1.085360118235853548e+02
1.108054733622960839e+02
1.064181770979560326e+02
1.063621888172960439e+02
1.154533227379489659e+02
1.115664078694280761e+02
1.056668697412651596e+02
1.203029664820101772e+02
1.172151744228571744e+02
1.006745741236851757e+02
9.833537939392907390e+01
1.194258236324203466e+02
9.994651567912376322e+01
1.024922935304918070e+02
1.233673138361979511e+02
1.114095673987693260e+02
9.289113298358350335e+01
1.290699135644099727e+02
9.856173191871509687e+01
1.049059129291233887e+02
9.330105218598700390e+01
1.145778341727356064e+02
1.073050359628298480e+02
1.274119922719477813e+02
1.037205077381193519e+02
1.097434879480102126e+02
9.358838244886763391e+01
1.106134300064699971e+02
1.099033302026365106e+02
1.029289033471272319e+02
1.007597140020213686e+02
1.089564312668759101e+02
1.336988729159091633e+02
9.648004452795326813e+01
1.185192721560769655e+02
1.408172326037345670e+02
9.407015543649396250e+01
9.203163812971943969e+01
9.431716218058126344e+01
1.083389649118385734e+02
1.207400831831916292e+02
1.102858069939023835e+02
9.775282520697784605e+01
9.189040120002665901e+01
1.292410999602624599e+02
1.052070760202696960e+02
1.121199712585006552e+02
1.016946229177969343e+02
9.676979410875195242e+01
9.670652000829880990e+01
1.349359905698400439e+02
1.143150152000068971e+02
1.220749169828829821e+02
1.058465947845052568e+02
1.032656190071149922e+02
1.107119607031375779e+02
1.219882283274323669e+02
9.002602828650103106e+01
9.868402815366086145e+01
1.183042655219470731e+02
1.185252106669741181e+02
9.140298768934547979e+01
1.081502326593790997e+02
1.261917067861378712e+02
1.015983874981171624e+02
9.930177941303865907e+01
1.115418438329649717e+02
1.078429832389064700e+02
1.090312441872618905e+02
9.157730601386005276e+01
9.335182365541004401e+01
1.345201500293913739e+02
1.092512583251991316e+02
1.131473694983896934e+02
1.117074349920413709e+02
1.146575095575058896e+02
1.056411950663812007e+02
1.013777068884443224e+02
1.176474113764296590e+02
1.129075088985381115e+02
1.027271311982434696e+02
1.128072548982795951e+02
8.677009242482002094e+01
1.200346169645649610e+02
1.197755657328896177e+02
1.108404008068514486e+02
1.049362626687281477e+02
1.206962175074582575e+02
1.137945677071696622e+02
1.038795293563768922e+02
1.124867748087372377e+02
9.795159292346012592e+01
1.230143509465356004e+02
9.566715921694091662e+01
1.016765490683694395e+02
1.290348465348487821e+02
9.796310616373936853e+01
1.101350217247658918e+02
1.164814067952477217e+02
1.001733883905454974e+02
1.190034866620282230e+02
9.711406343134183317e+01
1.131153593345786561e+02
1.317588993810773559e+02
9.647068217843315097e+01
1.186892742831291940e+02
1.206103924727487140e+02
1.015550071875631062e+02
9.432402146382175090e+01
1.023322538675903672e+02
1.187994356686604505e+02
9.661182077450996530e+01
1.252696315443299540e+02
1.176119105398028637e+02
1.085724969197423633e+02
9.431911947916481154e+01
1.081844259767316174e+02
9.554959710138503226e+01
9.913452025421854330e+01
1.123352196308678970e+02
1.071790406358936281e+02
1.024741494606415984e+02
1.097253815044731198e+02
1.154788927939075336e+02
1.054662891223961481e+02
1.227588040529461608e+02
1.002263012941515541e+02
1.096104955079209020e+02
1.224216996683085199e+02
1.181285602435263371e+02
1.117275848787043770e+02
1.042465386756765326e+02
8.805764362556497815e+01
1.112887815586881288e+02
1.101603610792651580e+02
1.093249451510436216e+02
1.237508467991809482e+02
1.023549069868311534e+02
1.043021222611599370e+02
1.179706024416107368e+02
1.172240702531403400e+02
9.763246046978240145e+01
1.079472923765012524e+02
1.011236287255688637e+02
1.134167211815120169e+02
1.121370443291393286e+02
1.124528944841792679e+02
1.001546027724409811e+02
1.050037314675315088e+02
1.273693917079781954e+02
9.907545314296254446e+01
9.817785310130756216e+01
1.211070568985292226e+02
1.018912695315799510e+02
1.155936613455092612e+02
1.049091726869761203e+02
1.128341220280324677e+02
1.058396901971394612e+02
9.964005230469933849e+01
1.277270573891584320e+02
1.039436221545068264e+02
1.039029222864561604e+02
1.135291356736536983e+02
1.040150476300236306e+02
1.020041969613493507e+02
1.292448064376034438e+02
9.309425939700636832e+01
1.010297021747342541e+02
1.295192105169907961e+02
1.067400044712471612e+02
1.037120130708347716e+02
1.055356914153644396e+02
1.079004763391764499e+02
1.120490584184581877e+02
1.205684785226654583e+02
1.074802308471482490e+02
1.012101295810104915e+02
1.026430039017569555e+02
1.114171276123481960e+02
1.112954303975523516e+02
9.763942165663745243e+01
1.184727277275333392e+02
1.163277977446708604e+02
1.160829908186043440e+02
1.153298286619266122e+02
9.443676794706888700e+01
1.100677026899989386e+02
1.107922708865183949e+02
1.075483461164833017e+02
1.093191723532071222e+02
1.066407972213645792e+02
1.123732477938278009e+02
1.087380331339053754e+02
1.095184612076521660e+02
1.042086938550419433e+02
1.024748915770308173e+02
1.214798349080414255e+02
1.001094078586364446e+02
9.946055829038198226e+01
1.115430901422112413e+02
1.108549275540253376e+02
1.197496440824138375e+02
8.353118363467928020e+01
1.178361440551816202e+02
1.130209721456260468e+02
1.043287272225720841e+02
1.342283227402443799e+02
1.040987437492704260e+02
1.144489565424973705e+02
1.182268376633333702e+02
1.100852056620575325e+02
1.140212848540636372e+02
9.730521321415041314e+01
9.919242895173854890e+01
1.171761834801376096e+02
1.160675908328880297e+02
1.070981029054182585e+02
9.902734012939455965e+01
9.488358704960815260e+01
1.208947169110300308e+02
9.533504740726093019e+01
1.290938607521411257e+02
9.401022018227355659e+01
1.127453554207366437e+02
8.908385978211090617e+01
1.263628780910745064e+02
9.682025729331064667e+01
9.799284320576263951e+01
1.186851577820469998e+02
1.168786884437614049e+02
1.002163189034516506e+02
1.104798061938096367e+02
1.121154307773440308e+02
1.035894113307131477e+02
1.032670796224354888e+02
1.051917968841557212e+02
1.176615854598388893e+02
1.142857458649909574e+02
1.216372251858032598e+02
1.031983986174554957e+02
1.053165124221732469e+02
9.382338792221329982e+01
1.021843492081924865e+02
1.149734288446326929e+02
1.196391563525198620e+02
1.340026970431684958e+02
8.977459274545519463e+01
9.787240270731710723e+01
1.139624918846881627e+02
1.057685254338340144e+02
1.095265169579801494e+02
1.165435898215390296e+02
1.123962074149158781e+02
9.583292310066084951e+01
1.219127483359092992e+02
1.143037337316019233e+02
1.149151465192379931e+02
1.180201554183266097e+02
9.372424694768831444e+01
1.031338077921126626e+02
1.094265669662230493e+02
9.885982043465443780e+01
1.120536152098236471e+02
1.092847148998205284e+02
1.217352334629934063e+02
1.067493977633606477e+02
1.180687435125547040e+02
1.157180608294974320e+02
1.007544903676667474e+02
1.069919595377759123e+02
1.070018438027566248e+02
1.089020209177233340e+02
1.115626320854840827e+02
1.171023806017594353e+02
1.027798526052047947e+02
9.789386912785190020e+01
1.189696518823587184e+02
9.852864376193167573e+01
1.287710420989198212e+02
1.033538190049308128e+02
9.272992570634971798e+01
1.230829024173405486e+02
1.204777240915575760e+02
1.059438858477866177e+02
1.000106487485233089e+02
1.086206131424238492e+02
1.067897484512363917e+02
1.356463953713133890e+02
1.060021333386324756e+02
1.087992810985528678e+02
9.522857332581789080e+01
9.626519422076553667e+01
1.021439782970900580e+02
1.209036077518131975e+02
1.039197360162522870e+02
1.304002447702140728e+02
8.012953547976850643e+01
7.781040497241694709e+01
1.236512233538299910e+02
1.178014617893049945e+02
1.233223895588206318e+02
1.114728062181392119e+02
1.017988675228449864e+02
1.082435777687789908e+02
9.034554142342527427e+01
1.001735152697169724e+02
1.217110220869629416e+02
1.122567809382361901e+02
1.118999848866268110e+02
1.074262609882489983e+02
1.097327765514136360e+02
9.921044762599406397e+01
1.061344469886804660e+02
1.019231591932993126e+02
1.295049353755232460e+02
1.031863324466136760e+02
9.094938172643328755e+01
1.202043883983447614e+02
1.003240326705039678e+02
1.216401408743195276e+02
1.030801719787425554e+02
1.161989514753884549e+02
1.016980927390268050e+02
1.113094876495647867e+02
1.096786630974233105e+02
1.178401216612026303e+02
9.914785888678780168e+01
1.080297213833415526e+02
1.197751844939871262e+02
9.644535760004916369e+01
1.167595262747399687e+02
1.165903458931605599e+02
9.732902973560632631e+01
1.085119596988700721e+02
1.268475785174912147e+02
1.071267279697725598e+02
1.019454721597690821e+02
1.135840527699258331e+02
9.872199472177851476e+01
1.146951925901635860e+02
1.088326393491868913e+02
1.074216897441208971e+02
1.063254115887477695e+02
1.116713352290519055e+02
1.076661117769560718e+02
1.104033374949305681e+02
1.108891223113513860e+02
9.676441191977416167e+01
1.200373814774246739e+02
1.055437344776153310e+02
1.105638223402771132e+02
7.497417964383359390e+01
1.309184482406742234e+02
1.190211328888009632e+02
1.085316730543382704e+02
1.260183111299037932e+02
1.064984256429119540e+02
1.007913021244553704e+02
1.001585899276142158e+02
1.319604700312788452e+02
1.042757716468999547e+02
1.088899097330646271e+02
1.152467989204780849e+02
9.605125255682028751e+01
1.103947493063404011e+02
1.111366472831150105e+02
9.998244858885708197e+01
1.046005228684211801e+02
1.179363837335951359e+02
1.125605342171069054e+02
1.091584641622338125e+02
1.129304485769272191e+02
1.016762351408598306e+02
1.123211620946720188e+02
1.117487358699801376e+02
1.121809030639741991e+02
1.052459755179384473e+02
1.242406700531897172e+02
1.040435329425463493e+02
1.196165930869195790e+02
8.432017556475476283e+01
1.121137396361366712e+02
1.089104590654644085e+02
1.231170228599655019e+02
1.299689767432115275e+02
9.692395193570379774e+01
9.885996969918292621e+01
9.854006270237050558e+01
9.511131903697237533e+01
9.435707199830748948e+01
1.162250993636652368e+02
1.440202968924897107e+02
1.049067617222553537e+02
1.213802597694642031e+02
1.181129609706317609e+02
1.151644279207941537e+02
1.132719045232619806e+02
1.083753740696689931e+02
1.110290051751123599e+02
1.003884739094831957e+02
1.037152751229955783e+02
1.163229173401244907e+02
9.921570718071835415e+01
1.254801670734536145e+02
1.230533280646232015e+02
9.827507869490635528e+01
1.006097496219638998e+02
1.266588457816963711e+02
1.141940867079533319e+02
1.060824447231952519e+02
1.103847741365377999e+02
1.113109244997026224e+02
1.066591849618363170e+02
1.081056712579943593e+02
9.201972337623890041e+01
1.015045917820477825e+02
1.258685073351507810e+02
1.243572265483028900e+02
1.023025877375710024e+02
1.115242818292223177e+02
9.215249617587399200e+01
1.269197060390637262e+02
1.080687407033233285e+02
1.154124297872740073e+02
1.025633342325328528e+02
1.085679326919273251e+02
1.038251765286991599e+02
1.272666034482516721e+02
1.017203886514355844e+02
9.685849192292778298e+01
1.123392353021617396e+02
9.550783618885958504e+01
1.147085821701373902e+02
1.041942345586602556e+02
1.276220931923670747e+02
1.011159050181778269e+02
1.150095811894202882e+02
1.137197374031343315e+02
1.121630706202123235e+02
1.034353098602275054e+02
1.359542293251241460e+02
9.720923487346341574e+01
1.007212013907017081e+02
1.110151415483322808e+02
9.970078621181548328e+01
1.193911797212010839e+02
1.269583879094569880e+02
9.732798711526790214e+01
1.130523658770332815e+02
1.038399105769307482e+02
9.739740223325912893e+01
1.196090221596378029e+02
1.256013169303516719e+02
9.302411752874176898e+01
9.772855347870138587e+01
1.057044968037425150e+02
9.349657062347672820e+01
1.030794665930332172e+02
1.225888534395507037e+02
1.273670377415614894e+02
1.068511154020359868e+02
1.298140547193551413e+02
9.980960539319110580e+01
1.106611871585197377e+02
1.034203251471064107e+02
1.025482927329394158e+02
1.065585566136041962e+02
1.197562665771872901e+02
1.026775362947848720e+02
1.010200415521491948e+02
1.077134454358443065e+02
1.181943218866108793e+02
1.064281815253329739e+02
1.203469299326128379e+02
1.014812179577244819e+02
1.123799926012597012e+02
9.599680507648724870e+01
1.169537035380341905e+02
1.035041430896494177e+02
1.102385544984955175e+02
1.056120898613143737e+02
1.098430977520930298e+02
1.074512127563774442e+02
1.190217638316724873e+02
9.391328592368576267e+01
9.252149500359675471e+01
1.133060538119875531e+02
1.092985604295437128e+02
1.041569869006986551e+02
1.130046705694373941e+02
9.218333547496126812e+01
1.112957365105421701e+02
1.289409705958986478e+02
1.001775888673335544e+02
1.119170522660585476e+02
1.077977330872502790e+02
1.034159682402554949e+02
1.111133229328507070e+02
9.228219214191643971e+01
1.302087671713881605e+02
1.136061330999175141e+02
9.996677008209002224e+01
9.916173653723960513e+01
1.037524083838927567e+02
1.070060418040177126e+02
1.405867595720604299e+02
1.055325908889193585e+02
9.970940686425983301e+01
8.787422967687297160e+01
1.137088512700952379e+02
1.021315559587701216e+02
1.170817300186046026e+02
1.038563105253688263e+02
1.060886471124919410e+02
1.268416107140008364e+02
1.000901806764118476e+02
9.945462213771894255e+01
1.003911354594856107e+02
1.136962784528282668e+02
9.895734629686950257e+01
1.025027361355508475e+02
1.082300038103510786e+02
1.296303017649142362e+02
1.174040934503539972e+02
1.081741452503796239e+02
1.105570569587975456e+02
8.572490518164920559e+01
1.112848200894818689e+02
1.124199036677247108e+02
1.113600286689628405e+02
1.031205853988962247e+02
1.253124877032595492e+02
1.131679657529870298e+02
1.347014346139241354e+02
9.223363386458871105e+01
1.183162029051429727e+02
9.667585066052046727e+01
1.120132184470110559e+02
1.025242007049237571e+02
1.303242165398279155e+02
1.142116256433110948e+02
1.000743487476511575e+02
9.091073439970118386e+01
1.155750619952119678e+02
1.032623688179336199e+02
1.147741589499290313e+02
1.134106007241967973e+02
1.010654364472188860e+02
1.298139834491337865e+02
8.609100433902624161e+01
9.786154854242886358e+01
1.067518720013411979e+02
1.039320746534409352e+02
1.219310765640175305e+02
1.271858677319405047e+02
1.104453861679973699e+02
1.020607655938471368e+02
1.152604411558304776e+02
1.097701877404499413e+02
9.341133522328499339e+01
1.196930953898141041e+02
1.053744699302736478e+02
1.098337804547410741e+02
1.179710192178249457e+02
1.033599046674476085e+02
1.179317162160185006e+02
1.031863435032317824e+02
1.086792524052700770e+02
1.032854380040433284e+02
1.070868336066764357e+02
9.812654549455200481e+01
9.590932075250070454e+01
1.290681532088471499e+02
1.040740612622721244e+02
1.166545057854342389e+02
1.033587505792823436e+02
1.100043045887616699e+02
1.102911007970811710e+02
1.139961047596407866e+02
1.083875556374167957e+02
9.996300251524706937e+01
1.150590519442665709e+02
1.110904895513583597e+02
1.071028807948459018e+02
9.721175523965315790e+01
1.250472280771404456e+02
1.070456416340984305e+02
9.538149379151657570e+01
9.608527563646401859e+01
1.510938439360641894e+02
1.249095585408987859e+02
1.094437182255459931e+02
8.196907850665938611e+01
1.096217821853730214e+02
1.126276221379705333e+02
1.212870284060270620e+02
9.683089414182468602e+01
1.218040229246417567e+02
1.148044241615997265e+02
1.034754636621541124e+02
1.061324569304879901e+02
1.015956354362813698e+02
1.073359176031275979e+02
9.554071794995523703e+01
1.105092980668956955e+02
1.243175446817716505e+02
1.070014917984054534e+02
1.173085673078014963e+02
1.015118768554263511e+02
8.998434568992657034e+01
1.015859641700794072e+02
1.365132688428276992e+02
1.167180989063465404e+02
1.062014425307152692e+02
1.060555858751422136e+02
1.042742733860969935e+02
1.288015040868780261e+02
1.135448378569826104e+02
9.518631192434438049e+01
1.129063953742009261e+02
1.008017356091367702e+02
9.914292669228589716e+01
1.249889381793723544e+02
1.016877206929419657e+02
9.463479066006904361e+01
1.247895238232159159e+02
1.129841670173207859e+02
1.110729462140083967e+02
1.103043171275982672e+02
1.245189305432543989e+02
1.133394283829600084e+02
1.071510953590353807e+02
8.871857426566808158e+01
9.931436196348167300e+01
1.147551634840506409e+02
9.921462642122961029e+01
1.112820172638556073e+02
1.224044014486510150e+02
1.090614076759528359e+02
1.072736444872020343e+02
1.138688119036410740e+02
1.101999847650191811e+02
9.278774766633443960e+01
1.093193852264938783e+02
1.211377937615496450e+02
9.800083899287497502e+01
1.110831867807676190e+02
1.058961867243853732e+02
1.190079019864845264e+02
1.130110430666446319e+02
1.087000018594321773e+02
1.025327306826519020e+02
1.116462519715037160e+02
1.325010970222748199e+02
1.138895827933210825e+02
9.831500196899894206e+01
9.759521330492802349e+01
1.218896058146540611e+02
1.035498969512845520e+02
1.045787613332520891e+02
1.217448700690013226e+02
9.650152836375913523e+01
1.058110724139841210e+02
1.134067609854982948e+02
1.206855181607297283e+02
1.158585268423057784e+02
9.348322506110436336e+01
1.032575197373184466e+02
1.067611862359140105e+02
1.112433867331677817e+02
1.020556439824303823e+02
1.228791514673759337e+02
1.176601510026168853e+02
1.034500432708617694e+02
1.006364819200191789e+02
1.065065206821235932e+02
1.053201589811509962e+02
9.994932720270116988e+01
1.176443435643479063e+02
1.262399505161079389e+02
9.888499285729517396e+01
1.084665750589681039e+02
9.615527398487807886e+01
1.162626107627390866e+02
1.059148114192981041e+02
1.021062980556545341e+02
1.184610673820194506e+02
1.185423895699668293e+02
1.103404041725431739e+02
1.124410421810748346e+02
1.013718231843624977e+02
1.119380341388393987e+02
1.033291554828058736e+02
9.816728271416573648e+01
1.130694207885831446e+02
9.445100810977967853e+01
1.248004439327402508e+02
1.032193604213488669e+02
1.066894061815645216e+02
1.081798747977069439e+02
8.593667428245217366e+01
1.001653812681610276e+02
1.111192449123167165e+02
1.302307585285827543e+02
9.488105973861574682e+01
1.267738689279471913e+02
1.114316917326933805e+02
1.214000066173293106e+02
1.082978420575454805e+02
1.029771084823129996e+02
1.250632986617632270e+02
1.011736759032753383e+02
1.135962423092076250e+02
1.028184873595839122e+02
1.124348164463724231e+02
1.280777650386395692e+02
9.878347092994536638e+01
1.054916524378134000e+02
1.106213333924345221e+02
1.050932459364394589e+02
1.190108622099695310e+02
1.095507092111949987e+02
1.103118663811233233e+02
1.160879664762255175e+02
1.029269633972750881e+02
9.604312689170284045e+01
1.085931172538789014e+02
9.494809707022015743e+01
1.215302910605490894e+02
1.249677777187888665e+02
1.146749149559949501e+02
9.096777816980318221e+01
1.040902505566164535e+02
1.077942445397931692e+02
1.199047972867229959e+02
1.239320030481423913e+02
9.215903892089562532e+01
1.093390229118641486e+02
1.034485767643300136e+02
9.194757636747381468e+01
1.015450639155357493e+02
1.284063299395857598e+02
1.069320122318099209e+02
1.179282279588026086e+02
1.282766465623276133e+02
1.053381238996696823e+02
9.858340887891732507e+01
9.655100958895151564e+01
1.086149209814303020e+02
1.050246190093500616e+02
1.198789315476161192e+02
9.860312053905006735e+01
1.296989779841883319e+02
9.315834117084524735e+01
1.243514486413302791e+02
1.005827405827996159e+02
1.021451949521393345e+02
1.081420333376281775e+02
1.129004618904358921e+02
1.119099525957603873e+02
1.013394515763517489e+02
1.264289100977437244e+02
9.441834501421141113e+01
1.189182217236896122e+02
1.154806869463721171e+02
1.138782892279581063e+02
9.885592487047833288e+01
1.060470635200811813e+02
1.012592825383424326e+02
1.162180930537171690e+02
1.006612550771985468e+02
1.288354779787474342e+02
1.030396976576853092e+02
1.011780778675335597e+02
1.073857689812913350e+02
1.054216730521840049e+02
1.116339517783042936e+02
1.255923640707689799e+02
1.071991017835938749e+02
1.021739648691298470e+02
9.947948838772279601e+01
1.017572356871492900e+02
1.021208110340342898e+02
1.134295613415111319e+02
1.111421813982413340e+02
1.095619829159675902e+02
1.332436358011890718e+02
1.037848173391301714e+02
1.096081081368151899e+02
8.150623903283107552e+01
9.665086302176435140e+01
1.208100514184883139e+02
1.128110488171568875e+02
9.831282560413302463e+01
1.343526388074013767e+02
9.549429238856430402e+01
1.057668064654138931e+02
1.258202131398639381e+02
9.634941652407464119e+01
1.116961438037358363e+02
1.068403130852728964e+02
1.081414946112763147e+02
1.140266351154710378e+02
1.018160226577757186e+02
1.149253216340270285e+02
1.331864681435981765e+02
1.026283989389830253e+02
1.038652491719708024e+02
1.146910734117965518e+02
8.683768814461404872e+01
1.133499606306633751e+02
1.498998513820341145e+02
9.980449367643365122e+01
8.054769855816105917e+01
1.091495903282271485e+02
8.700501588625773763e+01
1.297645612870136063e+02
9.984644228651475828e+01
1.110410084785868179e+02
1.090814010295729730e+02
1.152620441959317645e+02
1.018816916248592150e+02
1.098162111923042943e+02
1.043317850908596540e+02
9.527076152032485368e+01
9.957527333363526623e+01
1.044781175873530543e+02
1.032789904401233230e+02
1.111915312901781334e+02
1.353415113180009541e+02
1.028361795888694843e+02
8.866033892011937212e+01
1.231537222789595347e+02
8.925198990844168634e+01
1.211544977488325543e+02
1.230908641518700506e+02
1.165321902905930500e+02
1.277103347250038894e+02
1.092604016390331481e+02
1.008911393498213727e+02
1.235090338344488998e+02
1.068188153648133749e+02
1.127703907867834801e+02
8.836740981860535271e+01
1.199847433866246575e+02
9.291451569078127193e+01
1.146945837377175224e+02
1.048184113039986727e+02
1.053006823305502877e+02
1.075814745191130015e+02
1.163453230039517905e+02
1.098395385224837071e+02
1.231472087333588661e+02
1.008866876063457738e+02
9.646504128573850778e+01
1.134883189989654966e+02
1.014149529271751078e+02
1.097661655876268867e+02
1.000069178693962897e+02
1.232389454414085463e+02
1.056233205625851497e+02
9.849306295841451231e+01
9.509064279637499340e+01
1.156213569963776848e+02
1.116684010651492258e+02
1.002433501220071861e+02
1.315977432118757804e+02
1.077785934475488006e+02
1.321279015327462503e+02
1.064594341327349269e+02
1.207002546215055787e+02
1.026839475780898141e+02
1.192056660352291999e+02
1.271071605227704424e+02
1.102476119446795479e+02
1.116352552400304461e+02
8.528343967020111904e+01
1.266420209829512515e+02
1.017529279482470201e+02
8.913470104734867050e+01
1.190618003092747159e+02
1.229322321750690890e+02
8.780521335035935238e+01
1.028543670463718058e+02
1.297193834244976642e+02
1.023227011368349793e+02
1.023265902898305484e+02
1.103238523095857317e+02
1.085396698011572028e+02
1.069038490627735030e+02
1.087044491505979948e+02
1.000445525565338016e+02
1.388983583061197464e+02
1.094340645029291181e+02
9.977760989122188562e+01
9.446800817032055875e+01
9.602452789845683867e+01
1.201126882215301208e+02
9.223978239922257671e+01
1.250587362313282824e+02
9.764217343678062377e+01
1.260279225217060315e+02
1.073151090867889650e+02
1.046161913689082610e+02
9.575381499080430103e+01
1.140518217677063433e+02
1.161903553163394776e+02
1.192508665135444659e+02
9.798441375146511234e+01
1.119556174951022598e+02
1.312507118724080044e+02
1.024025498099504858e+02
1.021283651369806478e+02
1.132879778531265345e+02
1.057376704817150994e+02
9.610282532905176822e+01
9.597618422450823061e+01
1.103426193961788471e+02
1.123885468435042299e+02
1.153674585582260477e+02
1.019832223515530245e+02
1.183882542333092687e+02
1.066926727199648184e+02
1.031288718004419991e+02
1.207887960564405176e+02
1.067442118223014518e+02
1.040568315088454767e+02
1.145438015899711957e+02
1.193271488999609033e+02
1.180874009945513876e+02
1.018388467924790461e+02
1.066939648864210142e+02
1.023470626431878117e+02
1.064272110324127425e+02
1.141314674970216032e+02
1.046005103478170497e+02
9.800832202494703438e+01
1.220486676958558405e+02
1.159565318229401640e+02
9.845904221217750774e+01
1.052841707900610260e+02
1.119305358963882782e+02
1.058287089350752836e+02
1.267177337610770422e+02
9.983027681998922276e+01
1.049266284063187555e+02
1.055899199722671256e+02
1.170288754241012725e+02
1.177593414311353257e+02
9.886376941498753013e+01
1.216819379514798385e+02
9.442106432895133139e+01
1.119803463687692044e+02
1.082616323552161788e+02
1.271547972484190439e+02
1.116769647960535110e+02
9.402654107404937633e+01
1.027648421689328870e+02
1.231792551884640972e+02
1.199701078473965197e+02
9.563571987165339294e+01
9.708447874653872134e+01
1.064490180277024507e+02
1.148397288481114202e+02
9.633453610304097481e+01
1.125894243097928324e+02
9.031685090509854774e+01
1.035434344386394940e+02
1.252266566962383365e+02
1.148145234545894340e+02
1.040788793654201925e+02
9.742040595365148192e+01
1.168638801460695475e+02
1.036825149448861652e+02
1.041343404842126432e+02
1.280224116027876846e+02
1.188974081630195485e+02
8.169423058672623483e+01
1.055643874175993346e+02
1.104262175215990425e+02
1.219956195346059502e+02
1.111591372883882229e+02
9.824552503832228467e+01
1.181029346482654745e+02
1.202644846531126746e+02
1.020557343083265494e+02
1.143965209052906289e+02
1.141143532744009121e+02
1.125432796604930985e+02
9.176498697891793199e+01
1.226131944925772217e+02
9.765444829193002363e+01
1.048958488817515473e+02
1.369374383076747392e+02
1.116534968671955141e+02
8.163776903312832189e+01
1.032825659200060642e+02
1.078291026937298085e+02
1.049662852693979431e+02
8.719744699358159323e+01
1.270001642152217300e+02
1.187699453620339369e+02
1.071559229561254227e+02
1.116780309893965466e+02
1.092233897472807342e+02
1.065957049792589970e+02
9.728105308966974007e+01
1.313971079777323325e+02
1.105960712829507031e+02
1.026595991248840534e+02
1.076444621511199955e+02
1.015818261485355265e+02
1.189589518621405517e+02
1.011812897081171343e+02
1.064326706131065237e+02
1.122637861226257172e+02
1.156884845052547064e+02
1.119930389002798989e+02
1.059559891047952505e+02
1.070033200828327153e+02
1.090543460024724283e+02
1.097707994013368165e+02
1.189818785451740126e+02
1.037835442761670919e+02
1.052552738620189388e+02
1.164329105372964079e+02
1.145336384374883210e+02
1.084542169487051524e+02
9.289740297926830692e+01
1.076006667509510351e+02
9.987575768566181011e+01
1.331133029867678204e+02
1.100118963211852048e+02
1.048833764363269125e+02
1.091089283964144840e+02
1.108254563237403403e+02
1.188739024130997990e+02
1.020455579832381403e+02
9.609114681710288153e+01
1.157932290640264483e+02
9.901744128739835560e+01
1.267231709428098583e+02
1.125988184876889733e+02
1.035581495432894741e+02
1.292182077758657783e+02
9.671162329430944737e+01
1.170058085121176390e+02
9.550241289104356213e+01
9.483180957595587302e+01
1.247093378098308278e+02
1.102734474460113745e+02
1.201048930746363936e+02
1.075602961954314765e+02
9.258679975885650038e+01
9.312298378298936541e+01
1.262037290384948847e+02
1.024835160889254126e+02
1.019856082662899581e+02
1.060474258911676770e+02
1.154755255731742238e+02
1.183481602301836801e+02
1.102716916475755653e+02
1.195329703293254227e+02
1.022874107719750185e+02
1.128089907995588703e+02
1.319522350010263096e+02
1.213708307001385123e+02
1.033322138121254028e+02
8.696713977688567354e+01
1.078460879967462063e+02
1.016285976142621053e+02
1.293081783025944560e+02
1.063106843895435389e+02
1.027222888502498250e+02
1.140084202150956116e+02
1.008179227413183128e+02
9.796271189164458804e+01
1.089999647120267241e+02
1.364660524266353150e+02
1.121866989017353120e+02
9.400712426556205514e+01
9.899359438069477335e+01
9.945729152865136768e+01
1.182287382033352969e+02
1.098394991726448353e+02
1.057808845695226410e+02
1.013881502446114382e+02
1.035148913331364895e+02
1.051431535303522935e+02
1.068919806613144488e+02
1.014093309850592846e+02
8.582591032916943163e+01
1.444117762279565227e+02
9.124000907846989605e+01
1.290694117056979167e+02
1.079715218527481682e+02
1.054220372342496290e+02
1.168405389609989271e+02
1.063251210974323868e+02
1.070527128578769265e+02
1.058219876743183079e+02
1.115214604567042329e+02
1.102366796850815547e+02
1.164270677443899018e+02
1.010479172871320941e+02
1.225800592148170409e+02
1.229862779798567090e+02
1.049742003938133763e+02
1.157659259032404435e+02
1.158199704873146203e+02
1.274875310553210142e+02
8.200223818206076487e+01
1.160045621398302131e+02
7.959321119241671738e+01
1.218864771112446448e+02
1.096499540088302638e+02
1.207663274398161093e+02
1.245652063264904115e+02
9.007833762641531905e+01
7.964802766164321213e+01
8.915995731894432197e+01
1.171692840181441255e+02
1.138944611134753728e+02
1.083335719346870007e+02
1.021313663530489180e+02
1.197374739196242928e+02
8.759091572809649051e+01
1.092931244239201334e+02
1.131060503768643457e+02
1.052649138078734126e+02
1.101772989686794091e+02
1.015832890690768266e+02
1.101882520388548556e+02
1.132578393127405718e+02
1.155180068926621288e+02
9.620373229370792956e+01
1.179457855334906071e+02
1.061134198567900881e+02
1.052279155443321059e+02
1.202114401992583623e+02
1.110210291652699226e+02
1.197635821191484666e+02
9.796998691793031355e+01
1.046004037947623004e+02
1.095477463141622394e+02
9.493828715729648593e+01
1.321498516155792800e+02
1.192025153790659999e+02
1.181046749044474069e+02
9.159627564173732139e+01
1.126874738548283972e+02
1.028269799020872313e+02
1.161487591798748440e+02
1.122755724694760318e+02
9.646257871306679021e+01
1.168979762385185097e+02
1.153869744478801778e+02
1.065341571883948149e+02
1.054638300999191358e+02
1.184721491820406385e+02
1.369012970878311251e+02
1.178651057117338894e+02
8.424663107463233302e+01
1.057846445264746791e+02
8.565519571949133137e+01
1.044656960079405792e+02
1.138443173989827102e+02
1.005100052780000937e+02
9.885744069269334489e+01
1.238567551640536522e+02
1.154088070842527998e+02
1.193644558825192092e+02
1.002983442410875625e+02
1.099946919927222666e+02
1.088136919085050778e+02
1.253378957145820323e+02
8.302608747180435955e+01
1.066346185168888923e+02
1.066746601135535002e+02
1.226186552625086961e+02
1.058829383696319439e+02
1.045856700293776527e+02
1.093074162136201721e+02
9.163470649015312119e+01
1.129074463807660891e+02
9.510732783868745344e+01
1.145204628533796267e+02
1.268137870668875564e+02
1.131447777595498394e+02
9.228763728361315088e+01
1.061466865516096192e+02
1.051096662904864019e+02
1.159477298626543558e+02
1.110916218977325656e+02
9.340911236725770550e+01
1.235019878146869701e+02
1.090021719161234586e+02
1.159120923605649693e+02
1.183312466770873073e+02
9.224954957032922209e+01
1.081128821092472663e+02
1.098364725075990691e+02
8.901192891813163044e+01
1.370712443819078317e+02
1.084279730078188351e+02
1.013402068535201010e+02
1.099324223140601759e+02
1.067814588366940853e+02
1.072284162301245232e+02
1.173746260348539465e+02
9.633790534382707449e+01
1.074933189465387215e+02
1.157735539119856583e+02
1.125731224386930052e+02
