-5.436002822500398679e+00
-5.388610363238945489e+00
-5.322853641903705579e+00
-5.132217449718485369e+00
-5.463202797051410542e+00
-5.464575715883729146e+00
-5.503896345066353391e+00
-5.481959596459161865e+00
-5.500864566183587101e+00
-5.511635678588420184e+00
-5.508253421279851736e+00
-5.468463444666226358e+00
-5.114362075424399912e+00
-5.128753572448204956e+00
-5.111377554306889337e+00
-5.127434800897871625e+00
-5.143225769904315570e+00
-5.138591101757927326e+00
-5.129002757315804573e+00
-5.130065202958102866e+00
-5.151433780611796465e+00
-5.159947877857467446e+00
-5.131138605749236525e+00
-5.400221212089557632e+00
-5.431313894332220116e+00
-5.476686607535248719e+00
-5.515602683983549248e+00
-5.061119327568126991e+00
-5.412840374437217328e+00
-5.433702781881475374e+00
-5.367790468319932451e+00
-5.330954209992714965e+00
-5.390429323752375268e+00
-5.159217701161976422e+00
-5.429226773497888736e+00
-5.447802467670641136e+00
-5.416428710095637200e+00
-5.121947308201137083e+00
-5.507244137123343819e+00
-5.554479506884598017e+00
-5.725471103294740516e+00
-5.422838541532548184e+00
-5.524786744516343440e+00
-5.700389713640534595e+00
-5.522609741795102778e+00
-5.547485894338814560e+00
-5.479116721703632287e+00
-5.533397246276397397e+00
-5.568612355980683937e+00
-5.716599080169842750e+00
-5.482700241042940625e+00
-5.471607754107708388e+00
-5.539980370433857715e+00
-5.591188904059509746e+00
-5.447688989840602680e+00
-5.482333538402802020e+00
-5.501240947185046970e+00
-5.546245960242728756e+00
-5.584420542440772017e+00
-5.663206632172655297e+00
-5.655812301614473014e+00
-5.749059590779866724e+00
-5.747337749408686136e+00
-5.650089837376677693e+00
-5.644179069738362031e+00
-5.633101059993211202e+00
-5.635287055388401356e+00
-5.645458754856973904e+00
-5.671259256613550015e+00
-5.628592929298666725e+00
-5.673747428969142526e+00
-5.629400924347294222e+00
-5.684497369122178512e+00
-5.621578168603843295e+00
-5.652706530852754874e+00
-5.751657665765741889e+00
-5.641869645196942784e+00
-5.630666088142185721e+00
-5.639946699109584571e+00
-5.653620811030209303e+00
-5.639676248586861007e+00
-5.632828747390465018e+00
-5.635474077560339801e+00
-5.625825771236416806e+00
-5.633935305863293941e+00
-5.658606912196439076e+00
-5.644909734481909247e+00
-5.662179147702462778e+00
-5.651633242510820665e+00
-5.733444597440611190e+00
-5.719261256566436913e+00
-5.736602984225138258e+00
-5.661039934671407536e+00
-5.708624723716668292e+00
-5.704573284464319549e+00
-5.717007957099010440e+00
-5.706628013325384607e+00
-5.689525966619521924e+00
-5.514138455629496782e+00
-5.581872596403836262e+00
-5.537426809189766708e+00
-5.567218643209121076e+00
-5.512274175590718528e+00
-5.546694606785085746e+00
-5.513443568621376301e+00
-5.571271858925712195e+00
-5.634779794169523903e+00
-5.524046023908046443e+00
-5.475515027236799170e+00
-5.516187627884206357e+00
-5.533911152824894764e+00
-5.500203081003321337e+00
-5.482138688100832269e+00
-5.540272005241571485e+00
-5.487203912593785482e+00
-5.544936924496445485e+00
-5.531662295143385144e+00
-5.598928405582881851e+00
-5.551858059344922935e+00
-5.548636116108085936e+00
-5.520412288212495966e+00
-5.540193086772995379e+00
-4.740085836990385104e+00
-4.666709600034422145e+00
-4.614369316590571479e+00
-4.820562007382651615e+00
-4.784770474346066393e+00
-4.744332362366245448e+00
-5.058662010901041839e+00
-5.067190766621497033e+00
-5.038200621647257016e+00
-5.093636320071152745e+00
-4.702208425850082918e+00
-4.692748460173562286e+00
-4.633121996226645223e+00
-4.696070570669423461e+00
-4.769997434068311115e+00
-4.660628516642316477e+00
-4.656065149957124838e+00
-4.631606878147422890e+00
-4.625253039083488282e+00
-4.733913957058283550e+00
-4.634855659810464878e+00
-4.623294455649421764e+00
-4.611947067643872522e+00
-4.719864403534176134e+00
-4.712278903545113806e+00
-4.743523957006075875e+00
-5.497853416773740953e+00
-5.448336342009713285e+00
-5.387329855979714921e+00
-5.513953323072003698e+00
-5.668066329473835374e+00
-5.719234855115838734e+00
-5.598126025624111435e+00
-5.149634226624127287e+00
-5.217494524886506113e+00
-5.238731193979019096e+00
-5.761105546315451242e+00
-5.774912853041959337e+00
-5.780563130127349680e+00
-5.738780524376737802e+00
-5.769272755582083079e+00
-5.543173403899704255e+00
-5.519961824242411552e+00
-5.549062866827474849e+00
-5.526251131405117256e+00
-5.545271629515311496e+00
-5.664778425485940794e+00
-5.733643131934536896e+00
-5.289592781761923490e+00
-5.236189674632561797e+00
-5.277536098282120669e+00
-5.301575174628280429e+00
-5.330869782180796435e+00
-5.517295982480094452e+00
-5.297869139552091156e+00
-5.340991940098402502e+00
-5.349807686128507100e+00
-5.342489992089394235e+00
-5.338466720142638344e+00
-5.308043410138364671e+00
-5.322133539259676915e+00
-5.307765619660545831e+00
-5.316282565818623240e+00
-4.720613268922043915e+00
-4.738414863723430237e+00
-4.716608974890114325e+00
-4.723345536555266122e+00
-4.734975951011710649e+00
-4.730508244524651573e+00
-4.713635389280829813e+00
-4.728262241968719692e+00
-4.739852448568663945e+00
-4.726196824342700609e+00
-4.736780563314245462e+00
-4.699497328268440022e+00
-4.694580587516471226e+00
-4.714745520812012813e+00
-4.691871849268660633e+00
-4.703611445360216692e+00
-4.691471390099263061e+00
-4.688351743379789660e+00
-4.698109945487272121e+00
-5.199428463507620890e+00
-5.127127097268922462e+00
-5.134384903351072893e+00
-5.126154648292396310e+00
-5.159919233483931222e+00
-5.170085947171674690e+00
-5.186974586669873766e+00
-5.151436543589992922e+00
-5.164722615965133379e+00
-5.385562316080835465e+00
-5.342501173188789032e+00
-5.328651022122715020e+00
-5.329922589227193086e+00
-5.285098192406012529e+00
-5.400362456373429154e+00
-5.387611088476411680e+00
-5.324315053329865322e+00
-5.291002952021937489e+00
-5.101544563657616216e+00
-5.264850230968688649e+00
-5.235846178022765862e+00
-5.345323048399548860e+00
-5.303722814049405265e+00
-4.880225311875854288e+00
-4.854935152468409676e+00
-4.856652212564926074e+00
-4.867190069133195962e+00
-4.871145446806342427e+00
-4.779605027644247883e+00
-4.724884039529378299e+00
-4.735457530983771868e+00
-4.878879423102414847e+00
-4.875047974635154269e+00
-4.958234247510575621e+00
-5.266952260915737760e+00
-4.922088524615927163e+00
-5.275172173988541324e+00
-5.282180778977461522e+00
-5.201281405543713987e+00
-5.157937155989746891e+00
-4.910922428402433759e+00
-5.202685543386418310e+00
-4.961614180567528010e+00
-5.344445266986128651e+00
-4.948347680310347663e+00
-4.899362150881655609e+00
-5.316780933931823938e+00
-4.941190932975636940e+00
-4.933602494784804726e+00
-4.961424933421389127e+00
-5.251000391975789938e+00
-5.239099728991853944e+00
-5.251565809141474084e+00
-5.228570211501092579e+00
-5.139370481476214003e+00
-5.257183660034545625e+00
-5.256824443553425930e+00
-5.240053558452551385e+00
-5.242785409671075314e+00
-5.117646530437967911e+00
-5.074589976329813901e+00
-5.136661155775531284e+00
-5.136020996597295607e+00
-5.155536841688139305e+00
-5.123103238477369814e+00
-5.261589120078396853e+00
-5.237252095372772587e+00
-5.109707329906886031e+00
-5.141324352997275859e+00
-5.116980506239576343e+00
-5.562607401738012491e+00
-5.561114671044705915e+00
-5.574879302768150247e+00
-5.564150993957436953e+00
-5.580672375909714766e+00
-5.564870665760921042e+00
-5.550152147420316595e+00
-5.566470112066939535e+00
-4.744578941655883675e+00
-4.751019145031667001e+00
-5.084783810066705989e+00
-4.724133895030960595e+00
-4.698378088833415234e+00
-4.736269206193838954e+00
-4.666620398529663483e+00
-4.703664998431126065e+00
-5.680880275630362242e+00
-5.648382600954533039e+00
-5.512898318953117993e+00
-5.562346942275546269e+00
-5.539857433038195111e+00
-5.512424709267503609e+00
-5.540870014080608641e+00
-5.628527473617205068e+00
-5.690640346364822300e+00
-5.671322527069701636e+00
-5.672323389930545190e+00
-5.632640769851438911e+00
-5.647754704351212851e+00
-5.634976638127989546e+00
-5.639892344975092620e+00
-4.769314999626298679e+00
-4.762169595357559793e+00
-4.734606974590543693e+00
-4.739009937817076690e+00
-4.739986714232381715e+00
-4.725280529584630074e+00
-4.740406312469398920e+00
-4.747469592852379350e+00
-4.786983696902185947e+00
-4.791652277736792698e+00
-4.803438037703124053e+00
-4.783262404067304630e+00
-4.792500799425267743e+00
-4.733431682147625885e+00
-4.752088403323620369e+00
-4.832152400804830883e+00
-4.709430744257765866e+00
-4.823371430021738959e+00
-4.843065631287768902e+00
-4.815449079597158288e+00
-4.816575733294814476e+00
-4.761172331462852014e+00
-4.787312683243677647e+00
-4.809645795933095158e+00
-4.795355094060476553e+00
-4.776030253364037748e+00
-4.802727002426546044e+00
-4.826109229559368607e+00
-4.829262957509680376e+00
-4.809748601186921491e+00
-4.824096819625478538e+00
-4.834308187361377129e+00
-4.803258055263508020e+00
-4.818247869707497522e+00
-4.828590569556646450e+00
-4.834113266479784343e+00
-4.859203031924584693e+00
-5.079881840139568006e+00
-5.087219870355899509e+00
-5.079986494727005031e+00
-5.070891361471578485e+00
-5.075546253348600878e+00
-5.093324189799901980e+00
-5.294362376873026577e+00
-5.291150057316417410e+00
-5.287950319884092920e+00
-5.283792803501255797e+00
-5.290700562080035141e+00
-5.291940860984733597e+00
-5.287047206600979266e+00
-5.288581084201146254e+00
-5.285008843555491609e+00
-5.284573929539271298e+00
