-4.779303327156896763e+00
-4.780632787649404136e+00
-5.284605881026561036e+00
-5.104417308278430987e+00
-4.921248291266426378e+00
-5.139836529068094961e+00
-4.961461096389462533e+00
-5.032767548209066355e+00
-5.051072621871922408e+00
-5.325061284926557725e+00
-5.124849706100784275e+00
-4.268783352907258966e+00
-5.412790622869210644e+00
-5.524377350162514411e+00
-4.830244876779568486e+00
-4.752715852483399672e+00
-4.689202270768983105e+00
-4.790840685594933035e+00
-4.497667096642832263e+00
-4.661385013069537564e+00
-4.610923315881641393e+00
-5.101573658304127790e+00
-4.410178703863220306e+00
-5.540343543067597132e+00
-5.591481302850071167e+00
-5.104570647721373255e+00
-5.750442989160877261e+00
-5.330440237932717373e+00
-5.145247866887350696e+00
-5.310489432709017521e+00
-5.092884187162710852e+00
-5.135915860455638082e+00
-5.262769173425100533e+00
-4.449370226058236177e+00
-5.344207259686974965e+00
-4.247211793357461573e+00
-4.618602663791369523e+00
-4.942595183389718372e+00
-5.620301641853746588e+00
-5.676092922816475372e+00
-3.513074996745604750e+00
-5.099204273200471427e+00
-5.883837659594307823e+00
-5.159926276508234544e+00
-5.787078887630080715e+00
-5.961914267527237854e+00
-5.866831102572774626e+00
-5.460617713247499339e+00
-5.473049682909012503e+00
-3.865230208841026194e+00
-5.148932089258837053e+00
-4.674311441527405186e+00
-4.443366405488260007e+00
-5.800653902004865081e+00
-3.853444807779871084e+00
-4.686136505409893793e+00
-5.589592523860522633e+00
-5.288693044937559762e+00
-5.035571857926880668e+00
-5.023778209990627630e+00
-5.024078873893881969e+00
-5.802091130342939884e+00
-5.695962899601380691e+00
-5.530384803807061544e+00
-5.415484547656265413e+00
-5.370557635265562624e+00
-5.451642295563419616e+00
-4.756529439759562550e+00
-5.217899876674984228e+00
-5.558508019226554353e+00
-5.682493822141853279e+00
-5.510787761237975424e+00
-5.144533412539533224e+00
-5.293982107616500343e+00
-4.480686580016318032e+00
-5.417805209695604418e+00
-5.263244517492562835e+00
-5.583480147949525296e+00
-5.934770230321219309e+00
-5.822375482310143013e+00
-4.961904295016689836e+00
-5.068968112374155233e+00
-4.536362162110627594e+00
-5.372011977049911735e+00
-5.533893495007178309e+00
-4.946712001883295962e+00
-3.284863855191064275e+00
-5.744002368207707043e+00
-5.379324525266388157e+00
-5.784781535480565395e+00
-5.271712183143014485e+00
-4.587212230697945259e+00
-4.692584982077003808e+00
-5.473000773335940039e+00
-4.743484113682250758e+00
-4.691593737286287258e+00
-5.758298318641120517e+00
-5.045038727894482378e+00
-4.739490067450924826e+00
-4.496995640436096231e+00
-5.468436851265031429e+00
-4.596074127842545209e+00
-5.144124145837921880e+00
-5.520656302696270501e+00
-5.074376866565104116e+00
-5.507344707530756445e+00
-5.610327769216591598e+00
-5.002131685604616074e+00
-5.444944608970337718e+00
-5.801503861408972895e+00
-4.727399679850419645e+00
-5.263755764037987284e+00
-4.907473616312421960e+00
-5.824164387291392408e+00
-5.196996327603542021e+00
-5.246562587260977573e+00
-5.179158553055475345e+00
-4.862204539569573214e+00
-4.761046091825575033e+00
-5.840268261434680142e+00
-5.553521304682383253e+00
-5.306682141457497615e+00
-4.993970373796273066e+00
-5.877653521615114229e+00
-5.777398539630058671e+00
-4.754275458156705270e+00
-4.755997778171829893e+00
-5.797838675898694838e+00
-5.289310726094255344e+00
-6.053365826383681814e+00
-5.263531676918780988e+00
-4.953838826727969824e+00
-5.573774869203693250e+00
-5.533620358989737475e+00
-4.850398042481498528e+00
-4.625381532527215178e+00
-5.727400023545213159e+00
-5.822310062342893389e+00
-5.317619700520535453e+00
-4.681832460511837546e+00
-4.831603794256393414e+00
-4.845222574429540074e+00
-5.687289866276611150e+00
-5.125306710731082127e+00
-5.643199778307264047e+00
-4.968758935576032876e+00
-5.567839086259617432e+00
-5.389151027358940915e+00
-4.844116259268719915e+00
-4.782666350383493636e+00
-5.424142912566283670e+00
-5.685174212155628126e+00
-5.498439086360065176e+00
-4.948343206886334222e+00
-4.086643571337475578e+00
-5.319591467852616162e+00
-4.782642871485638381e+00
-4.971810599827983346e+00
-6.002837977456646712e+00
-5.960515838940490418e+00
-4.850002664403086250e+00
-5.286529172755450645e+00
-5.101696890044553179e+00
-4.791535205258320218e+00
-5.658445252783552704e+00
-4.728321643997875690e+00
-4.847117367659795839e+00
-4.320456531122468746e+00
-4.725181315167237273e+00
-5.827679613955148774e+00
-3.909385864885962292e+00
-5.248890369744671602e+00
-5.312060373333617136e+00
-5.606518064301680759e+00
-4.557254302269379664e+00
-5.674350323819312258e+00
-5.802514676271192329e+00
-5.046053196429196142e+00
-3.489891124213989393e+00
-5.813444169259069483e+00
-5.017939716079611756e+00
-4.530116449822816804e+00
-5.060859807069374661e+00
-5.216274046542926257e+00
-5.909227593571148240e+00
-4.996130030206321848e+00
-4.728140946054466554e+00
-5.512419430852692592e+00
-5.204220728125585005e+00
-4.804964996139146294e+00
-5.692482907863340102e+00
-5.622135206190898238e+00
-5.560172281972915798e+00
-5.311701351825596440e+00
-5.674037166257296150e+00
-5.615339828421320512e+00
-4.661717424945693189e+00
-5.173563536970805288e+00
-4.927165808020976812e+00
-5.327166044930947919e+00
-5.153286149804376493e+00
-5.509754633004176227e+00
-3.702840887998603669e+00
-4.686279487661424881e+00
-5.929628074684639927e+00
-4.597587038264735249e+00
-5.493692610712941793e+00
-5.652719013141219051e+00
-5.819003098195577373e+00
-5.473972151576184331e+00
-5.994795894184408169e+00
-5.141480038316251111e+00
-5.762999281396030682e+00
-5.732869028272796541e+00
-4.612080879090987295e+00
-5.483532713213644882e+00
-4.772887267383133292e+00
-5.644125311293922032e+00
-4.591967512124219830e+00
-5.479129832034579373e+00
-3.777710876804479145e+00
-5.556131442304341306e+00
-5.301162221357772708e+00
-5.654134077304323824e+00
-5.403002512768556365e+00
-5.526430019279565009e+00
-5.741995710767027639e+00
-5.532695985940038419e+00
-5.737303596294624164e+00
-4.009115527607400864e+00
-4.939736430978342696e+00
-5.593784618645709195e+00
-5.181375456273091373e+00
-5.302153913063683888e+00
-5.273410264261959135e+00
-5.691912179660120863e+00
-5.158745724891947937e+00
-4.723921287912411948e+00
-5.635814540717163368e+00
-5.438279275136833846e+00
-5.342573631918606125e+00
-5.051014215253657014e+00
-3.641294356185360570e+00
-5.313898695939414552e+00
-4.878074142616192432e+00
-5.862755521780105283e+00
-4.821146642060750054e+00
-5.927782960729859774e+00
-5.726041320132289947e+00
-4.911619996274279032e+00
-5.473696288039125335e+00
-5.648693461598427668e+00
-5.443307940123198740e+00
-5.644209071018656765e+00
-5.302603313402936891e+00
-5.258317775354368173e+00
-4.687065043583690915e+00
-5.396914677450682873e+00
-5.790025706588799892e+00
-5.352297800018103402e+00
-5.404887605491444980e+00
-5.601258860548942842e+00
-5.848778920754825528e+00
-4.940104060148412302e+00
-5.081124735491363786e+00
-5.384781960189446437e+00
-5.184347670777004424e+00
-5.258365927641980520e+00
-5.409826638069064941e+00
-5.002286574844936773e+00
-4.998030616349216970e+00
-4.539523861508391711e+00
-5.545233181060440053e+00
-3.873150165552193602e+00
-5.814603486809174271e+00
-5.395236785057762496e+00
-5.641376629239967855e+00
-5.127308184061828200e+00
-5.101174223298180266e+00
-5.156467500810451021e+00
-4.722872899398695701e+00
-5.950605213598954002e+00
-5.657126483476070611e+00
-4.742665903477918832e+00
-5.728929956229984910e+00
-4.668354243044033680e+00
-4.818839548140124052e+00
-5.191894050460923893e+00
-5.674347261211694082e+00
-5.786845379103166209e+00
-5.880363693851137441e+00
-4.563155796888608506e+00
-4.799022580268180072e+00
-4.502236479377290657e+00
-5.411626360341666775e+00
-5.723668413421076018e+00
-5.826014128427020822e+00
-4.607485082686841871e+00
-5.773364712360968376e+00
-5.809929681489941267e+00
-4.942750353668730057e+00
-4.549616202863240311e+00
-5.548782822001322224e+00
-5.356792628836397618e+00
-5.268261089439443268e+00
-4.783190864390256536e+00
-5.375287208212686352e+00
-4.416596745173201555e+00
-5.461220252127043651e+00
-5.813288316725540028e+00
-4.821260847206844780e+00
-5.695572104462409690e+00
-5.517564172943570711e+00
-5.347537279030044388e+00
-5.459647767041287736e+00
-5.555858759697738236e+00
-5.332287255711089635e+00
-5.711488379071128385e+00
-4.746220593873648141e+00
-5.795777558983598254e+00
-4.868918991236371951e+00
-4.828423320855325329e+00
-5.759351423968228190e+00
-4.627099648305566859e+00
-5.273985218411565867e+00
-5.460767231641885822e+00
-4.919992234547120979e+00
-5.692959104406821957e+00
-5.684265535234910516e+00
-5.346549963002847683e+00
-5.849928831823047126e+00
-5.641093331307401648e+00
-5.787303145932645165e+00
-4.530422410194680616e+00
-5.033611808035002966e+00
-5.591257794736585574e+00
-5.407178231689652392e+00
-5.879885853730562495e+00
-5.645014729112815210e+00
-5.803827768019415245e+00
-5.673264990298230614e+00
-5.525526170272523352e+00
-5.751266279517442293e+00
-4.648246610185193362e+00
-5.205305763325824842e+00
-5.218634031931331130e+00
-5.080310415885983311e+00
-5.671529546309915126e+00
-5.512703335252711057e+00
-5.663681411635272056e+00
-5.530737094038851609e+00
-5.726686384487662096e+00
-5.883785748467101229e+00
-5.277164006114205996e+00
-5.617567742080307625e+00
-5.343491533499372004e+00
-5.631428614888924322e+00
-5.289111752242165565e+00
-5.715746506228023271e+00
-5.761216757590100990e+00
-5.020019539281652676e+00
-5.765700404077531260e+00
-5.800620055825050692e+00
-5.099541687086717623e+00
-5.124792382706115035e+00
-5.382206403309148790e+00
-4.555443983054566992e+00
-5.307349621111255189e+00
-4.689179432130923253e+00
-5.255895374671938569e+00
-5.006029014612140671e+00
-4.865507398901152136e+00
-5.695858106881519944e+00
-5.730620702660946364e+00
-5.363084854196586093e+00
-4.046704859440393598e+00
-5.980650988751460062e+00
-5.355401682603551095e+00
-5.461798877543677655e+00
-3.917665680992562294e+00
-5.404962671376742911e+00
-5.775463321971960440e+00
-5.875649408065000578e+00
-4.761872324677876911e+00
-5.701983212833629189e+00
-3.353039891881368195e+00
-5.449556738948339252e+00
-4.772052285450699927e+00
-4.527818971793749370e+00
-5.773450426790780021e+00
-4.920910101524821556e+00
-5.628676592492616315e+00
-5.865230639991080075e+00
-5.310413943213903920e+00
-4.721549113613902726e+00
-5.464116847404601351e+00
-4.668110325902840252e+00
-4.681148209029634799e+00
-4.875094805564783584e+00
-4.986226544239236169e+00
-5.356113325715752715e+00
-4.949516587807756274e+00
-5.613780604565278054e+00
-5.095167941944223955e+00
-5.219709112242339799e+00
-5.709227711924431681e+00
-5.833081472791231015e+00
-4.337166492673689255e+00
-5.677936824848843322e+00
-5.623788208566686819e+00
-4.520082025515229418e+00
-5.189982903028400152e+00
-5.013932327462452321e+00
-4.574897943007266932e+00
-4.886774320879411881e+00
-5.329657960824627949e+00
-4.634992966385163449e+00
-5.511932174242822668e+00
-5.405810693746802897e+00
-4.629912784675012105e+00
-5.509214843554766539e+00
-5.384471416356499951e+00
-5.092897051921307039e+00
-5.407512342878377787e+00
-4.930643574241678984e+00
-5.167652748816110808e+00
-5.619342075657375979e+00
-5.451588009299642934e+00
-5.842042113160232475e+00
-4.735085972149364331e+00
-4.981981193279406028e+00
-5.915702252489916546e+00
-5.527229954243271237e+00
-3.817569313482350069e+00
-5.336237867688987890e+00
-5.889608748465077426e+00
-5.025926167098943687e+00
-4.629244816599952905e+00
-5.649216188489055490e+00
-4.588839271171396561e+00
-5.733593575303794765e+00
-5.824227281496199282e+00
-5.858941462626723329e+00
-5.641338213825155989e+00
-5.157415467857674685e+00
-5.195084959009846237e+00
-5.914259826833077938e+00
-5.421769607264444346e+00
-4.738905651690176413e+00
-5.160163662951263497e+00
-4.838071037230382565e+00
-4.997587980039253530e+00
-5.846897756282630532e+00
-4.200740079911880365e+00
-5.118408109927260696e+00
-4.865001755163421926e+00
-5.804872362051992418e+00
-5.979430563383040464e+00
-6.721924785206342179e+00
-4.969908479517277655e+00
-5.336914566076536026e+00
-4.804106816317643691e+00
-7.107213179594943142e+00
-5.129095537262316817e+00
-4.911825270539216248e+00
-4.683543237620033217e+00
-4.916988727389985492e+00
-4.997597528098005171e+00
-5.312787880858806489e+00
-5.401979090635144587e+00
-4.713215182585977381e+00
-5.510871832612559196e+00
-5.804868670408735554e+00
-4.083778707161097365e+00
-5.725221672199292122e+00
-4.978531075884373713e+00
-4.603699625703933762e+00
-5.427536047629071270e+00
-5.540343625213306922e+00
-5.310134732416791792e+00
-6.580434363881677129e+00
-5.819291456714831945e+00
-5.656418243805230617e+00
-4.875433959188010924e+00
-4.440934626859567302e+00
-5.510889446515573553e+00
-5.319009208937080402e+00
-6.144619494372492774e+00
-4.440936262499656451e+00
-5.022385505345948076e+00
-4.644462172207776796e+00
-5.337158950961740089e+00
-4.856624025921423282e+00
-6.721924824733189752e+00
-5.171625811023869979e+00
-5.837922856883518641e+00
-5.129922074831836376e+00
-4.246985442824747103e+00
-4.610019690849136431e+00
-4.311196990547279562e+00
-4.458749637862791104e+00
-4.968864622817646293e+00
-5.630655501168178034e+00
-5.540345152885725710e+00
-5.835313274496561675e+00
-5.401980770286497702e+00
-6.245779291273295897e+00
-4.524801064129052364e+00
-6.040320418036478678e+00
-5.540344695926202156e+00
-4.456228371079836492e+00
-5.657377257004155169e+00
-4.886425935628508910e+00
-4.682329205774655279e+00
-5.982959077281785554e+00
-5.355086855804716883e+00
-4.928116986772852037e+00
-5.748810401100076461e+00
-5.337159480180144300e+00
-4.713080394617316315e+00
-4.968859408288187396e+00
-5.190399265256563588e+00
-5.147281051188419276e+00
-4.619729156358592270e+00
-4.863352834100096445e+00
-5.804868484673556317e+00
-5.837925487372496391e+00
-7.107207666626865539e+00
-4.949178411215912732e+00
-3.716272214924084771e+00
-5.543337746578544056e+00
-4.246987770651377225e+00
-4.997950731739238428e+00
-5.561986345924177400e+00
-3.672701635697762867e+00
-6.191699096421962700e+00
-4.448215840158658452e+00
-4.947454164060363979e+00
-4.805723362205126747e+00
-5.459390253754539124e+00
-4.849661672674877799e+00
-6.191704134572936447e+00
-4.864986532853661672e+00
-4.864990048191786265e+00
-5.628317791332355213e+00
-4.807417512832352635e+00
-5.339552082762786256e+00
-5.807461514923787149e+00
-5.964883437214274942e+00
-5.645459750878719873e+00
-5.238235990705571332e+00
-5.129893858880260282e+00
-4.832575598572607767e+00
-4.917523858347944810e+00
-5.401983911469547373e+00
-5.147306093443725139e+00
-4.977313759865131360e+00
-5.982953585314482403e+00
-6.245779909996827861e+00
-5.764203544104654853e+00
-6.129312175102015203e+00
-5.111031419458678116e+00
-5.685314045757596801e+00
-4.954110644229874794e+00
-6.129313310939022763e+00
-4.953707320982840834e+00
-5.259255327595070639e+00
-5.421779799080625573e+00
-4.804106929260406389e+00
-4.271911395059467154e+00
-6.773567810456975202e+00
-6.183788041588431206e+00
-4.906316817219510185e+00
-5.835316007522370896e+00
-5.802503879013242383e+00
-4.986286088651707082e+00
-5.078881316416163472e+00
-5.368438537006474220e+00
-5.448803087349448404e+00
-4.997611904025387908e+00
-5.768172761637607060e+00
-3.032308471943282235e+00
-4.863349479262248032e+00
-5.500868257329044830e+00
-4.458819893963559267e+00
-5.500473020012650593e+00
-4.718583259904052696e+00
-5.758021294959987380e+00
-5.173035650001231112e+00
-5.028688251715228930e+00
-5.401992076709424495e+00
-4.805672841485005620e+00
-4.683628270380226333e+00
-5.452293440090298482e+00
-4.864982433405823592e+00
-5.259256039487728351e+00
-5.682572503955184651e+00
-4.861465964896260594e+00
-5.824056562703845863e+00
-6.721918958300142855e+00
-5.628317831525779802e+00
-4.990644047436825659e+00
-5.180055636099145211e+00
-4.787041459813504041e+00
-5.747377865609410996e+00
-6.373174000111528237e+00
-5.837927462901353337e+00
-4.949182917379712165e+00
-5.628318209173180264e+00
-6.173154943531550032e+00
-5.824091994449809739e+00
-5.819291966609637434e+00
-4.838152345078309935e+00
-5.049370601530785763e+00
-5.336743719764332816e+00
-5.758021905112695293e+00
-4.456235655913483917e+00
-5.190388723537207483e+00
-4.676619430572597658e+00
-5.401980084347599131e+00
-4.940714136221329156e+00
-4.815751933221108949e+00
-4.997581506653951067e+00
-5.580671080721118393e+00
-5.142994201081855010e+00
-5.400228096088278029e+00
-5.764432166954316372e+00
-5.487080039416342814e+00
-5.425409226568697285e+00
-5.789169527468382981e+00
-4.942154437680698287e+00
-6.272799708780233630e+00
-5.171753467725348052e+00
-5.857784200008233633e+00
-6.191711575406452894e+00
-5.797459789152386023e+00
-4.949177656886292631e+00
-5.147286002154804585e+00
-5.754424107908643116e+00
-5.529855240930429794e+00
-5.629845701692762994e+00
-4.752605389595409235e+00
-5.754423959260562604e+00
-4.825128736135619434e+00
-4.393442402089243970e+00
-5.434658824181766157e+00
-4.579985696044019505e+00
-5.049409366316765180e+00
-5.336660974623727682e+00
-4.480729473651313910e+00
-5.452211984195254324e+00
-5.156482051092258878e+00
-5.152727431222506205e+00
-5.758019878146673598e+00
-4.905890075574980358e+00
-4.432129525878933052e+00
-4.083776940206472972e+00
-5.190393308132890127e+00
-6.183784331805534329e+00
-5.846903965712674456e+00
-2.942300238388179778e+00
-5.137390304909563277e+00
-5.644040675673688057e+00
-5.337162779227957010e+00
-5.580669051517027413e+00
-5.012807945101187101e+00
-4.517149015687004443e+00
-6.245760011176617610e+00
-5.626698818379264111e+00
-6.164783369105403033e+00
-4.775104339255834773e+00
-5.003126382070664846e+00
-6.384104457925907639e+00
-5.804871352924469541e+00
-4.953698436759576218e+00
-5.129929411170824238e+00
-5.111031444702829774e+00
-4.906464606077323154e+00
-4.870901252076078158e+00
-3.800245927755507847e+00
-6.052579683298103141e+00
-4.619821370879920508e+00
-5.597024319183029561e+00
-5.552486604584729868e+00
-5.452275043591409798e+00
-5.815121879566405916e+00
-5.805592207623323731e+00
-6.519084982174552678e+00
-5.370887961502280206e+00
-4.886400959476746131e+00
-5.003500645053256868e+00
-6.589336772397064834e+00
-5.634831896441806265e+00
-6.129303692487573230e+00
-5.572182948033503003e+00
-5.377913054410342397e+00
-5.127784117752309356e+00
-4.805695709569185681e+00
-4.985964777483037125e+00
-6.943638742995370983e+00
-5.259256688008933089e+00
-4.230488374871930191e+00
-4.952815622506926196e+00
-3.479098984508592007e+00
-6.129302429000186514e+00
-5.401986682247356342e+00
-5.190402502267396301e+00
-5.135964707815699803e+00
-4.887740275443644755e+00
-5.510895016702320959e+00
-5.597643083713919054e+00
-5.846900758106881035e+00
-4.949177373248489609e+00
-4.984140748244446861e+00
-5.876245529128913958e+00
-5.826362707528740081e+00
-5.871999177782259771e+00
-5.871999447461958788e+00
-5.692134910929018687e+00
-5.388148878661098706e+00
-4.812323470439974216e+00
-5.156623833962948211e+00
-4.676630432371753798e+00
-6.183786085691048484e+00
-5.438686178722567099e+00
-5.540346138200094472e+00
-5.685315314753628613e+00
-5.104726077005873996e+00
-5.283067563763188978e+00
-5.104031612547672125e+00
-6.749021776388777205e+00
-5.302114202088627160e+00
-5.758019136023182050e+00
-5.707030877237204258e+00
-4.509626203764235619e+00
-4.516685729165378582e+00
-5.758021791341856321e+00
-4.458569072937409672e+00
-5.041424282730059936e+00
-5.536159947110267154e+00
-5.764260017465260511e+00
-5.142992216136282657e+00
-4.529788251111550146e+00
-4.259003128464084575e+00
-5.346894956728651671e+00
-4.646178508202639890e+00
-4.937046051101723343e+00
-5.536056341630891886e+00
-5.523045669131848356e+00
-4.080695770418009793e+00
-4.610811806299649263e+00
-3.633493212215880064e+00
-4.971914076517040648e+00
-4.056393481532009737e+00
-4.584127381851388350e+00
-4.327867170254424245e+00
-5.013168738251705392e+00
-3.866152198224749093e+00
-4.310745360234833790e+00
-5.558728745584312847e+00
-4.775476423994478914e+00
-6.200546401421566323e+00
-6.176910796765245237e+00
-3.974562195195451508e+00
-5.251036915176643838e+00
-5.565772006618167289e+00
-4.531501770644290161e+00
-5.102417703793477699e+00
-4.240936766161093274e+00
-5.619917722993847953e+00
-4.473832256189443690e+00
-5.110260012649855632e+00
-3.850987770562174006e+00
-5.035975704448257595e+00
-4.136382963856915396e+00
-4.439574483482397582e+00
-3.784265250970832994e+00
-6.010347176070215625e+00
-5.125628448092573564e+00
-5.410112341729877983e+00
-5.443168801857079409e+00
-4.619151930305219977e+00
-3.964443103343302077e+00
-5.910715909492536113e+00
-5.738480487550495113e+00
-5.874473257837574458e+00
-5.022862078278377496e+00
-5.696729230215381357e+00
-4.602005414138658601e+00
-5.411495488905861961e+00
-6.096080965508691385e+00
-4.150294492561915405e+00
-5.059514887908115988e+00
-4.933918202355584093e+00
-4.168485508933429173e+00
-4.222778776258246047e+00
-3.948504718971921790e+00
-4.957198448151040715e+00
-4.439769968145665047e+00
-5.064874733862527734e+00
-6.029295488043945106e+00
-5.638642275325342901e+00
-5.493823042707879800e+00
-5.747280786990656587e+00
-6.018343468862523693e+00
-5.508577604625313207e+00
-5.207177851237891453e+00
-5.508574318715307783e+00
-5.362928748505178866e+00
-5.527199194061492626e+00
-5.363101734175264035e+00
-5.890099780815536867e+00
-5.362643975060959356e+00
-5.693335179333942619e+00
-5.658403377457200456e+00
-4.579523278102105799e+00
-6.018522083787791743e+00
-5.627170635199270521e+00
-5.447429398490424290e+00
-5.613909570540162264e+00
-5.458435874488511530e+00
-3.438469123351608481e+00
-4.579557178668314243e+00
-5.607568226622404950e+00
-5.494079502807032611e+00
-5.647983085332461961e+00
-5.746429759804508208e+00
-5.818458301538236732e+00
-5.707776656275116878e+00
-5.206279471641870771e+00
-4.746372935238301061e+00
-5.853858397014039205e+00
-5.693578447217349847e+00
-5.445174506897672906e+00
-5.391315152786098075e+00
-5.545718310332632406e+00
-5.627433386039472296e+00
-3.877585136566806145e+00
-3.537738588432271847e+00
-5.335595789253813948e+00
-5.123936350944156892e+00
-5.745466507762357011e+00
-5.745766769437943289e+00
-5.829950503536548645e+00
-4.707953404172092959e+00
-4.552633959220329984e+00
-5.641422296001411318e+00
-3.407944493476907422e+00
-5.729820298613151230e+00
-5.891109496237050713e+00
-5.166121300834967123e+00
-5.693979273708110966e+00
-5.889714601126584625e+00
-5.583173765851100256e+00
-5.360037421080209086e+00
-5.155849313120362432e+00
-5.494102827371873055e+00
-4.983712582674388436e+00
-5.853902059165902116e+00
-5.256205074324022064e+00
-5.770115927775857578e+00
-5.713715523760203752e+00
-5.608511331511070175e+00
-6.029099578460066056e+00
-5.624206885713184612e+00
-4.754519334917589823e+00
-6.181420423643535500e+00
-5.622884598627568842e+00
-5.746726563920778297e+00
-4.552863595977489020e+00
-5.526730783148767756e+00
-2.700732325643292686e+00
-5.391389106683295296e+00
-5.545655399510602379e+00
-4.579680834762310582e+00
-5.699445673734170548e+00
-5.969975295399886583e+00
-4.072732617429636548e+00
-5.544208312150887608e+00
-5.818455078217153797e+00
-5.676990332811072903e+00
-5.162007363361363232e+00
-5.188861322701549206e+00
-5.828778991714759883e+00
-5.884604055848633664e+00
-5.677722108062001283e+00
-5.746352372251928742e+00
-5.693899676940834098e+00
-5.745285283278960264e+00
-5.646150484039933026e+00
-4.578475372012438704e+00
-5.824864220917552515e+00
-5.009755654380338541e+00
-5.577669089130668389e+00
-5.349369987195260023e+00
-5.527162172054717715e+00
-4.098477517565562778e+00
-5.578958513720110091e+00
-4.771896962410528964e+00
-5.545336187195473165e+00
-5.979325632437254789e+00
-5.250427210071058504e+00
-5.038963517034571460e+00
-4.552520471381117595e+00
-4.924273905833322473e+00
-5.360073055802112130e+00
-5.744813075609442876e+00
-5.526718412769684008e+00
-5.828833103440662633e+00
-5.216387784258082583e+00
-4.578450778787354736e+00
-5.647029254221116901e+00
-5.526350522867806703e+00
-5.362832606999682561e+00
-4.990992386357938848e+00
-5.539385509820986542e+00
-5.969809508123822717e+00
-5.335044277559609860e+00
-5.508586015501463429e+00
-5.256210199788914572e+00
-4.579498806179517878e+00
-5.517552835716157844e+00
-5.483826222388710647e+00
-5.607384955979612506e+00
-4.924545292976287847e+00
-5.818668289703206931e+00
-5.528525231636753468e+00
-5.853975993603262928e+00
-5.677033749090829140e+00
-4.927274605495411741e+00
-5.665370227634663358e+00
-5.771398257303346213e+00
-5.362519689935608902e+00
-5.825205034460145370e+00
-5.679300008385495424e+00
-2.865729978844593351e+00
-5.745368549996641150e+00
-5.448132801631862421e+00
-5.517495835625400247e+00
-5.854143990023522370e+00
-4.771755655228762549e+00
-5.607978020032047262e+00
-5.679843359066681252e+00
-5.647310949584327666e+00
-2.863464013281214360e+00
-4.211157932199658838e+00
-5.392116765054317362e+00
-4.552786464202314143e+00
-5.248667980356163554e+00
-4.927413293278142703e+00
-4.701819734006772222e+00
-5.391929282799168277e+00
-5.607040406193618765e+00
-5.494616301682371251e+00
-5.830873700289067152e+00
-6.028591271242883742e+00
-5.517452392040560483e+00
-6.018425020760157729e+00
-4.942982488420746279e+00
-5.212789895618376690e+00
-3.451976857093000284e+00
-5.712662843614001673e+00
-5.446858874993433020e+00
-5.824772497633280643e+00
-5.686628110161219496e+00
-5.517548897021462118e+00
-5.853885360315574715e+00
-5.678865389149646781e+00
-5.884687820986678197e+00
-5.746413176510544396e+00
-4.772392779620919789e+00
-5.545958396473849916e+00
-5.641262219653704335e+00
-5.992057047012653292e+00
-2.272139606872403683e-01
-1.759468029185712989e+00
-9.682311599273751845e-02
-1.759468029185712989e+00
-1.431896529942873197e-01
-1.851857774437227766e-01
-1.759468029185712989e+00
-2.174752410337903008e+00
-1.128460582993045802e-01
-1.330372600100800939e-01
-1.505979228081887888e-01
-3.481785963222177038e-01
-3.529770845947375890e-01
-2.735858024285545143e-01
-2.793183659654433493e-01
-2.181306162483279465e+00
-1.426053254823187733e-01
-1.759468029185712989e+00
-2.533082890998279990e-01
-2.237409794042695688e-01
-9.871300769751005511e-02
-1.759468029185712989e+00
-1.762380202309480892e-01
-2.885369049943093955e-01
-1.759468029185712989e+00
-3.620988925099533073e-01
-1.933497349964052314e-01
-2.844650041465645041e-01
-2.144603797074095652e+00
-1.875540395934276461e-01
-2.718581267674570756e-01
-2.761581950994668744e-01
-2.166855446335033797e+00
-1.684136411517170029e-01
-1.250045725535925689e-01
-2.526751946150309180e+00
-4.023378723713178395e+00
-4.543955063970464892e+00
-3.347415661591478742e+00
-2.180829486072491719e+00
-3.992384324239145243e+00
-2.401168193628395287e+00
-4.360546330596160480e+00
-2.004291543586051105e+00
-4.273239758687085832e+00
-2.345852825179895795e+00
-4.734497067646420199e+00
-3.722614984462029319e+00
-2.300451146737876318e+00
-4.161179037168683870e+00
-4.298312206887126230e+00
-4.678812105410712796e+00
-4.759134275045728835e+00
-4.446040569428709510e+00
-2.377807831103690539e+00
-4.288837841929571404e+00
-4.425477152147125004e+00
-4.650493444162748347e+00
-4.652487592994575039e+00
-4.018126852397334581e+00
-3.199823442798604756e+00
-4.662091474402386027e+00
-4.503022384340702899e+00
-4.490292015839869144e+00
-5.228657523587133760e+00
-4.472297116124448912e+00
-2.786057697069401318e+00
-5.099733904506791760e+00
-4.841895151663631047e+00
-5.258436960386307923e+00
-3.518620253194592262e+00
-2.863957022579304734e+00
-5.306760721205497688e+00
-4.384609621443188665e+00
-5.220121344853644985e+00
-3.254970063140817604e+00
-3.525189046099371559e+00
-3.116683090713001647e+00
-3.489533152990885956e+00
-5.343709255195674857e+00
-3.068594975116557322e+00
-2.798337834891260201e+00
-4.935706628096295567e+00
-4.503764898490272728e+00
-3.793007287026350483e+00
-4.650653196124472366e+00
-4.351205193481702871e+00
-4.302082739480348472e+00
-4.147737564000543387e+00
-4.216556897450227659e+00
-4.144656568170010047e+00
-4.233970496796781724e+00
-4.658228234125017408e+00
-4.248151960618393730e+00
-4.204670824352032987e+00
-4.241009232651022920e+00
-4.310464033054008048e+00
-7.283001438991842935e-01
1.342681539604789442e+01
-4.144957929639426775e-01
-7.542392479553580165e-01
-2.326706461515430480e+00
-3.144384989560429777e-01
-1.255410414728517499e-01
-2.541742053501944154e-01
-1.389077928400993089e+00
-5.176987851626845272e-01
-3.646202510623416937e-01
-3.428712417853879701e-01
-3.275193483128151950e+00
-7.301936937864396127e-01
-7.491696119364829043e-01
-2.647017603991312917e+00
-6.792570581798757168e+00
-6.318957065963436426e-01
-4.473601136827149438e-01
-2.608041116064783616e+00
-3.291432104441328610e-01
-7.480432533427304520e+00
-4.841614963569341179e-01
-3.539754256399373578e+00
-3.564138892835971295e-01
-3.967176402348670194e+00
-4.906494779275418772e-01
-8.565835999306924409e-01
-6.335322693096943070e-01
-2.629753091463516324e+00
-3.453080869758297644e-01
-6.660788325701310075e-01
-5.064246770423815214e+00
-4.324154436362676046e-01
-5.595312346757018718e-01
-2.769811157894363496e-01
-1.392964940079426173e+00
-4.178775996380291180e-01
-4.957298477486284938e+00
-3.397202568207728368e-01
-4.987788845880694488e+00
-2.439498309677374355e+00
-6.287081149879235609e-01
-6.919251978473992537e-01
-6.363362546161018818e-01
-2.942574006028895739e-01
-2.933616377527343277e-01
-4.873816765107307214e-01
-9.554720405682886053e-01
-1.912818971379879329e-01
-5.028120356885943387e+00
-4.778877919664557439e+00
-4.539582387032634059e-01
-3.148868671872301905e-01
-4.533685453133085907e+00
-3.517801154225462246e-01
-3.563164306771883783e-01
-2.537487161693571469e+00
-3.250755586082480164e+00
-1.693249876264082410e-01
-5.325376789622028317e-01
-6.084603305226243819e-01
-5.001160097229868651e-01
-8.664506879481896462e+00
-2.103993710761985492e-01
-6.677451988198955801e-01
-1.530073933942633080e-01
-1.406803483758012785e+00
-7.060609936234749640e-01
-4.122754083890706744e-01
-3.344710225274389881e-01
-4.664839652452618779e+00
-3.292217408638815623e-01
-1.217431029444286938e+00
-3.359270785633439615e+00
-1.211175820901795763e+00
-1.147995173303107519e+00
-3.345981451142716612e+00
-1.580976672152325957e+00
-1.387352346085077848e+00
-8.650886316260104625e-01
-2.823538964505806881e+00
-1.749495601228124642e+00
-3.650613906430849820e+00
-5.079177446997793055e+00
-2.094954747178360499e+00
-2.544329434673695545e+00
-1.448569955843996171e+00
-2.180167002179289604e+00
-3.626382297866207693e+00
-1.931454510233429289e+00
-2.051778888795340983e+00
-2.156068148627831693e+00
-2.675376607488817005e+00
-1.700807617873824951e+00
-3.508731822961304925e+00
-4.900634074474258028e+00
-1.452007988411723849e+00
-3.266567966861339212e+00
-4.259180250253658429e+00
-4.128057199693310864e+00
-1.995633040919197132e+00
-3.664450186398426457e+00
-2.791604901982845721e+00
-1.364593633854107591e+00
-1.312891030747026289e+00
-1.363875644065049686e+00
-4.543568824309307530e+00
-3.974511598821906855e+00
-4.034334230360554940e+00
-1.657767861878046922e+00
-1.808833679907298819e+00
-1.574413648053796466e+00
-4.012435398363195738e+00
-1.379789962898721134e+00
-3.618529338844046261e+00
-4.898031338132896373e+00
-3.361193823767777200e+00
-1.709635257184231261e+00
-3.695761328595317696e+00
-4.850615880482674669e+00
-1.563592774110386552e+00
-3.387714602367839944e+00
-1.561989484822537300e+00
-1.509638667045253069e+00
-3.884090737639139590e+00
-2.094477415056076541e+00
-4.084094364235310692e+00
-3.432377699443206698e+00
-2.588638559944301587e+00
-2.375810265641140617e+00
-3.215281976752967452e+00
-1.972715270671866916e+00
-2.194190849069691751e+00
-1.507615168865164890e+00
-2.352388933158744422e+00
-2.466861599637395930e+00
-2.491704268784654452e+00
-1.711019726465862201e+00
-2.059620420143469577e+00
-1.075116907662267973e+00
-1.644656966352598726e+00
-1.181073042893338698e+00
-3.662407729969461734e+00
-1.400086816277581026e+00
-1.012579246718142034e+00
-1.160518356913543991e+00
-1.402509491955200138e+00
-2.484132142793304965e+00
-1.728118888605421732e+00
-3.760824784139698451e+00
-2.900137438234160925e+00
-1.025854632973398184e+00
-9.919791327752646160e-01
-3.573320867130433065e+00
-3.727242651174711430e+00
-3.703315253010489361e+00
-1.694958661626522201e+00
-4.345308921819478698e+00
-3.777361558614115378e+00
-2.803800923540440859e+00
-1.602495536976392687e+00
-6.086458777293278111e+00
-2.174931502710149900e+00
-2.498704498173177857e+00
-5.897593828285925710e+00
-5.504173628738028512e+00
-4.445774500644911420e+00
-3.950940507349719688e+00
-2.457361299442826663e+00
-2.309095101689746521e+00
-3.358070396736962060e+00
-2.514634138766324245e+00
-2.504470817881061517e+00
-3.890146178066273386e+00
-2.154349928176065188e+00
-1.522713922923328855e+00
-1.069995402170315746e+00
-2.631019863873214515e+00
-2.670076880358641880e+00
-4.947925481066029363e+00
-2.541170523341659937e+00
-2.742180138813384627e+00
-2.428630465601450350e+00
-3.005156656283933803e+00
-2.859431930332089422e+00
-4.080898709343453667e+00
-9.655124973348037098e-01
-3.650862536538264091e+00
-2.655751562363925622e+00
-4.809098172849163966e+00
-3.960493832737229436e+00
-3.230854189294677159e+00
-2.523905603199810166e+00
-1.745882699369146973e+00
-3.666390998150781400e+00
-4.080929431275269970e+00
-2.164119901089965214e+00
-2.141788481360295204e+00
-2.521554860338102610e+00
-3.032674347210007948e+00
-1.230463909498677566e+00
-2.955407930662818483e+00
-2.433276362571058282e+00
-2.256165756317259685e+00
-8.287858687366108645e-01
-2.550464115758196648e+00
-2.898533093949603234e+00
-2.828044828480464012e+00
-2.591115325200245234e+00
-1.899427428066891022e+00
-2.470886901135597835e+00
-2.620526546307398785e+00
-4.051834157821992299e+00
-2.370820607650208967e+00
-2.434701942996315704e+00
-1.986039183976117117e+00
-1.872857058797134711e+00
-5.088790767903428325e+00
-2.487492700941572377e+00
-3.256633588696309811e+00
-4.525011905278474522e+00
-2.488473947768358396e+00
-2.748544701900423437e+00
-3.631127491801234619e+00
-2.528735267392815178e+00
-1.542006940783529290e+00
-4.068886432349763993e+00
-1.349619154802887300e+00
-2.496874910863578823e+00
-3.975749246822533944e+00
-3.019289391078352480e+00
-2.874316710349731796e+00
-3.028256281203673517e+00
-2.865612798498488267e+00
-1.488290672284822591e+00
-2.863415663682594925e+00
-2.024978148429186664e+00
-5.042725517403323643e+00
-2.810345271301291525e+00
-4.549698014400820334e+00
-2.606640852679441345e+00
-2.376264315769223590e+00
-4.854162649612379532e+00
-4.627741831089035252e+00
-4.101770289830152016e+00
-3.041331021323132600e+00
-3.196565754759838729e+00
-4.074140967956284776e+00
-3.523609030144768894e+00
-4.795976280751379939e+00
-4.758632417803205783e+00
-3.584370987028310918e+00
-4.050906064963221809e+00
-4.786151180585235032e+00
-4.491538334468867966e+00
-4.201028089371485308e+00
-3.939092120048655943e+00
-4.483132613642849762e+00
-3.107950081640076245e+00
-1.585743777916311714e+00
-3.286054673869705400e+00
-4.273261730183508078e+00
-5.127490847427376153e+00
-4.302248943477486876e+00
-4.437911378827334552e+00
-3.695890016218174701e+00
-4.616779919507265184e+00
-3.904913829773358991e+00
-3.482222863095003174e+00
-3.361365991556901189e+00
-3.520044316561468101e+00
-4.342794610627776386e+00
-4.015456410480119587e+00
-3.564915758479110686e+00
-3.053799746534342940e+00
-3.794828998882341153e+00
-5.141163515881118862e+00
-3.764597686343901906e+00
-4.422939025148784786e+00
-2.830052496656784822e+00
-3.729026901409511208e+00
-2.893621708656767932e+00
-3.357915125981155935e+00
-2.795381228120937145e+00
-3.187096820608354086e+00
-2.851562527730814089e+00
-3.223864277779751486e+00
-2.926344235497991608e+00
-2.862180786306931068e+00
-3.318571289341832209e+00
-3.091887149857662997e+00
-3.317667344360632153e+00
-3.092653665034588606e+00
-3.304398718543091640e+00
-3.058302363313731842e+00
-3.300911537914878569e+00
-3.371554047063101578e+00
-3.277543775768753775e+00
-3.082993852481795916e+00
-3.443896798186512065e+00
-3.447206598241382203e+00
-3.511626831961763173e+00
-3.446849648885534911e+00
-3.137070707812287473e+00
-2.716936924145542331e+00
-3.404949358356753830e+00
-2.999853732936176964e+00
-3.298204774991373878e+00
-3.300787910459713093e+00
-3.218441699621114704e+00
-3.276404143022129123e+00
-2.945001014048102661e+00
-3.190283084693789295e+00
-3.328450423766557975e+00
-3.184083645409097940e+00
-3.475788907284041329e+00
-3.466792337954565539e+00
-2.868901605473228589e+00
-9.945200986659885611e-02
-9.537644360863191395e-02
-4.230372655550811156e-02
-6.601574397458924437e-02
-2.158615776728672331e-01
-1.013674471943136063e-01
