-5.441250815800747098e+00
-5.393579669672625698e+00
-5.324781844095504368e+00
-5.137056934451623924e+00
-5.463387290634586613e+00
-5.464322633465206636e+00
-5.501282523162609905e+00
-5.482424650071365591e+00
-5.500917300180415026e+00
-5.512593447749461362e+00
-5.509813841101586007e+00
-5.468484412321677368e+00
-5.122659201362417036e+00
-5.130042167620239901e+00
-5.121902966058851980e+00
-5.136326710853325039e+00
-5.150998145900107517e+00
-5.145506615870228728e+00
-5.130018943922785901e+00
-5.133873824569000099e+00
-5.150538270961073195e+00
-5.163481232655940723e+00
-5.130890597377863571e+00
-5.400963332402257677e+00
-5.436577265546308269e+00
-5.473518874691112757e+00
-5.513091080507785513e+00
-5.060241902314450257e+00
-5.416389012660329350e+00
-5.439616235016525359e+00
-5.370737004605992126e+00
-5.332360956492470550e+00
-5.393752125052423629e+00
-5.160517563334211744e+00
-5.426317510607816530e+00
-5.449491017615883948e+00
-5.415672425838457649e+00
-5.123903435597147116e+00
-5.502073044120193934e+00
-5.548813779892995512e+00
-5.722415321980612646e+00
-5.423003377174289596e+00
-5.524160173193730650e+00
-5.698091884786339989e+00
-5.521195659174936488e+00
-5.547249672644330332e+00
-5.479289845090248079e+00
-5.530207759083878294e+00
-5.568536164313572456e+00
-5.712933567384892442e+00
-5.482274835507528365e+00
-5.469488303298543741e+00
-5.539946615060972412e+00
-5.590181521944921350e+00
-5.447655062997612596e+00
-5.481257908184425709e+00
-5.500481715952163064e+00
-5.545288966828668009e+00
-5.583394234816713819e+00
-5.663296290883763184e+00
-5.652364946195389983e+00
-5.748818951741528238e+00
-5.746214276358608153e+00
-5.649325042517949313e+00
-5.642408973045889731e+00
-5.633163640492844237e+00
-5.628443688245383214e+00
-5.644745109277271133e+00
-5.669807003751119900e+00
-5.629002221177606735e+00
-5.673295507426404427e+00
-5.627847172843078560e+00
-5.684267521337147855e+00
-5.621343385992003228e+00
-5.651240745440576418e+00
-5.752399867400601607e+00
-5.644050955791053426e+00
-5.631126163365154369e+00
-5.640862217365217646e+00
-5.653712258479158592e+00
-5.638590583866392336e+00
-5.631847829459315946e+00
-5.633521616551857569e+00
-5.627334869500375092e+00
-5.633350522813783456e+00
-5.656984575660553460e+00
-5.644866380804217876e+00
-5.660365872066812187e+00
-5.649734571200495381e+00
-5.730615306532503617e+00
-5.717000612828141648e+00
-5.736807398935856561e+00
-5.659282829880637244e+00
-5.706676570729697140e+00
-5.703418850987961086e+00
-5.715831214781587732e+00
-5.705511612723099368e+00
-5.687486217705457925e+00
-5.510616828050332039e+00
-5.577220589479977342e+00
-5.533325282427973058e+00
-5.562108712935785348e+00
-5.510696293244366828e+00
-5.544725395166897997e+00
-5.512669295285814286e+00
-5.565950073090931483e+00
-5.629834489278974452e+00
-5.518362017298242606e+00
-5.470313224427620469e+00
-5.509299706496441296e+00
-5.527126452141467361e+00
-5.500808570199821723e+00
-5.478327715219836413e+00
-5.536523746706434324e+00
-5.482278862850282763e+00
-5.540315891293737138e+00
-5.530465146058896053e+00
-5.595442633969880397e+00
-5.547246569682636519e+00
-5.542735804559563384e+00
-5.514124961628847466e+00
-5.535582239350238076e+00
-4.734749045435125758e+00
-4.659393728879688723e+00
-4.612985602331905355e+00
-4.825327158589565180e+00
-4.784961367357493778e+00
-4.742114116880637553e+00
-5.070275576705053133e+00
-5.079418479476120574e+00
-5.046108957547961182e+00
-5.108145054133871099e+00
-4.745670168759750673e+00
-4.721131422309074566e+00
-4.653234839723610961e+00
-4.686751363288390593e+00
-4.767953592651206662e+00
-4.662673188621069720e+00
-4.655173784062019315e+00
-4.635013612337867350e+00
-4.621806338690678473e+00
-4.728353980735678697e+00
-4.629706128323029191e+00
-4.611589902529201979e+00
-4.607624430180088382e+00
-4.717346784208261035e+00
-4.706020148826180360e+00
-4.753423521168121724e+00
-5.495250682555472110e+00
-5.448699213742064451e+00
-5.386569352106905129e+00
-5.510703863472994790e+00
-5.663319996840614046e+00
-5.715859858597868381e+00
-5.594372175771238354e+00
-5.150578487950909334e+00
-5.213772186560812649e+00
-5.235017958650356462e+00
-5.757528430338561876e+00
-5.772186849547230381e+00
-5.780849119940285163e+00
-5.734387756235872047e+00
-5.765754066124549659e+00
-5.541937142214140799e+00
-5.517399538649976343e+00
-5.546585567017307206e+00
-5.522763071737736951e+00
-5.541754844421979520e+00
-5.660658864997929918e+00
-5.729533196694926112e+00
-5.297535112849228511e+00
-5.234754290927211784e+00
-5.285164362021392392e+00
-5.308164805936032238e+00
-5.332404883779796378e+00
-5.513120732367128518e+00
-5.299423920343989458e+00
-5.338133790212297392e+00
-5.349737761261632585e+00
-5.342652458389486547e+00
-5.335660523266907873e+00
-5.310590818150184411e+00
-5.321390123431541497e+00
-5.308957301282076990e+00
-5.316337813748509333e+00
-4.719996173178182097e+00
-4.734887409910262690e+00
-4.716105092502213658e+00
-4.722190651372546455e+00
-4.735147680888140975e+00
-4.728666217831871244e+00
-4.709561665273808373e+00
-4.728101504582721937e+00
-4.733735813949897953e+00
-4.717929896425627767e+00
-4.733134559944836006e+00
-4.692945542985772711e+00
-4.695957941018956916e+00
-4.713547812313076513e+00
-4.698737373098025749e+00
-4.705251590776260429e+00
-4.696480913778156463e+00
-4.683031194621523063e+00
-4.703054852909263950e+00
-5.200817300006743693e+00
-5.139515479123009101e+00
-5.152105510494192409e+00
-5.132859981040450492e+00
-5.166935183885964733e+00
-5.172402914349805592e+00
-5.200948987522777678e+00
-5.163393934964821241e+00
-5.173107125746143176e+00
-5.386117063267112037e+00
-5.339162013429914921e+00
-5.326207357762118733e+00
-5.324978565208364323e+00
-5.284506203834136606e+00
-5.397392782896610619e+00
-5.385052922739016701e+00
-5.321884987412742518e+00
-5.295163519430608368e+00
-5.104873284873674422e+00
-5.262674916352522381e+00
-5.234075268263406855e+00
-5.344458944966741676e+00
-5.303585048632761811e+00
-4.880195718670025329e+00
-4.855567245756630790e+00
-4.857172813616533524e+00
-4.868336545481441568e+00
-4.870902603557691002e+00
-4.791639554939274070e+00
-4.717978628115849560e+00
-4.739407579584933750e+00
-4.882095585605976673e+00
-4.875213721549525481e+00
-4.952323810573520113e+00
-5.265294832473160547e+00
-4.910624348523335847e+00
-5.270419403850861606e+00
-5.278857123602181289e+00
-5.202269774125086954e+00
-5.155397097767782100e+00
-4.902230762965608335e+00
-5.204901631142243801e+00
-4.951936547913582842e+00
-5.340633877573330857e+00
-4.946622023618010289e+00
-4.899621280165193937e+00
-5.313712493627788191e+00
-4.938723671674710047e+00
-4.932310615143773447e+00
-4.963434673701231148e+00
-5.249881644974709438e+00
-5.239014766106636856e+00
-5.246706921062775919e+00
-5.229161922332348666e+00
-5.148596610818169772e+00
-5.249566880992928120e+00
-5.252101681839164371e+00
-5.237546153053584064e+00
-5.235996032442732151e+00
-5.118166007759764824e+00
-5.081604892965190245e+00
-5.140166786780657304e+00
-5.142647982417511976e+00
-5.152364762431125733e+00
-5.128697603721126264e+00
-5.261622869839935213e+00
-5.233763424034263423e+00
-5.113971927591516753e+00
-5.146762438022151720e+00
-5.113864574717613465e+00
-5.551143070504204857e+00
-5.554771488565496185e+00
-5.570000670009372712e+00
-5.557648511886798204e+00
-5.572193385251360098e+00
-5.558131789546705726e+00
-5.534290579202895799e+00
-5.557830106226121281e+00
-4.734502735940890439e+00
-4.757267236617233053e+00
-5.103852893321363382e+00
-4.721014311032252664e+00
-4.722525734493446592e+00
-4.773743790675158749e+00
-4.740363635352889737e+00
-4.724916783095540751e+00
-5.676649416210810983e+00
-5.645359524355331615e+00
-5.509604667386441612e+00
-5.561925160789495948e+00
-5.540968058632614657e+00
-5.509474943547437498e+00
-5.538669984475987462e+00
-5.622998825303635151e+00
-5.689373406182272497e+00
-5.669249238964815696e+00
-5.669883343913427076e+00
-5.632006294764249965e+00
-5.648065425634420045e+00
-5.634296291298856119e+00
-5.643115955073084500e+00
-4.758214001087498701e+00
-4.751916937708051236e+00
-4.733247725190226518e+00
-4.735289395634800336e+00
-4.740345078832128856e+00
-4.723297415280303113e+00
-4.730487346142537852e+00
-4.734073339949031123e+00
-4.765296365382668320e+00
-4.784623312202231027e+00
-4.792956485488970131e+00
-4.772985669029893963e+00
-4.783011718622130815e+00
-4.733037519896075906e+00
-4.743493809640781045e+00
-4.824854418715634807e+00
-4.699241775271180366e+00
-4.820902297369303646e+00
-4.843121313814689799e+00
-4.806926809665406530e+00
-4.814724621569465235e+00
-4.750265394529773033e+00
-4.777644669053545456e+00
-4.806672431964661207e+00
-4.785744555314661142e+00
-4.769778536208861830e+00
-4.797553140866366306e+00
-4.823818150112975545e+00
-4.820615622463090943e+00
-4.806794267967563705e+00
-4.817284121879850112e+00
-4.828574407594695472e+00
-4.799388825615531928e+00
-4.810570625888642482e+00
-4.825057413733699008e+00
-4.826491987377493409e+00
-4.844299846589442460e+00
-5.102872492169434615e+00
-5.108296782961109450e+00
-5.104004876095354248e+00
-5.098047963630620849e+00
-5.101838832075652697e+00
-5.108712982550973614e+00
-5.290533372076748009e+00
-5.287167561131027149e+00
-5.284299733329936188e+00
-5.280865045351770704e+00
-5.287343300899546072e+00
-5.287803294269719068e+00
-5.282997735853743215e+00
-5.285548497922972544e+00
-5.280515216083149888e+00
-5.283235068952193636e+00
