-5.436490185342675474e+00
-5.388484324133395731e+00
-5.322249558901289035e+00
-5.130201154387883378e+00
-5.459533780191272889e+00
-5.461747146278224996e+00
-5.501806490402663563e+00
-5.480054801122745012e+00
-5.497306020910177615e+00
-5.510857407529975660e+00
-5.505594938350939493e+00
-5.467166046312684102e+00
-5.106984749920735034e+00
-5.123342460200287718e+00
-5.113815800223029839e+00
-5.127066567975561817e+00
-5.138082285048464648e+00
-5.135647437261208204e+00
-5.120660523250624152e+00
-5.128490302485577246e+00
-5.146042923001684422e+00
-5.155228067707977146e+00
-5.125538834010487044e+00
-5.393182700376249805e+00
-5.429423459260457996e+00
-5.473519576889941618e+00
-5.510145181915901524e+00
-5.053683895728910969e+00
-5.412148197853519527e+00
-5.432461979036222743e+00
-5.365150712437849911e+00
-5.321875052457494704e+00
-5.386286607139020965e+00
-5.154919440060533375e+00
-5.426435433057004154e+00
-5.445280796163518566e+00
-5.413139934787215779e+00
-5.119077064956565337e+00
-5.500100357593527001e+00
-5.548025576566709915e+00
-5.721653823129287275e+00
-5.420631839480151370e+00
-5.521767331917733834e+00
-5.696946948046900161e+00
-5.518234208953717079e+00
-5.544043972108891438e+00
-5.476367285159144949e+00
-5.529280214783476310e+00
-5.565682336495002325e+00
-5.712369268205140571e+00
-5.478363003909437978e+00
-5.466167798536803346e+00
-5.535568944904460942e+00
-5.587841011602973751e+00
-5.445140320186306226e+00
-5.477515614341000649e+00
-5.498058262506328120e+00
-5.541956340354884603e+00
-5.581733122936364033e+00
-5.662815269301355592e+00
-5.653252614105054974e+00
-5.748725957375048878e+00
-5.746642966385943296e+00
-5.649223408146041514e+00
-5.642101573755954114e+00
-5.629095295760763840e+00
-5.629410002973925131e+00
-5.643421605026255783e+00
-5.669342347043621722e+00
-5.623799215796416284e+00
-5.671850639583654541e+00
-5.627248316493274061e+00
-5.682851912125150839e+00
-5.620837066432125440e+00
-5.650000978496649395e+00
-5.751350689420099194e+00
-5.643094130760543337e+00
-5.630556186908841632e+00
-5.639847656145930088e+00
-5.654299094041947527e+00
-5.635900672170979675e+00
-5.631162112629219507e+00
-5.633730320524575674e+00
-5.625870596129579404e+00
-5.633282995098840118e+00
-5.655780216518915715e+00
-5.643090080604730829e+00
-5.658380427405152346e+00
-5.647188138765697474e+00
-5.730594006765859838e+00
-5.715976013505820852e+00
-5.734100574856433319e+00
-5.657748241552024382e+00
-5.705589830440793264e+00
-5.701876607566765287e+00
-5.714362533553756229e+00
-5.703885308947103105e+00
-5.686336044876645346e+00
-5.507779811361904976e+00
-5.575184413186956789e+00
-5.530322207059946038e+00
-5.559760715766938866e+00
-5.507208061217054862e+00
-5.540627900507789860e+00
-5.511565079533022882e+00
-5.564635609488081336e+00
-5.629670298888063584e+00
-5.517309759931380064e+00
-5.468453094236314094e+00
-5.505541675244001176e+00
-5.524949091836376169e+00
-5.496005270969260614e+00
-5.476799814151886103e+00
-5.534252838841305255e+00
-5.478959805368222469e+00
-5.538425672550009615e+00
-5.528474694444851067e+00
-5.592393826712603655e+00
-5.545754683543505870e+00
-5.540601107852298313e+00
-5.513608507343128018e+00
-5.533670536433284326e+00
-4.738824769112971680e+00
-4.659553317329830691e+00
-4.612823445827894275e+00
-4.823181242099253474e+00
-4.783918947723893922e+00
-4.740388450674810628e+00
-5.059506641984943265e+00
-5.068890925992621810e+00
-5.034829122413244207e+00
-5.094478441002526559e+00
-4.704123716038034253e+00
-4.724586667839531628e+00
-4.649851826501074648e+00
-4.691265211122187750e+00
-4.773005221499962758e+00
-4.660638561190510565e+00
-4.664064606396265411e+00
-4.638284245712273268e+00
-4.620957110693827197e+00
-4.728231289549639449e+00
-4.630715580328210734e+00
-4.616220087449095288e+00
-4.614005514093466154e+00
-4.716034740348759691e+00
-4.709436070326181500e+00
-4.747870440482391707e+00
-5.492974999040912465e+00
-5.444020294509362756e+00
-5.384585080188241335e+00
-5.508931757803306795e+00
-5.663740562349283358e+00
-5.715101706962967043e+00
-5.594566562109775099e+00
-5.145560486313216053e+00
-5.210164393786389070e+00
-5.232248468035145095e+00
-5.758298645515834480e+00
-5.772702408074145808e+00
-5.778253881336776310e+00
-5.735178513879140461e+00
-5.766221474015634563e+00
-5.540909016113966246e+00
-5.514860238808950932e+00
-5.545244427730230186e+00
-5.521205798470391279e+00
-5.539345929602417229e+00
-5.659970211488705161e+00
-5.729748910485146673e+00
-5.286237291518193437e+00
-5.228307904095422565e+00
-5.270807694648025787e+00
-5.298682931185564549e+00
-5.324254782766284499e+00
-5.513083347901153175e+00
-5.290158857332865949e+00
-5.330763783814018275e+00
-5.342548831216568317e+00
-5.334337913818301580e+00
-5.329423102704123671e+00
-5.299864661372762242e+00
-5.311932499354839798e+00
-5.298692655256726169e+00
-5.306110205710254490e+00
-4.713044081202302671e+00
-4.735300198311003683e+00
-4.712385833241983235e+00
-4.718746992155976372e+00
-4.730310475544680315e+00
-4.725427034451692876e+00
-4.704413904028292848e+00
-4.721874485054033066e+00
-4.732184411900994370e+00
-4.716843096642416633e+00
-4.729646270459023860e+00
-4.691733675968324135e+00
-4.691264982912440651e+00
-4.707857463735235726e+00
-4.694242226886286673e+00
-4.699898400071618632e+00
-4.691043301544736366e+00
-4.681522578915636501e+00
-4.699164247824917595e+00
-5.194503747648163028e+00
-5.132476139398006509e+00
-5.143492654843544898e+00
-5.124477370210080984e+00
-5.165525094088061486e+00
-5.163037802893294170e+00
-5.192440175943831449e+00
-5.160624619491533949e+00
-5.164831998764732646e+00
-5.382008363277276608e+00
-5.335607127785459092e+00
-5.322689489525074258e+00
-5.321820941214675749e+00
-5.280010869054888367e+00
-5.393951930425179953e+00
-5.381043209805691951e+00
-5.320641348045330510e+00
-5.288687056710758227e+00
-5.102171845188761878e+00
-5.258054876437733505e+00
-5.231285932930450855e+00
-5.341526908242859584e+00
-5.299640360457935628e+00
-4.876911633089237696e+00
-4.855081545851843927e+00
-4.855448973943640389e+00
-4.865624995893604421e+00
-4.867425268995115850e+00
-4.774874330762752805e+00
-4.700221103078548346e+00
-4.725475539419820237e+00
-4.877263358425349971e+00
-4.869670549008256799e+00
-4.952894905962394567e+00
-5.265729716768289492e+00
-4.915766775177869086e+00
-5.270642704218699848e+00
-5.276975643343336131e+00
-5.200413456029055581e+00
-5.152276642766723036e+00
-4.900435886542671149e+00
-5.195000202286163216e+00
-4.955828899904702212e+00
-5.337972829129356001e+00
-4.944650781588196153e+00
-4.899890851650074985e+00
-5.312151518183852339e+00
-4.938247277006439617e+00
-4.932318929232215154e+00
-4.961634698599344695e+00
-5.242020510030449998e+00
-5.230963459663286130e+00
-5.243680772861325501e+00
-5.223815318619925208e+00
-5.143735260165903433e+00
-5.251792032720473458e+00
-5.255152691581487012e+00
-5.237479027693427547e+00
-5.237914364987952709e+00
-5.117723360199518012e+00
-5.066345433204022974e+00
-5.135783458260350542e+00
-5.133152343562823461e+00
-5.151744278703500157e+00
-5.122198619018791810e+00
-5.259879301909429650e+00
-5.231447443730391278e+00
-5.108462316016562532e+00
-5.139499406938423220e+00
-5.112385510315190729e+00
-5.554186608374128475e+00
-5.553830186212469044e+00
-5.571461073234937444e+00
-5.557860787385427770e+00
-5.568160535965184899e+00
-5.565485147206310046e+00
-5.533745600152969679e+00
-5.557402412893734045e+00
-4.736010036377670041e+00
-4.749554078231962073e+00
-5.083985649661354245e+00
-4.718598825681448616e+00
-4.705369821691787635e+00
-4.758339264789949397e+00
-4.642196863215731106e+00
-4.709256927918351820e+00
-5.675480893867489662e+00
-5.644267050483401604e+00
-5.511551648905056666e+00
-5.558460309372648567e+00
-5.540075629358574005e+00
-5.507463300079947999e+00
-5.538475163813440183e+00
-5.623901243761603830e+00
-5.689632965911981088e+00
-5.669709320756060933e+00
-5.670421563546824473e+00
-5.631668611115117073e+00
-5.646903382830154250e+00
-5.633861980182783391e+00
-5.635006788035878955e+00
-4.754017612696195272e+00
-4.755312011058235200e+00
-4.730265367170802371e+00
-4.733231027555060422e+00
-4.739528687581884725e+00
-4.724389013396896431e+00
-4.732805062713005384e+00
-4.739562400838316591e+00
-4.772049421229731081e+00
-4.789528953486170693e+00
-4.801569719260296409e+00
-4.775518287917345006e+00
-4.783190053577753176e+00
-4.732148408705302955e+00
-4.742456057679937942e+00
-4.821180706627761658e+00
-4.695971030407888769e+00
-4.818209213926234469e+00
-4.844237925411865042e+00
-4.800971422531033816e+00
-4.818365282424498020e+00
-4.754097108716811348e+00
-4.773882890165637605e+00
-4.799553216432018488e+00
-4.790913884672040268e+00
-4.766438975318056492e+00
-4.792411185879791979e+00
-4.823724661466071595e+00
-4.822234026172243837e+00
-4.801923977213217398e+00
-4.815341747950684592e+00
-4.828725082985032557e+00
-4.795699052997269618e+00
-4.808922169733892638e+00
-4.823975753650127984e+00
-4.825041300744205230e+00
-4.844536372198152918e+00
-5.096534806809135176e+00
-5.103466520707527820e+00
-5.095443273385643401e+00
-5.090981568062846740e+00
-5.094154919628067546e+00
-5.105081083612393655e+00
-5.287157961065693357e+00
-5.283011758978828354e+00
-5.281337991625537853e+00
-5.277632260072434356e+00
-5.283320857872277898e+00
-5.283682088354407114e+00
-5.279629426965374961e+00
-5.281224896478951436e+00
-5.276940667914476357e+00
-5.278107308630826111e+00
