-5.436830943296737217e+00
-5.388695550386136901e+00
-5.318795215138635513e+00
-5.129492318358210845e+00
-5.460819162115602587e+00
-5.464249892542306419e+00
-5.502832524790067126e+00
-5.479047274986144522e+00
-5.497420631589783113e+00
-5.510438932806201784e+00
-5.506461689034122031e+00
-5.468223015684472443e+00
-5.110409095050417960e+00
-5.126309028902539922e+00
-5.110215433988391176e+00
-5.126578579873280361e+00
-5.144428178468300139e+00
-5.137816922748831061e+00
-5.123111967867197691e+00
-5.128986995683828098e+00
-5.150324615375821757e+00
-5.157714452852584230e+00
-5.126548690284195686e+00
-5.395636145837693576e+00
-5.430351774065081294e+00
-5.474143289586885786e+00
-5.511587141277204616e+00
-5.053792034375335085e+00
-5.410131316858670658e+00
-5.433047365729358980e+00
-5.365632764456106152e+00
-5.326015770327828136e+00
-5.387032564269583546e+00
-5.155759893438953689e+00
-5.426112347860360785e+00
-5.443797756523825804e+00
-5.412842083786811642e+00
-5.118444869068845549e+00
-5.502475009174386145e+00
-5.552539618916704001e+00
-5.726214758261645166e+00
-5.423035695269935452e+00
-5.524180749517135780e+00
-5.701591513232470376e+00
-5.524159937480952465e+00
-5.549134646069182608e+00
-5.479962259331616181e+00
-5.533766859050747833e+00
-5.569128443389745442e+00
-5.716647161386850584e+00
-5.484128298764598952e+00
-5.473289194877196451e+00
-5.540526628065173931e+00
-5.592253950709448418e+00
-5.447886070463622055e+00
-5.482679737865703729e+00
-5.501347203395200225e+00
-5.546512904028174873e+00
-5.585634059946277929e+00
-5.665190367538491145e+00
-5.656218857049295501e+00
-5.751006369139293639e+00
-5.748684099371359046e+00
-5.650158821398092002e+00
-5.645091440005621131e+00
-5.631444439099250410e+00
-5.633030847127758811e+00
-5.645648293493652936e+00
-5.671827225287992214e+00
-5.626520305094390828e+00
-5.672642254376734527e+00
-5.630310411721132446e+00
-5.683933877741154106e+00
-5.622161078772820453e+00
-5.653103602659287574e+00
-5.753831088123342319e+00
-5.644375735658641702e+00
-5.630867203073987248e+00
-5.640709758065715285e+00
-5.655719170640297833e+00
-5.639715651289277432e+00
-5.634508209071889873e+00
-5.634667056274804686e+00
-5.626716659136221210e+00
-5.634940209221038998e+00
-5.657817820496505057e+00
-5.644589882181953122e+00
-5.662130604922229971e+00
-5.651027352696041284e+00
-5.732548902576963812e+00
-5.719036420973514723e+00
-5.737536761718132539e+00
-5.659378475073966186e+00
-5.707975700636932714e+00
-5.704697412188714623e+00
-5.717004452135986625e+00
-5.706557548442422245e+00
-5.688673371305381643e+00
-5.513229566724407782e+00
-5.579692696439590094e+00
-5.535778460565392578e+00
-5.565538385612756933e+00
-5.511581176693347572e+00
-5.546464183026327710e+00
-5.513157669325365440e+00
-5.570983467418021640e+00
-5.635409848968555124e+00
-5.520294212292503389e+00
-5.473057686073174111e+00
-5.512494369460574362e+00
-5.530488175816727470e+00
-5.503731586165650391e+00
-5.478553116679691470e+00
-5.540423470743708556e+00
-5.485838618744712569e+00
-5.543556199190033951e+00
-5.532544409518464157e+00
-5.598884710519016039e+00
-5.549735417485580413e+00
-5.542893032400649567e+00
-5.515427560360749659e+00
-5.538215718614254435e+00
-4.740507152664047652e+00
-4.656617039735504449e+00
-4.608297076816200821e+00
-4.827492849619646975e+00
-4.786829035535911103e+00
-4.743388465792707898e+00
-5.064562911285918290e+00
-5.072095273484134026e+00
-5.039553012729827586e+00
-5.098171025412685964e+00
-4.701072836459147197e+00
-4.709953529236161174e+00
-4.609668680001662189e+00
-4.682820184672251251e+00
-4.773587347325263686e+00
-4.656347108147672387e+00
-4.649597556837900214e+00
-4.635932180155778681e+00
-4.626088278593708303e+00
-4.730011027813551650e+00
-4.632907537254777885e+00
-4.615589178225441458e+00
-4.609755819510986008e+00
-4.718940173583320963e+00
-4.708388934690841410e+00
-4.741636274953025421e+00
-5.494851775023993135e+00
-5.445493023572724134e+00
-5.382429546271957577e+00
-5.511459975057809046e+00
-5.667459651057448866e+00
-5.718995613195163585e+00
-5.597835919177676089e+00
-5.146819509814139160e+00
-5.209944271383712078e+00
-5.234453241984321714e+00
-5.759748901949974353e+00
-5.774502989446578916e+00
-5.781928447614572697e+00
-5.736543152694659753e+00
-5.768325355794340581e+00
-5.540794538748859743e+00
-5.516556916995689619e+00
-5.545284375054047921e+00
-5.522693102278522836e+00
-5.540861726026887091e+00
-5.665220983967949486e+00
-5.734302756570381909e+00
-5.293793648859701051e+00
-5.230195749259480387e+00
-5.275701255849408966e+00
-5.305155711303510380e+00
-5.329466817665090339e+00
-5.513049049278547997e+00
-5.293065596650024851e+00
-5.337783809315511441e+00
-5.348344710082658437e+00
-5.341293805672787443e+00
-5.335877113996363441e+00
-5.303655261350371575e+00
-5.313790603911028754e+00
-5.303795685255490611e+00
-5.309797271023764864e+00
-4.721381189450485572e+00
-4.733898010810398738e+00
-4.714277766157408678e+00
-4.721193682929258451e+00
-4.733541557153500889e+00
-4.720112927144126225e+00
-4.707248118309054874e+00
-4.725829393037395576e+00
-4.733293363724909497e+00
-4.720027461089670417e+00
-4.735262804456019659e+00
-4.695670958356542357e+00
-4.696420967556047543e+00
-4.715707637758321802e+00
-4.694874459485371077e+00
-4.707016895307958748e+00
-4.693521549454709785e+00
-4.685445074110266006e+00
-4.695755817587159875e+00
-5.199230973097239250e+00
-5.131627699125425046e+00
-5.145765325176103744e+00
-5.133294259220679834e+00
-5.166818496686495621e+00
-5.171592244791005655e+00
-5.193579862956914539e+00
-5.165805939403363745e+00
-5.165061047438424424e+00
-5.384664580908586906e+00
-5.338880290638538639e+00
-5.323222785582755634e+00
-5.324922652095925635e+00
-5.281242374825532160e+00
-5.397983888572583488e+00
-5.384302080799240997e+00
-5.322500889620305209e+00
-5.293253997608872830e+00
-5.103398486048282834e+00
-5.261052276319769128e+00
-5.233318919954708548e+00
-5.343740013835087233e+00
-5.302941145155174674e+00
-4.886841661653547497e+00
-4.860680972349356033e+00
-4.861309848403682743e+00
-4.873614607914750430e+00
-4.875762916745659759e+00
-4.770388212065728162e+00
-4.724191973954666501e+00
-4.736646214296914792e+00
-4.884109469160440753e+00
-4.879098067468749633e+00
-4.952471770167109710e+00
-5.262770427195237133e+00
-4.918108265379376398e+00
-5.269547136612318994e+00
-5.277027728729042799e+00
-5.199465830761544893e+00
-5.155980251958661498e+00
-4.907562121448869163e+00
-5.198427663925913045e+00
-4.959357748293833801e+00
-5.339569157421991008e+00
-4.946045146132171944e+00
-4.896732653339308960e+00
-5.310307939502640018e+00
-4.936664905149596549e+00
-4.931257938606528946e+00
-4.957584491886678713e+00
-5.247087728177413091e+00
-5.234692275330763422e+00
-5.243339155470595259e+00
-5.220662623335262431e+00
-5.138445923355908107e+00
-5.246828694951754635e+00
-5.247764107149233581e+00
-5.229124218956449077e+00
-5.233665547994173828e+00
-5.113912217854969633e+00
-5.073044660025042063e+00
-5.136651509330713239e+00
-5.135167362489071685e+00
-5.153206796817103807e+00
-5.118111234622068295e+00
-5.256259178856494962e+00
-5.230348908699575361e+00
-5.106766048753036635e+00
-5.138471323705283034e+00
-5.106612393190461674e+00
-5.551172804564136420e+00
-5.549417192917651676e+00
-5.574932324343637724e+00
-5.561260791563300110e+00
-5.570333924772770118e+00
-5.550620461900737546e+00
-5.529977189527336634e+00
-5.563148851063353995e+00
-4.734786571346554673e+00
-4.745518832641479889e+00
-5.089323837858461985e+00
-4.718757642141266473e+00
-4.688921486922062343e+00
-4.743998866026371886e+00
-4.632374677483515057e+00
-4.701292185761863252e+00
-5.676341781775554374e+00
-5.644388307372803837e+00
-5.513375870253352851e+00
-5.562023391748587287e+00
-5.542834315480178908e+00
-5.509907660683526665e+00
-5.540523379389359349e+00
-5.619247367791558645e+00
-5.690434070241145115e+00
-5.671643960116266925e+00
-5.672461491250126997e+00
-5.635148968911013689e+00
-5.651238443660594690e+00
-5.634932381829634629e+00
-5.639747127589237685e+00
-4.759910330773619691e+00
-4.754652784800197374e+00
-4.728955588174934555e+00
-4.734754456036465164e+00
-4.736924575824624561e+00
-4.725696562466533024e+00
-4.733068287642279159e+00
-4.737884616903797586e+00
-4.784072900662248884e+00
-4.785497064967183967e+00
-4.803365569784724620e+00
-4.779373701426987253e+00
-4.784522355781108516e+00
-4.729419674311352573e+00
-4.748510172203229907e+00
-4.811831693617193650e+00
-4.703044569248639561e+00
-4.822396195786043727e+00
-4.842660253428348938e+00
-4.813487651533741918e+00
-4.810767704886757201e+00
-4.753533231523575431e+00
-4.776862071178451075e+00
-4.807179414142283669e+00
-4.792690099893555988e+00
-4.764102450133322009e+00
-4.798961538113560188e+00
-4.825229833935362755e+00
-4.817809883379187141e+00
-4.803298825035624553e+00
-4.815224790476796635e+00
-4.827138744940491222e+00
-4.801155786598465092e+00
-4.809451706694964912e+00
-4.827942508253326714e+00
-4.824803429781138853e+00
-4.846492656628425877e+00
-5.103923933698007787e+00
-5.107142703568266384e+00
-5.101391222277558590e+00
-5.096393823024573777e+00
-5.099935924691026301e+00
-5.107311948462351481e+00
-5.291431540763372077e+00
-5.287409128099337607e+00
-5.285722112719692944e+00
-5.282627812609440809e+00
-5.287909608258440919e+00
-5.289066014579288932e+00
-5.283648850683086096e+00
-5.285863501799956232e+00
-5.281289889024604278e+00
-5.283308571264460518e+00
