-5.433494000756560638e+00
-5.387539522019324068e+00
-5.316418802062484517e+00
-5.128916141780177185e+00
-5.457994907059033451e+00
-5.461214851517169677e+00
-5.501380944316665911e+00
-5.477690352888762604e+00
-5.496204111748823173e+00
-5.509778998543433559e+00
-5.504461449444498555e+00
-5.466391728946156547e+00
-5.109826755598545489e+00
-5.129109400230461802e+00
-5.111096681301869005e+00
-5.133017281680871235e+00
-5.143045382608737448e+00
-5.134769567566963566e+00
-5.123511232073362898e+00
-5.125832086666638254e+00
-5.152318499426435494e+00
-5.155981676301733430e+00
-5.128077579347355197e+00
-5.394286520338621216e+00
-5.431329952161107144e+00
-5.473860766915735532e+00
-5.510470380016982972e+00
-5.050969565170897901e+00
-5.407857514000852461e+00
-5.431750338473182893e+00
-5.363314706470611704e+00
-5.325697198731713655e+00
-5.384279537513267044e+00
-5.153869835825545920e+00
-5.425945147586205941e+00
-5.442902337064445817e+00
-5.412192129140252383e+00
-5.116222300156301195e+00
-5.498713563360863255e+00
-5.546694603008027968e+00
-5.720228913353501810e+00
-5.418424892585553820e+00
-5.517789992349473316e+00
-5.695122881880559262e+00
-5.518097406218298140e+00
-5.543233244163750406e+00
-5.474140240901478549e+00
-5.528809210869283675e+00
-5.564415527860337107e+00
-5.710723108231039014e+00
-5.479093636491554342e+00
-5.467503222668302243e+00
-5.535309431336656871e+00
-5.586836282669689346e+00
-5.441147811780274957e+00
-5.476774602697573435e+00
-5.494626815410407872e+00
-5.541608372790078896e+00
-5.580841309182901000e+00
-5.661236600235142191e+00
-5.651357168739422399e+00
-5.747139942964635928e+00
-5.744720032741483351e+00
-5.647229417821341357e+00
-5.640913999417017877e+00
-5.628947433942838252e+00
-5.628007015312618044e+00
-5.641546989508726462e+00
-5.668122247534065572e+00
-5.621067325544590432e+00
-5.670309700613042736e+00
-5.625994352115976760e+00
-5.680710123941852707e+00
-5.618781173334278733e+00
-5.649215664411673110e+00
-5.750208748190562602e+00
-5.640590537907700153e+00
-5.628264597890803245e+00
-5.637755451814714824e+00
-5.651916836729314220e+00
-5.635312147475329603e+00
-5.630085964383541253e+00
-5.630690740739987099e+00
-5.623022057353557202e+00
-5.630722714805248330e+00
-5.653217027688178575e+00
-5.640181914551448017e+00
-5.656536856349712039e+00
-5.645287292415451574e+00
-5.728782946051912184e+00
-5.715761408804409527e+00
-5.734693783166472159e+00
-5.655888814880133175e+00
-5.705245552169861512e+00
-5.701638894555091319e+00
-5.714461001522334271e+00
-5.703670197833074162e+00
-5.685359253032291171e+00
-5.506979832107829154e+00
-5.575609061206312056e+00
-5.528329692390130390e+00
-5.558885565120085914e+00
-5.504912216795894153e+00
-5.539931352834960521e+00
-5.507712886586283219e+00
-5.563502021651475005e+00
-5.627288466931667621e+00
-5.511646912414593480e+00
-5.464983249834835632e+00
-5.503583722991212568e+00
-5.521356435836856313e+00
-5.496332989220062970e+00
-5.472142920909660369e+00
-5.532559716656993309e+00
-5.477439538020114185e+00
-5.536642549684581915e+00
-5.526144301528385760e+00
-5.591313415474438386e+00
-5.543885410477416897e+00
-5.537817698817640633e+00
-5.509591855470030275e+00
-5.532424070703091168e+00
-4.737525612403548081e+00
-4.663650000098126469e+00
-4.608740997935332651e+00
-4.825539903958224741e+00
-4.787947979554943778e+00
-4.739312471735989796e+00
-5.059361963413129715e+00
-5.068101860979764339e+00
-5.037074138629946241e+00
-5.091286345214355080e+00
-4.717420278102558484e+00
-4.712716699201318526e+00
-4.631583735197093432e+00
-4.696274982652922425e+00
-4.774862423887690888e+00
-4.660908144803073583e+00
-4.650459579148082057e+00
-4.633811306901201021e+00
-4.623555875476832000e+00
-4.733297550030318490e+00
-4.629414676045266575e+00
-4.622875507717371768e+00
-4.610700892015501040e+00
-4.719221760394321841e+00
-4.709361065799120283e+00
-4.739507119916570588e+00
-5.494314433789444507e+00
-5.443790471948847021e+00
-5.383755140700641206e+00
-5.508894679226894908e+00
-5.661018194799129155e+00
-5.713602680367138476e+00
-5.591000142471711953e+00
-5.145480230282216461e+00
-5.207108858164352760e+00
-5.234337765538459308e+00
-5.755413215931307391e+00
-5.770386683171239817e+00
-5.778483550180200545e+00
-5.731763705457203706e+00
-5.764266758457943673e+00
-5.539773030472101567e+00
-5.514067569601412089e+00
-5.543898870089403630e+00
-5.521192259856842810e+00
-5.539081837677699127e+00
-5.658521465069029865e+00
-5.728142326660715433e+00
-5.288762424460420775e+00
-5.229826421509451428e+00
-5.276522173373741076e+00
-5.303653525809670199e+00
-5.330472444308353097e+00
-5.512321185842794513e+00
-5.294916248252496516e+00
-5.336796303916750972e+00
-5.348569797093899680e+00
-5.340157548839187918e+00
-5.334889537261124026e+00
-5.303521190825710718e+00
-5.314061378094967480e+00
-5.303282453726883006e+00
-5.310631081472121373e+00
-4.716443274939082997e+00
-4.736278204125235369e+00
-4.712337977467785599e+00
-4.720190715964773354e+00
-4.731365911443865535e+00
-4.728462881344756674e+00
-4.706539569017432534e+00
-4.726737520653443880e+00
-4.737594344794828771e+00
-4.721917754235924747e+00
-4.733608932402931124e+00
-4.694357822819767989e+00
-4.692429892701678540e+00
-4.714812531404721341e+00
-4.693907185191361187e+00
-4.707048071380283361e+00
-4.692554129271370833e+00
-4.681461160794865961e+00
-4.694925407631036940e+00
-5.196014304742045731e+00
-5.127958547770383291e+00
-5.145998781264044197e+00
-5.123813078951105382e+00
-5.158481018953845698e+00
-5.167892702739034227e+00
-5.195625433805947324e+00
-5.164639651593585512e+00
-5.164406061231953338e+00
-5.382112008099126932e+00
-5.337400980771651149e+00
-5.322798298431726138e+00
-5.323901673061380180e+00
-5.280599810377727188e+00
-5.394872594834438928e+00
-5.382016336412887902e+00
-5.320185775175533038e+00
-5.292134492059375361e+00
-5.101536600825084200e+00
-5.259888706514610490e+00
-5.232564759240973196e+00
-5.341297175349187576e+00
-5.303330102915047917e+00
-4.877645100107649512e+00
-4.850815144536650081e+00
-4.856937234694719052e+00
-4.861881355507289726e+00
-4.867588072998397131e+00
-4.781670684167353969e+00
-4.713410257906411438e+00
-4.720012711912955794e+00
-4.876028393924649151e+00
-4.870156052915360689e+00
-4.947728974687653825e+00
-5.262398130209841263e+00
-4.911190227831345290e+00
-5.269524930357822434e+00
-5.277559929235287939e+00
-5.194731687220079941e+00
-5.151946756717020293e+00
-4.900643520229006178e+00
-5.199310801583980179e+00
-4.955126129411235425e+00
-5.339482095679116469e+00
-4.945135821948992039e+00
-4.896084584675196361e+00
-5.311582578606033778e+00
-4.937066598081797153e+00
-4.930175005289981094e+00
-4.957212764290440887e+00
-5.244899533783500267e+00
-5.235161812036778883e+00
-5.244960791698622060e+00
-5.224641668057031119e+00
-5.140596003679555714e+00
-5.246042625957930028e+00
-5.247380291042860634e+00
-5.231031462266471088e+00
-5.235279765742993696e+00
-5.110405860824111635e+00
-5.066358742238379342e+00
-5.135474178720581762e+00
-5.130815403478629300e+00
-5.155068030271385382e+00
-5.120428938134213404e+00
-5.253576838681876637e+00
-5.228225587841246913e+00
-5.106167708741520705e+00
-5.137358747783848045e+00
-5.111189181763253764e+00
-5.552554887208274614e+00
-5.549689746070031404e+00
-5.567742046394502431e+00
-5.554347816112045422e+00
-5.567316656881009962e+00
-5.559006742340646845e+00
-5.530247542987189568e+00
-5.557840325976020068e+00
-4.733176707987994725e+00
-4.752233921728637789e+00
-5.084534311181702293e+00
-4.710776436661862299e+00
-4.710119256279682531e+00
-4.769231238715192056e+00
-4.709091195708428046e+00
-4.717014875799847573e+00
-5.675308511193851935e+00
-5.641248052560122517e+00
-5.504547112943898313e+00
-5.556403143678630308e+00
-5.537333825566558509e+00
-5.501185739823304388e+00
-5.531243419182519716e+00
-5.614901047020282476e+00
-5.685249755788972514e+00
-5.666675201279463003e+00
-5.667696077580669289e+00
-5.630204644972122807e+00
-5.646897429480341124e+00
-5.632285888172088306e+00
-5.637064894795851266e+00
-4.763097042246942081e+00
-4.760432424654403860e+00
-4.729207999200684576e+00
-4.737660842858636201e+00
-4.738031748390761244e+00
-4.726777765214204230e+00
-4.735217717258425552e+00
-4.743858431798576802e+00
-4.786431176323024062e+00
-4.796748667368544439e+00
-4.809280672123020572e+00
-4.783596098642771466e+00
-4.789429448883846696e+00
-4.730945679983223684e+00
-4.743799742151018961e+00
-4.812724725316150476e+00
-4.705186617429430562e+00
-4.823806316744025935e+00
-4.844169602511421147e+00
-4.814459262539085849e+00
-4.817091525502105398e+00
-4.749037260449426867e+00
-4.783296983739546704e+00
-4.806090889248925357e+00
-4.797115101825446537e+00
-4.773711324371614495e+00
-4.797737184842850056e+00
-4.825630652535688903e+00
-4.822592459069579007e+00
-4.802554357852102385e+00
-4.811310686517662027e+00
-4.831427632148706408e+00
-4.800091515797955566e+00
-4.813987912181127093e+00
-4.830515685526393099e+00
-4.827114663940601069e+00
-4.841799618543459083e+00
-5.113110169385080894e+00
-5.116550366007900585e+00
-5.110510622462729025e+00
-5.103990292715347543e+00
-5.108619016745879371e+00
-5.117554168798452707e+00
-5.298550867227399763e+00
-5.294778588474615688e+00
-5.291408127455100363e+00
-5.289633966560272960e+00
-5.294842791757850442e+00
-5.295850493474115517e+00
-5.290406141017581554e+00
-5.293128311292701227e+00
-5.287923314685396114e+00
-5.289917152251447874e+00
