-5.436714272768922385e+00
-5.390568627405506241e+00
-5.320315582609421057e+00
-5.131884036528000514e+00
-5.462061149217219302e+00
-5.463388437957417132e+00
-5.499462567590907014e+00
-5.482397604864249985e+00
-5.498750413448838081e+00
-5.512735848756151746e+00
-5.508406644142176845e+00
-5.470612199763363215e+00
-5.113430286507958833e+00
-5.128015280469664816e+00
-5.115153565629483090e+00
-5.127423428927042615e+00
-5.144229035430221586e+00
-5.135482253448419243e+00
-5.118932384480483933e+00
-5.129746439727678187e+00
-5.154382990223643546e+00
-5.159813090836362193e+00
-5.130099306141665316e+00
-5.396837085139788215e+00
-5.433097204444074180e+00
-5.473220141627072266e+00
-5.513782116754901708e+00
-5.055151337253169785e+00
-5.412448342100915966e+00
-5.434461185148033557e+00
-5.368253217269710831e+00
-5.326488637598113307e+00
-5.385936406178197799e+00
-5.156539490267585180e+00
-5.422879080249941808e+00
-5.445367000089101239e+00
-5.416189115757691575e+00
-5.121486812670593025e+00
-5.502217745919348424e+00
-5.550394865713219161e+00
-5.723965488766466159e+00
-5.421110877433435782e+00
-5.523329470102765981e+00
-5.699061330125555713e+00
-5.520846951199848363e+00
-5.547663625635578022e+00
-5.479254321677980322e+00
-5.531425027990972687e+00
-5.567026702781843639e+00
-5.714303805279980608e+00
-5.481178718408777684e+00
-5.470011910377127862e+00
-5.538598014874224873e+00
-5.590255875600238511e+00
-5.444154819939439172e+00
-5.479928565027730514e+00
-5.498206111633317406e+00
-5.544074852657743691e+00
-5.583952939652707670e+00
-5.663197918529816022e+00
-5.654769371524402288e+00
-5.747916738398555658e+00
-5.745325346947453227e+00
-5.647750747236639945e+00
-5.642993726474479388e+00
-5.632443999931422418e+00
-5.631078633885971740e+00
-5.643628811817568369e+00
-5.669538599304130067e+00
-5.624570303693778861e+00
-5.672115838592121762e+00
-5.628198281317281726e+00
-5.683004114642617566e+00
-5.621446219748777118e+00
-5.650007080581742613e+00
-5.751201465746000885e+00
-5.642085575726357050e+00
-5.630164177648786072e+00
-5.640388701586205755e+00
-5.654784523193934653e+00
-5.637529721880757627e+00
-5.632101002632552422e+00
-5.633502600099656199e+00
-5.625175032767989691e+00
-5.634556828300247844e+00
-5.655322887395225706e+00
-5.642082782181065959e+00
-5.659185122356293896e+00
-5.649051512381035423e+00
-5.730285016952280763e+00
-5.717004323871016425e+00
-5.737199191175385238e+00
-5.657423520920731974e+00
-5.706055098569226658e+00
-5.702931473998930301e+00
-5.715533762211942204e+00
-5.705150871476881491e+00
-5.686790712491575306e+00
-5.508222696809419894e+00
-5.576547021206286203e+00
-5.532170212010855792e+00
-5.562059192703246779e+00
-5.506139708263672716e+00
-5.542212267577898643e+00
-5.510049982112693812e+00
-5.567308064294732795e+00
-5.630574782655920707e+00
-5.515680860846726929e+00
-5.469991841487587436e+00
-5.507893383120587849e+00
-5.526947539593810355e+00
-5.500123510757484624e+00
-5.476078645489389274e+00
-5.536945287645163027e+00
-5.481393056610674996e+00
-5.539820207294006593e+00
-5.527374233033741646e+00
-5.595012752982714943e+00
-5.546610373833240182e+00
-5.542186383541451100e+00
-5.512864255860325358e+00
-5.535376324191394026e+00
-4.738080258629085328e+00
-4.664512852949354027e+00
-4.616979031944422829e+00
-4.827179059785374982e+00
-4.786072381469807624e+00
-4.745997171061633324e+00
-5.059007539932072639e+00
-5.070000547782057332e+00
-5.039415346749107627e+00
-5.096034741911079635e+00
-4.685768552557487254e+00
-4.691378136706397584e+00
-4.631151842805995678e+00
-4.692833884799692434e+00
-4.776527201256639543e+00
-4.662640446527678506e+00
-4.651896686289614280e+00
-4.634037631698593174e+00
-4.628020376498442445e+00
-4.738912390687509912e+00
-4.638983063673450147e+00
-4.621455758163585337e+00
-4.609644388992895081e+00
-4.722451708277098703e+00
-4.709255475431406879e+00
-4.741321023383094690e+00
-5.496451264012340410e+00
-5.447627737138931003e+00
-5.384044514735554010e+00
-5.511455279249075190e+00
-5.664498528411457734e+00
-5.716572431730365444e+00
-5.594902601756784222e+00
-5.146682631377410999e+00
-5.212061530581912905e+00
-5.235399850888017959e+00
-5.758127618982197049e+00
-5.773085901643439932e+00
-5.781915412949413913e+00
-5.734890253870327470e+00
-5.766633541126654272e+00
-5.542638530859638202e+00
-5.517646790023210457e+00
-5.546981394081028860e+00
-5.524819607241351349e+00
-5.541901563053803770e+00
-5.663129120110679260e+00
-5.731794308056484155e+00
-5.288464626538901037e+00
-5.231063747539764996e+00
-5.272517960300968198e+00
-5.301302931791175510e+00
-5.329622057362713328e+00
-5.516624137289811713e+00
-5.295227879410436600e+00
-5.338150345447420619e+00
-5.347996793198043441e+00
-5.340823843714132657e+00
-5.335399473676242899e+00
-5.305523507352014612e+00
-5.316272023922619105e+00
-5.303283933401830907e+00
-5.310587506028422666e+00
-4.717875606711907643e+00
-4.733861680863372889e+00
-4.714404241572856868e+00
-4.724336888711039073e+00
-4.735910143989268128e+00
-4.726865438648642836e+00
-4.711826002452984774e+00
-4.724070665633331778e+00
-4.736030797580567331e+00
-4.720139099554051754e+00
-4.735028937256077874e+00
-4.699218944683542176e+00
-4.693604016864983741e+00
-4.712561088999637882e+00
-4.694642812237722396e+00
-4.706548213017749838e+00
-4.689177286663151811e+00
-4.680795806617573440e+00
-4.692485183372164137e+00
-5.196153410842858200e+00
-5.125255736399928708e+00
-5.135787433046717254e+00
-5.125000085290280616e+00
-5.154358836784386888e+00
-5.168244426528669777e+00
-5.181864338394925440e+00
-5.146084986713876930e+00
-5.162152625315186150e+00
-5.384216132584117354e+00
-5.337732421936848048e+00
-5.323638472922366027e+00
-5.325823322905291590e+00
-5.282899804525612808e+00
-5.397139346068235533e+00
-5.385120635161625202e+00
-5.319736280084845781e+00
-5.285186262632342924e+00
-5.096764554612676967e+00
-5.258144862037983813e+00
-5.231769036453608912e+00
-5.341713238022055776e+00
-5.302614405605552861e+00
-4.881249959939760075e+00
-4.855404950785207951e+00
-4.857474811894583411e+00
-4.870178692315292324e+00
-4.872228880207979174e+00
-4.772144298405375906e+00
-4.729049162751255864e+00
-4.739488548403677726e+00
-4.879833618908136827e+00
-4.878866556971545698e+00
-4.952268140944521058e+00
-5.266639608682421425e+00
-4.919399236898220451e+00
-5.270994503367340656e+00
-5.277781727261158018e+00
-5.200704520893740579e+00
-5.155378122788055961e+00
-4.905989795712236479e+00
-5.199772903950208303e+00
-4.958510567636073674e+00
-5.341352776121250479e+00
-4.946324824266049802e+00
-4.896497744229638904e+00
-5.310968276369095520e+00
-4.938153068645680932e+00
-4.931399763868694386e+00
-4.959713619904070114e+00
-5.246968743976875516e+00
-5.232711782936799949e+00
-5.247091332301693889e+00
-5.220202865668739811e+00
-5.135921723617144607e+00
-5.245081450414483371e+00
-5.245972598946783805e+00
-5.228417770739854475e+00
-5.232353205223120973e+00
-5.113425699640462341e+00
-5.072900822496111850e+00
-5.136830015656595805e+00
-5.130048079602032018e+00
-5.158324669712484045e+00
-5.122317031615723160e+00
-5.257081642602345006e+00
-5.229247278381651931e+00
-5.110570118497708592e+00
-5.139236968643148273e+00
-5.107688442956763275e+00
-5.554657638526624197e+00
-5.552762154617544965e+00
-5.572658336175461358e+00
-5.560339925130906913e+00
-5.571535927019588108e+00
-5.553099667281693463e+00
-5.534943485145257469e+00
-5.561320220961170513e+00
-4.744523545109641915e+00
-4.742548597749991934e+00
-5.081957988565954487e+00
-4.720161813000523843e+00
-4.695665073333438855e+00
-4.730454633169348000e+00
-4.622218558708565794e+00
-4.698503497208911028e+00
-5.678100896130075625e+00
-5.645389006676457377e+00
-5.513259910316701706e+00
-5.560923366811215018e+00
-5.540176123931036756e+00
-5.508378547333163233e+00
-5.537416273071430695e+00
-5.624575305543007886e+00
-5.688382386462307316e+00
-5.670983533234525531e+00
-5.671937562787364939e+00
-5.631969808385610676e+00
-5.647854814415857128e+00
-5.632343178851435539e+00
-5.635361198257099247e+00
-4.762364731062929124e+00
-4.760083850590179466e+00
-4.728253949285107893e+00
-4.738063176893550832e+00
-4.741106815839404298e+00
-4.724911810209166063e+00
-4.738331432085472805e+00
-4.743828938484552893e+00
-4.791873110846626815e+00
-4.788165839515119870e+00
-4.811102064856284777e+00
-4.782223569237874727e+00
-4.792519713444250762e+00
-4.731213985803218947e+00
-4.741060469589761794e+00
-4.820224753431309850e+00
-4.705990317154284064e+00
-4.820975157384406629e+00
-4.842938957613974971e+00
-4.810367299319051604e+00
-4.813763621270853221e+00
-4.756861834648438148e+00
-4.786458304489829452e+00
-4.804293042398683156e+00
-4.792162027626272192e+00
-4.776857608772155928e+00
-4.801794463884205832e+00
-4.824162774733845360e+00
-4.820597116856516706e+00
-4.805012147833519265e+00
-4.821510283822423304e+00
-4.830117671519957412e+00
-4.801544876756654645e+00
-4.812368598441983281e+00
-4.830293816459796830e+00
-4.828704305496913207e+00
-4.855993499363457921e+00
-5.068284901317053226e+00
-5.074218953563500278e+00
-5.062962150315247989e+00
-5.055233897019310696e+00
-5.060980273971187771e+00
-5.080681380302388028e+00
-5.294017324960858417e+00
-5.288577915564177445e+00
-5.288967716493430338e+00
-5.283645739417226928e+00
-5.290039669726000149e+00
-5.288784992197678392e+00
-5.286717690229060018e+00
-5.288112212053190042e+00
-5.283114295388560144e+00
-5.284981528794149064e+00
