-5.533691207333728990e+00
-5.487285119132126354e+00
-5.416503954385827768e+00
-5.216321488238164328e+00
-5.564653461640627796e+00
-5.565883670479510492e+00
-5.605693146041297759e+00
-5.582402495681005661e+00
-5.600097515548168481e+00
-5.612612401625804992e+00
-5.609149691710968888e+00
-5.572642921517574344e+00
-5.192470612857690959e+00
-5.209537151822277501e+00
-5.200740046926122240e+00
-5.211692770371159966e+00
-5.219974767286506889e+00
-5.214915160385031001e+00
-5.210203617836719481e+00
-5.208833918259008655e+00
-5.231966527717966997e+00
-5.240386130656597530e+00
-5.212498110184021094e+00
-5.491802696365946090e+00
-5.526345482754419614e+00
-5.573644818349760222e+00
-5.610621031743435516e+00
-5.143079639524987812e+00
-5.506702380271927488e+00
-5.528229206014063202e+00
-5.461609241932134040e+00
-5.418532208072715406e+00
-5.482914590889757633e+00
-5.235862635927579056e+00
-5.523947796065187710e+00
-5.541547530054227622e+00
-5.510623491010846919e+00
-5.200299514757687369e+00
-5.604415587887484840e+00
-5.657217447241591479e+00
-5.839379200959371019e+00
-5.520349242293631775e+00
-5.628752708137819916e+00
-5.811945152891954791e+00
-5.621578267374350624e+00
-5.649569192671675566e+00
-5.580376661391988513e+00
-5.636096026678157678e+00
-5.672443363762403656e+00
-5.830590690325816894e+00
-5.580029849688745713e+00
-5.571384590360465516e+00
-5.641729316718103959e+00
-5.695834894228511303e+00
-5.547396375144875158e+00
-5.579356066821984150e+00
-5.600124929066950585e+00
-5.646805631439721473e+00
-5.689952971895478662e+00
-5.778275485551299440e+00
-5.766388443307866041e+00
-5.869314803903091793e+00
-5.867766602487694882e+00
-5.763388419114485295e+00
-5.755949030010059531e+00
-5.746422628393406562e+00
-5.741647447453849473e+00
-5.757516246008044902e+00
-5.786444578291312979e+00
-5.740945328001571646e+00
-5.788245010654124556e+00
-5.740444199581854257e+00
-5.798785209513212635e+00
-5.733074501128478495e+00
-5.764827059063899917e+00
-5.871513484243807035e+00
-5.756483597159192556e+00
-5.742073198867511330e+00
-5.751523510786856086e+00
-5.768377707736860316e+00
-5.751966602177374988e+00
-5.745431308671958170e+00
-5.744378266373577624e+00
-5.736964088976993281e+00
-5.745204200063804834e+00
-5.771662295213643823e+00
-5.755907749279773000e+00
-5.773106489256541352e+00
-5.762920080322053273e+00
-5.853380106696020491e+00
-5.835909055080700902e+00
-5.853308329586895731e+00
-5.774628305060976352e+00
-5.824502755740089910e+00
-5.819496449323922072e+00
-5.832454098637892770e+00
-5.821888686875172247e+00
-5.804538859702655706e+00
-5.615743946276489318e+00
-5.685824233677299944e+00
-5.636695589246709659e+00
-5.671257629375490161e+00
-5.614211386337418119e+00
-5.651449572755388395e+00
-5.614869842793651422e+00
-5.673841145809253028e+00
-5.742184512697964927e+00
-5.628833963135148721e+00
-5.578975251923245615e+00
-5.624326191882451198e+00
-5.639376413596040472e+00
-5.605918829869945164e+00
-5.583187168549117452e+00
-5.643242099134665679e+00
-5.586969167009821824e+00
-5.647603229017111204e+00
-5.636884371143401573e+00
-5.704682072281569205e+00
-5.653248460332414460e+00
-5.647169773523720515e+00
-5.620864546503846704e+00
-5.642573952701877005e+00
-4.751908280615213087e+00
-4.678784332239260380e+00
-4.629225404692811630e+00
-4.860294886864840791e+00
-4.818734221484257674e+00
-4.769361863509367083e+00
-5.129162357572240261e+00
-5.132135194166258074e+00
-5.106998500857957701e+00
-5.166915625691224534e+00
-4.644733247416922062e+00
-4.658942675625458385e+00
-4.584391129664213693e+00
-4.696744673524270830e+00
-4.781981888150776072e+00
-4.669715918115628916e+00
-4.657914203641151829e+00
-4.636138495609549715e+00
-4.635366648183287808e+00
-4.753474315629362401e+00
-4.647334656775202077e+00
-4.626282679900445061e+00
-4.605617745652596184e+00
-4.735946823741747025e+00
-4.717043197431993740e+00
-4.764052620433229635e+00
-5.594850351706464942e+00
-5.546563871569683002e+00
-5.482035319160578624e+00
-5.613932824424759715e+00
-5.776590085869570679e+00
-5.833559742502206547e+00
-5.704396133288085480e+00
-5.206401591286095254e+00
-5.284362946275546591e+00
-5.305686127124263685e+00
-5.883774005444499799e+00
-5.897141560451188091e+00
-5.900225970713797174e+00
-5.860575741634063363e+00
-5.889075507698311895e+00
-5.641369736115962930e+00
-5.619632615916643203e+00
-5.647914493128895153e+00
-5.624795026087955563e+00
-5.640873662344256800e+00
-5.773920703694104262e+00
-5.851967455545876717e+00
-5.377758855520734294e+00
-5.303733145892285172e+00
-5.364188938372496551e+00
-5.387313388169324924e+00
-5.420424819417661411e+00
-5.614071576620518478e+00
-5.380432765767023895e+00
-5.428946574979050865e+00
-5.444424983491285452e+00
-5.436160688243987238e+00
-5.429065757631583722e+00
-5.397193243062671897e+00
-5.406531616137469243e+00
-5.393133462579719151e+00
-5.403248375040515583e+00
-4.729128845126697733e+00
-4.746805298236639992e+00
-4.724819621703110428e+00
-4.730357543062169157e+00
-4.742986440682597227e+00
-4.737816909877755833e+00
-4.723096906628910574e+00
-4.741404400667598829e+00
-4.751818088330925782e+00
-4.735719786522054164e+00
-4.755976161391286539e+00
-4.707172045137067329e+00
-4.702478183279249713e+00
-4.725297311542289158e+00
-4.712409607779651566e+00
-4.709937730347984797e+00
-4.701394763093510676e+00
-4.682720842880687684e+00
-4.703452066239647955e+00
-5.273961747427175162e+00
-5.198559580885093290e+00
-5.208909942642748980e+00
-5.196155800808403669e+00
-5.231882731115269358e+00
-5.244101721626004853e+00
-5.263273344459383551e+00
-5.225117240842231503e+00
-5.232581901255162649e+00
-5.473819965472422666e+00
-5.427083842297050431e+00
-5.409837722547916172e+00
-5.410589194804832580e+00
-5.365017348370658468e+00
-5.488670290765640836e+00
-5.471954387411375187e+00
-5.402738120653278742e+00
-5.365547386969534038e+00
-5.144271445615571814e+00
-5.335495566570799042e+00
-5.303578011259248548e+00
-5.425256273600884249e+00
-5.379082629745071564e+00
-4.893504486841457890e+00
-4.864313600247365699e+00
-4.865580276228680390e+00
-4.881586408800995258e+00
-4.880960126794968268e+00
-4.800257500151034584e+00
-4.719539854387439171e+00
-4.737734713076277693e+00
-4.898358855220675601e+00
-4.886769586111277874e+00
-4.976439298641116338e+00
-5.337524598451747870e+00
-4.930344054535765075e+00
-5.342957920886552969e+00
-5.351088305449819060e+00
-5.268622318316885433e+00
-5.216711996214897340e+00
-4.925372095096921754e+00
-5.270646919174025058e+00
-4.976590198625697958e+00
-5.422704829295781792e+00
-4.961669947905161138e+00
-4.912360521920144940e+00
-5.392617556659353717e+00
-4.957390880431217894e+00
-4.949623885264971435e+00
-4.977261570240417932e+00
-5.321469298549767579e+00
-5.311526853657808189e+00
-5.323209985815722689e+00
-5.295196871794145999e+00
-5.221263531999924545e+00
-5.344780183453893052e+00
-5.343059220674287069e+00
-5.329761367239689740e+00
-5.329558539420169438e+00
-5.194584015856291259e+00
-5.156124404445310283e+00
-5.212323260893977128e+00
-5.215472171316172911e+00
-5.233431248466953178e+00
-5.204636878540600975e+00
-5.351306036014246814e+00
-5.321046494518229864e+00
-5.188572919945200645e+00
-5.218832329356162703e+00
-5.188890142600732780e+00
-5.662168741724991072e+00
-5.659232495452846123e+00
-5.677895000433095696e+00
-5.668188012331548009e+00
-5.680838097933779807e+00
-5.658357503940981026e+00
-5.641163918650831555e+00
-5.668879252425904625e+00
-4.757319057671450580e+00
-4.759325144399014995e+00
-5.155506535249187117e+00
-4.730620736654606695e+00
-4.655369989048339541e+00
-4.692659386209059313e+00
-4.621056947514149194e+00
-4.656445562326872789e+00
-5.790694389512885287e+00
-5.758829253983408947e+00
-5.614016479018343553e+00
-5.665097765673359653e+00
-5.644301449716263797e+00
-5.614276292523837419e+00
-5.642191921804607269e+00
-5.735495356489876073e+00
-5.802750831346041416e+00
-5.782672656684210821e+00
-5.783751491384393262e+00
-5.746385708198858744e+00
-5.762356397662744989e+00
-5.746995371337486169e+00
-5.752651407253685178e+00
-4.778583860545063011e+00
-4.768799852554757024e+00
-4.742508210709131866e+00
-4.747155443347864434e+00
-4.748814906592116358e+00
-4.738353512511091381e+00
-4.746566153848601033e+00
-4.752893899669096811e+00
-4.804860140375588173e+00
-4.801210639185226725e+00
-4.810406581133467974e+00
-4.791193539435571580e+00
-4.801288730397754279e+00
-4.745043304287757557e+00
-4.759050911287811658e+00
-4.844442344468043338e+00
-4.713293766335781676e+00
-4.834521425080338553e+00
-4.860733101175385151e+00
-4.833497350820494809e+00
-4.836303529934759204e+00
-4.764927660278765131e+00
-4.795453624067893550e+00
-4.814526439270840008e+00
-4.808158791346688332e+00
-4.791578591911891394e+00
-4.815573727607679544e+00
-4.847685499111784146e+00
-4.840064098430226558e+00
-4.815866028170430191e+00
-4.833013599540456617e+00
-4.847018097456101238e+00
-4.822599469790447735e+00
-4.826312360402074120e+00
-4.840264318220881989e+00
-4.846998308361252228e+00
-4.863238925204089291e+00
-5.153720221260437384e+00
-5.159759635444218340e+00
-5.153462367638348418e+00
-5.147537205059434129e+00
-5.153608716332105821e+00
-5.162056301858837237e+00
-5.363106978143544978e+00
-5.360315315160303129e+00
-5.355608850240376917e+00
-5.353221789131837660e+00
-5.359998147844918570e+00
-5.359576634384096927e+00
-5.354434094632726016e+00
-5.356567386733630975e+00
-5.353037458173885099e+00
-5.353568441023297986e+00
