-5.438596125260870551e+00
-5.391351451873479306e+00
-5.322231675234252002e+00
-5.135121237307902042e+00
-5.460906990033587149e+00
-5.466104826890197721e+00
-5.503047046492332228e+00
-5.480804876820104532e+00
-5.499126706637119000e+00
-5.511910389746478955e+00
-5.508539617759134366e+00
-5.470519429310564341e+00
-5.116843177179840829e+00
-5.132878851740834136e+00
-5.118388183444626094e+00
-5.131827980720719218e+00
-5.147815742464238120e+00
-5.139691107579107410e+00
-5.128408399657071293e+00
-5.132915854419878521e+00
-5.157774861843678949e+00
-5.162451974352146422e+00
-5.131434776234330641e+00
-5.397973102779747734e+00
-5.434536545986524025e+00
-5.476839640485432703e+00
-5.513466445587606124e+00
-5.051673246124831707e+00
-5.411688492394953087e+00
-5.434867739393957287e+00
-5.368954430888350338e+00
-5.329836579132274821e+00
-5.388913252519887287e+00
-5.162720771388441321e+00
-5.427711504768273798e+00
-5.446771260716158025e+00
-5.416396806979897782e+00
-5.120706374997657129e+00
-5.503397373531504932e+00
-5.550191072346768451e+00
-5.722452428350553788e+00
-5.422334017413383833e+00
-5.522130472344857210e+00
-5.698391222830106351e+00
-5.521126476571631692e+00
-5.545418697572697120e+00
-5.477501193423299775e+00
-5.529818075004593325e+00
-5.566252725187324835e+00
-5.712662834888098118e+00
-5.481158663265571107e+00
-5.470126840615128216e+00
-5.538343425755088312e+00
-5.588344774224215605e+00
-5.444128609118886963e+00
-5.480755636519190510e+00
-5.498751332393015723e+00
-5.543266938155416490e+00
-5.583277901694799539e+00
-5.665621429045862634e+00
-5.653416431916126861e+00
-5.749824030469818048e+00
-5.747239964709751625e+00
-5.650452891799950805e+00
-5.644136209746376309e+00
-5.631962548928936663e+00
-5.630694011329564930e+00
-5.644561537941674700e+00
-5.670892575354382181e+00
-5.623324172311240154e+00
-5.672340712954091480e+00
-5.628130451621166763e+00
-5.682085290766396568e+00
-5.623132923696118723e+00
-5.652000429517832991e+00
-5.753330341115128199e+00
-5.645381772478066829e+00
-5.631956464030155374e+00
-5.641934335478735463e+00
-5.656107894196680697e+00
-5.639970470007813930e+00
-5.634203911367680284e+00
-5.634042446067959453e+00
-5.627633574356697643e+00
-5.635367498341477877e+00
-5.655998915096043689e+00
-5.643752803963388409e+00
-5.660214236966652379e+00
-5.647764366442843631e+00
-5.728814886585553268e+00
-5.715624030138509504e+00
-5.735928756384987004e+00
-5.655798902086742075e+00
-5.705561595573234612e+00
-5.701927840113803825e+00
-5.715172638286486695e+00
-5.704267179682247502e+00
-5.686073237204404940e+00
-5.511446767817880676e+00
-5.577496330494960297e+00
-5.534460185067368698e+00
-5.561497774875346245e+00
-5.508832812447105098e+00
-5.542288297352569337e+00
-5.511634140178156116e+00
-5.567445907795890214e+00
-5.631158204329499206e+00
-5.517025867458810851e+00
-5.471867377351076200e+00
-5.509747281280452214e+00
-5.528085273330123783e+00
-5.499661713845477529e+00
-5.476382551241430363e+00
-5.536115008860964970e+00
-5.483629952259403417e+00
-5.541622719899758742e+00
-5.529940282790533068e+00
-5.595399034423962803e+00
-5.548953405013753226e+00
-5.543347902283049855e+00
-5.513952052478173549e+00
-5.535932555605832306e+00
-4.742382211323009855e+00
-4.659533640781964081e+00
-4.612235208835005373e+00
-4.830567859780713569e+00
-4.788194707542882789e+00
-4.742747950562941739e+00
-5.068718460620941890e+00
-5.073822053215391037e+00
-5.043803516531084163e+00
-5.098354141747758916e+00
-4.699935048224333833e+00
-4.695728926086772503e+00
-4.609302095655570142e+00
-4.691604989609349019e+00
-4.777378321289762475e+00
-4.655594553002913472e+00
-4.646473975986756599e+00
-4.625340081470579179e+00
-4.622255529348532122e+00
-4.732984705432802031e+00
-4.630887679019336289e+00
-4.619860434764652801e+00
-4.604704984335227458e+00
-4.716629524936816864e+00
-4.708710144301260669e+00
-4.749243835649969547e+00
-5.497765817796169685e+00
-5.448022397180000809e+00
-5.386446734815173443e+00
-5.513456538986248212e+00
-5.665422879315201499e+00
-5.716247476433531816e+00
-5.596491765994970002e+00
-5.149330299386623011e+00
-5.212771954997752033e+00
-5.236767503459692108e+00
-5.756667596362359696e+00
-5.771542701458705515e+00
-5.780240025075894295e+00
-5.733458064074447691e+00
-5.765604672510497686e+00
-5.542632020088347211e+00
-5.518116208758244490e+00
-5.547516896367944206e+00
-5.524812662152286613e+00
-5.543208169855653011e+00
-5.662612144807564363e+00
-5.731370570220646776e+00
-5.291656607344459751e+00
-5.230422458769394822e+00
-5.279469796495876110e+00
-5.305658921023923114e+00
-5.333088460299738820e+00
-5.516762075297204859e+00
-5.296828725784322067e+00
-5.337482555738289669e+00
-5.348428790393315424e+00
-5.341460242264094660e+00
-5.335591688196384297e+00
-5.304713164864889308e+00
-5.314537155276748415e+00
-5.302116045298083336e+00
-5.309637485340763519e+00
-4.718558668131332290e+00
-4.734686994625278977e+00
-4.710120800697518817e+00
-4.720830786362407494e+00
-4.732928061366071582e+00
-4.724151180709733389e+00
-4.706597929235729616e+00
-4.723315059204061583e+00
-4.733867269006471368e+00
-4.717357203058074155e+00
-4.732567955971305196e+00
-4.695021206148497050e+00
-4.692102732434217494e+00
-4.713530881778626558e+00
-4.690348594202934152e+00
-4.706644931089762451e+00
-4.688029688034952791e+00
-4.680921679938393254e+00
-4.691721476322996409e+00
-5.199536898555757070e+00
-5.143534338181475540e+00
-5.158676106325085442e+00
-5.142074939054810834e+00
-5.176164073200592242e+00
-5.170828709966950321e+00
-5.204976602720510215e+00
-5.178722128460029772e+00
-5.164151833651579260e+00
-5.385785444244682196e+00
-5.341017438711427978e+00
-5.326698930951625499e+00
-5.327742384083733462e+00
-5.283868772797211122e+00
-5.398718094560962300e+00
-5.386026888512768451e+00
-5.323966368407745620e+00
-5.298088916766913847e+00
-5.109725243652415649e+00
-5.266526230903686212e+00
-5.240275717696724733e+00
-5.346665135150435511e+00
-5.308683671562273609e+00
-4.883547708802933762e+00
-4.857785119571029320e+00
-4.859207207186248212e+00
-4.871896432960637568e+00
-4.872917161163776711e+00
-4.780238777238259296e+00
-4.723415632347017556e+00
-4.733421254907096198e+00
-4.878837171006527029e+00
-4.876613149775397282e+00
-4.954732460190168553e+00
-5.266528502296551117e+00
-4.919584252716538764e+00
-5.272209745523148250e+00
-5.279235129258744053e+00
-5.199187716534648729e+00
-5.154038295188054342e+00
-4.906136794172089033e+00
-5.199104033887687493e+00
-4.961619819664105258e+00
-5.342869934429592682e+00
-4.948344963389814666e+00
-4.898496192679315797e+00
-5.314789342937669581e+00
-4.940872493371374574e+00
-4.932920201033057062e+00
-4.959530071268494211e+00
-5.248614968017327520e+00
-5.237447854834228700e+00
-5.247475625190595849e+00
-5.225237085304387463e+00
-5.141974753658466568e+00
-5.248960777981532821e+00
-5.250848813180078345e+00
-5.232358762571437616e+00
-5.236383979876258365e+00
-5.111695693316220535e+00
-5.070691037993167782e+00
-5.143565266324031882e+00
-5.139293386460686008e+00
-5.157203628344098512e+00
-5.123341943495737461e+00
-5.258179151605991919e+00
-5.235163634654269593e+00
-5.109082419997632130e+00
-5.141662679909381417e+00
-5.111035010770751619e+00
-5.552329229892952966e+00
-5.549896304788735080e+00
-5.572544551959233594e+00
-5.557440012785208161e+00
-5.568835459579899450e+00
-5.553000532583725501e+00
-5.531505903344692499e+00
-5.561351380176226655e+00
-4.737991940093984056e+00
-4.746253323012206593e+00
-5.090740241023808288e+00
-4.714974643497834350e+00
-4.686851332579614393e+00
-4.738148601471170451e+00
-4.618962456277286854e+00
-4.702315425901989698e+00
-5.674978618270169584e+00
-5.642897518924213429e+00
-5.510608102126968610e+00
-5.561437040368909734e+00
-5.538727183403905130e+00
-5.506453722051441346e+00
-5.537425850334304123e+00
-5.622985346062849388e+00
-5.688097444199115671e+00
-5.670873024884214963e+00
-5.671990708826728955e+00
-5.634001061011774780e+00
-5.650090792559438135e+00
-5.634980040854817851e+00
-5.639055334190098634e+00
-4.758843738757264852e+00
-4.757576252702031105e+00
-4.729439991757645956e+00
-4.733588574321259124e+00
-4.735342723481416272e+00
-4.721554009566736987e+00
-4.735944413261279351e+00
-4.739080638239419052e+00
-4.789886648272950964e+00
-4.789707673853568437e+00
-4.801982580551537261e+00
-4.781366583364822453e+00
-4.785335958493423192e+00
-4.728977426546939533e+00
-4.742239349653960545e+00
-4.815518926052750892e+00
-4.702458523521141132e+00
-4.820056752565559322e+00
-4.842745764480761217e+00
-4.814966574392942178e+00
-4.814115944738417419e+00
-4.749493126044193048e+00
-4.780306683984772320e+00
-4.805264235359214986e+00
-4.791960781959667237e+00
-4.772681256850090037e+00
-4.801139297489601887e+00
-4.826873746382846164e+00
-4.823540326907691522e+00
-4.803496385943983427e+00
-4.814249301945899617e+00
-4.830275689413406681e+00
-4.801914648294218324e+00
-4.810374223617895240e+00
-4.827224861190600791e+00
-4.829730358890607533e+00
-4.846100286731910955e+00
-5.114999920654658361e+00
-5.118984619869229036e+00
-5.112846999386164271e+00
-5.106667599264173241e+00
-5.110186755809137615e+00
-5.119505460252182338e+00
-5.291456170091984212e+00
-5.286835771226715330e+00
-5.283062417774164743e+00
-5.282355190950593027e+00
-5.287700942008596527e+00
-5.288085267083536323e+00
-5.283221100166189288e+00
-5.285556395959229548e+00
-5.280403901865788896e+00
-5.282551771198391144e+00
