-5.438735260048559006e+00
-5.392537548679952053e+00
-5.324395345348645670e+00
-5.139517094450511081e+00
-5.464988191023282482e+00
-5.466156864720746356e+00
-5.506466479448500984e+00
-5.484305475785772543e+00
-5.500846429398327686e+00
-5.512797550672552838e+00
-5.508609081125450224e+00
-5.471989034225120285e+00
-5.115969319404960025e+00
-5.135500589590487053e+00
-5.128879708895194511e+00
-5.132494783104888825e+00
-5.145670708882815525e+00
-5.142494013464666835e+00
-5.134914282925675977e+00
-5.131791702434957969e+00
-5.158599573215550294e+00
-5.161543328704127021e+00
-5.134501784800658442e+00
-5.398922874242533254e+00
-5.434161250491427175e+00
-5.480406657264360604e+00
-5.517825759390255769e+00
-5.070156666567378956e+00
-5.413107697335553858e+00
-5.436005223147491350e+00
-5.369581483913033360e+00
-5.331568491531895937e+00
-5.392542105661228824e+00
-5.157347257240882499e+00
-5.433259718936052529e+00
-5.450508906515855401e+00
-5.417283841959749324e+00
-5.121576609774107780e+00
-5.504032051859235608e+00
-5.551636061794262389e+00
-5.723930127759906838e+00
-5.421358882535295187e+00
-5.523580412528068528e+00
-5.699301341168638402e+00
-5.521137041306819704e+00
-5.546993014617140894e+00
-5.477649181413386081e+00
-5.531889665325609329e+00
-5.568079642577333566e+00
-5.715071672728565311e+00
-5.482719105446353325e+00
-5.471239904353275563e+00
-5.539275213458057401e+00
-5.590159582688643880e+00
-5.448466478481176267e+00
-5.480396876056375710e+00
-5.500554950998565396e+00
-5.544346232027142385e+00
-5.584464172461920839e+00
-5.663623726092073873e+00
-5.655210618799622502e+00
-5.747127169276103231e+00
-5.745799588420068105e+00
-5.649302427562171047e+00
-5.644115119800667379e+00
-5.634868549094279366e+00
-5.636318224059889026e+00
-5.643971375967646864e+00
-5.670688454445139470e+00
-5.626985355122737786e+00
-5.673427214519866091e+00
-5.629109555062258075e+00
-5.683761374694695334e+00
-5.622182432726875234e+00
-5.651935620914191993e+00
-5.749187359189779301e+00
-5.642487420724467739e+00
-5.630917959028082898e+00
-5.639646789407977145e+00
-5.654253865356300146e+00
-5.638119948896358480e+00
-5.632512156014182203e+00
-5.635055080916452575e+00
-5.625049118567923223e+00
-5.633274600503534124e+00
-5.657642164857080935e+00
-5.642949390808999155e+00
-5.661407532686984823e+00
-5.650434447590273024e+00
-5.730953498563929216e+00
-5.717387281071511396e+00
-5.735436720890490392e+00
-5.659340785799281015e+00
-5.707869810216987361e+00
-5.702990716681674677e+00
-5.716297537217323921e+00
-5.705597458037978242e+00
-5.688255552577859753e+00
-5.512449748495050983e+00
-5.578153820054102319e+00
-5.533694553000103156e+00
-5.561994123614075747e+00
-5.510303648675463961e+00
-5.543502847757610930e+00
-5.511504839561066404e+00
-5.566509133622319361e+00
-5.632835552299334303e+00
-5.521950720811416247e+00
-5.476967572485190061e+00
-5.515752294576456549e+00
-5.533325679848430489e+00
-5.497078597646232190e+00
-5.480190183539749960e+00
-5.536941892756444439e+00
-5.485958048795502862e+00
-5.541194566571291169e+00
-5.530405515611665379e+00
-5.594865801818420081e+00
-5.547511390375578166e+00
-5.542518999698275550e+00
-5.516642939057492256e+00
-5.535891678049525311e+00
-4.736238230065833221e+00
-4.664759294148755231e+00
-4.616516568514788865e+00
-4.821162091085897217e+00
-4.786986827747995221e+00
-4.742633866672034237e+00
-5.062718088296442431e+00
-5.070376759844513970e+00
-5.035259703877990489e+00
-5.093841364182723375e+00
-4.678880648354524219e+00
-4.682797176073332679e+00
-4.621919328592088760e+00
-4.691871158555451338e+00
-4.776436079142503566e+00
-4.660442844791176320e+00
-4.647197920349267264e+00
-4.622442614646510961e+00
-4.619754900717011559e+00
-4.736466792484168131e+00
-4.631961100887602711e+00
-4.619577603245407005e+00
-4.607367186467942410e+00
-4.725229551799880134e+00
-4.714870254929445004e+00
-4.735766759990372776e+00
-5.501934645378734778e+00
-5.451984293482279753e+00
-5.389400172138872236e+00
-5.515159829247879841e+00
-5.668044892563472104e+00
-5.718341665682594943e+00
-5.597609244926858629e+00
-5.151429252244575707e+00
-5.219305076974031010e+00
-5.243739829856031598e+00
-5.759639621964250722e+00
-5.773543554130375455e+00
-5.779570872453047237e+00
-5.736727952453353652e+00
-5.768291621454783247e+00
-5.543975404336642043e+00
-5.519891384214552943e+00
-5.548794653587986403e+00
-5.526980140835732414e+00
-5.544136344030858865e+00
-5.664580509840625666e+00
-5.732517130784185788e+00
-5.290741424572955154e+00
-5.239527529373050108e+00
-5.274966956811161900e+00
-5.307419639545072343e+00
-5.334066728056397366e+00
-5.519541147177422502e+00
-5.306449732103899031e+00
-5.347781605459565490e+00
-5.358400400738669411e+00
-5.350641277454291966e+00
-5.345673053194887281e+00
-5.311896970820071395e+00
-5.324024471734130515e+00
-5.309566494344895915e+00
-5.317278873999267574e+00
-4.718638457954071441e+00
-4.738364122175529936e+00
-4.710872459758598474e+00
-4.721130256795028401e+00
-4.732188458474457349e+00
-4.728781004782190323e+00
-4.710381553854550596e+00
-4.725212433290627345e+00
-4.736101142809085118e+00
-4.725484560064727724e+00
-4.734796370134814580e+00
-4.699719139018761815e+00
-4.686622412048341069e+00
-4.711389834194465109e+00
-4.687251081816556031e+00
-4.700221830114772459e+00
-4.687769704642477997e+00
-4.681174023811524698e+00
-4.690108064186192749e+00
-5.200416238169605521e+00
-5.121005276024832575e+00
-5.135717761689568839e+00
-5.122277252804886771e+00
-5.155475709040215904e+00
-5.172075650836829297e+00
-5.187400790812157325e+00
-5.150300865443336207e+00
-5.163247357094858714e+00
-5.390189571504205190e+00
-5.345881632734542421e+00
-5.330782229934571070e+00
-5.331667191728198141e+00
-5.289668220795429754e+00
-5.402409303342078140e+00
-5.389036372340648917e+00
-5.326424687434982097e+00
-5.290278180563467991e+00
-5.094390331900137348e+00
-5.262121428289304070e+00
-5.231146810566516869e+00
-5.344542475148946536e+00
-5.304826502737362226e+00
-4.869561272159646848e+00
-4.846848980323412270e+00
-4.849670835101969502e+00
-4.855839442286276508e+00
-4.864792688538712717e+00
-4.758233610019179771e+00
-4.681755461515163752e+00
-4.705250739639688540e+00
-4.866398591722512990e+00
-4.858456247430979147e+00
-4.948378497058645742e+00
-5.265473370037232037e+00
-4.914212627552656087e+00
-5.271649082792918328e+00
-5.279574646541452587e+00
-5.201431290311507638e+00
-5.157608369994134634e+00
-4.900122545605316127e+00
-5.208037639366540184e+00
-4.956757550011267277e+00
-5.347927362912506588e+00
-4.947229510001061037e+00
-4.895171494238428345e+00
-5.318658085492119270e+00
-4.938774864131807441e+00
-4.927946690233188320e+00
-4.953358058121835938e+00
-5.253834298619882048e+00
-5.241873332033135213e+00
-5.254085812239456033e+00
-5.230365150761342896e+00
-5.141509868342486023e+00
-5.249337962714960781e+00
-5.247722577513057374e+00
-5.235013292642280547e+00
-5.243819958534916559e+00
-5.118759335399361454e+00
-5.073381202753292740e+00
-5.144184952763257712e+00
-5.139666174023902911e+00
-5.162007876261044181e+00
-5.127244018406930337e+00
-5.263538439724663398e+00
-5.234859569312156680e+00
-5.110065153443550834e+00
-5.143649230087685709e+00
-5.119288617095758553e+00
-5.553760704610779975e+00
-5.550692654420180894e+00
-5.574045485610078288e+00
-5.560538843499551298e+00
-5.571737870507240231e+00
-5.552229039989790671e+00
-5.531634136005771474e+00
-5.562001890444088659e+00
-4.729386986633711487e+00
-4.754233452680391103e+00
-5.081547964072878010e+00
-4.707880275489157995e+00
-4.661290828211571480e+00
-4.713730103136868799e+00
-4.586043380735237207e+00
-4.681982833125035270e+00
-5.675449228004939783e+00
-5.644329119487337287e+00
-5.511001679375690188e+00
-5.567231390038614336e+00
-5.538989930567572273e+00
-5.508237363128245079e+00
-5.541135557900567221e+00
-5.620347521574734273e+00
-5.687141496255478046e+00
-5.668978326489099828e+00
-5.670224620891159084e+00
-5.633239040560040323e+00
-5.649108936014195059e+00
-5.635163358607119477e+00
-5.634375535855504324e+00
-4.766240121596166723e+00
-4.766953296051056554e+00
-4.736374868634454671e+00
-4.738116444185537013e+00
-4.740801985670825225e+00
-4.725284245788448523e+00
-4.737141671112516050e+00
-4.745846521226916970e+00
-4.798014166535441660e+00
-4.799978742205088800e+00
-4.810210706731144370e+00
-4.787856222403952700e+00
-4.801513693047168019e+00
-4.733111408432140621e+00
-4.746691842835041975e+00
-4.821540364078975571e+00
-4.703078189926955588e+00
-4.823680583819240475e+00
-4.843851893111533080e+00
-4.822804656197412498e+00
-4.820685189597771370e+00
-4.754609110737110456e+00
-4.787575171875942281e+00
-4.813146513331403753e+00
-4.795611503844430246e+00
-4.776823751809283536e+00
-4.797488362254242134e+00
-4.820957392220504900e+00
-4.823967597291851206e+00
-4.803921213436606941e+00
-4.820979193302941113e+00
-4.831904755311982491e+00
-4.799879149517312982e+00
-4.813918943495414382e+00
-4.834786681298726130e+00
-4.831554774846859246e+00
-4.851629610936087467e+00
-5.094003084373783352e+00
-5.099119516686546838e+00
-5.092229415986644803e+00
-5.086188937279535693e+00
-5.091530152575367119e+00
-5.100320710628336585e+00
-5.301308744366566295e+00
-5.297937722901191471e+00
-5.293357201304082160e+00
-5.291647621728351680e+00
-5.297559257563031920e+00
-5.298800437280302589e+00
-5.293618893351056620e+00
-5.295161648262529219e+00
-5.292504086019766518e+00
-5.292415291886619855e+00
