-5.438764222369751877e+00
-5.391687018324973657e+00
-5.316360112424660223e+00
-5.131841942430792614e+00
-5.462787409446844933e+00
-5.467206693009026175e+00
-5.505596795877938376e+00
-5.481357356115925228e+00
-5.500370861133481171e+00
-5.513768774459375521e+00
-5.509568375056319134e+00
-5.471654067796650089e+00
-5.116345393138734821e+00
-5.129636827385750664e+00
-5.113877241220150083e+00
-5.125932962486573707e+00
-5.145410214603588273e+00
-5.138465586801128637e+00
-5.121769542203515435e+00
-5.125305149956895789e+00
-5.148905108254736795e+00
-5.159965498527202321e+00
-5.127851471203978662e+00
-5.396522237927167787e+00
-5.435743280440560099e+00
-5.478374040622390417e+00
-5.514334486783823763e+00
-5.049738810563045632e+00
-5.411865420540580729e+00
-5.436722803515483982e+00
-5.366229088179154338e+00
-5.327905811566511218e+00
-5.388987894253001620e+00
-5.153349376106749702e+00
-5.430858271992336839e+00
-5.446959975122227071e+00
-5.415174783483797327e+00
-5.119443324444340249e+00
-5.504890448138386461e+00
-5.552711182700877934e+00
-5.726662057840692377e+00
-5.423466382151644893e+00
-5.525983385269460868e+00
-5.702268597276286322e+00
-5.524445112994910367e+00
-5.548445816922813911e+00
-5.479761730210181092e+00
-5.532731934085845182e+00
-5.569368311448590347e+00
-5.717319072916046352e+00
-5.485156460845970194e+00
-5.471528824234422217e+00
-5.543885007197302706e+00
-5.593023650529563184e+00
-5.447920856390521038e+00
-5.484120298983996555e+00
-5.503742302117109908e+00
-5.547485791831183732e+00
-5.587238306663751430e+00
-5.667880325298275679e+00
-5.657749754762467553e+00
-5.753656570816015225e+00
-5.751384557115370555e+00
-5.652604803374819298e+00
-5.646906951529672369e+00
-5.636242381794959400e+00
-5.634328804830498250e+00
-5.647846169519480597e+00
-5.674100814556962469e+00
-5.629589019585944598e+00
-5.675486648521518518e+00
-5.631474467373912773e+00
-5.685954144165230595e+00
-5.624798390898837930e+00
-5.655049743343873558e+00
-5.756532791653459213e+00
-5.647657743609845404e+00
-5.633231051051471816e+00
-5.643466274671355087e+00
-5.659263686414900185e+00
-5.640172460236753338e+00
-5.636890699438040109e+00
-5.636457684775111332e+00
-5.629644120898342763e+00
-5.636580844216449115e+00
-5.659837694955768050e+00
-5.646276481416050430e+00
-5.662906876876986573e+00
-5.652679088753596481e+00
-5.731436418819724210e+00
-5.718807721151395462e+00
-5.737232128922747698e+00
-5.658588821033612604e+00
-5.708539000882996817e+00
-5.704877892071993806e+00
-5.717364921261629540e+00
-5.707051462028080557e+00
-5.689257615976183402e+00
-5.513683913572433148e+00
-5.582155936028507348e+00
-5.537929810951811582e+00
-5.566260207452040198e+00
-5.512602326171373690e+00
-5.548369043763721642e+00
-5.514791517019311584e+00
-5.572141961796159393e+00
-5.636220865616632381e+00
-5.523895234971985424e+00
-5.476781459724572976e+00
-5.515695464796223746e+00
-5.533397385432484938e+00
-5.505185732015484668e+00
-5.479322422129785153e+00
-5.541862563675661768e+00
-5.485943302348985640e+00
-5.547230479394395175e+00
-5.534295215856701589e+00
-5.600770258502314469e+00
-5.552183767555191274e+00
-5.545148828510401806e+00
-5.517057094842646947e+00
-5.539800026631350072e+00
-4.730690163228535638e+00
-4.654951723939411146e+00
-4.599886556258318215e+00
-4.821120459042989026e+00
-4.782232709922044300e+00
-4.736681829297892499e+00
-5.064166339602805600e+00
-5.072399452672796905e+00
-5.038237967456557165e+00
-5.100721656031875995e+00
-4.739273710696782160e+00
-4.744430019208417448e+00
-4.650777724397099355e+00
-4.685453083570767063e+00
-4.765611917116991947e+00
-4.655776287798192747e+00
-4.646429904304389957e+00
-4.630687042334747261e+00
-4.618069796805020388e+00
-4.725492893036244091e+00
-4.627617082178026031e+00
-4.609537502843447321e+00
-4.600832321381467693e+00
-4.713686678769803962e+00
-4.700363826009961166e+00
-4.736766878391852842e+00
-5.495927808325163255e+00
-5.446974019263886468e+00
-5.382046846088085701e+00
-5.514008577553029866e+00
-5.667041608175862777e+00
-5.718988041955620716e+00
-5.598846649398694808e+00
-5.145531181752146743e+00
-5.204390156092836506e+00
-5.230491131086704826e+00
-5.759037698636027436e+00
-5.774107742346524574e+00
-5.781673779262525237e+00
-5.734990282305692411e+00
-5.768538620086450130e+00
-5.544344422963919605e+00
-5.518965532937762042e+00
-5.548270458593343335e+00
-5.524871575953942404e+00
-5.543798210937977089e+00
-5.666862778914517840e+00
-5.734693231947389336e+00
-5.289890988506675384e+00
-5.226403174476874192e+00
-5.278898554233334650e+00
-5.304890488474917731e+00
-5.330885640138105508e+00
-5.516499715620206246e+00
-5.294250776092646049e+00
-5.336184810219782193e+00
-5.347854148997409851e+00
-5.340355231462066143e+00
-5.333889564030186214e+00
-5.302674214711966982e+00
-5.311105695498773649e+00
-5.301440001124642087e+00
-5.307884799400783393e+00
-4.713447175801456446e+00
-4.731309312405489464e+00
-4.707482500158656435e+00
-4.715102224577784717e+00
-4.726295305375284528e+00
-4.718355865927715165e+00
-4.702953650044686462e+00
-4.717404434861661500e+00
-4.725840135443327483e+00
-4.713305470118777762e+00
-4.728219195008712461e+00
-4.688419091865375421e+00
-4.691301102944444246e+00
-4.716266010655466800e+00
-4.691906457432110322e+00
-4.704836348193590645e+00
-4.690752153121836798e+00
-4.683079547033760726e+00
-4.692543014995240291e+00
-5.197145882783536841e+00
-5.131348429528192590e+00
-5.151816969773376442e+00
-5.129048196246394298e+00
-5.165018660902532588e+00
-5.170307544374764142e+00
-5.196243788028788835e+00
-5.165776279849095154e+00
-5.163685127685463172e+00
-5.383298422383587578e+00
-5.338345893565385580e+00
-5.322092772898065149e+00
-5.323733518484561777e+00
-5.279371579455723662e+00
-5.398520979992084357e+00
-5.386109852976362689e+00
-5.320690832285412952e+00
-5.294501032363612580e+00
-5.104635884528192946e+00
-5.265061634679065961e+00
-5.236993798694094870e+00
-5.346132434521834398e+00
-5.306201505099127580e+00
-4.882693109271059484e+00
-4.855861829031155708e+00
-4.858991935634204395e+00
-4.867554923805867517e+00
-4.871632725983430667e+00
-4.781355200240501091e+00
-4.724437245205809432e+00
-4.734439168089371819e+00
-4.880421239564891600e+00
-4.877736667615256039e+00
-4.951113552744617508e+00
-5.265133501001830751e+00
-4.915017671515524711e+00
-5.270714275242549540e+00
-5.279034489372513406e+00
-5.200632564214569875e+00
-5.157754968393370554e+00
-4.907736483247065351e+00
-5.198280406265702425e+00
-4.958208178913988462e+00
-5.341461849828225361e+00
-4.946721393597717231e+00
-4.896669104777567227e+00
-5.309893416385915721e+00
-4.938825112897253788e+00
-4.930775110582859000e+00
-4.958527571029160974e+00
-5.247327435179058419e+00
-5.237557512379139801e+00
-5.245173991578807815e+00
-5.223202467508610169e+00
-5.137119879696187219e+00
-5.242027723245614723e+00
-5.244130848113233156e+00
-5.228417821746609739e+00
-5.231468823832143400e+00
-5.111706511631584959e+00
-5.066636173416521061e+00
-5.135431112725930447e+00
-5.136069425609824712e+00
-5.151284444430864973e+00
-5.118355719664488213e+00
-5.250400963553201628e+00
-5.225736843776384255e+00
-5.108838442460569951e+00
-5.139090111904982550e+00
-5.110047015372630952e+00
-5.560127498702172488e+00
-5.559917315021857043e+00
-5.574611381444323222e+00
-5.562086493143801214e+00
-5.577930819007426599e+00
-5.573907685107591270e+00
-5.542892402131885277e+00
-5.566447122957941751e+00
-4.732231808537759932e+00
-4.743712646056756910e+00
-5.088690172298656833e+00
-4.703234765522430472e+00
-4.735510202203199626e+00
-4.772180676112427911e+00
-4.692347763859970655e+00
-4.740850892191072141e+00
-5.678884154822592123e+00
-5.646644610096910988e+00
-5.511187621889450661e+00
-5.567480970308877453e+00
-5.544117203242325154e+00
-5.511667245193940801e+00
-5.543316689809913100e+00
-5.622360301939840710e+00
-5.688534603761351782e+00
-5.671448249942333319e+00
-5.672636147563334674e+00
-5.635643860212659284e+00
-5.651032837162772715e+00
-5.635617644310934260e+00
-5.640296313110556348e+00
-4.756037339023425403e+00
-4.750545610437364452e+00
-4.725349476270061189e+00
-4.729948175441271552e+00
-4.733005379270095681e+00
-4.715880624534687371e+00
-4.727764060624321196e+00
-4.731463111833965840e+00
-4.777573927217674488e+00
-4.784160239575235174e+00
-4.797269262978300475e+00
-4.772045722771946608e+00
-4.777872830600419007e+00
-4.725791305960948208e+00
-4.738341853552197946e+00
-4.811557975049820080e+00
-4.698976721258985023e+00
-4.817660985829594900e+00
-4.839703799777369753e+00
-4.804817550426360384e+00
-4.805967695879703072e+00
-4.742794193043873285e+00
-4.775137738497138962e+00
-4.801542461112061844e+00
-4.785623936055378280e+00
-4.764228457976687814e+00
-4.790655147801760272e+00
-4.819439827763766893e+00
-4.812688806392868557e+00
-4.803224298499893408e+00
-4.813074657549937463e+00
-4.825146220437392053e+00
-4.796144573826588875e+00
-4.805304244959327065e+00
-4.820572323290200245e+00
-4.817111552306504230e+00
-4.844480575749283702e+00
-5.111422210642709629e+00
-5.114633844902396476e+00
-5.108353853196965666e+00
-5.102906967153261419e+00
-5.106472332401946979e+00
-5.115210407494661382e+00
-5.292699526872858939e+00
-5.287922867928556592e+00
-5.287541944380851788e+00
-5.283471125702484450e+00
-5.288271040116351962e+00
-5.289698174589697821e+00
-5.283743266404582251e+00
-5.286026608438174179e+00
-5.282012722011531380e+00
-5.283957212184668073e+00
