-5.435994705208265998e+00
-5.389146306273937093e+00
-5.319449333833855320e+00
-5.136506939230731206e+00
-5.457828148237744870e+00
-5.462085095868438600e+00
-5.501140153242457309e+00
-5.478794164964224223e+00
-5.496527776516423103e+00
-5.510563659551742433e+00
-5.506648958360957913e+00
-5.467778762820748817e+00
-5.113270296134440507e+00
-5.133265299884299360e+00
-5.119336417863293853e+00
-5.135303336993801260e+00
-5.145702304683025474e+00
-5.136714868879987961e+00
-5.128055713420931028e+00
-5.130630811639957045e+00
-5.153108511751180565e+00
-5.158484091603753541e+00
-5.130338522046843153e+00
-5.395065047804098235e+00
-5.431172512108704886e+00
-5.474796323682179278e+00
-5.511980511106751024e+00
-5.062277301118653483e+00
-5.409842356953618925e+00
-5.431724016422066370e+00
-5.365108511747699538e+00
-5.326569439391520611e+00
-5.385638240647918629e+00
-5.156039228960538345e+00
-5.425614640311783532e+00
-5.444468348457378148e+00
-5.412826582898659922e+00
-5.119177069024535065e+00
-5.504714833992080614e+00
-5.554187644025343040e+00
-5.724202139827752056e+00
-5.422288818524019227e+00
-5.523389335025414404e+00
-5.699502680815000666e+00
-5.522035550912429258e+00
-5.545882598283646381e+00
-5.475714955268482065e+00
-5.531946982423081138e+00
-5.566465301623287232e+00
-5.714466021966946307e+00
-5.480433606347963504e+00
-5.469611176657518392e+00
-5.537098869835751280e+00
-5.588764893266199074e+00
-5.447489791871534592e+00
-5.480691002116177657e+00
-5.500271415176960055e+00
-5.544120236650656786e+00
-5.582245762962985580e+00
-5.663704252478616752e+00
-5.654133556246891956e+00
-5.748681548923023854e+00
-5.746244688315687910e+00
-5.648955563880107889e+00
-5.643042762316541783e+00
-5.631918247059160443e+00
-5.630445813755129869e+00
-5.643308704811166976e+00
-5.670069141798002477e+00
-5.624993314430720481e+00
-5.671051164242217446e+00
-5.627232535351470943e+00
-5.681945363284234496e+00
-5.620988672082437354e+00
-5.651435166864785309e+00
-5.751819635477059656e+00
-5.642178747523586502e+00
-5.629199375228211899e+00
-5.639224469400032191e+00
-5.653532959331572627e+00
-5.637713374923792209e+00
-5.632841700187936951e+00
-5.632477297643597502e+00
-5.625002696193682539e+00
-5.632470862057650685e+00
-5.655947828842805336e+00
-5.642390096425936363e+00
-5.658976135600403801e+00
-5.647928942179054168e+00
-5.731248482799874644e+00
-5.717943166469695804e+00
-5.737541409471655030e+00
-5.657288281946186714e+00
-5.707576556314124083e+00
-5.703952418638866817e+00
-5.717329448739135067e+00
-5.706635007715837205e+00
-5.688399168285225294e+00
-5.516253193623506412e+00
-5.581262381563719011e+00
-5.536905333286339825e+00
-5.566723619743299878e+00
-5.513401897083269887e+00
-5.548385505715145882e+00
-5.514713639154374292e+00
-5.571796986377811400e+00
-5.633098374231922278e+00
-5.523371059578243703e+00
-5.475196126026154353e+00
-5.517415198717451119e+00
-5.533537845526392829e+00
-5.494300393996968346e+00
-5.480097239137777798e+00
-5.540364662572007326e+00
-5.486477205005673596e+00
-5.544971676474234279e+00
-5.534575403573004593e+00
-5.599839855075948947e+00
-5.551993027235749167e+00
-5.546523040305991969e+00
-5.518613059281631372e+00
-5.540347289959556498e+00
-4.739848121429779404e+00
-4.662394019342203322e+00
-4.613205532739681480e+00
-4.825029898445897025e+00
-4.786299877366929856e+00
-4.741553621643902261e+00
-5.063846082967407902e+00
-5.070495573415685797e+00
-5.038293365339689522e+00
-5.095636373473637626e+00
-4.721770285949675738e+00
-4.718411247351419924e+00
-4.652421506982343580e+00
-4.687245557200754753e+00
-4.774367885049745297e+00
-4.656003446495795117e+00
-4.646960524627171019e+00
-4.630824463169846084e+00
-4.625234267535897281e+00
-4.730722919530105486e+00
-4.632025953276249552e+00
-4.619963772785048661e+00
-4.605506259198291374e+00
-4.719163717627186116e+00
-4.709433295177806400e+00
-4.742269454505649406e+00
-5.496569968454251942e+00
-5.446599517093090981e+00
-5.385253459124459852e+00
-5.511991510241310621e+00
-5.666771096235363459e+00
-5.717642708554207864e+00
-5.596906121433042891e+00
-5.146722284110776258e+00
-5.212248597017609342e+00
-5.236076148309376954e+00
-5.758163822230550899e+00
-5.773565692568975116e+00
-5.781355666166145824e+00
-5.733970155951889858e+00
-5.767802052798264967e+00
-5.541938925868349131e+00
-5.516781129478170342e+00
-5.545955753296193613e+00
-5.523954156671656790e+00
-5.542108638083684369e+00
-5.662955432579305004e+00
-5.731933110733294257e+00
-5.290375848375698631e+00
-5.231757220612953674e+00
-5.276216723479656423e+00
-5.302067385274857436e+00
-5.330138455073011983e+00
-5.515729370303099621e+00
-5.295656922929445898e+00
-5.336430648174751212e+00
-5.348265368565641609e+00
-5.340199264911936972e+00
-5.334733571803208285e+00
-5.304242560329154976e+00
-5.314480766563635328e+00
-5.303628193744518882e+00
-5.310511725669402772e+00
-4.718780795495068681e+00
-4.733370695207252510e+00
-4.711424340715935521e+00
-4.723492861756821704e+00
-4.733766658438221420e+00
-4.726254407426759840e+00
-4.708017693117463764e+00
-4.724810468504474059e+00
-4.735316632415300653e+00
-4.717721702044388010e+00
-4.732882036642616086e+00
-4.695721682327343771e+00
-4.696338795395686105e+00
-4.714849887580241372e+00
-4.692494255241633994e+00
-4.706879972433113402e+00
-4.689550578592007746e+00
-4.680711540718985653e+00
-4.695823774276352225e+00
-5.196615584861529413e+00
-5.138715384830122801e+00
-5.153621323771742091e+00
-5.137559460611887729e+00
-5.169680845644236911e+00
-5.170587900367249468e+00
-5.196392776822147397e+00
-5.170296732719104504e+00
-5.164766915994641217e+00
-5.384065869255969972e+00
-5.339115438159866223e+00
-5.324485004002307953e+00
-5.325924942460543932e+00
-5.281396605066222882e+00
-5.397300491116538979e+00
-5.383874522906300086e+00
-5.320803803087060579e+00
-5.294380463576469964e+00
-5.105169565437098100e+00
-5.262609105993526271e+00
-5.234165742113406239e+00
-5.343540193594303211e+00
-5.304777586111367071e+00
-4.884737493026808153e+00
-4.854384886524737652e+00
-4.862254280902796211e+00
-4.874187634126499802e+00
-4.876822125129430141e+00
-4.780396056626639023e+00
-4.720215893766174453e+00
-4.729979468547597321e+00
-4.881373847912800379e+00
-4.877262558425139893e+00
-4.954738128215790738e+00
-5.265596506888493344e+00
-4.921847934614879350e+00
-5.272118901940241464e+00
-5.278872825862133134e+00
-5.202495080134347027e+00
-5.155048731056340650e+00
-4.909014203405972943e+00
-5.201326010136847700e+00
-4.961955430464242589e+00
-5.340734294073335775e+00
-4.947368148781658093e+00
-4.898907277912271319e+00
-5.312073456519803116e+00
-4.940534631006107347e+00
-4.932563020359802763e+00
-4.958657016814051133e+00
-5.246413862376645199e+00
-5.235293299793906563e+00
-5.247111119459105133e+00
-5.222179379048927039e+00
-5.137526563663368684e+00
-5.246922055745044666e+00
-5.246590811192050730e+00
-5.228613845303360819e+00
-5.232328127000296369e+00
-5.115026556095525478e+00
-5.073846255043198639e+00
-5.138012004850484260e+00
-5.134713196809494562e+00
-5.154853374680357980e+00
-5.120491271465612115e+00
-5.254498258873871563e+00
-5.231538921094094796e+00
-5.106478649725975316e+00
-5.137017139352312078e+00
-5.111835067918731212e+00
-5.557438259312828421e+00
-5.554941356603048774e+00
-5.573485590468299833e+00
-5.560914188754506604e+00
-5.574851207241214190e+00
-5.562775482317793063e+00
-5.539625379295245899e+00
-5.564376451122623024e+00
-4.737574366014034588e+00
-4.743677471320799199e+00
-5.084785866573599655e+00
-4.711640251383112599e+00
-4.720884529420985132e+00
-4.750661275951471474e+00
-4.689450979584098178e+00
-4.728311544363362096e+00
-5.678658512925439439e+00
-5.645038599016862335e+00
-5.511684068387976865e+00
-5.564203829024178205e+00
-5.537666083705329534e+00
-5.511811337564656021e+00
-5.538830181295186783e+00
-5.620337110725198926e+00
-5.688873302575912838e+00
-5.669618782872170470e+00
-5.670741834521344948e+00
-5.633364345907310167e+00
-5.650252873998151237e+00
-5.634491694839250719e+00
-5.639590414270651664e+00
-4.761210492662271143e+00
-4.758780718546918642e+00
-4.725908476471240682e+00
-4.732821187271335717e+00
-4.736945613218312978e+00
-4.727521370634339526e+00
-4.733295678763752790e+00
-4.738737423550968053e+00
-4.786099437766009324e+00
-4.789381637736472186e+00
-4.803244432293952038e+00
-4.778068085431650402e+00
-4.784576852109570844e+00
-4.729960117734944625e+00
-4.744240269739274041e+00
-4.818888215439339540e+00
-4.706012898753261453e+00
-4.821198830734633844e+00
-4.843076818247183724e+00
-4.808348918097791191e+00
-4.814936201283142481e+00
-4.749469087631442932e+00
-4.783658157004513356e+00
-4.807284924885591337e+00
-4.790822295997600122e+00
-4.771128128144622060e+00
-4.804073383635615535e+00
-4.827032817040073809e+00
-4.818147857851495353e+00
-4.803819933046820978e+00
-4.820397012687700489e+00
-4.828878874841453062e+00
-4.800138583826948135e+00
-4.810281660665905790e+00
-4.829450520696490834e+00
-4.826160597123273277e+00
-4.853092332474411741e+00
-5.114930391604818993e+00
-5.119306287474672423e+00
-5.113597218973311875e+00
-5.107894136571806243e+00
-5.111883853883752771e+00
-5.119814489578345729e+00
-5.297253796659007641e+00
-5.292022851070115053e+00
-5.289504263408507434e+00
-5.287820551572838923e+00
-5.293919019501288403e+00
-5.294573924698394052e+00
-5.288989291509825996e+00
-5.291998414369737169e+00
-5.285812920882991151e+00
-5.288429737590149671e+00
