-5.435121368255580343e+00
-5.388056385091727130e+00
-5.319857143000754185e+00
-5.124380126596698837e+00
-5.457839888596841327e+00
-5.461171885269349602e+00
-5.501045632439708122e+00
-5.479271259093706270e+00
-5.496335888501805655e+00
-5.509627745049112235e+00
-5.504364613131189188e+00
-5.466634887044536484e+00
-5.107649601253548610e+00
-5.119736526111888786e+00
-5.110170181289100277e+00
-5.124420503913516889e+00
-5.138496622522378487e+00
-5.132963027589083183e+00
-5.117612601571089215e+00
-5.121855188761982980e+00
-5.144046692979040714e+00
-5.155193445835010380e+00
-5.122410823921377698e+00
-5.391957837082062888e+00
-5.428591473387252897e+00
-5.474107798866318042e+00
-5.509425579375616167e+00
-5.051513805419471481e+00
-5.409632077467223965e+00
-5.431677341095753064e+00
-5.364696460448842075e+00
-5.322815887048336414e+00
-5.385667645856032415e+00
-5.150980539951528492e+00
-5.426317011562107773e+00
-5.443669978075403648e+00
-5.412019441215457860e+00
-5.116576429805343551e+00
-5.500949772155897755e+00
-5.548620279191447402e+00
-5.723425788083740251e+00
-5.419958842270903965e+00
-5.521117009533996978e+00
-5.697324919124179488e+00
-5.519139399971177973e+00
-5.545723649681638001e+00
-5.476416591466249706e+00
-5.529994051004262445e+00
-5.566919611214400376e+00
-5.714842609143641283e+00
-5.480234319038748581e+00
-5.467275759254621725e+00
-5.537205477633731832e+00
-5.590106764343036438e+00
-5.444104931387192536e+00
-5.478227483812850629e+00
-5.497511153169043041e+00
-5.543315977101672232e+00
-5.582360240337702173e+00
-5.661878623796682497e+00
-5.652561650305520935e+00
-5.747967399491154872e+00
-5.746276722199668896e+00
-5.648526829516463899e+00
-5.641879349550756650e+00
-5.630204130396349704e+00
-5.629050066081194181e+00
-5.643462326439980359e+00
-5.669152296216309672e+00
-5.624536308629544124e+00
-5.670950733645339525e+00
-5.626437764382054674e+00
-5.682864785834650156e+00
-5.619438572561654688e+00
-5.649933839655426837e+00
-5.750291707519101791e+00
-5.640823749582242641e+00
-5.629145567676760997e+00
-5.638647425235285837e+00
-5.652515969456715972e+00
-5.634725679949895039e+00
-5.630130630927321356e+00
-5.632630229630111174e+00
-5.623973103901303894e+00
-5.631002120538821210e+00
-5.655596118489228274e+00
-5.642680557442905531e+00
-5.658094617278208283e+00
-5.646951013432230937e+00
-5.731876196897831122e+00
-5.717240214228880291e+00
-5.734857429237702142e+00
-5.659598642568059113e+00
-5.706731160286514282e+00
-5.702952323759987507e+00
-5.714867860085770523e+00
-5.704378161289709759e+00
-5.686740147275457069e+00
-5.506284890894725947e+00
-5.574838495703090757e+00
-5.529652612029464009e+00
-5.560498042341467162e+00
-5.506585970452120726e+00
-5.540834075978628093e+00
-5.509686215068771986e+00
-5.565334519530590107e+00
-5.631558524880184713e+00
-5.516149475433282490e+00
-5.466197088114196134e+00
-5.505420212532072810e+00
-5.524040046029365492e+00
-5.496232141129885562e+00
-5.474939636571445334e+00
-5.535139835523639640e+00
-5.478914399713850969e+00
-5.537260529866409264e+00
-5.527707024136804925e+00
-5.593179795816757505e+00
-5.544272939458118721e+00
-5.539292680846158667e+00
-5.511464175193900417e+00
-5.532623211894328819e+00
-4.739110200568126707e+00
-4.663307162232758429e+00
-4.615780344819000902e+00
-4.820138751508580732e+00
-4.785039966146136692e+00
-4.740673227383895849e+00
-5.052567348840125483e+00
-5.062590794023500429e+00
-5.031877814720757236e+00
-5.090622581909647337e+00
-4.718026322041799503e+00
-4.714025202705440343e+00
-4.628820364003459531e+00
-4.692564658082171825e+00
-4.771505436759170493e+00
-4.655695546403681995e+00
-4.664799724774190359e+00
-4.633025475383274028e+00
-4.619191968274175331e+00
-4.730537258187479388e+00
-4.631185166626587524e+00
-4.618098684922537167e+00
-4.613225090931869943e+00
-4.716112445288730193e+00
-4.707608143248722676e+00
-4.745330933276560970e+00
-5.493770059071605871e+00
-5.443990545037983964e+00
-5.383807247219047021e+00
-5.508646770935423653e+00
-5.663827191079455758e+00
-5.716144554708246339e+00
-5.593434373630053358e+00
-5.145768135637406537e+00
-5.212372979513815174e+00
-5.229626928284641707e+00
-5.760045661139269413e+00
-5.773753540688906227e+00
-5.779036617281969157e+00
-5.737911084275534535e+00
-5.767762851362443044e+00
-5.539137867744463151e+00
-5.515172311419608064e+00
-5.544901275658070894e+00
-5.521866647043897736e+00
-5.539179200189196628e+00
-5.660462848741333097e+00
-5.730048132350701096e+00
-5.283416460292405858e+00
-5.230059988646006630e+00
-5.269694745797388613e+00
-5.296706252892038336e+00
-5.324533573805591224e+00
-5.513402506403592973e+00
-5.292246275801524291e+00
-5.333005733820787242e+00
-5.344219565602042366e+00
-5.337051192532340949e+00
-5.331771271814853996e+00
-5.302120523153160292e+00
-5.315390919075514198e+00
-5.301615189073505263e+00
-5.310261194755146796e+00
-4.717741958762387000e+00
-4.735585243936000666e+00
-4.713211621128968964e+00
-4.721343124912568356e+00
-4.732733020660448986e+00
-4.725239438351258592e+00
-4.705364132965859092e+00
-4.723079393211057742e+00
-4.734058205748840287e+00
-4.718608129923280714e+00
-4.730402866325835731e+00
-4.693660558600487143e+00
-4.686301524525907425e+00
-4.707918375805300926e+00
-4.688452568138287369e+00
-4.697101367234767899e+00
-4.686780017406379173e+00
-4.682609711973627853e+00
-4.697335067128950215e+00
-5.195029309456662858e+00
-5.128214411280660023e+00
-5.135518421008810286e+00
-5.124386298873755408e+00
-5.164948299772715856e+00
-5.167400362390790036e+00
-5.188949068670150488e+00
-5.155316313008272644e+00
-5.162733574385067747e+00
-5.382879703510968561e+00
-5.337122281451539330e+00
-5.323874970078656510e+00
-5.323451831017643521e+00
-5.280827646873849979e+00
-5.395978699842189918e+00
-5.381576407534117479e+00
-5.321358353156795395e+00
-5.287617108841254243e+00
-5.100065117650644630e+00
-5.258091405005491659e+00
-5.230732280100452769e+00
-5.339806894422562067e+00
-5.299014141221961793e+00
-4.880229637064051218e+00
-4.856750793189026361e+00
-4.855999641393074384e+00
-4.867851690938267417e+00
-4.869399201119802179e+00
-4.776286914246910875e+00
-4.700267729458780686e+00
-4.722993941401309570e+00
-4.878876107065358347e+00
-4.870355432221354697e+00
-4.952344263277698388e+00
-5.265818647400575259e+00
-4.918086098915175342e+00
-5.271181228652188189e+00
-5.276727926508446131e+00
-5.201537721091822775e+00
-5.153877044903052429e+00
-4.906250209236799442e+00
-5.196009773258313480e+00
-4.957430018449247910e+00
-5.338409047777517458e+00
-4.948714449741250299e+00
-4.900272707426291952e+00
-5.312728725634110916e+00
-4.939405037382844199e+00
-4.933888723724721537e+00
-4.960843663540248194e+00
-5.243797399101465473e+00
-5.230413866969902514e+00
-5.243964924532670935e+00
-5.222357233822667588e+00
-5.137204383390256091e+00
-5.247113001506775731e+00
-5.251600535751503429e+00
-5.234235805603901781e+00
-5.233851282090750345e+00
-5.109999274141774350e+00
-5.059300456840618132e+00
-5.129535390993530619e+00
-5.131623880068902466e+00
-5.149708768501271017e+00
-5.119657417387093901e+00
-5.257170260419600005e+00
-5.227917044508934019e+00
-5.106763791867808600e+00
-5.136397095927749845e+00
-5.108206879990220273e+00
-5.553786667879135663e+00
-5.551779766170544583e+00
-5.571050956025222156e+00
-5.558081648517356754e+00
-5.570388733688265148e+00
-5.557119901082707258e+00
-5.533698077145118077e+00
-5.559201759714564872e+00
-4.736891221005286923e+00
-4.752642029003612656e+00
-5.081389373623391492e+00
-4.719773777948481630e+00
-4.704395426755855425e+00
-4.748131519091303154e+00
-4.646622024621646752e+00
-4.711155012615966697e+00
-5.676431411127655480e+00
-5.643790739068157869e+00
-5.509028026301544756e+00
-5.555003648061614285e+00
-5.539937741564123996e+00
-5.505636844261769802e+00
-5.536776730189159501e+00
-5.622787882750895250e+00
-5.689066371175316661e+00
-5.669338372292663131e+00
-5.670199268935500747e+00
-5.631400731372237622e+00
-5.648201167093354513e+00
-5.634684006847890281e+00
-5.635327994930917406e+00
-4.755113707621191566e+00
-4.757637982790402731e+00
-4.727978319564191345e+00
-4.732549786504010925e+00
-4.736380347850149164e+00
-4.727557525307633846e+00
-4.734047468984890372e+00
-4.742992268479136797e+00
-4.774283500784219925e+00
-4.793979771001165346e+00
-4.803080076012895105e+00
-4.780742340288179903e+00
-4.786349844871248038e+00
-4.730696027884456534e+00
-4.744341170376177530e+00
-4.821192387889163378e+00
-4.701201488120582361e+00
-4.820093642933095168e+00
-4.842692769752359183e+00
-4.804104305297349775e+00
-4.819399731283879440e+00
-4.751405674464844964e+00
-4.780808553270054162e+00
-4.804558894767394506e+00
-4.789588872267477093e+00
-4.771473166102881081e+00
-4.795350065124728722e+00
-4.823000717837639506e+00
-4.826661451009036874e+00
-4.803060297918607446e+00
-4.817057287916883368e+00
-4.831840413102532317e+00
-4.797005126869667180e+00
-4.811187768515497787e+00
-4.825372209399408696e+00
-4.825895136209662262e+00
-4.841512705031072450e+00
-5.090036404506816048e+00
-5.096037519557061302e+00
-5.087353079510828380e+00
-5.084202064937016985e+00
-5.085402230615542862e+00
-5.098804051523885938e+00
-5.290343418294444433e+00
-5.286798443695326810e+00
-5.285335259850485023e+00
-5.281293006811226043e+00
-5.286823061721563910e+00
-5.286740447323908576e+00
-5.282880030142204753e+00
-5.284226887452084576e+00
-5.280687956970881558e+00
-5.281424201353530634e+00
