-5.440157761917548740e+00
-5.394671296575869412e+00
-5.322881976304691953e+00
-5.132402993089624665e+00
-5.464401089497373576e+00
-5.465680263006434281e+00
-5.504250337895403078e+00
-5.482534603524968020e+00
-5.500093888357411309e+00
-5.512520737748432431e+00
-5.507978786316865438e+00
-5.470583406909253377e+00
-5.117172344828744279e+00
-5.137354259958341274e+00
-5.117510320711865290e+00
-5.131932090663321233e+00
-5.149612791856626792e+00
-5.139947183322878033e+00
-5.134341558165143482e+00
-5.129046754936292807e+00
-5.155097287601387634e+00
-5.162941935382533210e+00
-5.133325617386738315e+00
-5.397675861022027455e+00
-5.435533106439761397e+00
-5.480190480968655464e+00
-5.516376241915859957e+00
-5.063352831030966783e+00
-5.413233944709458179e+00
-5.436843473340204014e+00
-5.367559446219681618e+00
-5.331751600142003333e+00
-5.390848271748040155e+00
-5.160209901770666185e+00
-5.432005692748379744e+00
-5.449388312382050792e+00
-5.417465386347658729e+00
-5.125196677219267194e+00
-5.505932131726182455e+00
-5.551265950113590364e+00
-5.725514132834700121e+00
-5.424672421007334933e+00
-5.525785783308511334e+00
-5.701272264775509413e+00
-5.524784242404560786e+00
-5.548894863901316477e+00
-5.480518570237669529e+00
-5.533226359013454498e+00
-5.567419209697471061e+00
-5.716143623637054638e+00
-5.485178865539847237e+00
-5.474657105222038744e+00
-5.541322636053691575e+00
-5.591665719093552589e+00
-5.451775836500298844e+00
-5.484125319853220049e+00
-5.503564643135862688e+00
-5.547229423591763187e+00
-5.584862819198722406e+00
-5.665489987456644450e+00
-5.654438516848318663e+00
-5.749208862239241213e+00
-5.747061424715755429e+00
-5.650822406152278710e+00
-5.644902037227692126e+00
-5.633084562192381739e+00
-5.634439164695526969e+00
-5.644967475674335766e+00
-5.672351511280204761e+00
-5.625828119298121877e+00
-5.673543019334824855e+00
-5.629973985198151176e+00
-5.684115268136735288e+00
-5.623699748142618304e+00
-5.652943592854745347e+00
-5.752008001781726776e+00
-5.644868198005918103e+00
-5.632190342212830991e+00
-5.641619798209823067e+00
-5.656859877537322667e+00
-5.640037528655219567e+00
-5.634452162600378067e+00
-5.637333652288714525e+00
-5.627396753335093926e+00
-5.635534921028754418e+00
-5.656313848631400631e+00
-5.644143124652329924e+00
-5.660986176526919600e+00
-5.650982543604263775e+00
-5.732723745244898694e+00
-5.718679409719096718e+00
-5.737508552869879708e+00
-5.660128820844114728e+00
-5.708517063188764951e+00
-5.704478037224550491e+00
-5.717465575840909864e+00
-5.706755070853689382e+00
-5.689207978281070055e+00
-5.516618206072696928e+00
-5.581903767953098949e+00
-5.538601160329091222e+00
-5.567579711705890944e+00
-5.512681961360664573e+00
-5.547044277552944713e+00
-5.516624530469814047e+00
-5.572479371953658500e+00
-5.635330482716819134e+00
-5.520218099526212008e+00
-5.477072729715581012e+00
-5.517359198075221904e+00
-5.532450577102212108e+00
-5.499972521908951251e+00
-5.481320082585272147e+00
-5.540903980522959849e+00
-5.488102404504829224e+00
-5.546839166685042066e+00
-5.533985185198680767e+00
-5.599817941895560480e+00
-5.553708964696260075e+00
-5.547226054531539496e+00
-5.519041783087550890e+00
-5.542555902817615454e+00
-4.738236651246690911e+00
-4.665244275863029699e+00
-4.618251483064948815e+00
-4.827225011818594425e+00
-4.788093369808639643e+00
-4.742646940553947310e+00
-5.066908581698766234e+00
-5.071757722615363839e+00
-5.039019798810303818e+00
-5.098725902159862322e+00
-4.782686490285168013e+00
-4.796480976256258799e+00
-4.720237738796355664e+00
-4.693528640586361433e+00
-4.780218356954573977e+00
-4.657652494126946152e+00
-4.649496555840884504e+00
-4.630589907268175764e+00
-4.618538243742985827e+00
-4.732495948658932861e+00
-4.633730466825098482e+00
-4.622018710795527952e+00
-4.614646522731976397e+00
-4.724811657377165908e+00
-4.712138916320244952e+00
-4.740011578557211891e+00
-5.500391280824379336e+00
-5.451197408834986824e+00
-5.387131708184478285e+00
-5.514159168579317871e+00
-5.668929162328598004e+00
-5.719688466846188035e+00
-5.600574385631115426e+00
-5.150828095379038629e+00
-5.216231602211126805e+00
-5.239257148716792933e+00
-5.759650986695658226e+00
-5.774135844997033473e+00
-5.781287292246918064e+00
-5.736724750176888321e+00
-5.768280534502489232e+00
-5.544031889725390627e+00
-5.520529553908124498e+00
-5.548142799375251677e+00
-5.524778964195606434e+00
-5.544651133229025142e+00
-5.666788770526016705e+00
-5.732107585819494311e+00
-5.293544923365043786e+00
-5.238619057217842823e+00
-5.280211793461996095e+00
-5.306890774177826842e+00
-5.333272198138486075e+00
-5.517652896623406633e+00
-5.304037735230449968e+00
-5.345466852201280261e+00
-5.355334497008643169e+00
-5.347038061139385512e+00
-5.343598663549396832e+00
-5.310061361929315993e+00
-5.322452625435477813e+00
-5.309071370288108938e+00
-5.317518503113173978e+00
-4.720360644301075936e+00
-4.736741913278246230e+00
-4.711581561033155729e+00
-4.722193398251731011e+00
-4.731864973769830840e+00
-4.726065149824322909e+00
-4.710771495396794073e+00
-4.730996754420715433e+00
-4.738054154677274532e+00
-4.724894826579466134e+00
-4.734869628878605852e+00
-4.697795283563448443e+00
-4.686805965920147088e+00
-4.713287547878381112e+00
-4.692655959017162814e+00
-4.699437374482271501e+00
-4.692318995211862465e+00
-4.686605333377124261e+00
-4.694833835003120903e+00
-5.203985798988981948e+00
-5.137625188634270756e+00
-5.152249927042206856e+00
-5.139083019142813846e+00
-5.173566119838262090e+00
-5.173555548954152705e+00
-5.199781527879711263e+00
-5.170123860902799962e+00
-5.169464348281156418e+00
-5.388071649325668844e+00
-5.343784676302536951e+00
-5.329677422422692601e+00
-5.330973194822945516e+00
-5.287989493203507863e+00
-5.400452161943568363e+00
-5.386283719385343005e+00
-5.326704079232301936e+00
-5.295765129331306831e+00
-5.103194318269922647e+00
-5.266649994674328816e+00
-5.240055874906778932e+00
-5.347108711922929913e+00
-5.304587125843339024e+00
-4.879461351467158536e+00
-4.854916367505428987e+00
-4.857279437511259346e+00
-4.866007751072731757e+00
-4.869695531290935797e+00
-4.774347483182132201e+00
-4.712751979932556345e+00
-4.726047276117905760e+00
-4.872863620739556367e+00
-4.870521431974412785e+00
-4.951222034217688694e+00
-5.267837308264997631e+00
-4.915670110995918662e+00
-5.276319147193431647e+00
-5.280417328242252850e+00
-5.206409482873831429e+00
-5.163607739697422261e+00
-4.908413745697855823e+00
-5.207862692403031346e+00
-4.957925716059857102e+00
-5.345492289067078850e+00
-4.944367112245145357e+00
-4.896496047051525302e+00
-5.315784577198019001e+00
-4.936482130914424005e+00
-4.928793011171315186e+00
-4.955885276052484301e+00
-5.253143157360828042e+00
-5.241702987946208481e+00
-5.251656260007441013e+00
-5.228849767070474996e+00
-5.141785815019018990e+00
-5.248454265499812976e+00
-5.248531737095338379e+00
-5.235262090168174787e+00
-5.237512769997478834e+00
-5.117168921923137326e+00
-5.072245820199037247e+00
-5.136392544272364802e+00
-5.141224284437574177e+00
-5.158887724764435134e+00
-5.127441805931125529e+00
-5.259012583514745209e+00
-5.231224053808800178e+00
-5.108830424220866639e+00
-5.139146231401030995e+00
-5.117385195304394507e+00
-5.556522026241415446e+00
-5.554689291524936401e+00
-5.571348331165483003e+00
-5.560162338699688789e+00
-5.572990062017325386e+00
-5.562103544314309644e+00
-5.539629143225798913e+00
-5.563917722208194583e+00
-4.739259261457581474e+00
-4.753846112114847422e+00
-5.088110839891148984e+00
-4.715309500759276240e+00
-4.747994201084921428e+00
-4.815144976410050681e+00
-4.590747145057588519e+00
-4.768926323673255752e+00
-5.675731581191250541e+00
-5.643678330662747378e+00
-5.512818772794342514e+00
-5.564150478203470307e+00
-5.540698871667816050e+00
-5.512919756144968098e+00
-5.541135251427851571e+00
-5.619712278361290281e+00
-5.688790252182598373e+00
-5.670295796490152362e+00
-5.671173816322221839e+00
-5.633152218891464003e+00
-5.649004654291404748e+00
-5.632827344071604792e+00
-5.632865934490409288e+00
-4.769162192078429285e+00
-4.765257175700129189e+00
-4.731621480014570835e+00
-4.738451633525104789e+00
-4.742269970635420329e+00
-4.728160263422884313e+00
-4.740823326880165389e+00
-4.753912020887183232e+00
-4.788423304900738309e+00
-4.810224095621633111e+00
-4.816830773604632299e+00
-4.796254703965789012e+00
-4.801140878602589090e+00
-4.731358632203487069e+00
-4.746301620883270900e+00
-4.823151854057278420e+00
-4.707205658699416873e+00
-4.823308946871814662e+00
-4.846569314468061940e+00
-4.820331836717625329e+00
-4.825943585124368163e+00
-4.753633850297685370e+00
-4.785606306368041629e+00
-4.815800314808402760e+00
-4.799187383377585547e+00
-4.775602401013422593e+00
-4.799593148267017995e+00
-4.823366906031633761e+00
-4.829331347691767640e+00
-4.805823685431747094e+00
-4.822703297793115240e+00
-4.831388551630528383e+00
-4.804945462161445136e+00
-4.817409674498912331e+00
-4.835208552629866041e+00
-4.829509835946362628e+00
-4.846509349491006091e+00
-5.111814105626936389e+00
-5.116709657906493902e+00
-5.111599030543701794e+00
-5.105918928784419109e+00
-5.110188078386516786e+00
-5.117093281438687136e+00
-5.298521934096176444e+00
-5.294616564958640303e+00
-5.291752301460274310e+00
-5.289818620883875333e+00
-5.294660320112900997e+00
-5.295575912169091737e+00
-5.290441511828401389e+00
-5.292956294280071639e+00
-5.288525908910340689e+00
-5.290395791095139799e+00
