-5.433721760873869044e+00
-5.387303789321971514e+00
-5.319332388567648451e+00
-5.135322246581034200e+00
-5.458998239681314146e+00
-5.461223822688212159e+00
-5.501233539720689514e+00
-5.477581254514293896e+00
-5.495548047313031148e+00
-5.509523896093340589e+00
-5.504942906275128500e+00
-5.467754796638891968e+00
-5.113530236097795445e+00
-5.128355477336259405e+00
-5.116141092439953297e+00
-5.134019064751972117e+00
-5.145470523657859729e+00
-5.139053648917265349e+00
-5.129415775651508191e+00
-5.128534408353764285e+00
-5.149818816910559427e+00
-5.161176459804146965e+00
-5.130676257054989975e+00
-5.394104823708514296e+00
-5.428904419521698443e+00
-5.472718127878969163e+00
-5.509550880925831784e+00
-5.061726082014023298e+00
-5.410824535471609131e+00
-5.431703160045803003e+00
-5.365016368625198595e+00
-5.322863216802823594e+00
-5.385420475447121547e+00
-5.156976620258941324e+00
-5.424475127461624524e+00
-5.442630574860247705e+00
-5.411953571707515565e+00
-5.122256067236270916e+00
-5.505356065341376670e+00
-5.551901178717390195e+00
-5.726650157992610346e+00
-5.425260771473491950e+00
-5.525796774257156763e+00
-5.700574027050379300e+00
-5.524547147293826121e+00
-5.548818325277799168e+00
-5.480155641602427963e+00
-5.533275015488133164e+00
-5.569830174851861493e+00
-5.718185046551679918e+00
-5.484667014051396450e+00
-5.473440847814089238e+00
-5.540951352325761192e+00
-5.593384913457775554e+00
-5.451311639224798888e+00
-5.484814268173604290e+00
-5.503631644165950298e+00
-5.547633876633564221e+00
-5.586075949115086203e+00
-5.665946396560768150e+00
-5.657554914221624820e+00
-5.752449596744586557e+00
-5.750877759416832546e+00
-5.651809199210515722e+00
-5.646765310153122996e+00
-5.636508897860759149e+00
-5.635462101260406698e+00
-5.647571161304482779e+00
-5.673898827140853030e+00
-5.630737547391161613e+00
-5.674962419005775693e+00
-5.631906723225737821e+00
-5.686196390572986203e+00
-5.623743755666096078e+00
-5.655004181097875282e+00
-5.754278088701190619e+00
-5.644359196733637063e+00
-5.632004206063679241e+00
-5.642819188925856544e+00
-5.656280780193344349e+00
-5.640622638679603007e+00
-5.635140002478861376e+00
-5.636617335313393262e+00
-5.627653651887490227e+00
-5.636729460993605834e+00
-5.660123870206998475e+00
-5.647392297676149475e+00
-5.662573266011614592e+00
-5.652594165529565728e+00
-5.736244650592908556e+00
-5.721502749019429679e+00
-5.737194507516560016e+00
-5.663376589067393496e+00
-5.711008692245203910e+00
-5.706974455001557978e+00
-5.719093442959084506e+00
-5.708003888060355635e+00
-5.690516215701315161e+00
-5.512774956705905005e+00
-5.580745185191714697e+00
-5.534826825976383979e+00
-5.564618576917699677e+00
-5.512049234372025985e+00
-5.545166934782429280e+00
-5.514854160810152450e+00
-5.569584148580897676e+00
-5.635872667264656855e+00
-5.520224336088710437e+00
-5.472070073351233965e+00
-5.509958084568186365e+00
-5.529863828284168115e+00
-5.500644328859155330e+00
-5.480248077036462995e+00
-5.539088008912705696e+00
-5.485147400004164453e+00
-5.542496472330377344e+00
-5.532503758938609906e+00
-5.597505947633503176e+00
-5.549140987812766213e+00
-5.542238083478396860e+00
-5.516089178256642356e+00
-5.536901393214995082e+00
-4.738407804549621183e+00
-4.660665753655623966e+00
-4.612251927192215106e+00
-4.827239165543232957e+00
-4.787282274022613748e+00
-4.745910102285090915e+00
-5.063568503123629938e+00
-5.074827542236959310e+00
-5.041535578191060907e+00
-5.102646408142526901e+00
-4.729181852844252631e+00
-4.741671204743317602e+00
-4.661789686541101041e+00
-4.691229481492907638e+00
-4.773284335925098709e+00
-4.663112152096812402e+00
-4.650445758627437698e+00
-4.639671750616752632e+00
-4.631460209194624866e+00
-4.728215804030517333e+00
-4.639446494993840098e+00
-4.623050332382683258e+00
-4.612354234991449253e+00
-4.723590735426881793e+00
-4.711591090690226302e+00
-4.736973486729976202e+00
-5.494557262799203201e+00
-5.444213468099555975e+00
-5.383849349466028222e+00
-5.509345687015260395e+00
-5.669346413400670137e+00
-5.719762862037559792e+00
-5.599496770145003133e+00
-5.148856015423426413e+00
-5.210453041201344782e+00
-5.235691723389823693e+00
-5.763406171092337438e+00
-5.776913540027734051e+00
-5.781623716636822508e+00
-5.740895725951691730e+00
-5.771235027941949092e+00
-5.539920476217110590e+00
-5.514195181891508035e+00
-5.545161782529098637e+00
-5.520910713287082494e+00
-5.539097347697542695e+00
-5.665249451478975296e+00
-5.736100619746705931e+00
-5.296497761908120161e+00
-5.231528539148283308e+00
-5.281981497637380230e+00
-5.309683869727257033e+00
-5.332929974445586474e+00
-5.512709254013948623e+00
-5.297247690546059928e+00
-5.337110130420312792e+00
-5.349176496529867819e+00
-5.341220038398376779e+00
-5.335038210152472260e+00
-5.308962563799250134e+00
-5.319221389647801779e+00
-5.305929066786195136e+00
-5.314193325150407432e+00
-4.719569475409648440e+00
-4.737033346257240929e+00
-4.716200926584114939e+00
-4.723140687218039702e+00
-4.734989322223062125e+00
-4.726879147761419375e+00
-4.712106852291108261e+00
-4.726083656146425227e+00
-4.735820316833827981e+00
-4.721176612434316411e+00
-4.737937256549307641e+00
-4.702663104432743602e+00
-4.696270888043099667e+00
-4.718148746582307318e+00
-4.700342825578982087e+00
-4.711410585611580437e+00
-4.695517038633129303e+00
-4.687521794882878012e+00
-4.702245167935836356e+00
-5.201534049314497032e+00
-5.137955756049130684e+00
-5.149702733428479284e+00
-5.138337548257661425e+00
-5.174529699109082337e+00
-5.169637773466590147e+00
-5.198025588410146725e+00
-5.165741372617421945e+00
-5.162495408702150179e+00
-5.382382111180878503e+00
-5.336635725200367553e+00
-5.323523547719934967e+00
-5.323153390462951329e+00
-5.280978090074935238e+00
-5.394149804920390423e+00
-5.382384448828998025e+00
-5.320844287834233022e+00
-5.291261292062641175e+00
-5.105458441154159921e+00
-5.261966614662159536e+00
-5.234133048420794410e+00
-5.342136455154863128e+00
-5.302103325393152211e+00
-4.880245212209996630e+00
-4.855802678948234252e+00
-4.859821629897053796e+00
-4.875160473363465030e+00
-4.876190507434289501e+00
-4.782537060606744106e+00
-4.736743106759071509e+00
-4.736716581520172831e+00
-4.879236376724286117e+00
-4.873524010012532770e+00
-4.953429855558832529e+00
-5.267705949691908529e+00
-4.919057874569947586e+00
-5.272428594020848180e+00
-5.277586257574780504e+00
-5.205437447056946887e+00
-5.158646605799390272e+00
-4.915368205280731928e+00
-5.199313552777573122e+00
-4.958994578937073072e+00
-5.337995040501620991e+00
-4.945962601714880336e+00
-4.894906530739525863e+00
-5.311492416102207237e+00
-4.935648445792246264e+00
-4.932569921900587850e+00
-4.954983755347121210e+00
-5.246099867552668883e+00
-5.234533331939766221e+00
-5.249253674067368536e+00
-5.222411534697189772e+00
-5.138486857000803987e+00
-5.251706896212356313e+00
-5.253949612230962352e+00
-5.233919625321982849e+00
-5.236185059452668433e+00
-5.115094133559797918e+00
-5.078633602979923722e+00
-5.140290041752026973e+00
-5.132906282415133248e+00
-5.155613183647076880e+00
-5.124409615500429283e+00
-5.257732941212774236e+00
-5.231325361732565682e+00
-5.106997436168857263e+00
-5.139694964394349697e+00
-5.107830277765507354e+00
-5.551958543878980024e+00
-5.550418186343160087e+00
-5.574465905687651990e+00
-5.561013628747947912e+00
-5.570373696185153989e+00
-5.552342500803269409e+00
-5.529185803866588422e+00
-5.562738734867928692e+00
-4.740081370504420910e+00
-4.747605433000239294e+00
-5.092922991883662931e+00
-4.721476891504654105e+00
-4.723033812608633752e+00
-4.779783833023694584e+00
-4.669945336883766451e+00
-4.719433389505800491e+00
-5.675065877017240190e+00
-5.645442494888407658e+00
-5.512966144697630355e+00
-5.563629495361907651e+00
-5.542869575723845088e+00
-5.509684022408513293e+00
-5.539959666484543632e+00
-5.626467245188465860e+00
-5.692486343459240317e+00
-5.673611255136252751e+00
-5.674670198359782702e+00
-5.635614478388434101e+00
-5.652755384572002662e+00
-5.637182606655965600e+00
-5.645376555753696124e+00
-4.757738854607846513e+00
-4.757883736457014123e+00
-4.729288706620783600e+00
-4.735230058650587992e+00
-4.740089928023192734e+00
-4.722285218866965728e+00
-4.733825267343410026e+00
-4.736420866301864763e+00
-4.782019352527047573e+00
-4.783256021497286348e+00
-4.803989940903780287e+00
-4.777083008504486195e+00
-4.785345975828458442e+00
-4.734707703789274191e+00
-4.748237659012515266e+00
-4.808472548174963279e+00
-4.706898348286782330e+00
-4.824664214264498874e+00
-4.846900698401122476e+00
-4.810230202493296581e+00
-4.810402143729508140e+00
-4.754560028613165734e+00
-4.781498412700259770e+00
-4.798686283052125745e+00
-4.789487053622132784e+00
-4.772245918567074696e+00
-4.801502709331789021e+00
-4.827911339813357294e+00
-4.815673425204305858e+00
-4.805411022936330490e+00
-4.816998845485197300e+00
-4.825692497909752632e+00
-4.802643200406931712e+00
-4.806490999275455422e+00
-4.826679000467597014e+00
-4.827894660457626941e+00
-4.846299596440297286e+00
-5.109302665125517784e+00
-5.113519206622897606e+00
-5.108405328779435095e+00
-5.102189449054644221e+00
-5.106525365053763643e+00
-5.113201615357730212e+00
-5.295271850547929482e+00
-5.290433278315359367e+00
-5.291404294229071326e+00
-5.286330449597802073e+00
-5.292080372236290131e+00
-5.293409764906268578e+00
-5.288280737464915227e+00
-5.289839065970181942e+00
-5.284955992962485638e+00
-5.287902331721022975e+00
