-5.433660396832016737e+00
-5.386284732203349357e+00
-5.314837513855803941e+00
-5.131358240143315541e+00
-5.456725539790849844e+00
-5.460609298108311194e+00
-5.498185162356394429e+00
-5.474798829748120710e+00
-5.493592127933329294e+00
-5.507401318890877917e+00
-5.502745469312960935e+00
-5.463714166282634288e+00
-5.115693882562653449e+00
-5.126648279267714159e+00
-5.111366574345613145e+00
-5.128095263765521494e+00
-5.148504934938880062e+00
-5.139053467497801897e+00
-5.119687127071986588e+00
-5.128353685711831922e+00
-5.148521090335999695e+00
-5.158314816128198643e+00
-5.130424237713043567e+00
-5.393710299903121452e+00
-5.430016874556076623e+00
-5.471696104506902358e+00
-5.509094435030880810e+00
-5.050274584571285530e+00
-5.408455013062515526e+00
-5.431540136831241483e+00
-5.363303385894180764e+00
-5.323714715960993438e+00
-5.383962645453940432e+00
-5.155546682668380676e+00
-5.424957142567382817e+00
-5.442723912321961066e+00
-5.410079753273160819e+00
-5.121492462420414782e+00
-5.505435800987311445e+00
-5.552184106450452461e+00
-5.726954835879104699e+00
-5.423606123475432028e+00
-5.524868014848209441e+00
-5.701522367464303187e+00
-5.522706816479989733e+00
-5.547586388358622500e+00
-5.477950483635992462e+00
-5.531810424926257852e+00
-5.568953686577049922e+00
-5.717569973753717782e+00
-5.483055998509430040e+00
-5.471330076830561495e+00
-5.540760598657513469e+00
-5.591632573092542025e+00
-5.446763526311526604e+00
-5.482027658499453615e+00
-5.501227865152141128e+00
-5.546687649778068163e+00
-5.584827922133797529e+00
-5.664608498792650160e+00
-5.654805915012008910e+00
-5.750960618556794302e+00
-5.748624741459668286e+00
-5.650481359820456184e+00
-5.643892886356224103e+00
-5.632380313185650245e+00
-5.630526274079876714e+00
-5.644207859035347497e+00
-5.671197013169233081e+00
-5.626176201218282102e+00
-5.672429670884514330e+00
-5.627647033530885246e+00
-5.683716405449924736e+00
-5.621130910198044894e+00
-5.651981528453545067e+00
-5.753827815879478891e+00
-5.644376349630044309e+00
-5.630730640089172567e+00
-5.641217356767166180e+00
-5.655669938076523628e+00
-5.639130763998765339e+00
-5.633055368572979837e+00
-5.633110717043563476e+00
-5.626497926577493480e+00
-5.633685982997611141e+00
-5.656262287766316454e+00
-5.644335466781596367e+00
-5.660718189874016204e+00
-5.649492318772369792e+00
-5.733111476970117693e+00
-5.719945622361604975e+00
-5.738163963563083669e+00
-5.658825120631225225e+00
-5.708708303236903703e+00
-5.706155589816272133e+00
-5.717990695202863627e+00
-5.707447628503090620e+00
-5.689529368804302933e+00
-5.513533915856279499e+00
-5.580918674485352504e+00
-5.536660122245135263e+00
-5.566913283402326051e+00
-5.513427132166557776e+00
-5.548845174696690918e+00
-5.515197476752900840e+00
-5.572277751180430450e+00
-5.636731505541930254e+00
-5.522319209480407665e+00
-5.473293595725861493e+00
-5.511339770118778070e+00
-5.530701085098479020e+00
-5.500556048369475093e+00
-5.479375704537241099e+00
-5.542084360935072951e+00
-5.485639767559703728e+00
-5.545051976613226685e+00
-5.534597180386546356e+00
-5.600851420227894728e+00
-5.550986354206637330e+00
-5.546093216720625385e+00
-5.517853613627576870e+00
-5.538164116712865237e+00
-4.730623234978296843e+00
-4.659236610134044554e+00
-4.602791492208447188e+00
-4.822971851541127286e+00
-4.781937494974634717e+00
-4.739507014301363341e+00
-5.068045542188343688e+00
-5.076449292115317036e+00
-5.043897217281804402e+00
-5.106218605445722147e+00
-4.738213098387386246e+00
-4.734847025007491439e+00
-4.661959956874825117e+00
-4.687045998471746522e+00
-4.770176970836714325e+00
-4.662138174974454152e+00
-4.652979112687088303e+00
-4.639583601654552858e+00
-4.629529284275491818e+00
-4.730843652632263030e+00
-4.636087558115267626e+00
-4.614290248167067787e+00
-4.609679512258758827e+00
-4.721763430635058434e+00
-4.710723788532764189e+00
-4.738967673207921116e+00
-5.491935700932543796e+00
-5.442716004434108967e+00
-5.379823195773091093e+00
-5.508058002638375861e+00
-5.667693910121114342e+00
-5.719663060199044580e+00
-5.598140244652660691e+00
-5.147041513431947379e+00
-5.207485728829956528e+00
-5.230317189575509396e+00
-5.760024540976928620e+00
-5.775363799277335453e+00
-5.782419589856134579e+00
-5.735411949616741722e+00
-5.769274805210598878e+00
-5.538937447777632528e+00
-5.514038031414203012e+00
-5.542529367954863950e+00
-5.519124838731839233e+00
-5.538737789774141440e+00
-5.665528721231825493e+00
-5.733300547464554420e+00
-5.296932651566711669e+00
-5.226443999541814378e+00
-5.284252944348470038e+00
-5.309460038732416898e+00
-5.334724580305203467e+00
-5.511165850634903940e+00
-5.296299513391001135e+00
-5.339352874485221001e+00
-5.350478060818065096e+00
-5.342699341584030037e+00
-5.336088515484020967e+00
-5.307107635663665945e+00
-5.317045203112837015e+00
-5.303824847968781064e+00
-5.312349587032298537e+00
-4.719542883558644597e+00
-4.733479826888507880e+00
-4.716034428212895868e+00
-4.718946282412115778e+00
-4.731695470862270270e+00
-4.726669893673353329e+00
-4.711167910497797706e+00
-4.726678010401542451e+00
-4.734081926475214530e+00
-4.718542310186588651e+00
-4.734553695235544701e+00
-4.696035872318100601e+00
-4.696237410975885318e+00
-4.720228203872780526e+00
-4.699457865408531276e+00
-4.708114523638109894e+00
-4.696683919936242901e+00
-4.686949330947008718e+00
-4.699900039631796034e+00
-5.201517568014267567e+00
-5.140831482409617514e+00
-5.159956136456496978e+00
-5.142568320291750261e+00
-5.174491663406428188e+00
-5.170684492806588040e+00
-5.207876854958232826e+00
-5.176507579311699914e+00
-5.168564101509002917e+00
-5.381259048587879512e+00
-5.336368013557799550e+00
-5.320216612271109646e+00
-5.321422696442035694e+00
-5.281100076623447492e+00
-5.394068626189882032e+00
-5.382386717565398548e+00
-5.320057845105409911e+00
-5.296776363953703992e+00
-5.107313156099123397e+00
-5.264334833255507107e+00
-5.234938481166514279e+00
-5.344127227907212507e+00
-5.303662447709169392e+00
-4.883632143078277643e+00
-4.857644819177419748e+00
-4.864114945797723522e+00
-4.871931904406111791e+00
-4.874616926039013975e+00
-4.786955398632744441e+00
-4.728735910185537961e+00
-4.744687643135876876e+00
-4.885979503525802237e+00
-4.882470105033145380e+00
-4.952774941872863934e+00
-5.261740848909619572e+00
-4.916124743146893294e+00
-5.267223620291034969e+00
-5.274411612731740640e+00
-5.201705762952134826e+00
-5.156934401901960285e+00
-4.908551011446301793e+00
-5.200401497810330120e+00
-4.957952918225513983e+00
-5.338136022293528349e+00
-4.943055454407945248e+00
-4.896300324274452720e+00
-5.308590794864060491e+00
-4.935946507619830115e+00
-4.929088231983224766e+00
-4.958018949356556959e+00
-5.249132108525100371e+00
-5.237551718781745080e+00
-5.245622302187144648e+00
-5.223722076860442876e+00
-5.141175929744214557e+00
-5.241584719678083815e+00
-5.243186111141922012e+00
-5.224466523478504598e+00
-5.228910353944166367e+00
-5.113677355098355193e+00
-5.072585365739729291e+00
-5.137701216814037686e+00
-5.135867813418111716e+00
-5.153577606203491257e+00
-5.120189529463871736e+00
-5.251250516962165271e+00
-5.226382606327812042e+00
-5.106653262469115440e+00
-5.139952763922712720e+00
-5.112359460724466231e+00
-5.558608167236757325e+00
-5.558854661512037332e+00
-5.572711636078939712e+00
-5.561310644099219047e+00
-5.575500163156196010e+00
-5.567629494097503517e+00
-5.538185206870395838e+00
-5.563727516898894443e+00
-4.731736391068971592e+00
-4.751745143441975294e+00
-5.094515017397962531e+00
-4.714355358686273867e+00
-4.728774741724998343e+00
-4.779735252479319740e+00
-4.684168477728940516e+00
-4.731774484471839237e+00
-5.681042482674868666e+00
-5.647585479752202708e+00
-5.511155269467668205e+00
-5.560739391271045662e+00
-5.541468349394927273e+00
-5.509470136053439049e+00
-5.538881791269308685e+00
-5.621434014550904301e+00
-5.689136585256992618e+00
-5.669677545431256682e+00
-5.670881174157858418e+00
-5.632851288422417113e+00
-5.649127396277051183e+00
-5.634265086486147212e+00
-5.638436250731859722e+00
-4.757061443190478300e+00
-4.754496167766522952e+00
-4.730743673612206379e+00
-4.732033274621810115e+00
-4.736144071919692777e+00
-4.719743223267204968e+00
-4.729997910436402719e+00
-4.736090813330108951e+00
-4.773867109543880716e+00
-4.781153929497547139e+00
-4.797812329316010427e+00
-4.775127653422075902e+00
-4.776660800124574280e+00
-4.728517663748081468e+00
-4.742222724928656596e+00
-4.807843179257758059e+00
-4.702160526388055040e+00
-4.820044009057443013e+00
-4.845771620617360220e+00
-4.805917392824267331e+00
-4.808783349197283563e+00
-4.751287155658874717e+00
-4.778679925755292324e+00
-4.804707181674126026e+00
-4.784593166918492457e+00
-4.764361086164832670e+00
-4.796380516897589708e+00
-4.823691422397902606e+00
-4.811047361386936672e+00
-4.801772814293645553e+00
-4.815139315740500692e+00
-4.827291652226961993e+00
-4.802003548259573762e+00
-4.802702296483165156e+00
-4.823603032703256410e+00
-4.822682933194013088e+00
-4.846627586745447580e+00
-5.100709822511065639e+00
-5.105508987070169091e+00
-5.098819111007061977e+00
-5.093538930424992728e+00
-5.097720127863914819e+00
-5.105199067715579631e+00
-5.293103483384134833e+00
-5.289217728970767141e+00
-5.286759810058077491e+00
-5.283521490825341616e+00
-5.288666081667916963e+00
-5.290218495554367628e+00
-5.284642044875276667e+00
-5.287894177051447819e+00
-5.282257660452398085e+00
-5.284604333579487445e+00
