-5.440234969939481857e+00
-5.394604456110878132e+00
-5.328773652553120854e+00
-5.146020988079360592e+00
-5.464739818665968585e+00
-5.469811189397926654e+00
-5.506645123190036628e+00
-5.485005670903115416e+00
-5.502826184026704759e+00
-5.516440186531794687e+00
-5.511215785888739838e+00
-5.474936529579767175e+00
-5.112866573466638975e+00
-5.145500546801739183e+00
-5.126622805256897841e+00
-5.137380138430433618e+00
-5.151261790790069739e+00
-5.143904847633756106e+00
-5.143132988669750105e+00
-5.137116151644478101e+00
-5.168857493717751161e+00
-5.165064325595292161e+00
-5.133595910708397270e+00
-5.407799888481104489e+00
-5.437403558691922711e+00
-5.480894502688560266e+00
-5.518967714528995927e+00
-5.072832878446923210e+00
-5.417734893828518139e+00
-5.438949505889816294e+00
-5.375304696086702805e+00
-5.342423576270894259e+00
-5.393940584426458074e+00
-5.163209146114308368e+00
-5.430660048380431704e+00
-5.450884159429761233e+00
-5.420207065004585267e+00
-5.127427109894409085e+00
-5.509838828412666700e+00
-5.556376116118212138e+00
-5.729896919264244382e+00
-5.425936858540696406e+00
-5.526473488671621581e+00
-5.703423258022556119e+00
-5.527320846418766642e+00
-5.551552735798522598e+00
-5.480874260951327237e+00
-5.538155103533989099e+00
-5.570904930716825909e+00
-5.720930413272470538e+00
-5.486839574668509023e+00
-5.474976197898667074e+00
-5.543406832865755973e+00
-5.595150816549351980e+00
-5.453520640585145962e+00
-5.485689057643653221e+00
-5.508992926745616359e+00
-5.549344203546387355e+00
-5.585987662112420260e+00
-5.668746034290346181e+00
-5.665348469999731407e+00
-5.754066693298481638e+00
-5.752117029426728756e+00
-5.656494351329098613e+00
-5.648882821041790514e+00
-5.641819565880616949e+00
-5.641263221058666844e+00
-5.650652331359800051e+00
-5.676871733017980759e+00
-5.638226333168807614e+00
-5.679959205466068362e+00
-5.634652231696815505e+00
-5.691872535718117021e+00
-5.627812981185319252e+00
-5.657182721458836383e+00
-5.756577065978217611e+00
-5.647280453209024387e+00
-5.636986194301153219e+00
-5.647374662436817516e+00
-5.659013970263387705e+00
-5.644687326573238906e+00
-5.638688488683047950e+00
-5.641515910643163600e+00
-5.629014403140679690e+00
-5.637745098092886487e+00
-5.664698301336271946e+00
-5.649993522736511231e+00
-5.668899685307421166e+00
-5.658582914819642262e+00
-5.736341091815908122e+00
-5.723168485353469670e+00
-5.740636598229808207e+00
-5.661439618229574755e+00
-5.711766448896421267e+00
-5.707871997885292537e+00
-5.721759563103810287e+00
-5.710066134630924495e+00
-5.692415332879793510e+00
-5.514146349096024302e+00
-5.582459195058534718e+00
-5.537217701561833572e+00
-5.566091406676913600e+00
-5.510516368943970456e+00
-5.546209614563817780e+00
-5.514226926307013166e+00
-5.574152134912773171e+00
-5.637570441786171394e+00
-5.525480602070209635e+00
-5.475570827505623406e+00
-5.521313647688040227e+00
-5.538484320049969156e+00
-5.500023429279118581e+00
-5.477457674711279090e+00
-5.542339248620694825e+00
-5.488827039083465031e+00
-5.545840652817884298e+00
-5.533649375047432706e+00
-5.600887053914018310e+00
-5.552351622138799847e+00
-5.543274070680495491e+00
-5.519355993193380883e+00
-5.539505428797386166e+00
-4.740055022062346524e+00
-4.660222026822106400e+00
-4.628988443425898325e+00
-4.833558171724552821e+00
-4.786691755419477445e+00
-4.740992508795213389e+00
-5.069378269510224300e+00
-5.076811371289005947e+00
-5.041970855070943003e+00
-5.106303373981903704e+00
-4.670989552408170375e+00
-4.659703455031123376e+00
-4.619455404285131017e+00
-4.698332121220137658e+00
-4.786860926407045191e+00
-4.654078467670297314e+00
-4.653590151400678998e+00
-4.615345888569091670e+00
-4.625868843974124012e+00
-4.737808535447438629e+00
-4.629458159193569067e+00
-4.621887336581768757e+00
-4.625126476552954280e+00
-4.720576099732807229e+00
-4.710446288443415064e+00
-4.755184912013259435e+00
-5.499054882966994739e+00
-5.449982035915406087e+00
-5.389005327096061393e+00
-5.513677536113969602e+00
-5.670700427475336980e+00
-5.722638107098791949e+00
-5.599902608727709286e+00
-5.144939206414119504e+00
-5.213544241114345112e+00
-5.236451850011320630e+00
-5.763712912354038487e+00
-5.778187741140570211e+00
-5.784387130763132490e+00
-5.739919180699453172e+00
-5.772776417823582307e+00
-5.543890161128090632e+00
-5.521057957365047564e+00
-5.549401720789693293e+00
-5.528065380882088320e+00
-5.544404536086124935e+00
-5.667383604492059135e+00
-5.737026678111674549e+00
-5.297260576521654940e+00
-5.236948491485634349e+00
-5.285211550003115377e+00
-5.312310231217234779e+00
-5.336608280712429320e+00
-5.518800491446245182e+00
-5.303661400670367954e+00
-5.343639722502483203e+00
-5.355099466582823986e+00
-5.347854600175046436e+00
-5.341050136779957214e+00
-5.309365741267367156e+00
-5.318474257941911532e+00
-5.308587274651341836e+00
-5.313355657094763984e+00
-4.713748497697609174e+00
-4.730736231562127969e+00
-4.705526270362909713e+00
-4.722169522813554288e+00
-4.727704171260787014e+00
-4.711887648192614186e+00
-4.706922380746357604e+00
-4.725262679518575482e+00
-4.731441695503887601e+00
-4.727246085906204875e+00
-4.733738025893218015e+00
-4.691850085398613146e+00
-4.691846042218422497e+00
-4.708986909783529740e+00
-4.687426527606133320e+00
-4.702928018795926590e+00
-4.687935448788474346e+00
-4.680612117306218956e+00
-4.690121871783905938e+00
-5.201812570206608477e+00
-5.157266606242729701e+00
-5.165093571774742820e+00
-5.170913815588936480e+00
-5.209023948705439722e+00
-5.176347543833128562e+00
-5.210092263700829562e+00
-5.196076211337649298e+00
-5.165880516174210513e+00
-5.388375498816143860e+00
-5.340475876086115292e+00
-5.325914198960304269e+00
-5.328885250603365265e+00
-5.286899668884819548e+00
-5.400032423538067228e+00
-5.387830091608892147e+00
-5.325967556334868291e+00
-5.297653140872617072e+00
-5.115767422547063958e+00
-5.268866741128919173e+00
-5.246624954831047738e+00
-5.347826706431166421e+00
-5.307162994861916339e+00
-4.883775245498214623e+00
-4.860143177420379601e+00
-4.861772933906373773e+00
-4.883988069667737797e+00
-4.873490803120798631e+00
-4.759187969802348483e+00
-4.709345072605564120e+00
-4.723005579816861754e+00
-4.870161331767784318e+00
-4.868399370498314838e+00
-4.949429404636685348e+00
-5.269265192849617918e+00
-4.922206746886793383e+00
-5.281602102018847056e+00
-5.281029339014027713e+00
-5.214191919083571491e+00
-5.160012332546656033e+00
-4.914991504751323070e+00
-5.210834057776720485e+00
-4.959063009919890241e+00
-5.343708443464667113e+00
-4.944256564602425463e+00
-4.889517151773826065e+00
-5.315033585375466885e+00
-4.935046155340875984e+00
-4.925251170212209928e+00
-4.953185634034325879e+00
-5.249340627121264369e+00
-5.232324049016561673e+00
-5.249138449265672079e+00
-5.226883104184626205e+00
-5.139617206883640321e+00
-5.264898743821640359e+00
-5.261415240163994866e+00
-5.248354409166202217e+00
-5.253383595427711938e+00
-5.128974106798406041e+00
-5.085892482492927691e+00
-5.148888806052739575e+00
-5.139900862896041644e+00
-5.161367863415422086e+00
-5.127097732878855396e+00
-5.271840360706703699e+00
-5.255551886954240359e+00
-5.111537516374197843e+00
-5.149282919641519740e+00
-5.114350316256959239e+00
-5.556970618927326022e+00
-5.560622798375895570e+00
-5.579032546400054748e+00
-5.565033443461111062e+00
-5.580093584918053295e+00
-5.579631568395472030e+00
-5.537362914490834953e+00
-5.561920861510740721e+00
-4.733173567397861881e+00
-4.762893693173479548e+00
-5.093425125922377283e+00
-4.720791241051628617e+00
-4.715664726280182073e+00
-4.758618676113228751e+00
-4.830758624126130663e+00
-4.708798679764792716e+00
-5.677376393179846659e+00
-5.648911786045400341e+00
-5.515024308492140648e+00
-5.573234985706563727e+00
-5.541911709087314009e+00
-5.516213300453663315e+00
-5.540196088107785855e+00
-5.628055973623503405e+00
-5.695735861012714452e+00
-5.676743351293949580e+00
-5.678046732389317341e+00
-5.639246121749611262e+00
-5.653948315415226133e+00
-5.641304711001808414e+00
-5.652580821188580629e+00
-4.763699637488772787e+00
-4.756069823190759216e+00
-4.717734797464016694e+00
-4.732714368983470976e+00
-4.733873971532796432e+00
-4.724062948026225506e+00
-4.732997606551667680e+00
-4.742573497290959672e+00
-4.782808334357719460e+00
-4.793088469555637943e+00
-4.815666852035441536e+00
-4.783776001077245432e+00
-4.791914395228485724e+00
-4.730164896904271998e+00
-4.737425249669297678e+00
-4.809843123702389533e+00
-4.694557423309640320e+00
-4.812070373056219985e+00
-4.844220582669521491e+00
-4.808498813800150096e+00
-4.805833308881754640e+00
-4.751789786623541012e+00
-4.782944067594192994e+00
-4.785743781778370121e+00
-4.792382535487417883e+00
-4.774726415675275781e+00
-4.795121434512089387e+00
-4.821523545994180537e+00
-4.820086920205577385e+00
-4.784489066064264051e+00
-4.812493392654269009e+00
-4.818857637678861217e+00
-4.802298684481540292e+00
-4.800747415394615025e+00
-4.828985332396319663e+00
-4.822453892404325870e+00
-4.847242413364504898e+00
-5.096611933992888588e+00
-5.101085642079798532e+00
-5.095226830393570161e+00
-5.087939767568798288e+00
-5.093166602077675797e+00
-5.103338911542104839e+00
-5.300355721429388822e+00
-5.296734000098145323e+00
-5.290766188799923775e+00
-5.291822290522415706e+00
-5.297195328991694652e+00
-5.299894195011505715e+00
-5.293351082815743069e+00
-5.295146020541473320e+00
-5.289153992258414760e+00
-5.291604900087478747e+00
