-5.431985170504869842e+00
-5.388169040607867721e+00
-5.316577779285643679e+00
-5.128498380890241570e+00
-5.461071776603423800e+00
-5.464422174576105462e+00
-5.504193877265083579e+00
-5.483359667798772819e+00
-5.504088528575054262e+00
-5.513028822309696153e+00
-5.508158849325123008e+00
-5.467332116694819000e+00
-5.105763094428294124e+00
-5.120981432894918584e+00
-5.107168956203686605e+00
-5.120742875685206030e+00
-5.142774683836436544e+00
-5.135186330631813512e+00
-5.116476973134055584e+00
-5.119567252353935949e+00
-5.155522078505962114e+00
-5.156264126442398066e+00
-5.110720210593216351e+00
-5.398980266640108105e+00
-5.432872529308267140e+00
-5.476525568838690461e+00
-5.516701010011777484e+00
-5.045266883730407770e+00
-5.404561603642215495e+00
-5.428254804080990148e+00
-5.364380569362802831e+00
-5.334203770303874492e+00
-5.387900627067683246e+00
-5.153397688697328505e+00
-5.428116399772805245e+00
-5.443034778065156232e+00
-5.414328152394898730e+00
-5.116144540852197942e+00
-5.509333141266510303e+00
-5.546754141995918985e+00
-5.724150802778883218e+00
-5.421416585961506662e+00
-5.518346780924496819e+00
-5.698451922612637333e+00
-5.525263333476054584e+00
-5.549543200142931454e+00
-5.478422599937419868e+00
-5.535084119988089135e+00
-5.568784406621948513e+00
-5.715591252743012163e+00
-5.484968664378390812e+00
-5.469249863572284376e+00
-5.542183311829907311e+00
-5.592836800417145149e+00
-5.443371541615843689e+00
-5.481736904500287721e+00
-5.500920652791684518e+00
-5.545272097926732258e+00
-5.585025103039675365e+00
-5.668862075670159761e+00
-5.663662210359752258e+00
-5.754117530662370861e+00
-5.752685609666790434e+00
-5.654601483225794922e+00
-5.647171701535810939e+00
-5.631190974589784126e+00
-5.637066907749752609e+00
-5.647523439408524304e+00
-5.675869913465014349e+00
-5.625058699689611252e+00
-5.677358547012105738e+00
-5.636862511918815599e+00
-5.687590909978138320e+00
-5.625340975641823782e+00
-5.655239238456480244e+00
-5.755598363657158600e+00
-5.646877681218411382e+00
-5.633108970181763375e+00
-5.644455476404616867e+00
-5.660128951078471360e+00
-5.640743603081011415e+00
-5.638980416671432572e+00
-5.637197221563872596e+00
-5.630007245427705698e+00
-5.640507865098365770e+00
-5.659038300692455614e+00
-5.649797332211031531e+00
-5.662453608671754068e+00
-5.651689578410979742e+00
-5.735152798129462326e+00
-5.719230019287063982e+00
-5.738774628199329264e+00
-5.659778388414324901e+00
-5.709305689459626798e+00
-5.703522015311542681e+00
-5.717358288195034888e+00
-5.707150561296780111e+00
-5.689363889076465064e+00
-5.505644605925692048e+00
-5.579984277528024172e+00
-5.530248159565091193e+00
-5.561745194611867227e+00
-5.506568922350012940e+00
-5.536766080197909723e+00
-5.510588678647971861e+00
-5.570276811369481607e+00
-5.632137615881723569e+00
-5.515855927002712100e+00
-5.469412608729706804e+00
-5.504286006768649209e+00
-5.529471298773002808e+00
-5.496060154852474788e+00
-5.477664021932987737e+00
-5.538817563143735967e+00
-5.483069167390712373e+00
-5.541053114956685732e+00
-5.523543713408046507e+00
-5.592595744579230477e+00
-5.548612216759718940e+00
-5.538573267297890013e+00
-5.521389290764037838e+00
-5.537570655689689758e+00
-4.740598886374818299e+00
-4.659656249659898997e+00
-4.593824308241514665e+00
-4.825876217469815543e+00
-4.787392517008846937e+00
-4.721366239252259511e+00
-5.055216327764835427e+00
-5.070429966353811935e+00
-5.035255649483957541e+00
-5.094347851938438865e+00
-4.717449131206293167e+00
-4.691433460799879107e+00
-4.559418965842759519e+00
-4.673969747137488362e+00
-4.759377164906083202e+00
-4.651409996899282362e+00
-4.639773359351369919e+00
-4.629048126260517648e+00
-4.617780183222638613e+00
-4.721726829378150470e+00
-4.619125153894564129e+00
-4.615646429497219039e+00
-4.618733594670280773e+00
-4.712093198508409131e+00
-4.709340765255714878e+00
-4.747572063567212730e+00
-5.495747795641478639e+00
-5.445733113024695093e+00
-5.381740239642469170e+00
-5.513568652818503502e+00
-5.671238719266148642e+00
-5.719467734715295570e+00
-5.595326888529799980e+00
-5.134878848385239891e+00
-5.204453837391504578e+00
-5.230710874869497040e+00
-5.762895362957896950e+00
-5.776369716871435855e+00
-5.782513731263493106e+00
-5.740800246213357383e+00
-5.771422747322094260e+00
-5.541848563408541928e+00
-5.519014682550447581e+00
-5.546421988426257776e+00
-5.527658831565018360e+00
-5.543903964918890814e+00
-5.664510123706313571e+00
-5.735090536790897531e+00
-5.277283947553827126e+00
-5.227736170073767674e+00
-5.268107442050318667e+00
-5.299554620795212223e+00
-5.327415679418942673e+00
-5.518484443207036350e+00
-5.286052661133478381e+00
-5.328967836047818984e+00
-5.338943878493171091e+00
-5.333113818318693689e+00
-5.325970904873107870e+00
-5.290639288230296167e+00
-5.309143267129008414e+00
-5.296889470549776213e+00
-5.307714070611009305e+00
-4.704573858412273601e+00
-4.725890160758828173e+00
-4.711146152700228740e+00
-4.710914744003092736e+00
-4.725815920403490189e+00
-4.720214186280767166e+00
-4.695776481449002837e+00
-4.723949306874934528e+00
-4.718285493998443769e+00
-4.706513285825725923e+00
-4.720341984950839453e+00
-4.691580460989063894e+00
-4.690873288745660119e+00
-4.705271948050420150e+00
-4.687258284860369884e+00
-4.702835638397219853e+00
-4.688888299674567328e+00
-4.679948297710859961e+00
-4.691666415529084588e+00
-5.183231336775840248e+00
-5.114516909934285316e+00
-5.129445420443942361e+00
-5.119796545964652168e+00
-5.147739103810635264e+00
-5.158854752880594141e+00
-5.178750328443961770e+00
-5.141406998442565879e+00
-5.152613008985183818e+00
-5.378666717554096088e+00
-5.335918570396122718e+00
-5.322550068765351305e+00
-5.322734701053115636e+00
-5.274216646567733591e+00
-5.398265718304249283e+00
-5.386821339980571999e+00
-5.318097620605586329e+00
-5.287945590023836573e+00
-5.094839884916063433e+00
-5.255818268472118859e+00
-5.231204327465105663e+00
-5.341969786981407786e+00
-5.298738513964646124e+00
-4.905018686352370594e+00
-4.876288919072798045e+00
-4.876373150522379518e+00
-4.893250809213423480e+00
-4.877695971708315703e+00
-4.821625050975051785e+00
-4.799181411452916102e+00
-4.821983552643935411e+00
-4.913156270278178361e+00
-4.913743045646785212e+00
-4.940295223403520453e+00
-5.261257756572147670e+00
-4.911257663903092485e+00
-5.277087022394130855e+00
-5.286869280917361635e+00
-5.213478077159107826e+00
-5.148612932272883747e+00
-4.907842365117601524e+00
-5.194885042926177476e+00
-4.961181484509412876e+00
-5.340876315139878372e+00
-4.946976243713351984e+00
-4.898656515727407346e+00
-5.306980974720531208e+00
-4.938703252851255776e+00
-4.934018322874758944e+00
-4.953829689347647225e+00
-5.232950362556690216e+00
-5.227133002209359169e+00
-5.240848630523557539e+00
-5.211107049457210039e+00
-5.126799770086574171e+00
-5.270588389458522371e+00
-5.276472088780570502e+00
-5.267519259479097826e+00
-5.269639906929908690e+00
-5.120445787294111817e+00
-5.056666756645615379e+00
-5.135094738734155229e+00
-5.134204484229355714e+00
-5.152654037100720785e+00
-5.117865775596483147e+00
-5.263926561201153653e+00
-5.235662239457537837e+00
-5.094203840964178553e+00
-5.133105272519769890e+00
-5.112989876722448201e+00
-5.570952329650207702e+00
-5.565437835513213471e+00
-5.573273190022007384e+00
-5.557853110948967057e+00
-5.584212705627561668e+00
-5.574784895847316513e+00
-5.562446155906659584e+00
-5.564031117166333473e+00
-4.730432081162891045e+00
-4.774558619846209773e+00
-5.079215777309058488e+00
-4.718265332423434266e+00
-4.707441101259918881e+00
-4.738467854052209383e+00
-4.895720614021218609e+00
-4.719704933200259411e+00
-5.683345354754198553e+00
-5.647844241158016310e+00
-5.513361530514670150e+00
-5.559478646182662409e+00
-5.544949830502931221e+00
-5.511244487024542948e+00
-5.537599565979616223e+00
-5.627994338388217166e+00
-5.692939250589755140e+00
-5.675689194059591713e+00
-5.676432696704527991e+00
-5.634927268367368569e+00
-5.647536166260801238e+00
-5.635514369926455380e+00
-5.652027603777236564e+00
-4.758482939206478690e+00
-4.747916835643096078e+00
-4.725580690775847081e+00
-4.724425264962878401e+00
-4.731623610015425641e+00
-4.714820776081922737e+00
-4.725191543621973800e+00
-4.734334534961359253e+00
-4.770571792112773934e+00
-4.771781414842970470e+00
-4.793905448182981921e+00
-4.762072537137018280e+00
-4.780610212036807916e+00
-4.729741113830970178e+00
-4.737845762359963686e+00
-4.809343663930729207e+00
-4.698313255523325793e+00
-4.813691001867043795e+00
-4.842019591312048732e+00
-4.801770138970926638e+00
-4.792373822834359309e+00
-4.741954744793552834e+00
-4.774214564011328932e+00
-4.813895164610674016e+00
-4.783284648195685662e+00
-4.764527502328212094e+00
-4.790533328225598630e+00
-4.816454954493345042e+00
-4.808290818661118848e+00
-4.793996428857146164e+00
-4.805539476794509213e+00
-4.818684370891003432e+00
-4.797365732454191622e+00
-4.798855034390209440e+00
-4.822414727208896856e+00
-4.817555219501584496e+00
-4.831298163918387623e+00
-5.153389633132559489e+00
-5.164731406329226004e+00
-5.148322450619693846e+00
-5.136933055769911327e+00
-5.146170781470801536e+00
-5.166005380274123482e+00
-5.297912157246298825e+00
-5.289411267114810578e+00
-5.280179539711325809e+00
-5.281912933297916446e+00
-5.289658070199922513e+00
-5.290287627284957495e+00
-5.291771803387025130e+00
-5.286701295136461809e+00
-5.283179346060628667e+00
-5.286811259857268297e+00
