-5.435238885159182409e+00
-5.390486555711416550e+00
-5.322747032375301224e+00
-5.138168447935291816e+00
-5.463032082459666761e+00
-5.466186792418992191e+00
-5.503449996594718563e+00
-5.481709219078036099e+00
-5.498340738968456876e+00
-5.510695944102259602e+00
-5.508683164089566375e+00
-5.471822314738608029e+00
-5.116013889318292485e+00
-5.133166791262079975e+00
-5.120646298090072435e+00
-5.122854982743873187e+00
-5.148934877442127522e+00
-5.138057783731600381e+00
-5.127463163436290827e+00
-5.131171822096617596e+00
-5.150261603443010650e+00
-5.159870859717626601e+00
-5.119192489788892964e+00
-5.389677565986994878e+00
-5.432093834209840821e+00
-5.478081157011187585e+00
-5.515099418483608851e+00
-5.025330143669598293e+00
-5.409297844379066689e+00
-5.434443797589519676e+00
-5.368995928865656353e+00
-5.330786441515865448e+00
-5.390734212460009722e+00
-5.155795752013999866e+00
-5.430126684422130090e+00
-5.449330177444773327e+00
-5.417248046330784383e+00
-5.122064960190249927e+00
-5.508573479145115748e+00
-5.550846929225635051e+00
-5.725655954401928760e+00
-5.426025622734408138e+00
-5.525952792328427954e+00
-5.701074690005000889e+00
-5.524518396325530212e+00
-5.549787967230693120e+00
-5.478182307005179830e+00
-5.535207172948562793e+00
-5.569344259935568253e+00
-5.715951633393018483e+00
-5.483583354812384236e+00
-5.471258849666378765e+00
-5.540396448674745677e+00
-5.590795634480108411e+00
-5.440791049653272538e+00
-5.480756900056772629e+00
-5.501270872451800464e+00
-5.545888694498362526e+00
-5.586491319383231513e+00
-5.666442092560993515e+00
-5.656967747568472760e+00
-5.751265925561678038e+00
-5.748830272041752565e+00
-5.651458985436677018e+00
-5.646127720835619535e+00
-5.630147206092803280e+00
-5.637188202459027409e+00
-5.647194073974723061e+00
-5.672927970134100661e+00
-5.623678911220549637e+00
-5.675571919417074618e+00
-5.629702524539275998e+00
-5.685289032434202916e+00
-5.624548388782010910e+00
-5.654210564250228721e+00
-5.754533335766081059e+00
-5.646015967711367267e+00
-5.634397150130237897e+00
-5.643047853672641168e+00
-5.657364051864125720e+00
-5.642512534125334156e+00
-5.635290388486885682e+00
-5.638175271058114113e+00
-5.628702852514683386e+00
-5.635288612590496626e+00
-5.661085892260636854e+00
-5.645813294763219581e+00
-5.664297869211891268e+00
-5.653607346339649453e+00
-5.732098333948944635e+00
-5.719625658222086351e+00
-5.740408067415525117e+00
-5.657080070126946580e+00
-5.708782972897994412e+00
-5.705336759184026718e+00
-5.719490973260692002e+00
-5.708745120165549025e+00
-5.689328404332792744e+00
-5.516987751369208048e+00
-5.582098714250141924e+00
-5.536178632411457912e+00
-5.568287483974001972e+00
-5.513802025950539587e+00
-5.548268682774081917e+00
-5.517347198216889126e+00
-5.572422945770471259e+00
-5.633809904105278044e+00
-5.524752939547477482e+00
-5.479208539933112299e+00
-5.517701129737231369e+00
-5.535615851978079149e+00
-5.488977004099961476e+00
-5.484473580319507491e+00
-5.542990981370667924e+00
-5.487388492904045734e+00
-5.544923572189948580e+00
-5.534538999815159066e+00
-5.599310759526612280e+00
-5.551213672056875659e+00
-5.547488703360659912e+00
-5.521673352421530900e+00
-5.540851941899075150e+00
-4.736400991755250089e+00
-4.660567194970714588e+00
-4.610634412731678289e+00
-4.821207330511923850e+00
-4.781273215263807330e+00
-4.737473907571523313e+00
-5.063710506573453785e+00
-5.068951722270338855e+00
-5.035489372486918747e+00
-5.095299209444922539e+00
-4.712099274949135719e+00
-4.708107981220924998e+00
-4.627382531813669431e+00
-4.689314868149576654e+00
-4.779761154407188073e+00
-4.656389070124063778e+00
-4.643426297168493200e+00
-4.619346556365636403e+00
-4.619541942619481034e+00
-4.732746974739746371e+00
-4.631088559322548370e+00
-4.616259436051390885e+00
-4.602348129723730530e+00
-4.721460227412251243e+00
-4.709876075931044070e+00
-4.743261632695800145e+00
-5.499326577942635019e+00
-5.449473904312910122e+00
-5.389694006766359458e+00
-5.512551420782145328e+00
-5.670154457619227983e+00
-5.720590596751484291e+00
-5.600342639188235161e+00
-5.148885164343780296e+00
-5.216027123823125500e+00
-5.235416022593422980e+00
-5.759515734195429282e+00
-5.775265197848688636e+00
-5.783892831417264624e+00
-5.734612660182854427e+00
-5.769717910607665701e+00
-5.541469149974149744e+00
-5.517828502610372610e+00
-5.546451699711979266e+00
-5.524728637376346896e+00
-5.541651615051113033e+00
-5.666587324876266152e+00
-5.735200219199151128e+00
-5.292079933107542544e+00
-5.235125229150010107e+00
-5.280235808299547529e+00
-5.304575645742129808e+00
-5.332291933679657703e+00
-5.514312740524360379e+00
-5.302605700346460615e+00
-5.342074870990539459e+00
-5.353115666038424258e+00
-5.346054912951558435e+00
-5.339573474369452732e+00
-5.309510200583860140e+00
-5.318864689943774593e+00
-5.307149718314729370e+00
-5.314510682236342376e+00
-4.710641047391336045e+00
-4.733048962894932821e+00
-4.707480947670415361e+00
-4.715586263766176067e+00
-4.726719095432915907e+00
-4.726357714579446423e+00
-4.708232919165749486e+00
-4.724081498335668705e+00
-4.733626491852779061e+00
-4.722540946800527273e+00
-4.732642525622694940e+00
-4.692157045246499791e+00
-4.691402487756761275e+00
-4.709637216771909607e+00
-4.687166110928474794e+00
-4.701976422621115148e+00
-4.687778881758192462e+00
-4.678658920707571056e+00
-4.691032964346518952e+00
-5.200749221478954354e+00
-5.128838184493739405e+00
-5.145429448362535574e+00
-5.129829456996322534e+00
-5.164281129266460546e+00
-5.171722085711795813e+00
-5.189818000530517672e+00
-5.159888969035981710e+00
-5.166253726627251019e+00
-5.388205180445034159e+00
-5.342622271414473545e+00
-5.328482188497972949e+00
-5.329139580393744247e+00
-5.284909525142571063e+00
-5.398655388938569111e+00
-5.386187530849166905e+00
-5.325944757885873848e+00
-5.290293257548713157e+00
-5.098624233059611655e+00
-5.262019835616976060e+00
-5.233472150378587706e+00
-5.342048141194578825e+00
-5.302977149538066648e+00
-4.872903900055958637e+00
-4.850513813757791226e+00
-4.848232435623738290e+00
-4.860928612857227549e+00
-4.866670330299542435e+00
-4.763415687754619654e+00
-4.698104736288033934e+00
-4.713320814881274856e+00
-4.867933493382405885e+00
-4.861484606098567696e+00
-4.951641244092363614e+00
-5.267206126686130752e+00
-4.918354157945871385e+00
-5.273521467645915450e+00
-5.279072152361506731e+00
-5.203589335165863083e+00
-5.159093739688685787e+00
-4.907251374653641030e+00
-5.207289489375814817e+00
-4.960850510553295400e+00
-5.343109626813059343e+00
-4.948904445924788398e+00
-4.896174485667687648e+00
-5.317132435081755482e+00
-4.939816981130922713e+00
-4.931667099608179505e+00
-4.958368474981837082e+00
-5.252811616653511706e+00
-5.239059277691839434e+00
-5.252194954715143638e+00
-5.230885501821390449e+00
-5.135039681452538751e+00
-5.245876690322615943e+00
-5.243667116186829347e+00
-5.226758730153273191e+00
-5.238258501161704217e+00
-5.104072629789488502e+00
-5.079630192008006695e+00
-5.138814961621218202e+00
-5.134858671254685980e+00
-5.156168547291782644e+00
-5.123765099577472171e+00
-5.262105808120407069e+00
-5.229388867790652817e+00
-5.108997183978472911e+00
-5.141769142443319396e+00
-5.115533023459800432e+00
-5.561921808409650225e+00
-5.559357620598391669e+00
-5.571978177208814387e+00
-5.560061328903052491e+00
-5.576778627835933477e+00
-5.564624236704288407e+00
-5.540222691240168196e+00
-5.567845346918149474e+00
-4.733219449254599809e+00
-4.742436415457466303e+00
-5.084853843675080753e+00
-4.715382774405873612e+00
-4.692478955487743519e+00
-4.753429289286413173e+00
-4.605858667940261775e+00
-4.702044582355494384e+00
-5.682561325659685636e+00
-5.648538259303713005e+00
-5.516099108316121935e+00
-5.563130215876356921e+00
-5.542488996454846273e+00
-5.513918139217736325e+00
-5.541559896931439688e+00
-5.621391231284852630e+00
-5.691250461713559083e+00
-5.671444398965335587e+00
-5.672763255374152713e+00
-5.634974148217373191e+00
-5.651001179638787342e+00
-5.638052664776855849e+00
-5.640078330118719840e+00
-4.763089415927037606e+00
-4.760484932456383156e+00
-4.731256636040147789e+00
-4.735618826904501866e+00
-4.733888123957196825e+00
-4.720312477669747153e+00
-4.734103331230111955e+00
-4.743509979028520007e+00
-4.792761437254181800e+00
-4.795723749350333520e+00
-4.805955438241710453e+00
-4.770098807490892767e+00
-4.794657631144766619e+00
-4.728268651483366725e+00
-4.740038519331872813e+00
-4.822640151617537008e+00
-4.701668386371507857e+00
-4.822617588855801607e+00
-4.844751660619612821e+00
-4.820673258960548324e+00
-4.817639749542390604e+00
-4.751106451621584625e+00
-4.786712762036362534e+00
-4.805518037302306311e+00
-4.795265658666365560e+00
-4.771618270791322836e+00
-4.796337397138918490e+00
-4.821981242082777896e+00
-4.818808110574221537e+00
-4.803300211565248112e+00
-4.819028361362589941e+00
-4.828274231046068010e+00
-4.796182488283752043e+00
-4.807365083826989682e+00
-4.831215654660778291e+00
-4.831044363950801390e+00
-4.853007955898601899e+00
-5.102684813569551281e+00
-5.107266630487986347e+00
-5.100640000356075454e+00
-5.093770738146202071e+00
-5.099053322899771423e+00
-5.108081258434929772e+00
-5.307058947195190335e+00
-5.303186315948905438e+00
-5.298326452002278586e+00
-5.297318490975039040e+00
-5.303125900978677087e+00
-5.303777815809296747e+00
-5.297991429840072541e+00
-5.300524908715547490e+00
-5.296152646814918263e+00
-5.298357628679704057e+00
