8.297405960388248047e+01
1.096796842398352965e+02
1.032124552066548233e+02
1.215362750331287600e+02
1.122275844876459416e+02
1.189231830506588494e+02
1.163025022307439826e+02
9.370676080140680142e+01
1.012722565524506422e+02
1.252370328431135391e+02
1.074442812945841155e+02
1.100719843267123537e+02
1.224165809251642827e+02
1.093808952865991699e+02
1.026922767128227179e+02
9.581374548778667588e+01
1.172490462953871457e+02
1.274567327788725635e+02
1.093370309035643686e+02
9.602877038276807298e+01
1.246488198322204397e+02
1.131800782599607516e+02
1.062113161628365532e+02
1.072461410466897007e+02
1.005696662285013332e+02
1.350046887342166997e+02
1.022416399358800163e+02
1.067182981684220096e+02
8.885656964976956829e+01
1.132213817765731534e+02
1.227142378087786625e+02
1.001460690715305049e+02
1.035127743457143197e+02
1.155153306614962361e+02
1.062764394132351811e+02
1.073594966752451541e+02
1.022405488915223657e+02
1.229415883745183322e+02
9.160886714015202870e+01
9.761435557052566026e+01
9.261491698026661368e+01
1.159327208721553575e+02
1.083455603151832207e+02
1.281662858379120564e+02
1.082679736325679158e+02
9.822099336275073256e+01
9.281464201252109092e+01
1.139814670513428467e+02
1.146388495084798080e+02
1.317091346401269050e+02
9.929664657422205210e+01
9.572614479169949675e+01
9.872614466637028841e+01
1.007272954570766217e+02
1.229635743027710220e+02
1.062078868035696075e+02
1.060653269449538243e+02
1.146459043703291343e+02
1.066038575830985877e+02
1.127416133547897203e+02
1.073992941998467074e+02
1.171779300851138572e+02
1.115517242353814424e+02
1.027944306070735507e+02
1.049497357227117931e+02
1.020306662096674017e+02
1.135618929982317269e+02
1.028969722397231550e+02
1.088835937153733369e+02
1.166092253290789245e+02
1.124036737892849800e+02
1.093767810364616793e+02
1.010546296441110030e+02
1.108082767863072462e+02
1.208955011077247406e+02
1.031667756013929704e+02
1.115764036344641852e+02
1.199095738597454215e+02
1.221170241681097224e+02
1.152249907866112864e+02
9.115045042303070488e+01
1.027397106765499331e+02
1.014019191774190176e+02
1.038118761871043745e+02
9.740217501228838159e+01
1.246650989945066073e+02
1.071262833462844810e+02
1.166540994587395943e+02
1.043880444979985072e+02
1.150757621171748752e+02
1.068431530989380605e+02
1.275592666668190134e+02
9.203007525230526653e+01
1.066500407134027313e+02
1.017761522582693487e+02
1.048103684017201687e+02
9.865389167778384660e+01
1.261765275912349296e+02
9.677597289948489845e+01
9.378091528872035099e+01
1.253117085186956245e+02
1.155874673488917068e+02
1.108332002940594947e+02
1.132543888793876334e+02
1.024599588299726207e+02
1.183269145553652066e+02
9.423223629019180692e+01
9.660634923294495024e+01
1.251403859866468053e+02
1.013344803307167155e+02
1.082856192340043719e+02
1.153264203242347747e+02
1.099864600220611379e+02
1.124181176951075400e+02
1.104001145477222678e+02
1.010608111141596623e+02
1.178336195951880256e+02
1.028373453714621917e+02
1.076208867475418742e+02
8.819532587145738489e+01
1.182019298248036421e+02
1.206938333948708930e+02
8.548845254346862532e+01
1.132565047873754054e+02
1.198159502962305680e+02
1.208368982188431744e+02
1.103943969841966180e+02
1.066775512725742345e+02
1.091906444163301160e+02
1.213171739829659259e+02
1.073335806102224410e+02
1.071505622571138048e+02
1.044469653014239441e+02
1.061539045196253426e+02
9.637626856231304373e+01
1.044362159121213125e+02
1.127572046556263530e+02
1.244215470880531598e+02
1.001343060921246320e+02
1.170764920263681574e+02
1.061261211695022553e+02
1.237981345310349042e+02
1.081105743107909092e+02
1.159915020032725579e+02
1.090478800520113793e+02
9.217220427857189691e+01
1.058567390519544347e+02
1.085838591298260241e+02
1.189490323806312233e+02
1.097320157307892288e+02
1.017128745611496186e+02
1.155276824044564421e+02
1.024201082124404252e+02
9.386300294417881673e+01
1.169051960661390126e+02
1.135192053961279726e+02
1.043458382364858181e+02
1.253443949862054723e+02
1.034441266544218507e+02
1.011972558478637580e+02
1.109138673583335191e+02
1.116362195740133103e+02
1.203513859551886327e+02
9.667557153152324645e+01
1.170727064802508863e+02
1.010247996533976647e+02
1.011133997212742202e+02
1.207713455315638811e+02
1.227380309895785189e+02
1.049503601943035420e+02
1.139884631015579686e+02
1.123887531895599210e+02
9.543990705369162697e+01
1.367056622706506062e+02
1.075553845473383632e+02
1.058995867742461741e+02
9.155631799239317559e+01
1.084201023878430163e+02
9.860220926215373538e+01
1.191379604436664579e+02
1.091544246433875855e+02
1.040982608722540164e+02
1.171251581295103534e+02
8.818904056301654748e+01
1.013677170745446006e+02
1.158415093347637708e+02
1.082549419633179042e+02
1.283990752643230167e+02
1.102137496403408079e+02
1.171610888059864379e+02
1.089636458523094973e+02
1.048470212281103358e+02
9.942589449056269757e+01
1.120664535563557251e+02
1.147292832339949342e+02
1.075271397300025455e+02
1.341543303392512030e+02
1.003320396404968307e+02
1.105708969852968551e+02
1.046125372739423511e+02
9.388180690140895024e+01
9.625469746841073970e+01
9.520101617177745368e+01
1.171400281960290641e+02
1.194831488013927157e+02
1.148360503632457466e+02
9.789907686287676825e+01
9.692074427784648094e+01
1.132577109757691716e+02
1.115845005823399134e+02
1.203852417487351403e+02
1.006070298902015452e+02
9.908161040762981031e+01
1.112406747045045279e+02
1.064515066637052598e+02
9.733413393712106654e+01
1.018543325588642716e+02
1.356095531810745172e+02
1.045196148015374860e+02
1.065302344102213823e+02
1.230198795194098267e+02
1.077128464846748130e+02
1.181969051121853198e+02
9.345563559045670843e+01
1.093702073372598988e+02
9.879305515147881067e+01
1.256227635274909602e+02
1.024894738123361577e+02
1.144846911203333093e+02
1.102618645090150267e+02
1.170569108137753886e+02
1.046340868138880609e+02
1.074230601508290022e+02
1.084836846217104096e+02
1.185406305835866476e+02
1.195118582455535687e+02
1.040550725610449803e+02
1.082434045873144299e+02
1.072696561116681409e+02
1.151781149416849530e+02
1.075318788023457444e+02
1.138537755898598078e+02
1.216677549886461520e+02
9.609260723325290598e+01
1.054507050636598393e+02
1.092347192252883588e+02
9.457516442185587380e+01
1.326251466869923661e+02
1.194111440808700308e+02
9.946361695849140006e+01
1.233851338206258532e+02
9.827420105821038021e+01
1.049589342306731368e+02
1.074274998385057103e+02
9.561959583932980422e+01
9.354661915675116290e+01
1.247775533802975900e+02
1.175704798829757891e+02
1.072864620183639204e+02
1.047021852408236953e+02
1.063399499143158380e+02
1.065309449810175977e+02
1.147819032200511771e+02
1.176402557383407839e+02
9.983275880860483653e+01
1.107517130856893459e+02
1.080368772784489693e+02
1.168710278958074440e+02
1.006755716209752904e+02
1.050612255827105628e+02
1.182944333968239050e+02
9.122475187060635449e+01
1.344714645391648276e+02
1.030365730578453451e+02
1.015092542910330025e+02
1.190258856844500173e+02
1.079853592224969816e+02
1.102352414470355910e+02
1.107548108020173316e+02
1.096949897354491696e+02
1.017500590023170020e+02
1.152430032323541269e+02
1.107819982498538280e+02
1.077304912888944415e+02
1.242814372910461316e+02
1.082884757072278603e+02
1.028356463982472064e+02
1.051648595089848044e+02
1.062381816603666778e+02
1.095273284713162383e+02
1.160370709396694338e+02
9.997525005768905260e+01
1.177357780343012479e+02
1.026165882016811395e+02
1.176916394525882765e+02
9.688341325901281209e+01
1.078774261502451139e+02
1.245580421218435703e+02
1.129012154974182778e+02
9.767114898359967867e+01
1.124733326309153512e+02
1.004325291383223373e+02
1.108248737968286406e+02
1.184783398130863930e+02
1.103123115765670690e+02
9.637726487240981044e+01
1.221077583273062004e+02
9.799376580051723806e+01
9.955849128854248420e+01
1.152400591734645161e+02
1.061436712770550344e+02
9.617691627977016822e+01
1.222232229231404972e+02
1.166551535409658555e+02
9.487313130874602507e+01
1.117618535697276911e+02
1.147919921739074169e+02
1.311815513253826566e+02
1.049258553958880924e+02
9.992310544501017944e+01
1.126862374913139462e+02
8.900903830801738081e+01
1.197840850666367203e+02
1.093369033674800050e+02
1.210900541291226489e+02
9.679469799665692165e+01
9.614720477470628168e+01
1.224973302218222813e+02
1.065767280583238374e+02
1.142834791565637715e+02
9.899037591504901457e+01
1.145427694217985390e+02
1.120758877884933895e+02
1.113112708695305599e+02
1.204578630938571848e+02
9.984143865106310045e+01
1.096527802881059586e+02
1.010211268890755179e+02
1.024433378003084840e+02
1.177462895639473714e+02
1.097965149599732939e+02
1.222205332170825045e+02
9.602247032337213284e+01
1.062508678954830970e+02
1.222787806410583613e+02
1.079998761513723622e+02
1.015689177013535271e+02
1.138729353532682751e+02
1.085654528689040177e+02
9.938071299808049730e+01
1.056774341106782060e+02
1.217813706005826759e+02
1.199953267313552487e+02
1.052625176262798590e+02
1.054036473056863485e+02
9.701755512198081988e+01
1.075127734836536888e+02
1.028763418275436123e+02
1.136747916994958416e+02
1.019711805179365740e+02
1.195774107926833096e+02
1.093479987979726076e+02
1.135977924381561905e+02
1.022757235729268785e+02
1.135120498368136026e+02
1.274934844806995073e+02
9.330188799834083113e+01
1.064295031968170377e+02
1.214376377743124920e+02
9.628836256839231567e+01
9.860675443755899039e+01
1.359946904944156074e+02
1.237107359178474724e+02
1.121909284922350025e+02
1.093036372149191209e+02
1.036619205091489704e+02
1.009460219989104957e+02
1.051582217405551063e+02
1.092298686322517369e+02
1.143173382372659006e+02
1.113228259955844948e+02
1.033559501161614520e+02
1.156598668009956867e+02
1.027262296595294799e+02
1.272341476492108114e+02
1.055551825330970814e+02
8.452391910024537935e+01
1.163877117960231686e+02
1.031064512039553449e+02
1.159151320682103830e+02
1.214013116364759810e+02
9.414249156428901699e+01
1.066818338873583656e+02
1.367694849495342737e+02
9.533219316041900981e+01
9.699548532205159290e+01
1.009123690118699557e+02
9.922306900832073495e+01
1.092345401927434239e+02
1.231933255558915334e+02
1.050853112583826174e+02
1.255314128615487732e+02
1.095274794070198681e+02
9.815714984840985835e+01
9.019005945529039536e+01
1.038343128485260110e+02
1.106227758947356534e+02
1.185242687358466327e+02
8.826264179858860359e+01
1.210246459251327735e+02
1.104720745536921385e+02
1.010088514088768221e+02
1.039609135432465763e+02
1.006455820134874557e+02
1.065191340382038874e+02
1.095180517295342781e+02
1.309306016789028888e+02
1.011963903711902901e+02
1.194253476792063822e+02
1.259641041192985114e+02
1.000609746509599063e+02
1.005510347694876430e+02
1.060618196553223385e+02
1.354997131011309648e+02
1.062937185914465346e+02
1.051778443971479788e+02
9.392159699666618167e+01
1.228901032155303028e+02
9.709943927079820014e+01
1.166705602526101586e+02
1.150671235286889953e+02
1.094229122731134396e+02
1.101883978626117795e+02
1.175380883240933514e+02
9.627948356301997990e+01
1.173136222928755217e+02
1.019386807029017774e+02
1.102970474675141048e+02
1.075567712103554641e+02
1.079120485776252849e+02
1.042798804897889369e+02
1.032707726965403623e+02
1.085039402187962025e+02
1.244619635198903325e+02
1.062000748698738875e+02
1.114834856706177959e+02
1.160950109478672232e+02
1.002387622969010437e+02
1.199627951165105628e+02
1.015149740668653351e+02
1.058088653809155346e+02
9.830012020612173274e+01
1.197717232994714607e+02
1.029577445252690495e+02
1.223833330446861964e+02
1.032354815854436225e+02
9.409321112925667308e+01
1.270747144125575261e+02
1.076708515869729439e+02
1.137441185077703523e+02
1.137589028020499455e+02
1.009695917785055457e+02
1.134475343935084339e+02
1.109955804425761698e+02
1.088227635718225059e+02
1.127406018893497759e+02
9.114231864578412967e+01
1.184137175689075008e+02
1.080327364069282226e+02
1.188683090548483250e+02
1.034138110467696379e+02
1.147376148453089826e+02
1.065712126846041343e+02
1.037957857504098911e+02
1.006794195987796741e+02
1.227211414174557262e+02
1.159713214715825416e+02
1.163255890626275146e+02
8.879529071958131681e+01
1.073336384622328552e+02
1.224790808311591235e+02
1.120861641998421021e+02
1.235888981016713331e+02
1.074733336177764755e+02
1.271468868783711486e+02
9.298144486655401408e+01
1.233983949132617113e+02
9.213295209107825201e+01
9.815191419735261036e+01
9.411616707078937338e+01
1.097019188843758712e+02
1.209427603764403329e+02
1.092707565198740411e+02
1.103806832845379375e+02
1.109310129855256974e+02
1.124021872385774259e+02
1.107314336546337046e+02
9.287572562403632048e+01
9.838564495835615276e+01
1.164574390271043143e+02
1.263762287312770241e+02
1.195469576729357470e+02
1.250113500203403447e+02
1.111000265573856325e+02
1.102011475167946770e+02
8.942937142290175245e+01
1.158225979361497906e+02
1.006215600228053688e+02
1.026602267065727006e+02
1.084758054180085907e+02
1.081779143239060517e+02
1.346117520120986626e+02
9.865800688375908578e+01
1.003893629915915113e+02
1.176519239881291412e+02
1.232611069521771441e+02
1.052579128984487085e+02
1.242907391455642880e+02
1.033948609814368780e+02
1.143621929963663604e+02
9.539005713326874059e+01
1.176738320940604154e+02
1.197265718823558274e+02
9.644294662261059159e+01
1.148629166846556302e+02
1.175775095528317422e+02
1.126119233023051436e+02
9.999399223274835435e+01
1.067857056366746491e+02
1.100885042841737231e+02
1.095267102921860385e+02
1.122399287080743306e+02
9.521862674438646934e+01
9.778545652985060599e+01
1.185416013408157738e+02
1.190822499928029998e+02
1.093400099752696804e+02
9.677762456844541816e+01
1.141704144582208471e+02
1.148402701809502133e+02
9.481538783118502067e+01
8.707643658089735084e+01
1.110088591463734247e+02
1.275396600711124506e+02
1.161189976886596327e+02
1.117364015935980888e+02
1.310425109985816619e+02
1.189479831734091846e+02
9.971046722985536803e+01
9.420751908441675937e+01
1.034105239710578985e+02
1.074093606391435145e+02
9.623976536506553714e+01
1.269642841080918743e+02
9.904551921255747970e+01
1.027319282532951945e+02
1.103811214328081292e+02
1.096326119241063992e+02
1.209463557994111653e+02
9.808441721993797557e+01
1.138708485399650243e+02
1.036580356575206139e+02
1.010670767378323660e+02
1.142216291309465532e+02
1.137388353799588572e+02
1.075506979944244819e+02
9.802170509013535593e+01
1.079524520965177459e+02
1.002121078816868192e+02
1.292202890240060356e+02
1.111694027146617572e+02
9.675088432423918050e+01
9.698459089792848431e+01
9.947871060432952106e+01
1.154417034450180353e+02
8.600627281436423743e+01
1.217890851613966703e+02
1.102767518548289019e+02
1.111004278302626602e+02
1.052312502314107547e+02
1.156696455173620990e+02
8.660191919381951209e+01
1.003434668502775651e+02
1.005196367414835805e+02
9.475240065883362206e+01
1.115039797380684803e+02
9.744217411610182467e+01
1.034810499046478611e+02
1.133494064938591919e+02
1.036112283931788056e+02
1.265667261170197264e+02
1.026132246754848296e+02
1.128678078589374820e+02
1.072564723279276961e+02
1.075710070575938602e+02
1.162835687901695536e+02
1.101688197953261295e+02
1.026785128932454967e+02
8.881729358389472395e+01
1.131538511569254695e+02
1.443831170321876414e+02
9.900641884084600974e+01
1.072804824206192364e+02
9.608268259863453409e+01
1.396941242413537054e+02
7.934070927208712476e+01
1.200270064193653496e+02
9.719780296034059575e+01
1.104664238294591030e+02
1.132327362947483351e+02
1.098601979184630295e+02
1.026648392234526455e+02
1.150250156016630427e+02
9.793520053250027502e+01
1.171715015871680521e+02
1.012619565392410550e+02
1.100045350887114211e+02
9.679491318640975805e+01
1.219429597984739928e+02
1.044546559906337677e+02
1.182854684280042790e+02
1.021210117106992357e+02
1.245210039603344541e+02
1.090811262337148833e+02
1.073445216214176696e+02
1.083625140810892020e+02
1.046739709446588904e+02
1.035891158224956570e+02
1.097141141368829835e+02
1.099176746372680356e+02
1.065436269835430068e+02
1.057681794889682152e+02
1.199341648355650136e+02
1.097034840499126034e+02
1.054723548447914681e+02
1.017559145213827065e+02
1.048750972446722187e+02
9.192990725454461653e+01
1.215820561717113577e+02
1.163657838204224362e+02
1.164365561854277189e+02
8.984262673870048843e+01
9.317653864030576472e+01
1.263083822060895614e+02
1.169748096238203630e+02
1.296018289878562086e+02
1.046867376699162833e+02
1.038296521135528678e+02
9.657905260670483472e+01
1.067427608556542538e+02
1.240670446711344823e+02
1.061594995150303333e+02
1.248474487090663558e+02
9.656234018748214964e+01
1.077643635651057252e+02
1.055258282182833369e+02
1.119501948252484453e+02
1.046509614638444106e+02
1.207132132231352273e+02
1.049298820434701014e+02
1.216917724111117991e+02
1.041528578176827864e+02
1.105205075424929220e+02
8.949633795841063488e+01
1.038879388465437756e+02
9.860376470872449772e+01
1.070555303073505797e+02
1.421382379573066999e+02
1.067009425851290985e+02
1.007423981210745296e+02
8.934567280824866486e+01
9.852897171166418389e+01
9.159544595598137562e+01
1.131832796965985608e+02
1.125379137494346509e+02
1.103866576198348213e+02
1.229402199642826616e+02
1.059374118292317206e+02
9.230947929829837051e+01
1.198733217534990985e+02
1.313971252493150530e+02
1.102038504853430680e+02
1.019161901734174620e+02
9.838532272337874929e+01
1.074688058906885004e+02
1.014684057071416987e+02
1.209522205867121443e+02
1.158288742854012696e+02
1.092996515219740701e+02
1.019932938832152729e+02
1.175905073627856012e+02
9.876949759961701147e+01
1.023562930561030413e+02
1.183497756648203705e+02
1.107956481983149217e+02
1.071639982897306425e+02
1.384046728694209776e+02
1.053232140846740492e+02
1.153579742912947950e+02
6.032516864302915849e+01
1.036643368412943005e+02
1.234069381920962343e+02
1.072044896041740571e+02
1.076207990552544800e+02
1.052807328092993941e+02
1.200062729586448143e+02
1.048312905978419565e+02
1.109380065590637514e+02
1.241896720733148811e+02
1.046909584773525523e+02
1.109375471402605910e+02
1.015415492639632333e+02
1.070474970467168134e+02
1.068453873477537286e+02
1.085287956660567232e+02
1.116663075849579059e+02
1.044913892277142651e+02
1.010718191287388095e+02
1.084252579372095937e+02
1.160472007306622118e+02
1.143704769650668283e+02
1.124598901165276317e+02
1.196244097216215607e+02
1.062431755559239690e+02
1.192714376431283512e+02
1.028787396557912786e+02
8.952427049994959418e+01
1.008480383378921772e+02
1.239617442163253713e+02
1.193563211217762046e+02
1.130262265909856012e+02
1.049686632977006582e+02
9.907981122011645425e+01
1.051925680554509483e+02
1.058666726387225481e+02
1.286815492135127386e+02
1.248563561326693758e+02
9.505129448817028504e+01
1.196032915534744205e+02
1.025531592086648089e+02
9.372264117614793122e+01
1.222314577340949882e+02
1.230926637272281283e+02
1.047384844993186306e+02
1.039523803295568314e+02
1.136701971929054906e+02
9.362365181531815495e+01
1.178783185665581499e+02
1.045920467068714004e+02
1.083983202254890159e+02
1.176168373967784930e+02
9.962178002384925435e+01
1.205532025767209916e+02
1.040875176883686919e+02
8.831417839250333657e+01
1.014418991225711579e+02
1.115393736478877287e+02
1.262785396102840565e+02
1.178217894841648672e+02
1.072559388885251366e+02
7.988523060134119191e+01
1.237196727737278081e+02
1.087186896301450787e+02
1.188182668388637353e+02
1.086963230577072750e+02
1.125824984998138945e+02
1.214807405566098737e+02
1.195729083822899952e+02
1.008587618080342878e+02
1.020929669433482445e+02
1.037793052807879093e+02
1.073543101753425901e+02
1.064213242465392852e+02
1.077888171480442310e+02
9.733052119047641781e+01
1.020959955031205197e+02
1.125479374894622850e+02
1.289023079467303887e+02
1.122260732680440185e+02
1.053914562196716673e+02
1.078606332136691179e+02
1.052054070915946653e+02
1.082906396093445238e+02
1.179434637891388746e+02
1.152875157432831656e+02
1.180885179182948548e+02
1.130686556620045877e+02
9.796783678810096774e+01
1.026939248492399486e+02
1.077371548746745873e+02
1.167217195850071221e+02
1.202091490350808272e+02
1.052842967169806059e+02
1.095125869004648820e+02
1.063175516368781928e+02
1.017844115531793676e+02
1.140748050833923486e+02
1.339857527857449497e+02
9.423536779886735815e+01
1.160724820599023559e+02
1.079033694388582489e+02
9.058360118352473478e+01
1.152237402491193450e+02
1.335069933362703978e+02
8.753685189479318751e+01
1.075732641350378884e+02
1.080262616573766934e+02
1.039399354373254170e+02
1.162695698505404351e+02
1.087584084303379512e+02
1.036691603020445882e+02
1.267546628174033572e+02
1.186673145950715593e+02
9.485509143486885364e+01
1.053353117059011765e+02
1.159690262084766346e+02
1.040658768936168741e+02
1.123728883218046519e+02
1.056926796356154625e+02
1.023092478339194571e+02
1.149324030830143499e+02
1.229523225882847441e+02
1.229080811508462432e+02
1.090629593341186165e+02
1.019212571885408494e+02
1.064024301215359571e+02
8.701534198548512222e+01
1.263348882295746733e+02
1.071743119271320381e+02
9.616141220805423018e+01
1.031957876405992067e+02
9.207230753638160081e+01
1.351625782263120925e+02
1.233976968480571514e+02
1.028047295150803251e+02
1.044543866618438557e+02
1.149648830592505675e+02
1.024493767604927115e+02
1.075245521997547939e+02
1.228229860228665729e+02
1.182135015044271427e+02
1.026914451401330837e+02
9.604217473462503563e+01
1.182101570010846245e+02
9.645265981012435930e+01
1.160060304694393949e+02
1.111545354387950653e+02
1.146414458981702325e+02
1.136149573809441193e+02
9.837805966255115209e+01
1.143808774346102410e+02
1.065442791701077141e+02
1.079972124412151828e+02
1.156087050710555530e+02
1.037279893891917197e+02
1.157821786393429022e+02
1.099577934557284351e+02
1.029621898884952600e+02
1.037414578313936744e+02
1.184558870352998383e+02
1.235791061156979396e+02
1.100897153102250599e+02
1.032546259713605110e+02
1.081321040454054838e+02
1.057725225066917432e+02
1.090140645246528806e+02
1.202550094550887678e+02
1.123428923935755677e+02
1.225962458902277774e+02
1.043335445954501068e+02
1.192244528574502738e+02
9.742311197645761922e+01
9.270300813508369231e+01
1.053708924361403945e+02
1.239205324423260492e+02
1.094921505960025456e+02
9.599621566501200221e+01
1.150743774659765961e+02
1.067361786016215035e+02
1.355095516304393186e+02
1.041716449686154675e+02
1.095786580146124152e+02
1.095695384554929888e+02
8.989755729826842412e+01
1.036283945909920163e+02
9.775037871885862728e+01
1.170559646550694310e+02
1.163339462278581635e+02
1.203884320827524164e+02
1.218538712364166230e+02
1.025538608481556224e+02
1.044862136035701639e+02
1.054436253113252775e+02
9.858527009771665917e+01
1.174675083900595780e+02
1.097464365244628510e+02
1.116545853323500381e+02
1.174230226565407662e+02
9.936632965645169691e+01
9.889301010350857268e+01
1.122274577387606342e+02
1.182527519091881771e+02
1.205085456233578327e+02
8.633828524454864350e+01
1.094234704096315198e+02
1.047772638926294633e+02
1.085790195141405832e+02
1.083380796045425427e+02
1.160146483790400538e+02
1.086849430938320893e+02
1.072239729986615657e+02
9.468313884373334588e+01
1.192873360964312752e+02
1.119843474443091509e+02
1.189312269968211524e+02
9.562282230257551419e+01
1.092750831004268264e+02
1.181443460562660874e+02
1.024120128176838733e+02
1.219431816296716136e+02
1.048449288848080130e+02
1.011997005633533320e+02
1.182444733359710796e+02
1.057676131615218367e+02
1.016043078518207636e+02
9.718402845280520808e+01
1.187250141073509440e+02
9.443263104787151008e+01
1.090745393723766625e+02
1.218312685135776547e+02
1.141658729280393345e+02
1.134371017551609668e+02
1.181811009119651317e+02
1.023819450402908302e+02
1.029856404088527597e+02
1.294934856613835734e+02
8.912501193496927954e+01
1.009867496348093425e+02
1.212348663497226369e+02
1.205126188441267772e+02
1.076571123903967049e+02
1.028298112081172917e+02
1.016868999790403905e+02
1.419482768204430840e+02
1.063544051603459195e+02
1.055829185493032298e+02
9.921751230090899298e+01
9.791326328542989188e+01
1.113610890827815894e+02
1.086778696869197631e+02
1.208576823551778148e+02
1.112014445659814186e+02
1.062961913146734645e+02
1.235579029889058518e+02
1.172426687796089624e+02
9.160296393569215923e+01
1.125243486075243027e+02
1.120562813316154092e+02
9.179775804023662999e+01
1.116259487300748248e+02
1.105633629694954010e+02
9.803822612408022508e+01
1.011935615335536056e+02
1.127135968929560192e+02
1.229660914329943466e+02
9.482532986257295704e+01
9.528809902787402564e+01
1.284633024629949887e+02
7.735278176682000151e+01
9.650736110597991058e+01
1.362485886999245963e+02
1.096931505019593658e+02
1.263824354498566436e+02
1.018566240233979698e+02
1.078775747080779581e+02
1.201969645729182048e+02
1.026340500822512922e+02
1.154804559180956147e+02
1.036114409616381948e+02
1.121279773313420094e+02
1.176101716605111847e+02
1.049283201614221070e+02
1.025075951598649624e+02
1.064114153694744971e+02
1.118993930728047133e+02
1.073537494373438648e+02
1.142509356938244878e+02
1.120038362074790541e+02
1.048128242867536812e+02
1.257083058771022621e+02
9.934801406633829401e+01
1.014615707661937876e+02
9.823913146577280031e+01
1.204456116943069333e+02
1.085299466870691560e+02
1.068438140292751797e+02
1.013443216286384256e+02
1.191222137142422213e+02
9.139840768870085697e+01
1.198671700074308291e+02
1.134385110445761029e+02
1.153642555255822657e+02
1.075786287799112273e+02
1.112048120014776629e+02
9.649846624474854195e+01
9.904091593369629720e+01
1.261693154851434429e+02
1.050264133550428483e+02
1.116096104391342578e+02
1.009889179099778289e+02
9.439354624788744275e+01
1.077341107863776273e+02
1.340627073777323517e+02
1.030096886138386196e+02
1.168853699550283807e+02
1.012107213857527768e+02
1.049456304966058440e+02
1.100717826220582651e+02
1.192303919479604417e+02
1.115062041287046384e+02
1.080876102396901786e+02
1.030846240570461703e+02
1.098276851873964972e+02
1.181276325582283420e+02
1.027097266682114451e+02
1.114835902084985548e+02
1.123601501255507173e+02
1.017322540573434821e+02
1.100021909648097420e+02
1.023915916277670419e+02
1.053217207980121657e+02
1.224123088715961387e+02
9.195080367571091529e+01
1.237182584471331808e+02
9.381748895657420917e+01
1.300574784357162059e+02
8.857799448223451577e+01
1.355950621466022596e+02
9.651637146241495202e+01
8.611581323680891842e+01
1.009528920549254565e+02
1.063479090027344114e+02
1.376518462132222851e+02
1.034783136492219597e+02
1.022119223339736891e+02
1.148661628937695269e+02
1.023110730395965220e+02
1.291180359812151153e+02
1.008880087353089436e+02
1.217296277765002941e+02
1.226384819888647399e+02
1.013095513556545910e+02
1.059412124902585646e+02
1.036278219382211745e+02
9.605424844825351727e+01
1.203780018191313843e+02
9.630365329526371454e+01
1.137930274758722788e+02
1.098991449899505852e+02
9.499356392511994329e+01
1.234209185892122065e+02
9.664305631895976489e+01
1.045262689121229158e+02
1.108611260712341817e+02
1.083690175213865245e+02
1.095514391834230139e+02
1.234959551634785697e+02
1.089557309073757949e+02
1.201055901700637492e+02
1.050460094315396162e+02
9.985801219296456566e+01
1.067874777876475889e+02
9.822073414722774487e+01
1.097870959816495713e+02
1.164147516573375185e+02
1.218812429624476010e+02
1.105157825563903344e+02
1.071539813705309712e+02
1.075628756546017826e+02
1.057345591397951381e+02
1.051249221138748311e+02
1.145514323850592149e+02
1.162351574376741326e+02
1.235972233124560233e+02
1.146042747820261667e+02
9.410824463247506344e+01
1.098784727813155939e+02
1.011544826467215330e+02
1.162153991497046803e+02
1.188677788555147146e+02
1.040250271826735968e+02
1.259233938807737445e+02
1.188922967525440981e+02
1.034451733307745513e+02
1.016208978643543475e+02
9.963839969734593183e+01
9.762690005993624709e+01
1.065279582406020467e+02
1.036760693657140422e+02
1.018318594988346746e+02
1.245594742973796940e+02
1.019890557800390951e+02
9.595908100952578934e+01
8.789692154154728598e+01
1.309763426992760742e+02
1.044208260674764119e+02
1.006116199998009364e+02
1.162376476111193853e+02
1.128911096077500105e+02
1.100197457226976923e+02
1.122308159667594794e+02
9.949972626702908940e+01
1.072576720068983605e+02
1.133824645789188565e+02
1.278680099900445697e+02
1.102683190033980765e+02
9.898500032780040669e+01
7.733109282010178731e+01
1.357769337191631394e+02
8.626419280258362221e+01
1.225311913095819705e+02
1.008483773413011590e+02
1.617289555695869581e+02
1.065637630261987709e+02
8.525793729441137714e+01
1.006221495443240741e+02
8.895860192673180222e+01
1.140163257943942341e+02
1.163291782827142811e+02
1.031936451482084607e+02
1.014118434497537606e+02
1.140286492997709331e+02
1.081712424432502502e+02
1.185647188928244304e+02
1.199730727141174782e+02
1.110893571774973054e+02
1.058017834480207142e+02
9.592339696728421927e+01
1.116714950246839351e+02
9.726459064153503675e+01
9.581874957314019525e+01
1.241710090006087626e+02
1.105388541375464371e+02
1.136926036997586351e+02
1.131862706089069377e+02
1.188111145795832044e+02
9.206850923680720200e+01
1.061411314934512120e+02
1.189539107544867562e+02
1.049787791522912528e+02
1.154529405198728540e+02
1.087367458367591695e+02
1.234324107905815140e+02
1.049440283309598811e+02
1.029307119467420364e+02
1.211955728239157395e+02
1.041160071385259585e+02
9.441325421844153709e+01
1.208992916051584245e+02
9.234909000267191459e+01
1.149925056807517763e+02
1.055179879284535787e+02
1.317069549461494944e+02
1.119762476233922825e+02
1.093616001627050025e+02
1.030883448494103618e+02
9.152874456396962444e+01
1.055182507911463006e+02
1.141799876323432557e+02
1.042910232772760821e+02
1.155542214326268464e+02
1.104089952644234245e+02
1.063501130294575177e+02
1.147793212711894029e+02
1.091535679400356003e+02
1.007896758046453556e+02
1.042844240720146303e+02
1.264255919063399887e+02
1.040035258329175605e+02
1.103324818365505280e+02
1.226351782833636008e+02
1.117300912003139075e+02
9.720516052911723648e+01
1.049706566341426708e+02
1.241814642202163412e+02
9.219745547088156457e+01
1.057065125249791606e+02
9.348258555670263092e+01
1.266551237535563956e+02
1.068430863432709117e+02
9.902865893009510501e+01
1.233622783392583244e+02
1.215179802187100222e+02
9.882496518280044029e+01
8.610131086574709514e+01
1.026813833892627201e+02
9.451518018938591581e+01
1.558939350636558743e+02
9.153495543100261500e+01
1.123445318266945208e+02
1.127400188538629919e+02
1.058736876093658310e+02
1.161895626052200328e+02
1.156298463522860089e+02
1.069646817564196937e+02
1.194168379228842696e+02
8.980306893846270100e+01
1.014840500748823189e+02
1.220487126409021812e+02
1.176911122795667097e+02
1.097456075436700047e+02
1.141516689743186106e+02
1.145487521856430675e+02
1.096516210204025299e+02
1.048507607793418828e+02
1.033309623750703850e+02
1.085533684426813181e+02
1.029073356103341439e+02
1.123708212670777158e+02
1.131768726191174608e+02
1.061163011856032199e+02
1.183426452658304981e+02
1.342448942517789874e+02
1.110815655521899572e+02
8.763769407351388452e+01
9.504060781912878042e+01
1.029281716560459188e+02
9.406886740222454080e+01
1.351896992641651991e+02
9.983930656805881654e+01
1.173528516496619574e+02
9.740438069801477639e+01
1.276171457824631261e+02
1.091772002139328492e+02
9.705812660188057350e+01
1.129556202043173130e+02
1.136894399108003171e+02
8.819441804147957953e+01
1.114321253043497819e+02
9.626455983901739444e+01
1.115861643518016848e+02
1.070546564850129130e+02
1.157411298221361733e+02
1.130307068229373471e+02
9.679356962031137357e+01
9.984590549883719746e+01
1.002204800987416746e+02
1.228664937840523663e+02
1.232422225056161693e+02
1.068209639907071278e+02
1.085049907820557564e+02
8.633730177370932779e+01
1.118831003711250958e+02
1.029052165923307882e+02
1.182932635377181327e+02
1.239868559417639204e+02
1.034108749716146178e+02
1.068807189998181997e+02
1.049200762708776153e+02
1.076837889580097425e+02
1.280501121931085038e+02
1.044299400285181605e+02
1.009335529386290347e+02
1.198811119507947751e+02
9.796449455195866562e+01
9.854405123493538099e+01
1.215327413417268048e+02
1.181359740268746066e+02
1.162921111982322344e+02
1.254848291049368783e+02
9.723385301272223558e+01
1.251001593781889909e+02
1.012028604832857752e+02
1.035829561274615429e+02
1.123650457186461011e+02
1.104083362026218111e+02
1.122941133453446554e+02
1.141326662506359924e+02
1.042977822909513037e+02
1.092685282644381886e+02
1.007095780253340251e+02
9.394190181879777413e+01
1.069556051920293100e+02
1.232352627901794335e+02
1.188295025433274930e+02
1.196280250135127403e+02
1.123505231558454511e+02
1.059098342596206095e+02
1.073102311105116513e+02
1.013647168252226152e+02
1.094175974674179486e+02
1.156713644234857981e+02
1.175108737866780046e+02
1.211858201960387333e+02
9.589118873571524659e+01
1.054533468077299290e+02
1.269050843609777388e+02
1.135439764558678917e+02
1.043534056459162542e+02
1.100122940197517067e+02
1.286233063185630670e+02
9.974144369051670367e+01
1.131179349694592986e+02
1.047954973549593092e+02
8.965793843982237377e+01
1.231738199355469163e+02
1.240693528310792146e+02
1.099462564380845038e+02
9.484474236464259889e+01
1.098433536304381448e+02
1.106160988344401801e+02
1.052081989286472918e+02
1.094951898713877512e+02
1.082289493562516469e+02
1.228971642719860995e+02
1.109431034272112129e+02
1.055808498782601390e+02
9.911699168490054035e+01
9.987032564797905820e+01
9.966392287892348634e+01
9.840918387477037754e+01
1.175372324699348781e+02
1.216924170400138507e+02
1.130338165227351936e+02
1.100373864174553091e+02
8.778177246928957800e+01
9.807804299138993542e+01
1.134817610757251458e+02
1.282620197080796913e+02
1.100343184379699011e+02
1.154084603327775795e+02
1.121524752895351753e+02
9.900480264378981587e+01
1.081564712678623579e+02
1.109459375979517262e+02
1.109711926923762775e+02
1.185214900452965594e+02
1.080901167558776450e+02
1.093938046999612084e+02
1.119610648535412736e+02
9.759257357540126065e+01
1.108259541447547036e+02
1.130199396360688979e+02
9.986282734637255487e+01
1.136187602266125936e+02
1.217242750830655922e+02
1.192518680899993342e+02
1.129388303564467293e+02
1.020611277531162671e+02
8.107338653122386063e+01
1.136812521482858642e+02
1.178507423333188058e+02
1.127424450705693033e+02
9.545246655606966613e+01
1.005077958669049281e+02
1.174356090614585639e+02
1.137008558266042968e+02
1.164449393752549184e+02
1.131314634147777838e+02
9.704072978959773366e+01
1.145860474015933050e+02
9.821892351149956824e+01
1.152000236701445175e+02
1.000625255088803840e+02
1.106673803335396826e+02
1.022727585564301336e+02
1.174833731781509556e+02
1.062392836836690861e+02
1.119009600531604178e+02
1.071550492463353947e+02
1.113337625271164626e+02
1.144083338748696548e+02
9.293414799327135256e+01
1.012699494956295609e+02
1.117451920159424787e+02
1.253164958987875224e+02
1.183123837930632760e+02
1.006757037118125027e+02
1.186546053920703798e+02
1.049928619891529564e+02
1.147247235192828185e+02
9.322613565502209099e+01
1.129411282022610550e+02
1.111926052864916556e+02
1.092935648342132708e+02
1.176562690085657579e+02
1.003354761538652866e+02
1.041500450798968984e+02
1.198156519260837740e+02
1.235447758608814723e+02
9.550722892858614443e+01
9.655066970788942626e+01
1.104364815485421047e+02
1.112963306370231038e+02
1.053962800770380568e+02
1.153059281547576802e+02
1.124412240658285782e+02
1.056535380491678353e+02
1.050317795128840999e+02
1.119806385685096330e+02
1.029502053507779635e+02
9.306646297582004479e+01
9.745529867729717921e+01
1.219806810707927838e+02
1.262240889611057355e+02
1.056902686209879363e+02
1.212826126446042281e+02
1.065353748969680936e+02
1.168760346805035937e+02
1.162166560254067917e+02
9.800108749201761782e+01
9.498706159943520788e+01
1.268422845278403202e+02
1.094820294139772301e+02
1.071191644247450512e+02
1.035373055273886962e+02
9.826708707810983867e+01
1.107301754969231666e+02
1.111166101614608976e+02
1.194252859831149607e+02
1.084592065842002739e+02
1.017565336501036626e+02
1.013976700376111211e+02
1.130257486256254253e+02
1.021846318675077043e+02
1.058725211017747228e+02
9.585608662138314173e+01
1.092769159968230497e+02
1.203044951213789346e+02
1.194419326100651517e+02
1.152004646858590462e+02
1.038099765919713064e+02
1.000138078944858364e+02
1.255711378705214258e+02
1.035669651282902208e+02
9.713429072633384465e+01
1.096310497608240411e+02
1.027283779641516901e+02
1.188697585593715758e+02
1.234732907637569355e+02
9.811788102902677622e+01
1.061081601259783582e+02
1.136068810267094022e+02
1.119647667146734449e+02
1.005153977771334013e+02
1.122862568969220405e+02
1.014266596614441482e+02
1.176810491551723743e+02
1.144636356731845837e+02
1.152798261066869543e+02
9.895301478237425385e+01
1.140712881480590113e+02
9.497908868533232862e+01
1.165176157475076337e+02
1.070185675114892234e+02
1.065886259073695044e+02
1.074537844853424815e+02
1.160834847521278164e+02
1.100868518895917987e+02
1.127514387377733271e+02
1.129899641469321807e+02
1.006603935204232698e+02
1.032232475505779092e+02
1.116255782571414130e+02
1.013001245532961434e+02
1.109841923918463777e+02
9.975064188491538175e+01
1.151095023037679397e+02
1.169416346330829413e+02
1.110102316813468377e+02
1.091561023781467270e+02
1.012697215969999291e+02
1.127326509389281881e+02
1.172751091314740393e+02
1.084744293188771138e+02
1.079160930835502228e+02
9.923276598882794985e+01
1.103702336960697465e+02
1.127712714869499138e+02
1.214137644178328514e+02
9.717263241654063677e+01
1.145716885551011757e+02
1.134254388802100806e+02
1.059564647788860725e+02
1.060969081489342045e+02
1.171424592089883703e+02
9.928109957496911875e+01
1.145826263763978687e+02
9.876361640180864754e+01
1.043185472038357631e+02
1.068960918523291213e+02
1.077881017516210420e+02
1.340619175200338020e+02
1.019737857030405195e+02
1.044097978662344417e+02
1.116695709204422258e+02
1.065843864199523807e+02
1.040913155090635485e+02
1.105012378894559646e+02
1.129041453807170257e+02
1.034709914466768481e+02
1.098579068850105926e+02
1.144042306268158171e+02
1.369321587644760712e+02
8.814534670975218944e+01
1.016737874301852003e+02
1.250072849809673698e+02
1.087892288073846174e+02
1.128453548536677431e+02
1.020490400712621692e+02
1.020918296026102894e+02
1.037535085472694618e+02
1.135762690634900878e+02
1.065347183521617467e+02
1.195654455949226218e+02
1.115777536245703629e+02
1.080333888186088558e+02
9.615396666904817380e+01
1.024541728291662963e+02
1.105955288796706952e+02
1.104730341321520513e+02
1.063939222378109548e+02
9.623565796782145298e+01
1.082381182048735440e+02
9.587610329653998065e+01
1.202093084873817048e+02
1.262736165948180087e+02
1.118627540704364236e+02
1.040325800480521394e+02
1.114961605915595158e+02
1.215079313894801061e+02
1.133354903342289077e+02
9.302035264854619356e+01
1.214102915252963442e+02
1.110223390748919172e+02
1.029626100066876688e+02
1.092463841367566459e+02
9.871710010486188480e+01
1.126156287242289551e+02
1.036013689772673416e+02
1.094227343026139607e+02
1.155226245723188185e+02
9.872180793033571433e+01
1.174496789491042819e+02
1.106232168368651259e+02
1.054415054995653236e+02
1.217540249318098944e+02
1.023887874205955484e+02
1.212540589235635906e+02
7.853039692320008669e+01
1.184149481639765895e+02
1.169403582125951857e+02
1.152344093448858189e+02
9.034844364657917026e+01
1.093177713089166758e+02
1.195250168595334088e+02
1.040200051160180834e+02
1.243145043919426342e+02
8.679743625808804097e+01
1.110912434394065258e+02
1.037803633193228166e+02
1.159884185596994683e+02
1.090478028189352244e+02
1.345814359383011549e+02
1.124788548763387723e+02
1.016908129957507327e+02
1.036896831439190549e+02
9.582340897685908487e+01
1.029173767789130665e+02
1.109372091793999715e+02
1.082522449112233716e+02
1.055620711351768222e+02
9.932710314918772099e+01
1.121112719840500631e+02
1.205473605669757546e+02
1.075378800338997110e+02
1.045963321316946377e+02
1.010730184992060146e+02
9.248463206828417071e+01
1.177700650433263547e+02
1.109472553796223337e+02
1.285092177040288846e+02
1.267879248525347720e+02
8.930421880273489421e+01
1.170136869316093708e+02
1.152715590932819651e+02
1.232834907048101343e+02
9.844973085589575135e+01
9.742912399868933448e+01
1.059053275737940254e+02
1.161837455291370986e+02
1.074066707422074245e+02
1.298245015365760082e+02
9.115902152480431653e+01
1.198914418976790301e+02
9.843010706898721196e+01
1.115425935002838429e+02
1.048209631732727303e+02
1.126801431737514889e+02
1.074571167552417137e+02
1.240447436223853686e+02
1.005364010443214227e+02
1.163689975885587273e+02
1.114704784950331486e+02
1.064426316208566305e+02
9.338192130852679895e+01
1.116150698821572576e+02
9.236784908658535187e+01
1.126854798681524414e+02
9.614779469056786354e+01
1.119518981797597661e+02
1.083662109129643767e+02
1.069430401989555435e+02
1.122273546007141505e+02
1.188840264605055950e+02
1.139826699364219422e+02
1.275169023696106336e+02
8.980118889108365465e+01
1.001522555390799880e+02
1.291000498821751989e+02
1.124527263600124769e+02
1.021555393951105515e+02
1.229486280637327553e+02
9.384864622151130220e+01
1.167745290679833943e+02
1.056503879298168158e+02
1.121101303554033990e+02
1.031855189376291975e+02
1.062436647574198219e+02
1.170438524994245313e+02
1.089048551593326977e+02
9.356608313405656929e+01
1.161795286520165007e+02
1.210502787464757830e+02
9.635208108369130287e+01
1.075422383803754940e+02
1.226107867119334855e+02
1.099486828055933216e+02
1.006134374241293017e+02
1.207550217569362729e+02
1.079608750743786771e+02
1.097586737852691385e+02
1.130993060048884473e+02
1.049137828665124630e+02
1.230125577041547160e+02
1.001624633310944432e+02
1.164791811261748649e+02
1.111906743307391707e+02
1.092696052973132481e+02
1.005816716086962543e+02
1.071395977494195506e+02
1.454199352152942595e+02
9.416741946602626001e+01
1.007135087377566123e+02
1.043549990408086785e+02
9.842827259284418062e+01
1.183731290858141136e+02
1.142130745001017118e+02
1.135395161631526690e+02
1.045899422383542259e+02
9.906245376766962352e+01
1.052263791785220235e+02
1.022324728235575151e+02
1.112645511193559287e+02
9.928650369294237521e+01
1.289352088307841768e+02
8.297649003990976269e+01
9.953970233738296258e+01
1.217836188508149036e+02
9.515796656944660015e+01
1.302057779308505872e+02
1.242291037445531430e+02
9.321437347153414521e+01
5.932678440552020760e+01
1.103603467696169957e+02
1.487501818322369047e+02
9.991837363140254524e+01
1.180384967348983452e+02
9.975772127508420795e+01
1.223468825092578101e+02
9.660414115118460643e+01
1.121624680472999245e+02
1.058626065887976608e+02
1.283901246503219227e+02
1.109629865642255453e+02
1.013968611194591318e+02
8.769611234968289182e+01
1.274253732119191511e+02
1.015227711340709931e+02
1.216803225737760670e+02
1.006581459049304499e+02
1.125542856772371181e+02
1.205824715248749328e+02
1.236750245731524558e+02
9.671412959662903575e+01
1.049546223693394040e+02
1.129229893254300947e+02
9.401417669194611904e+01
1.040294711128305210e+02
9.685960563184758598e+01
9.738817835039071724e+01
1.091198185079625773e+02
1.238332716489750425e+02
1.168996688446545278e+02
1.087878799584535159e+02
1.069070916403634470e+02
1.251153323243842834e+02
1.104477419059322330e+02
1.202924775266427844e+02
8.618652109278239948e+01
9.957640338501343535e+01
1.102614859552376601e+02
1.053545144340273367e+02
1.238675947763830436e+02
1.072496189890575664e+02
1.070387314714452032e+02
1.017251517188880428e+02
9.298070181164895587e+01
1.141123955604627582e+02
1.148158947152526821e+02
1.131340175722597934e+02
1.068282101725941118e+02
1.131031083169574174e+02
8.940300815909796484e+01
1.206341770331635530e+02
1.234698489852026455e+02
1.337182456142252818e+02
9.381654577054965216e+01
1.045689504668617928e+02
1.193150697669679658e+02
9.847185745873736096e+01
1.032017718872754131e+02
1.136232578878054369e+02
8.432570381720385910e+01
1.102376203071315075e+02
1.195626655108820557e+02
1.124396833501681954e+02
1.183935225375950324e+02
1.097912706470975337e+02
1.001256459551616445e+02
1.243947110028231151e+02
1.029374183674211025e+02
1.053296437900394835e+02
1.138746731932124163e+02
9.251199527671491296e+01
1.197210719771997702e+02
1.193408249806747392e+02
1.209345924551160749e+02
1.075054079330679571e+02
1.166664819404003310e+02
1.022384860768106734e+02
1.174830334143516524e+02
1.112134774466633758e+02
1.019373035548518800e+02
1.354811466246102896e+02
9.928494176033971996e+01
1.101523171006928550e+02
1.250998685406506752e+02
1.331214461360943631e+02
1.087560233642311829e+02
1.066413043229144932e+02
9.989144216801282994e+01
9.811880371068251350e+01
1.083800749051163450e+02
9.729397033001575323e+01
1.131190585927032828e+02
1.300286331184970550e+02
1.065365624522661392e+02
1.033827954207477973e+02
1.037649577808839183e+02
9.810133114739821281e+01
1.081771793631961884e+02
9.671775608886029829e+01
1.257430349367950839e+02
1.194267172574459437e+02
1.038592141952843519e+02
1.044735018505865014e+02
1.100373916821285007e+02
1.075698993395176757e+02
1.087648442129016360e+02
1.033110588583104175e+02
1.212928498111748041e+02
9.483386557592289989e+01
1.263574154459820136e+02
9.989902401100928842e+01
1.261358584629155359e+02
1.085709164290764477e+02
9.771398111426157129e+01
1.106596372757825435e+02
1.121953916501389443e+02
1.226988248279823068e+02
1.085646134256418094e+02
9.721276693223994414e+01
1.039919068449178639e+02
1.058860153790862029e+02
9.490411849165711544e+01
1.243722752495791610e+02
9.819737194922454648e+01
1.363591366312964510e+02
7.437475470225301422e+01
8.123146462392374190e+01
1.128984855934410518e+02
1.098006990356605712e+02
1.018802486977350412e+02
1.118423885177963797e+02
1.181070455341172476e+02
9.815608526603936923e+01
1.218399727084910182e+02
1.217253255306150947e+02
1.218484819407974982e+02
9.080419748571733862e+01
9.792029532035813588e+01
1.203146770784124158e+02
1.046880262405620670e+02
9.717299112428887042e+01
1.022299353737343210e+02
1.072081817284917378e+02
1.325963256968522046e+02
9.262084618637769040e+01
1.212333784865997899e+02
9.753912431419684026e+01
1.107057899790614925e+02
1.050346075472606486e+02
1.217871527125471118e+02
1.060021082010525220e+02
1.135564576032387976e+02
1.131033315962968970e+02
1.099012229488394325e+02
1.085015846023836446e+02
1.047676707180530826e+02
9.418840507774010007e+01
1.252566774508514982e+02
1.154642126542924956e+02
9.855586054184882983e+01
1.221816422728916791e+02
1.060096898177159375e+02
1.063369618538296635e+02
1.065100870112012075e+02
1.246840793186268002e+02
1.069282962212322303e+02
9.355911395184641322e+01
1.158469287356871718e+02
1.007758322006512088e+02
1.121032865188388428e+02
9.936414456797376715e+01
1.053072655451880735e+02
1.120649743494010693e+02
8.142815983448865325e+01
1.289156521516605949e+02
9.763322747692249948e+01
9.971861259041295966e+01
1.385292680277480031e+02
1.215684920646689591e+02
1.112125355889602787e+02
1.367092221248424551e+02
9.178094933323819760e+01
9.611577893574293796e+01
1.113649488854745613e+02
1.092132787882283651e+02
1.116503869326946017e+02
1.278374943560138348e+02
1.071325692448494351e+02
1.047776501525733721e+02
1.187609603324212628e+02
1.090544973046765023e+02
1.063081620786482802e+02
1.091547703128719888e+02
1.084237238817210454e+02
9.566363340394200065e+01
1.068819414721077834e+02
1.285096553338920558e+02
1.007143833184195927e+02
1.019908888001135949e+02
1.164483947053128219e+02
1.031362665369004787e+02
1.320144756112420055e+02
9.703324408446690086e+01
8.763244819070595781e+01
1.056650214222087385e+02
1.252026390931924453e+02
1.155394007780170114e+02
1.210953241584822422e+02
9.905638195136960178e+01
1.186790843200491281e+02
9.467828457306869439e+01
9.785466485287668092e+01
1.132501383128645642e+02
1.068791580117031685e+02
1.158794205908190662e+02
1.033927047687043910e+02
1.026813690010004052e+02
1.080551470204300131e+02
1.195925117891326863e+02
1.237281227755385800e+02
9.977254319067402832e+01
1.040771347888982064e+02
1.212924772142128802e+02
1.122774231599468493e+02
1.134962917528508655e+02
1.096918736549000641e+02
1.270555191700310331e+02
9.712553967144749834e+01
1.318611332353739272e+02
1.159021244024577157e+02
9.860011668299065946e+01
1.067707813521355291e+02
1.068857785173271964e+02
8.448854133521632548e+01
1.004707829217323223e+02
9.837056989873835278e+01
1.228971783565989853e+02
9.564294877423709806e+01
1.042196435883149661e+02
1.188355023529769028e+02
1.164837583409752853e+02
1.132849708456118805e+02
1.074250481384040086e+02
1.179777864154153377e+02
1.206189887898722759e+02
9.176025164516738641e+01
1.053939885489981094e+02
1.160742430577440985e+02
1.028712340405950272e+02
1.125976264567866991e+02
1.050505034000346569e+02
1.128668084624866452e+02
1.096637945905937812e+02
1.130516693264643351e+02
1.231005880125836285e+02
1.124882293944756384e+02
1.026820525330194300e+02
1.154766590699438780e+02
1.086212952242937746e+02
1.163516475785236253e+02
9.357238125420195729e+01
9.958929039086339685e+01
1.214867497674200507e+02
9.097078742899169868e+01
1.171418316308164407e+02
1.054470593613865077e+02
9.872988537848971191e+01
6.034804695145066233e+01
1.344032098351235049e+02
1.376003690035901457e+02
9.775032095728195713e+01
9.956991697559240606e+01
1.023061848146204795e+02
1.025068951918547242e+02
1.067275411282054165e+02
1.031049037497110703e+02
1.067986934284093081e+02
1.039842135507646503e+02
1.250504516865942577e+02
1.156942806771753851e+02
9.895392230309479942e+01
9.499547338698863541e+01
1.254447064944213110e+02
1.151833555760922678e+02
1.012793716388914618e+02
1.054390859601755466e+02
9.978854324488048633e+01
9.159694789429474326e+01
1.034229234865624676e+02
1.201938854227981039e+02
1.299419347601865979e+02
1.076621482664657350e+02
1.033395826998342528e+02
1.346273479153654762e+02
1.115001013846596010e+02
1.035642256257569613e+02
9.468029796720603031e+01
1.194470871897250817e+02
9.680462193259282344e+01
1.129903503836591341e+02
1.205483106724336011e+02
1.000072204110559824e+02
1.071540809206363321e+02
9.339908436000706615e+01
1.171572345956842014e+02
1.201335729213433154e+02
1.161127163493468402e+02
1.289312525789671326e+02
8.344469286606890535e+01
1.152107397654160081e+02
1.101555457081427818e+02
1.180200334115898926e+02
9.868346826685852591e+01
1.077453547874555113e+02
1.048249955742707300e+02
1.111312850100401022e+02
1.118397816866543337e+02
1.027952824002015149e+02
1.047160056978118661e+02
1.166970066483576858e+02
1.098589487115460059e+02
1.147476312957462312e+02
1.129847467891585637e+02
1.265798288948619046e+02
9.986279907499232422e+01
9.467246469377775497e+01
1.036880734592048015e+02
1.080416035985366250e+02
1.216142416057935236e+02
9.589755310235868535e+01
1.047124106866668853e+02
1.135528492095253768e+02
1.132062321048325799e+02
9.547013211250784082e+01
1.260337453578874829e+02
1.149083360305576917e+02
1.059095516948416673e+02
1.131896897353050520e+02
1.052414289103938074e+02
9.749850068332979447e+01
8.924050711423440418e+01
1.121400168845125336e+02
1.247107852930410985e+02
1.072419123260815041e+02
1.205889129229923924e+02
1.202584510441510446e+02
1.176415318286615701e+02
1.177527996347229760e+02
1.111213042846681702e+02
1.042465063668675498e+02
1.027629850896309449e+02
1.095772465097620341e+02
1.210116516890210789e+02
1.067264715840754832e+02
1.035743791498356785e+02
1.222279249115816384e+02
1.032318082858290467e+02
1.026931517830124250e+02
1.190864527317420141e+02
1.071477042838568821e+02
8.968428360792775322e+01
1.315887264781197814e+02
9.525467742641562552e+01
1.142988339228528787e+02
9.921172473971532213e+01
1.193646846194264128e+02
1.212811303078695317e+02
1.083833672584574970e+02
9.764613796297692261e+01
9.655743771628387151e+01
1.067215848329903878e+02
1.058946819468393841e+02
1.256116893107706289e+02
1.080526587094473285e+02
1.114032273464378449e+02
1.166328236772907161e+02
1.136662123803748301e+02
9.491909461620133470e+01
9.647632696760901183e+01
1.189254201990513877e+02
1.176912076818949942e+02
1.224979770837933728e+02
1.091001907613166395e+02
1.055235933234420713e+02
1.118962267535359416e+02
1.049500047889285241e+02
1.001631376946343579e+02
1.186545620013313709e+02
1.115225472016742430e+02
9.617549109812001973e+01
1.172700298144017523e+02
1.071946925236117494e+02
1.020628550342670025e+02
1.223631364647134916e+02
1.116377460191257711e+02
9.031099402284121425e+01
1.054925807497417622e+02
1.140234163809776504e+02
1.122841780627971104e+02
1.202881340556634910e+02
1.255267008792685743e+02
9.626952959155381961e+01
1.135074944213856156e+02
1.009840429748633710e+02
1.093470204775401555e+02
1.079705907983692015e+02
1.112626982039608237e+02
1.167206542216804905e+02
1.025115744087290039e+02
1.190869488395949247e+02
9.225562493766152272e+01
1.108318011010387210e+02
1.004414181684897756e+02
1.047724342395450776e+02
1.171327783456555380e+02
1.165764975417833398e+02
9.492247601139348490e+01
1.083451377584070627e+02
1.038599390223202477e+02
1.189659865738971831e+02
1.113254893051121428e+02
1.187807189477078254e+02
1.002893822398730777e+02
1.038869127777755494e+02
1.088811787189439002e+02
1.089943847189049393e+02
1.161537994721313964e+02
1.196311616138980440e+02
1.036357899513551359e+02
1.140093450899075265e+02
1.069635610681243492e+02
1.035891404955185493e+02
1.085293080829581669e+02
1.069263411379339317e+02
1.014747606345558211e+02
1.027938028371627581e+02
1.032495778784566625e+02
1.169214896210411325e+02
1.234236619278002962e+02
1.211595952576237494e+02
1.016874781203318179e+02
1.081474217168788527e+02
9.698688467164875249e+01
1.012132674433635486e+02
1.095679927439104233e+02
1.350400454292981749e+02
1.368034099919556752e+02
1.031875847390153211e+02
9.528919933413263266e+01
1.063036403088991051e+02
1.016671087894341952e+02
1.090898022057472474e+02
1.042334503724355130e+02
1.116417711229023126e+02
1.225025315714622423e+02
1.036027343055163072e+02
9.939431971771058727e+01
1.039206830490828253e+02
1.233516606248782495e+02
1.144120740057098828e+02
1.089060988197780517e+02
1.070694478434539008e+02
1.040993450250002184e+02
1.138461528118244104e+02
8.943878614785572267e+01
1.301752474152500554e+02
1.063036695465372361e+02
1.083091873430732761e+02
1.142242200300605646e+02
1.043779091268370252e+02
1.039270758921201150e+02
8.717816485105960567e+01
1.144145451694001423e+02
9.852621199536719132e+01
1.243885392812614157e+02
1.118159300130657101e+02
9.967143518415568337e+01
9.664556967565786749e+01
1.101056149259467531e+02
1.151824135173728223e+02
1.064403236007324125e+02
1.024191764521079762e+02
1.132553902123306671e+02
9.339430723994877326e+01
1.121134047707866728e+02
1.103894884132785563e+02
1.254632213180671130e+02
9.666734390012551614e+01
1.159734908005977729e+02
1.101537219654568815e+02
1.223327969566619799e+02
9.651895499987324456e+01
1.172009092740059231e+02
9.846556979197349335e+01
1.067177282153719631e+02
1.121800474401450742e+02
1.160836269261096874e+02
1.128429369942867595e+02
1.111350202425273608e+02
9.038939864813070812e+01
1.114330086944261495e+02
1.031609453335137090e+02
1.207321557388898441e+02
1.002763565375295514e+02
1.199733543015816224e+02
1.103709786515704678e+02
9.537466347606196848e+01
1.102942983992553962e+02
1.134352497546750271e+02
9.629782245191769618e+01
1.093420850180865642e+02
1.007754660659042685e+02
1.117879625014189173e+02
1.243682198821432365e+02
1.197698616525195803e+02
9.489230774268766311e+01
1.198094471342480318e+02
1.015687833243332392e+02
1.027351729783457301e+02
1.172397861771508758e+02
1.093143089225595901e+02
1.152319191542144523e+02
1.009364934503778102e+02
1.199792630839802570e+02
1.226374974615691542e+02
1.014811062112433291e+02
8.810630836024498080e+01
1.263341550907796744e+02
9.728572604904738341e+01
1.009618547382053890e+02
1.254345605169610991e+02
1.086559762116501275e+02
1.079522626142592401e+02
1.021750546053129796e+02
1.090121322240719621e+02
1.190031852751473878e+02
1.135880556584820056e+02
1.052345801393834819e+02
1.064219174247368471e+02
1.064210724130718972e+02
1.050996129273108579e+02
1.169849924992875714e+02
1.022709742410678899e+02
1.127067928691819674e+02
1.216672734227877157e+02
8.902064494588256593e+01
1.144515373868557901e+02
1.003250324485837268e+02
1.076698132588613674e+02
1.046351962444229713e+02
1.144761642874993015e+02
1.128706915445738019e+02
9.941458744118344271e+01
1.179478565927613687e+02
9.683725617713533040e+01
1.098928675996066602e+02
1.177497551534235214e+02
9.223374097938744853e+01
1.138727020033927317e+02
9.512723097577385545e+01
1.282929496841053378e+02
1.148503233990294490e+02
1.066400265040733757e+02
1.092782157131166514e+02
9.997564831808774954e+01
1.249951404493731530e+02
1.167329775835192009e+02
1.098159969598885937e+02
9.538084918410382329e+01
1.019034400625150312e+02
1.173480935771014941e+02
9.691264815574731983e+01
1.146782308601325866e+02
1.123161165662672687e+02
1.120785270358917245e+02
1.262692335236638286e+02
9.905194092348175161e+01
1.055819895715310963e+02
1.040941350445020959e+02
1.005372789956544324e+02
1.237010758075282695e+02
9.818457985079412254e+01
1.026785580824963944e+02
1.124872449242385386e+02
1.078987884957304715e+02
1.166567774395141868e+02
1.098372429878252348e+02
1.070060833251349237e+02
1.220124247929306165e+02
1.191022707039966804e+02
1.034470464185619676e+02
9.203993434533214213e+01
1.074480668482440109e+02
1.125819727821342582e+02
1.289706860734651741e+02
1.149873471938974632e+02
1.015294488179826260e+02
1.077134671181137264e+02
9.640474353962798659e+01
1.008496882483774755e+02
1.087915266218960397e+02
7.644491353362029429e+01
8.555508381922973626e+01
1.233370478617916319e+02
1.278732615483144457e+02
1.086316157988240292e+02
1.080165390417954114e+02
1.123578053323309973e+02
1.128522092459639197e+02
1.045422610282162310e+02
1.227097355489562034e+02
9.524642354018754986e+01
1.187893657017938125e+02
1.175211766786674872e+02
9.340136377006255941e+01
1.136166169048932346e+02
9.394489451501166855e+01
1.147956258205727096e+02
1.050801837211624132e+02
1.189935925097131104e+02
1.170490663721354565e+02
1.236649394858196018e+02
1.045867058607724687e+02
1.029325130885272159e+02
1.027206163172288456e+02
1.141728817437728196e+02
1.075865512795876242e+02
1.200739996473093640e+02
1.027283296938507107e+02
1.055318786847962400e+02
1.124735198063138455e+02
1.088787700579127744e+02
1.061224177669494679e+02
1.031191500783377251e+02
1.148013211407684935e+02
1.025997285211290944e+02
1.046260323581289526e+02
1.010818064988769436e+02
1.274164356370996387e+02
1.210725964938279446e+02
1.051436439535719529e+02
1.129486668555391162e+02
1.179161165481835098e+02
9.330270127712431361e+01
1.062275435544256794e+02
1.117531534826131434e+02
1.038621140779377185e+02
1.304110825892205412e+02
9.522606592261523417e+01
1.014199872452083184e+02
1.063636437739800158e+02
1.099337221362693242e+02
1.125910922495303765e+02
1.145524372351786582e+02
1.042810950482043211e+02
1.081372390893103415e+02
1.053036565328301464e+02
1.216843790377255488e+02
1.003875375298628683e+02
1.003914909091353991e+02
1.263432359656375183e+02
1.140609561909320320e+02
1.245626769672016678e+02
8.839347319388366486e+01
9.645747106918558700e+01
9.664466004095091023e+01
1.159147701637463825e+02
1.020263572598930892e+02
1.205171630477506710e+02
1.116941689148098362e+02
1.082932382044321287e+02
1.078872389013156692e+02
9.790663163480770947e+01
9.732242358471992816e+01
1.143405510210403833e+02
1.092952059116518768e+02
1.260885869808005282e+02
8.148526865282900644e+01
9.523530008854829987e+01
1.261137698822813462e+02
1.352474712151419851e+02
1.727744382718316274e+02
9.345797275265702808e+01
9.363680342451463900e+01
9.366990060680257102e+01
8.413881661519185684e+01
9.849423159151417906e+01
8.869978278585119824e+01
1.106461010106374800e+02
1.033384153743625262e+02
1.286870255131188685e+02
1.067949458266199798e+02
1.134610786950435823e+02
1.141093412940046932e+02
1.227962597893697989e+02
9.984442067614648408e+01
1.136912366298133463e+02
1.113959005801715847e+02
1.233175248845369367e+02
9.967539751911230894e+01
1.012651300657676643e+02
1.045014826714268139e+02
1.096492076118055365e+02
1.091177543893298179e+02
1.096890232560062515e+02
1.103668765349044349e+02
1.062549972427613341e+02
1.116976153830790395e+02
1.094831513541240469e+02
1.111341280486173986e+02
1.077312110396995024e+02
1.143275859030269572e+02
1.014446762756884368e+02
1.115177386945823628e+02
1.074764780634060628e+02
1.141449628321387593e+02
1.067423230329657855e+02
1.130892588219781061e+02
9.096517115009267229e+01
1.312772771967530048e+02
1.042728986979236794e+02
1.033815476075592841e+02
1.105914305082006450e+02
9.771632635936309441e+01
1.030402267208549318e+02
1.550263408989498544e+02
1.234718187612512992e+02
9.055087186831353563e+01
9.167784664915158999e+01
1.157448928840632760e+02
1.024610705698135291e+02
1.133768866310586390e+02
9.626578579142210401e+01
1.114632856400808265e+02
1.162190443283963219e+02
1.097667515619034333e+02
1.121386990110672599e+02
9.648814509211491952e+01
1.037411480636219210e+02
1.224599674378019074e+02
1.055929742765505779e+02
1.110102351032717962e+02
9.852319711608438979e+01
9.970768276947322306e+01
1.039576687526867573e+02
1.270901625428796820e+02
1.015478619177899589e+02
1.213754768882367898e+02
9.909844103919894565e+01
1.057925605143804972e+02
1.050904821026532971e+02
1.305209003117079192e+02
1.229458798912781106e+02
9.968804843805314420e+01
9.498981725588855340e+01
9.890201148731273406e+01
1.273268106096129912e+02
8.941963646515246467e+01
1.202677748376926559e+02
1.082025069327903850e+02
1.077817270237505198e+02
1.061077237479791222e+02
1.027692177936696254e+02
1.203650979784051032e+02
1.088281682928467973e+02
1.103059674741996190e+02
1.078456386877789015e+02
1.030270342325990924e+02
9.745731881445965428e+01
1.103360117218075374e+02
1.164135513217034941e+02
1.051512785905113958e+02
1.165213953777780915e+02
1.087711383387099602e+02
1.107415312650681045e+02
9.691805450902928953e+01
1.013674865103034790e+02
9.345574204012325481e+01
1.251118606299811518e+02
1.061791380763543629e+02
1.009869249149400190e+02
1.016962265015798010e+02
1.216808523183690482e+02
1.116841467027771273e+02
9.242491182665537508e+01
1.147107447380635676e+02
1.254625743850931485e+02
1.067641849979187043e+02
1.056212537570137897e+02
1.200144536204299470e+02
9.044837024943301174e+01
1.177334103269714092e+02
1.148858420259812334e+02
1.079197550451120549e+02
1.037142283010010289e+02
1.121033727054227001e+02
1.264299516515810637e+02
9.790229200774366802e+01
9.588354180618006239e+01
1.048505540461432588e+02
1.184590472100824314e+02
1.096369160519744241e+02
1.084613894639816465e+02
9.708112703584922087e+01
1.048556262806826567e+02
1.122810515498618287e+02
1.238575710757334321e+02
1.092821399066531711e+02
8.421756422133981346e+01
8.287855208173264998e+01
9.369958854513771485e+01
1.140977546284947834e+02
1.283310474484009660e+02
1.168242635835717778e+02
1.028425740590620592e+02
1.027944120448917715e+02
1.124919176968010817e+02
1.211300791641552763e+02
1.082295299347049848e+02
1.091287094018002222e+02
1.265135608212343499e+02
1.079450146046680317e+02
1.060168382339535924e+02
1.127901573463435199e+02
1.031482858676685339e+02
9.536806700507190726e+01
9.576901583698609954e+01
1.078452481826755047e+02
9.744343399237533276e+01
1.146373098617661128e+02
1.039915372081372453e+02
1.304366031326530901e+02
1.114693730145337156e+02
1.124852442612365024e+02
1.233511577035043985e+02
1.003373835726290508e+02
1.049207444165043910e+02
1.103553041323747266e+02
1.057105529807840441e+02
1.239300089990584439e+02
1.098165157965136132e+02
1.089398936184933433e+02
1.055252487792232898e+02
1.136380025125468762e+02
1.159072984724001998e+02
9.881473830870511676e+01
1.141649176259124090e+02
1.100499987462490878e+02
1.082374906516761115e+02
1.225131179901613052e+02
8.653389203213966141e+01
8.948894799138747658e+01
1.270451502701756681e+02
1.153853425909726269e+02
1.201455709975765984e+02
1.110072534479421904e+02
8.804664258240269703e+01
1.005852423874967201e+02
1.176946944264841619e+02
1.087750147071706124e+02
1.081862743504743065e+02
1.080623937624171589e+02
1.092047122430083590e+02
1.132130302179292727e+02
1.092760458456967285e+02
1.046896171659051760e+02
1.050508631676049021e+02
1.157716060748584397e+02
1.075976571567008904e+02
9.849909643388961911e+01
1.169614653249469143e+02
1.128437865970743701e+02
1.058439331345189203e+02
1.137836906220769606e+02
1.051598187829988404e+02
1.117080383322664119e+02
1.007002465035818801e+02
1.044152655987565481e+02
1.107996462367967041e+02
1.070764771819628294e+02
1.136485425819069519e+02
1.160830900955195801e+02
1.051402514721951036e+02
9.970599445493490975e+01
1.133184414691578752e+02
1.068322827635757761e+02
1.177706376395552041e+02
1.042176635194377639e+02
1.185847164944375578e+02
1.011038651277696516e+02
1.060240325749342105e+02
1.050699910291896941e+02
1.215141357903670070e+02
1.064357963289100439e+02
9.928018544566454295e+01
1.195851182136846518e+02
1.059061435026010827e+02
1.174290231298531495e+02
1.041309328531495453e+02
1.032440067172939990e+02
1.015103390800988166e+02
1.132712867898494693e+02
1.175684417564775828e+02
