-5.436984482420224474e+00
-5.392052144169642069e+00
-5.321320006848815787e+00
-5.135182615207066092e+00
-5.460960900973032217e+00
-5.464013003118536993e+00
-5.502960890958140006e+00
-5.479871837609562313e+00
-5.498275632777954058e+00
-5.511646957810993008e+00
-5.506994517333689387e+00
-5.468460520947848735e+00
-5.115862137313579083e+00
-5.129005770155885102e+00
-5.118322028059736795e+00
-5.130012265947141437e+00
-5.145612779780453394e+00
-5.139410515906146948e+00
-5.124690716665458723e+00
-5.127511044643769722e+00
-5.155098689505307696e+00
-5.158062409846650098e+00
-5.131069137144613101e+00
-5.397629713840494503e+00
-5.435084379260738174e+00
-5.475859704460924071e+00
-5.511374823514144872e+00
-5.056387063232389067e+00
-5.410935074273166556e+00
-5.435233977392322835e+00
-5.368923830021483212e+00
-5.330368034713629299e+00
-5.389054080691315640e+00
-5.157874310597353684e+00
-5.429185564139036302e+00
-5.445913256327865604e+00
-5.415382081660514935e+00
-5.120927621964479037e+00
-5.504520385196101095e+00
-5.553850143931954975e+00
-5.725374679775803166e+00
-5.423229770095278290e+00
-5.525436611041166124e+00
-5.700593260035407894e+00
-5.523710065378666378e+00
-5.548227247205777424e+00
-5.479591180468943890e+00
-5.533235443575520662e+00
-5.568872178316476074e+00
-5.716098751772785036e+00
-5.483302084901166218e+00
-5.471405888888337010e+00
-5.541122973473710189e+00
-5.591820852829672894e+00
-5.447671441377688772e+00
-5.482016498822273043e+00
-5.501503167496846203e+00
-5.546396847475763892e+00
-5.585805016355484653e+00
-5.666024265390618098e+00
-5.657575946545620127e+00
-5.751719249072995588e+00
-5.749404497402065495e+00
-5.651681805265378777e+00
-5.645523831200386589e+00
-5.634583300897717528e+00
-5.634315142901137108e+00
-5.646943690656337722e+00
-5.672420456454441151e+00
-5.631331808808416994e+00
-5.674335540827110336e+00
-5.630656772655164843e+00
-5.685647219597528057e+00
-5.622899173770908199e+00
-5.654309157425740473e+00
-5.754817137450652709e+00
-5.645696386995819438e+00
-5.633025096228219120e+00
-5.642609931049306304e+00
-5.656620344927566713e+00
-5.640138832031456495e+00
-5.635233095643532586e+00
-5.636132785985928706e+00
-5.628458613993930548e+00
-5.635636788560618449e+00
-5.659838799642112228e+00
-5.645809976323617363e+00
-5.662527993239549140e+00
-5.652450317621992681e+00
-5.733269731598984009e+00
-5.719784529753668245e+00
-5.739305813674056012e+00
-5.659379848112430444e+00
-5.708754382173487407e+00
-5.705853460597549720e+00
-5.718106920572174623e+00
-5.707627784762172141e+00
-5.690153006624628418e+00
-5.510680427053076258e+00
-5.578871194938700206e+00
-5.535000471052625493e+00
-5.563456168686268910e+00
-5.509831563656048203e+00
-5.544350988971505245e+00
-5.511205981616835281e+00
-5.569354957121938732e+00
-5.634251982498676981e+00
-5.520153589833009633e+00
-5.473557372478394356e+00
-5.512018775054251307e+00
-5.530693258112062693e+00
-5.500936135510975156e+00
-5.477463147363095253e+00
-5.538480591437045852e+00
-5.485353417588748393e+00
-5.542214589249573109e+00
-5.531000324386254441e+00
-5.597078437330124778e+00
-5.548799323308014841e+00
-5.543548956546908713e+00
-5.515855285333246982e+00
-5.536780660148528987e+00
-4.737149044312822355e+00
-4.662724654134836832e+00
-4.613090273126224439e+00
-4.828097264623902873e+00
-4.787062882086254412e+00
-4.744089658464293535e+00
-5.065706246969938320e+00
-5.073347599397997065e+00
-5.040806137122933350e+00
-5.104982639660966548e+00
-4.696244104000380837e+00
-4.698839719282871918e+00
-4.620661087446667814e+00
-4.690849975372593406e+00
-4.778633944071564166e+00
-4.657663252233156470e+00
-4.649361591904397351e+00
-4.636194882139543338e+00
-4.631408613186374978e+00
-4.735495014152530935e+00
-4.639951779995770131e+00
-4.615657743840110072e+00
-4.610710516342313881e+00
-4.725356330990257980e+00
-4.715741156370450327e+00
-4.745958766238286053e+00
-5.494715778441832121e+00
-5.447548858036062036e+00
-5.382697487330514008e+00
-5.511778529166940110e+00
-5.667618311603778380e+00
-5.718537696580878738e+00
-5.598314739215765279e+00
-5.149491779385353851e+00
-5.210858741085926837e+00
-5.235126783864362032e+00
-5.761151073033401460e+00
-5.776021372748051164e+00
-5.783397980507884562e+00
-5.736938429646097681e+00
-5.769499759966777219e+00
-5.540717219944420791e+00
-5.516904060699449275e+00
-5.545098928812522310e+00
-5.522572852223689210e+00
-5.540641984951622412e+00
-5.664874802288924371e+00
-5.733911663722511598e+00
-5.295088602990523974e+00
-5.230150380870611571e+00
-5.279747618275511201e+00
-5.309361092823786876e+00
-5.332097256629367621e+00
-5.512846823198718660e+00
-5.297101278029114013e+00
-5.340681827412026017e+00
-5.352077070493648669e+00
-5.344454134088114650e+00
-5.337886063302946127e+00
-5.306642791979556684e+00
-5.318245705877821194e+00
-5.304211058581582705e+00
-5.312790680447499803e+00
-4.717823035362465056e+00
-4.735062141641280142e+00
-4.712469332002111599e+00
-4.719608993608499503e+00
-4.732350085407110996e+00
-4.723745865730031745e+00
-4.707787301467582175e+00
-4.725219590025617755e+00
-4.732648809438480875e+00
-4.719319223596799340e+00
-4.733129655856403772e+00
-4.696004996628545314e+00
-4.690916198978600349e+00
-4.715955950767009242e+00
-4.695683340536126238e+00
-4.706236071610545579e+00
-4.691044741707809607e+00
-4.683819996399661179e+00
-4.696806655355452165e+00
-5.198491589691184522e+00
-5.131763023059116691e+00
-5.151583183141497990e+00
-5.131884151943961747e+00
-5.164845206998325722e+00
-5.170386993140302145e+00
-5.197810150450017375e+00
-5.166527656742458952e+00
-5.161396048498632538e+00
-5.382952767369041602e+00
-5.338409329951699256e+00
-5.322831271280901611e+00
-5.323266109105041721e+00
-5.280395631974273307e+00
-5.395524782613790649e+00
-5.383984062548119454e+00
-5.319103992960286575e+00
-5.292060651793619286e+00
-5.100483370735800825e+00
-5.259473553099829779e+00
-5.231451206250689268e+00
-5.342180631479523711e+00
-5.301370552015783666e+00
-4.878842081596984848e+00
-4.854475556045964701e+00
-4.856667002921113863e+00
-4.868031745463501814e+00
-4.870235485900965777e+00
-4.771950010221615912e+00
-4.713342237193783646e+00
-4.726788575829095507e+00
-4.879279515668653033e+00
-4.874504554942068246e+00
-4.944397263614858318e+00
-5.260545505098171759e+00
-4.913271247526484586e+00
-5.265461831647173518e+00
-5.272933183244927768e+00
-5.196170295865959687e+00
-5.149229953629438583e+00
-4.898803464795818741e+00
-5.196181569297420921e+00
-4.955238826436742627e+00
-5.339717270697740936e+00
-4.943536740163473553e+00
-4.893384683309180971e+00
-5.308191134920649645e+00
-4.935019009857930072e+00
-4.927469599395460698e+00
-4.952232054099004799e+00
-5.247224292835155346e+00
-5.233623519087438503e+00
-5.243878510712274732e+00
-5.218103772527445727e+00
-5.139326793918274738e+00
-5.248872853022144014e+00
-5.250260893468769119e+00
-5.231277582908336221e+00
-5.236389441807329348e+00
-5.115656263554537730e+00
-5.072078255355005894e+00
-5.141707070614163655e+00
-5.139987059774112410e+00
-5.157765792130982518e+00
-5.123075094698601006e+00
-5.259644555932387888e+00
-5.233941318410146870e+00
-5.109639702952421203e+00
-5.143174396853615882e+00
-5.112016395288956794e+00
-5.559190134103728198e+00
-5.557497069981675253e+00
-5.575821779153015356e+00
-5.561117025890010446e+00
-5.576024065171260702e+00
-5.567616666218356158e+00
-5.538284391585353461e+00
-5.567352992738037187e+00
-4.735084524339017165e+00
-4.752254537203311813e+00
-5.090124906664268423e+00
-4.717383487910193907e+00
-4.695598161930254477e+00
-4.744446597826530443e+00
-4.650195763954525496e+00
-4.706544911939372078e+00
-5.681466091613205371e+00
-5.649115044369229288e+00
-5.512396212014938790e+00
-5.564210071843123551e+00
-5.543295602653039111e+00
-5.511714756061814491e+00
-5.541975086486866431e+00
-5.623600338023608813e+00
-5.690995619592130517e+00
-5.672003829806646635e+00
-5.672855212528862268e+00
-5.635655003709722166e+00
-5.651780166403243655e+00
-5.637082275922608687e+00
-5.641630206364631306e+00
-4.757503579208318456e+00
-4.754425397512102691e+00
-4.726840019578800067e+00
-4.734747803207381978e+00
-4.735904684847174195e+00
-4.722932782882619307e+00
-4.732234610338789338e+00
-4.740119097437875517e+00
-4.783899674659497947e+00
-4.791118767150295277e+00
-4.804745043253978665e+00
-4.779595192427773753e+00
-4.789626850240864542e+00
-4.728020930514513331e+00
-4.745006084207828323e+00
-4.805249230370546520e+00
-4.703245694488757955e+00
-4.821113484863456478e+00
-4.838697337637052343e+00
-4.810590028113754357e+00
-4.816734134867179051e+00
-4.750594222255298149e+00
-4.775389377719689854e+00
-4.806164210571498785e+00
-4.788170976214924046e+00
-4.766626062038300304e+00
-4.790283490732828220e+00
-4.824276164148158408e+00
-4.813354519987287361e+00
-4.797566375218074164e+00
-4.814285259722283605e+00
-4.826668872294257007e+00
-4.799273613079759748e+00
-4.811126312764360868e+00
-4.827243746930244050e+00
-4.820520846677322169e+00
-4.841103521492869710e+00
-5.104005932109806132e+00
-5.108874423864133263e+00
-5.102675311035690164e+00
-5.096638078558235030e+00
-5.100899241619615054e+00
-5.108099599216572528e+00
-5.296520934126174751e+00
-5.291540322815034614e+00
-5.289656069605907618e+00
-5.286138629961012469e+00
-5.291586782141350476e+00
-5.292948475872726100e+00
-5.287020308361394250e+00
-5.290355903104764224e+00
-5.285265494644561635e+00
-5.287716420546040297e+00
