-5.437741526186448127e+00
-5.391049732135401840e+00
-5.322119631047375954e+00
-5.139524821699114732e+00
-5.463194895213482560e+00
-5.464187127555557133e+00
-5.504271858771207171e+00
-5.482192325240828445e+00
-5.499733305524174831e+00
-5.513032628046765637e+00
-5.508905573004723166e+00
-5.471168537710948243e+00
-5.113562010643274647e+00
-5.126063847112695804e+00
-5.121013511509226568e+00
-5.135087755421555045e+00
-5.146476708164485991e+00
-5.139170269030591598e+00
-5.129059038304821350e+00
-5.131042633489300897e+00
-5.152196274710025392e+00
-5.161043253183191126e+00
-5.131584678439828906e+00
-5.396519975602322994e+00
-5.432723319946313190e+00
-5.476960331652936276e+00
-5.513798164238841615e+00
-5.065844239617676159e+00
-5.414166603966113378e+00
-5.434805633184454976e+00
-5.367411561564750855e+00
-5.326923083523397828e+00
-5.389181180617855560e+00
-5.156766859182819296e+00
-5.426589322226357481e+00
-5.445621224685956996e+00
-5.415039680361333652e+00
-5.122349272671224085e+00
-5.506931870729083300e+00
-5.552361222980125355e+00
-5.726461609673594744e+00
-5.425423374318968150e+00
-5.527512743329646483e+00
-5.701627698701293490e+00
-5.524844245609640936e+00
-5.549990956513457974e+00
-5.481834922481660044e+00
-5.533481562744763771e+00
-5.569691668237678250e+00
-5.717223892048984624e+00
-5.485146057043165158e+00
-5.474955799809245072e+00
-5.541787608673352850e+00
-5.592994183060089775e+00
-5.451910106834620962e+00
-5.485086337588319871e+00
-5.505372355939143425e+00
-5.548489740728271613e+00
-5.586524377829584331e+00
-5.667598937580511809e+00
-5.658427056034471825e+00
-5.751836209262515709e+00
-5.749593290735681705e+00
-5.651255947456290230e+00
-5.646882430470851588e+00
-5.636287757671079035e+00
-5.635295738557755563e+00
-5.647516018807586136e+00
-5.673554916817688643e+00
-5.629098408827273303e+00
-5.674484851997854129e+00
-5.632102561988897804e+00
-5.686287408923988984e+00
-5.625349251639724990e+00
-5.654525041467679536e+00
-5.754479118235281021e+00
-5.646803531057189574e+00
-5.633420456158277467e+00
-5.642652094730528312e+00
-5.658207984848830030e+00
-5.642674174238766049e+00
-5.636007405656075164e+00
-5.637925226705513104e+00
-5.630028292370490739e+00
-5.637004580051494962e+00
-5.660029016826996440e+00
-5.647283485134543923e+00
-5.662709256174250250e+00
-5.653891919430138024e+00
-5.732431347048099646e+00
-5.719019671098144464e+00
-5.737521801826769519e+00
-5.659007884219647622e+00
-5.708390870393337480e+00
-5.704530119972970326e+00
-5.717559144407635685e+00
-5.706780564685263180e+00
-5.688946699974560595e+00
-5.517034656504934631e+00
-5.581572378581777016e+00
-5.537710487507006896e+00
-5.568945932162391976e+00
-5.516030981565423374e+00
-5.550174070873890031e+00
-5.518549818828439868e+00
-5.573006705955735995e+00
-5.635200561021393106e+00
-5.522773194811586350e+00
-5.476820164427635973e+00
-5.514071370148079687e+00
-5.532436357089664192e+00
-5.503452975729730134e+00
-5.483412849488708218e+00
-5.543307523318090624e+00
-5.487592617817106166e+00
-5.546764414765067208e+00
-5.535351598917251259e+00
-5.601438111671053655e+00
-5.551746290246140525e+00
-5.548408199123088913e+00
-5.519951777306090435e+00
-5.540530352834226235e+00
-4.741999613467800856e+00
-4.662030527669237756e+00
-4.613090133819692795e+00
-4.831441870815670114e+00
-4.788215022762838835e+00
-4.748532840056875592e+00
-5.063615994261993158e+00
-5.074905707549684841e+00
-5.040463353007013758e+00
-5.102277993233768960e+00
-4.701011416789355302e+00
-4.698624617669938885e+00
-4.636969509866862182e+00
-4.688645986441680513e+00
-4.782332146609950208e+00
-4.657862331127080147e+00
-4.650007347479142794e+00
-4.632896084366931788e+00
-4.626809638511999445e+00
-4.733387262978139276e+00
-4.638989169330517193e+00
-4.620013659824390828e+00
-4.609426885943776142e+00
-4.722798897153776210e+00
-4.712226271012801782e+00
-4.741158688139680777e+00
-5.497096314334271483e+00
-5.448427099595157586e+00
-5.384606643913120827e+00
-5.512940765291367562e+00
-5.668561070982901740e+00
-5.719208258854071580e+00
-5.599289308189749015e+00
-5.150475194851718008e+00
-5.212929912544697508e+00
-5.235342100829424083e+00
-5.759496723072891733e+00
-5.774142371015698494e+00
-5.781747256675400237e+00
-5.736149004250586714e+00
-5.768973166989976420e+00
-5.542487363237423637e+00
-5.517888477505679568e+00
-5.547560211398507413e+00
-5.524898518905077438e+00
-5.542916840679833257e+00
-5.666967977447494142e+00
-5.734885143724175016e+00
-5.296574296386984848e+00
-5.231544844088347190e+00
-5.282615608859760670e+00
-5.305349305614018185e+00
-5.331097091258778953e+00
-5.516086489780346547e+00
-5.296601797845990944e+00
-5.335801183418299232e+00
-5.346768326247926417e+00
-5.339662923622300106e+00
-5.334616692163550056e+00
-5.308927975303813440e+00
-5.321118214967986759e+00
-5.307205500303449952e+00
-5.316076361320143384e+00
-4.722233764911138998e+00
-4.738836666341746273e+00
-4.718394959100244535e+00
-4.727031782358315226e+00
-4.736470708972156274e+00
-4.726529226426610997e+00
-4.713017272502816546e+00
-4.725507747981374962e+00
-4.738034527219849856e+00
-4.721388863250449042e+00
-4.740091851849901339e+00
-4.699793077634264016e+00
-4.693125762813789237e+00
-4.712869622474637588e+00
-4.695657904685961448e+00
-4.703846461604557661e+00
-4.688257721495471486e+00
-4.680938274650120690e+00
-4.695450291258038256e+00
-5.200151292969466432e+00
-5.132893051342153790e+00
-5.144163909150350378e+00
-5.128977745336111838e+00
-5.165429324778395781e+00
-5.173225061572242822e+00
-5.191847166942604730e+00
-5.157006346412465803e+00
-5.163723494652934676e+00
-5.386294516856703574e+00
-5.339801363461270434e+00
-5.326421279115800544e+00
-5.327315362610754335e+00
-5.281637957277277806e+00
-5.399173940298270580e+00
-5.386789903487770204e+00
-5.324966746779454141e+00
-5.292355806261021200e+00
-5.103550338052937896e+00
-5.262295882014742965e+00
-5.234819323256771462e+00
-5.343604026116132388e+00
-5.304349809009620387e+00
-4.880630392125898886e+00
-4.854586634496876663e+00
-4.858336389295032198e+00
-4.872099616605438221e+00
-4.874628331069946974e+00
-4.777504734526101693e+00
-4.737695909572718911e+00
-4.742936459240350899e+00
-4.883893314294058818e+00
-4.879313799579451327e+00
-4.952609637756354211e+00
-5.268420476994475798e+00
-4.920016658730071768e+00
-5.272913255560538914e+00
-5.279172738994368785e+00
-5.207761675775556043e+00
-5.157150471728311203e+00
-4.911335572671801764e+00
-5.200634512125462017e+00
-4.960436967700898592e+00
-5.342288373745181396e+00
-4.946147371858772956e+00
-4.895327300517614333e+00
-5.312471846712543133e+00
-4.936141277645029746e+00
-4.931986543656424971e+00
-4.957520058131216878e+00
-5.248674774265840171e+00
-5.234631063925681005e+00
-5.246562735192104476e+00
-5.219461300378817725e+00
-5.140261422702199212e+00
-5.245557091527440541e+00
-5.246916067661340222e+00
-5.230033115166890845e+00
-5.237983251267255724e+00
-5.116000161703870397e+00
-5.078200038356035506e+00
-5.139833781265481960e+00
-5.136254476316076456e+00
-5.157667741564258002e+00
-5.125023020664610129e+00
-5.258859248104152506e+00
-5.235323968813874629e+00
-5.110073693361993463e+00
-5.142300639710580157e+00
-5.110833412825971145e+00
-5.559894385871329447e+00
-5.560174317628625573e+00
-5.576061564735972809e+00
-5.562836175410134310e+00
-5.575557762227300707e+00
-5.569917694777383410e+00
-5.540340975536991230e+00
-5.565805682937624788e+00
-4.740483985233347575e+00
-4.743846125765736943e+00
-5.090283651245516516e+00
-4.724694687736917587e+00
-4.686522047372103650e+00
-4.744801748882551351e+00
-4.565694818035231251e+00
-4.703060661274060195e+00
-5.677621655409517132e+00
-5.645430656320427509e+00
-5.516249219476293320e+00
-5.568934039034058259e+00
-5.543107350001379885e+00
-5.514846397667350075e+00
-5.544458505150704042e+00
-5.625707797117990516e+00
-5.691299356868203319e+00
-5.673641817110693708e+00
-5.674587567679718170e+00
-5.636554517660012920e+00
-5.651460107538342825e+00
-5.636714517244556077e+00
-5.641962205106057837e+00
-4.761584267612938071e+00
-4.757345235739188105e+00
-4.730813083543758957e+00
-4.734872320196782169e+00
-4.743622605486164545e+00
-4.727606449870481953e+00
-4.736828161337233389e+00
-4.739881755277465913e+00
-4.792442626567211761e+00
-4.786346701744488286e+00
-4.813955188823832998e+00
-4.783525289190023067e+00
-4.791733385643822452e+00
-4.736399258480918917e+00
-4.746741140187429764e+00
-4.813559425139292358e+00
-4.702517317476964998e+00
-4.819872254805381395e+00
-4.846653283477669660e+00
-4.812145519901264379e+00
-4.815672699629356401e+00
-4.754797449230159678e+00
-4.784926914779811469e+00
-4.804175955365488804e+00
-4.795460771698905056e+00
-4.774390517679450774e+00
-4.800615087752547971e+00
-4.828402251902172537e+00
-4.822779108460391484e+00
-4.803637036024147378e+00
-4.817697205796772408e+00
-4.830349522938001350e+00
-4.807244736102188831e+00
-4.811209771846464811e+00
-4.830423613666368077e+00
-4.833771750512413590e+00
-4.850269362936377782e+00
-5.091042866041404658e+00
-5.094485525374910395e+00
-5.090364604285091410e+00
-5.084284770082274640e+00
-5.088371609146306263e+00
-5.095885433855724678e+00
-5.292879547848497346e+00
-5.288805884287670622e+00
-5.287220609928770187e+00
-5.284960865728604240e+00
-5.289880963052424612e+00
-5.289469775598608869e+00
-5.285280933747529275e+00
-5.287941949771748362e+00
-5.282660330310630314e+00
-5.284976726226679133e+00
