-5.076338528579673159e+00
-5.082583384643138302e+00
-5.640550987537046090e+00
-5.317617405505661310e+00
-5.311383976498446735e+00
-5.268190391919385540e+00
-5.374834464899343800e+00
-5.190887624512905418e+00
-5.206951984191182881e+00
-5.231119969872104924e+00
-5.373807328906337055e+00
-5.245867329401803225e+00
-5.282190181794575778e+00
-5.384237135629900806e+00
-5.224716299995542101e+00
-5.232537068740003683e+00
-5.392235658918640873e+00
-5.340907487238664153e+00
-5.328834317567221923e+00
-5.345206001720955058e+00
-5.263546425774882742e+00
-5.276477486121424754e+00
-5.206418858464262556e+00
-5.323315929433230842e+00
-5.407476052903074759e+00
-5.349937760591904734e+00
-5.556556088332948562e+00
-5.378645135531477273e+00
-5.389138733648537460e+00
-5.247487651522096286e+00
-5.224486283357944849e+00
-5.282516821238913529e+00
-5.396083285830886034e+00
-5.338215976951360631e+00
-5.341378262883756278e+00
-5.178309317174152326e+00
-5.204633251020539753e+00
-5.472132105523253465e+00
-5.466241579570310982e+00
-5.531175693914182290e+00
-5.090265074587101424e+00
-5.199106340903572487e+00
-5.618931715292877271e+00
-5.462155854669510369e+00
-5.084817436641245081e+00
-5.213439834137772344e+00
-5.596373737429025219e+00
-5.181529151209734785e+00
-5.472572791350760468e+00
-5.045334277635213027e+00
-5.449927837362262828e+00
-5.451334023523332739e+00
-5.158620257307253709e+00
-5.526912658989487248e+00
-4.959102341066884634e+00
-5.399990273280886655e+00
-5.429751348790348153e+00
-5.466710812000578734e+00
-5.398448446245684984e+00
-5.421038488342344586e+00
-5.427190854669027509e+00
-5.626528227345859889e+00
-5.625737919733537318e+00
-5.625220251670678628e+00
-5.420397353602099066e+00
-5.492726836561000248e+00
-5.477304450350675147e+00
-5.451980205550889025e+00
-5.615296653781955527e+00
-5.490349634198971707e+00
-5.463316093299447118e+00
-5.472112734815646640e+00
-5.463483762834478341e+00
-5.517874876990300770e+00
-5.406517412531491651e+00
-5.461307395277064103e+00
-5.469315086717335461e+00
-5.490364078694883077e+00
-5.488274560289832849e+00
-5.124099324180087400e+00
-5.406483930210306710e+00
-5.466890473028076514e+00
-5.428777823739945774e+00
-5.504012419850217164e+00
-5.481056019665923706e+00
-5.500984333511099500e+00
-4.982498393808604931e+00
-5.502520771312642722e+00
-5.498261894982602094e+00
-5.072957551772214302e+00
-5.493454660502510301e+00
-5.420255729929004396e+00
-5.414431431151626839e+00
-5.480230909799949757e+00
-5.023630952193078869e+00
-4.861067399913537201e+00
-5.629912760532191029e+00
-5.465841046523350677e+00
-5.451126539911967051e+00
-5.392296665686978407e+00
-5.469042103528900967e+00
-5.095768884208951910e+00
-5.484669194925863245e+00
-5.451021964285080124e+00
-5.488327247046401069e+00
-5.624583824516937725e+00
-5.486923198506151067e+00
-5.443419483076092469e+00
-5.493718632780188571e+00
-5.533853876442355713e+00
-5.451202853604059761e+00
-5.445568421518097502e+00
-5.465924057981055739e+00
-5.624038204520513062e+00
-5.519236705826584100e+00
-5.442612735973452409e+00
-5.615784582981740769e+00
-5.436731990531534109e+00
-5.448654684862957787e+00
-5.526139003256008486e+00
-5.458845810783659047e+00
-5.450670671540961187e+00
-5.452872569064352248e+00
-5.616038337728773477e+00
-5.626635533276232337e+00
-5.410245064259676440e+00
-5.449274265476727663e+00
-5.442433406235410054e+00
-5.458656904480293726e+00
-5.402202017629879727e+00
-5.330522108909983459e+00
-5.415194077624068569e+00
-5.542708652154179738e+00
-5.525855379209414053e+00
-5.453928060968578961e+00
-5.446375130079730731e+00
-5.566970261288224364e+00
-5.491051630796737193e+00
-5.276825380811480670e+00
-5.406068900547231770e+00
-5.420685815982557720e+00
-5.469796063714407630e+00
-5.566756496628103790e+00
-5.433217366518556801e+00
-5.488457423282222969e+00
-5.427415934714381329e+00
-5.562800098238011692e+00
-5.620107921432163423e+00
-5.420604014640588275e+00
-5.418446449605036186e+00
-5.488154155620268426e+00
-5.484410596736077004e+00
-5.457766380222218494e+00
-5.462060258259640477e+00
-5.214404430348824171e+00
-5.252665998706210537e+00
-5.414415078411574989e+00
-5.466527337312116153e+00
-5.294096979080840093e+00
-5.239132458027840222e+00
-5.406387831403065114e+00
-5.548003725972567857e+00
-5.445190087352094643e+00
-5.485236379404632601e+00
-5.472130758244920123e+00
-5.249086767313481339e+00
-5.450608034138126889e+00
-5.025746448312218284e+00
-5.412876921873804648e+00
-5.097646425737608844e+00
-5.199924661479144561e+00
-5.450364563593657508e+00
-5.492199785873451923e+00
-5.490506661256670640e+00
-5.433371346864437790e+00
-5.110367348947842281e+00
-5.622547549545022783e+00
-5.451803137462968962e+00
-5.087296500647088493e+00
-5.562799463226627772e+00
-5.435805373638917359e+00
-5.427773124016293416e+00
-5.479332847108382865e+00
-5.453282707022268028e+00
-5.610048411756038966e+00
-5.406917284590196715e+00
-5.165634840493607882e+00
-5.062131536524420383e+00
-5.463637215618788900e+00
-5.423134415755186843e+00
-5.481713454943271557e+00
-5.434200651505607382e+00
-5.457582219600564777e+00
-5.456018776612090448e+00
-5.573193166814417232e+00
-5.632615777125978163e+00
-5.446725259598089508e+00
-5.482293270685254960e+00
-5.443094795743483871e+00
-5.552601213866904750e+00
-5.474993911855723816e+00
-5.636918821439668825e+00
-5.115720851645235712e+00
-5.462826772059246494e+00
-5.238968649756240659e+00
-5.429907125680819568e+00
-5.483668689957326592e+00
-5.481837010927666398e+00
-5.489452326139542038e+00
-5.492534824202097710e+00
-5.311976714322224957e+00
-5.472776504975559675e+00
-5.618595325887110192e+00
-5.498142319540432865e+00
-5.428309447152149581e+00
-5.358572186331643117e+00
-5.464688920778107750e+00
-5.470574688117082474e+00
-5.398941910166529468e+00
-5.448013653379421228e+00
-5.163332101798340901e+00
-5.458885800461461990e+00
-5.476582870367973754e+00
-5.574115105597650555e+00
-5.178253405975148382e+00
-5.459209475484674279e+00
-5.565923005984808825e+00
-5.469231938074907262e+00
-5.477774803654630986e+00
-5.185430203716570929e+00
-5.470720641807976570e+00
-5.476884107532707269e+00
-5.558087361335356746e+00
-5.491011746807965999e+00
-5.483528991644782913e+00
-5.557285523792660165e+00
-5.480821166369916675e+00
-5.432977242233548942e+00
-5.042988957453291121e+00
-5.630562742298657497e+00
-5.427907355779765020e+00
-5.436047124453670776e+00
-5.189058709335062858e+00
-5.452018377088735157e+00
-5.458157894043845992e+00
-4.986420846056916822e+00
-5.436261391879223304e+00
-5.471196426099189658e+00
-5.483694697544125418e+00
-5.445289969191657420e+00
-5.482427362011470962e+00
-5.504430165726317270e+00
-5.439142663304052050e+00
-5.626093956103290772e+00
-5.496700245509604343e+00
-5.514875719275546651e+00
-5.454371295468321001e+00
-5.491125879498922835e+00
-5.106875429236544583e+00
-5.141664520534424909e+00
-5.495206280837931168e+00
-5.479137629890042938e+00
-5.604298371696721404e+00
-5.435944508063270675e+00
-5.420645041842779399e+00
-5.538782086753256451e+00
-5.610209811441668748e+00
-5.044035527447365830e+00
-5.554795034503870355e+00
-5.461335771216620394e+00
-5.423256273439177377e+00
-5.404066386394500654e+00
-5.472479674433587071e+00
-5.037546418650683755e+00
-5.085545038982272281e+00
-5.509557219429536801e+00
-5.466522808468088357e+00
-5.555349181522343471e+00
-5.481655212833005386e+00
-5.605538990417700873e+00
-5.457823897556818515e+00
-5.066302836973579637e+00
-5.466808211125037786e+00
-5.545951292842380198e+00
-5.466595554681139113e+00
-5.393645927768160320e+00
-5.466741014884362038e+00
-5.470116733544385212e+00
-5.484412132191903488e+00
-5.556160272526939004e+00
-5.155827274990151032e+00
-5.429863491783695650e+00
-5.450746940506849825e+00
-5.172830661186548440e+00
-5.626230119243249561e+00
-5.562676343331542483e+00
-5.512058334732715892e+00
-5.441865973586048177e+00
-5.040722894556404654e+00
-5.614940751214335890e+00
-5.459927377654788749e+00
-5.422616888186654549e+00
-5.450026182215909287e+00
-5.429315265406875923e+00
-5.458214838237728017e+00
-5.452105280416667199e+00
-5.471096661931753147e+00
-5.160972570501321854e+00
-5.451354124804927537e+00
-5.532543051877246043e+00
-5.438183646326153919e+00
-5.489059217641868216e+00
-5.087280709402078216e+00
-5.617850318344675742e+00
-5.543518938638023030e+00
-5.501464066972500788e+00
-5.551180699491684578e+00
-5.047360656730057293e+00
-5.463238778569269982e+00
-5.625291969575459738e+00
-5.454029381307469393e+00
-5.203735011345189676e+00
-5.473601272325104183e+00
-5.455858269199167054e+00
-5.613082336417829055e+00
-5.215535264023375639e+00
-5.465539883587599235e+00
-5.541478861930300148e+00
-5.509778617527295808e+00
-5.612587051229821711e+00
-5.220519791328905868e+00
-4.954917819184855077e+00
-5.484064775727642171e+00
-5.407168303366004736e+00
-5.422554656383052674e+00
-5.619799349742084615e+00
-5.535344311016206831e+00
-5.283183429399607611e+00
-5.493363979658429486e+00
-5.500073585100331286e+00
-5.194379622215429038e+00
-5.470220078342225456e+00
-5.545187821878978518e+00
-5.424997249166515267e+00
-5.492804812950636162e+00
-5.610432531629998110e+00
-5.598474344785066670e+00
-5.473864936162018857e+00
-5.489842797646899086e+00
-5.044620583921385126e+00
-5.484634397145565110e+00
-5.034357820131096339e+00
-5.090950995730660011e+00
-5.530199338645008567e+00
-5.475622580846451370e+00
-5.464984815958175091e+00
-5.496953400885177921e+00
-5.475224273965005217e+00
-5.562957364099843538e+00
-5.176954333615231718e+00
-5.486765007144843054e+00
-5.148272916455553627e+00
-5.517583636257148427e+00
-5.467898835059457063e+00
-5.432361958226701759e+00
-5.475509337874081339e+00
-5.434925516877334495e+00
-5.456465427777276389e+00
-5.458797961235832830e+00
-5.495786606210073089e+00
-5.497737419858664154e+00
-5.461350032491760764e+00
-5.625822042885069152e+00
-5.493518479984270897e+00
-4.969005487995724835e+00
-5.153205761867241108e+00
-5.209075072366419867e+00
-5.231698355831277070e+00
-5.527301312814354439e+00
-5.106016654497998353e+00
-5.557912090872792810e+00
-5.566796693235541049e+00
-5.473829430195867651e+00
-5.435419011829040414e+00
-5.165552608532378187e+00
-5.126717643751987019e+00
-5.500124481718805747e+00
-5.436703509563703740e+00
-5.098222148760541472e+00
-5.451930427747827324e+00
-5.318209400543311816e+00
-5.455102922842179680e+00
-5.611067111004389929e+00
-5.498169296078617485e+00
-5.455432313237245090e+00
-5.510773139992818592e+00
-5.425473415890182061e+00
-5.084667657688917153e+00
-5.464481320540422793e+00
-5.588209151716606371e+00
-5.461320236647741133e+00
-5.436712498798997650e+00
-5.515284386305637554e+00
-5.480027793769945532e+00
-5.476478286808423412e+00
-5.463778492888279104e+00
-5.467287833602129332e+00
-5.244226732554285952e+00
-5.125159804339164182e+00
-5.141415465907254401e+00
-4.975406904720440338e+00
-5.460861066864557856e+00
-5.488767622169983262e+00
-5.426656100540578898e+00
-5.483199202069878986e+00
-5.153074021917793957e+00
-5.461681383514305210e+00
-5.090803445700876395e+00
-5.476217338743981422e+00
-5.430172169872010457e+00
-5.529680786978843798e+00
-5.288586308447221995e+00
-5.506756812333722273e+00
-5.527884707096368366e+00
-5.207823795451010263e+00
-5.484277023141856056e+00
-5.442903149550299524e+00
-5.227749878379615467e+00
-5.460537538163659832e+00
-5.448843836980888256e+00
-5.467101111329126795e+00
-5.563419195898650749e+00
-5.489116970295433440e+00
-5.198018112360928811e+00
-5.533372020632015165e+00
-5.607062673537081210e+00
-5.486944631314914389e+00
-5.451249223789082166e+00
-5.612818270347351479e+00
-5.218111846849962099e+00
-5.119969613533250197e+00
-5.084497648554832772e+00
-5.479832324124482845e+00
-5.506978180547956292e+00
-5.461594513858596400e+00
-5.476143312163379129e+00
-5.211128031239537606e+00
-5.199086903840853147e+00
-5.391159217007150062e+00
-5.658768371699321342e+00
-5.422468775679446296e+00
-5.437929145268387998e+00
-5.218853371340478553e+00
-5.192738140697550797e+00
-5.308467698220349362e+00
-5.166044613940881547e+00
-5.203174420248545928e+00
-5.203765998330606379e+00
-5.160892134201452208e+00
-5.230793096784781326e+00
-5.345882921892270545e+00
-5.586909420294718487e+00
-5.084362134528969790e+00
-5.437235343250540254e+00
-5.430682619739254591e+00
-5.352292756952978792e+00
-5.319655058994838370e+00
-5.437912393607161832e+00
-5.334716253823387433e+00
-5.187834603060267114e+00
-5.388231206998561618e+00
-5.691899883685248795e+00
-5.203175509031425783e+00
-5.438793321314102869e+00
-4.957470419824400842e+00
-5.167208616608606420e+00
-5.345449159442986264e+00
-5.310975801559242093e+00
-5.376080319231527405e+00
-5.278548976345107668e+00
-5.425563830436272994e+00
-5.189417616816496270e+00
-5.012905715024432496e+00
-5.335132446566869469e+00
-5.321849122585848413e+00
-5.691912280273117908e+00
-5.309474093732480249e+00
-5.643298949188221059e+00
-5.321850955132124028e+00
-5.430892155644936992e+00
-4.544375809678854239e+00
-5.292744001518310704e+00
-5.401463400399956427e+00
-5.160892368740695346e+00
-5.168945660551977461e+00
-5.680408958040364276e+00
-5.612356174447622692e+00
-4.693061202756592998e+00
-5.142524702171760609e+00
-5.213808554468211121e+00
-5.316833725036471670e+00
-5.381389552611430815e+00
-4.996578045819575209e+00
-5.376081687161446077e+00
-5.197666021449388829e+00
-5.187834138930952577e+00
-5.184389105501758799e+00
-5.313667882654780072e+00
-4.784020639122511298e+00
-5.376079679354927698e+00
-5.528522025296868314e+00
-5.013718597106024077e+00
-5.318343006207164159e+00
-5.358183000896914017e+00
-5.306504048182958400e+00
-5.196626792447146315e+00
-5.298845599093961134e+00
-5.311636070077799587e+00
-5.292745891132529579e+00
-5.388201976203419008e+00
-5.381251809304917977e+00
-5.188492357824294743e+00
-5.411520705862700176e+00
-4.972822211406604964e+00
-5.399598829013926071e+00
-5.203175868339725341e+00
-5.680409105828140071e+00
-5.084363458196138552e+00
-5.299490863509493721e+00
-5.099423243697463803e+00
-5.073421205239433185e+00
-4.693058328254100964e+00
-5.324823826659863535e+00
-5.362258859212002626e+00
-5.073117428352793112e+00
-5.179344209588205850e+00
-4.422593957234007611e+00
-5.286087409090562517e+00
-5.412930213678174063e+00
-4.813961495257513157e+00
-5.085576986794923648e+00
-5.179343320238907644e+00
-5.166044296015558146e+00
-5.166044377262846155e+00
-5.202766958630084204e+00
-5.371665056623061929e+00
-5.348604521276074664e+00
-5.082592356303122116e+00
-4.703954127736020396e+00
-5.172393596718806386e+00
-5.170730888323776142e+00
-5.612334012749434997e+00
-5.310155075806235914e+00
-5.319791595914601601e+00
-5.187834032723390720e+00
-5.411511885242511255e+00
-5.507090190235335747e+00
-5.306503849715212162e+00
-5.184388127178772621e+00
-5.325270803406626285e+00
-5.624148927331184211e+00
-5.379114058653139629e+00
-5.205130161332183647e+00
-5.104820010763535976e+00
-5.624156022249945153e+00
-5.395592811905496333e+00
-5.348170707998336049e+00
-5.199087599713501540e+00
-5.586911481124156253e+00
-5.079675507319982408e+00
-4.948744927604923127e+00
-5.197598968113922524e+00
-5.366223793588990709e+00
-5.197665507287137387e+00
-4.820563225740738034e+00
-5.381229220992697293e+00
-4.833663347838612623e+00
-5.262286449807605848e+00
-5.235941171976065789e+00
-5.437881952827466669e+00
-5.287122061348672908e+00
-4.616224413001257965e+00
-5.399598220920682756e+00
-4.704876485116227691e+00
-5.316845544281048497e+00
-5.000946107434796062e+00
-5.368451661727107194e+00
-5.350867123962526506e+00
-5.040928019365556345e+00
-5.274556976027866995e+00
-5.187832733711793765e+00
-5.412901642292736959e+00
-5.352322895958013582e+00
-4.881181373393832956e+00
-5.166044728142120235e+00
-5.348172821078128969e+00
-5.050267501402722736e+00
-5.400137370038290641e+00
-5.201933427392012810e+00
-5.160895701727989504e+00
-5.202767171615515274e+00
-5.172822116636957901e+00
-5.233913226353721804e+00
-5.089460670788074736e+00
-4.470251107427874793e+00
-5.043144741861897984e+00
-5.680410623900825406e+00
-5.299493045708887351e+00
-5.202767067898901310e+00
-5.180714349724376611e+00
-5.201933590507898053e+00
-5.189417660243385022e+00
-5.422521212981493477e+00
-5.381664764130210443e+00
-5.345660384482728844e+00
-5.350865966999184486e+00
-5.528526870286911254e+00
-5.188493504190699213e+00
-5.358944925717895380e+00
-5.187834698832886282e+00
-5.330555880548534020e+00
-5.611491911923169873e+00
-5.437953095333983633e+00
-5.293597648697893732e+00
-5.344610881279830750e+00
-5.388197648878485957e+00
-5.325242408009008166e+00
-5.667183496387280250e+00
-4.493836007568503987e+00
-5.027056721493228686e+00
-5.336537604996677508e+00
-5.190207918560166611e+00
-5.168940796455376407e+00
-5.200733714655920714e+00
-5.179342425062511523e+00
-5.637481570010274723e+00
-5.299489538779477371e+00
-5.411520505249048263e+00
-5.164901273581746111e+00
-5.375718901618766310e+00
-5.303232355855605817e+00
-5.355499429783217913e+00
-5.164895761313737843e+00
-5.160221274962138338e+00
-5.093757824461711436e+00
-4.965124100776296956e+00
-5.368501297914411552e+00
-5.381692275050500740e+00
-5.345555780755812059e+00
-5.551553627062220109e+00
-5.156316198615059854e+00
-5.395659607984331529e+00
-5.290166070920817809e+00
-5.350867294892905690e+00
-5.310477541306279470e+00
-4.769803792935930709e+00
-5.438792158765220819e+00
-5.188493355368083648e+00
-5.197600233053983665e+00
-5.218860154855700095e+00
-4.575430590932692887e+00
-5.272109571702291220e+00
-5.328389938766700418e+00
-5.292748872203170585e+00
-5.293600575126069074e+00
-5.388459609617299861e+00
-5.263319342464518158e+00
-5.184384320119026945e+00
-5.112407776403514958e+00
-4.944199785841766115e+00
-5.142981172651307276e+00
-5.291068845252238972e+00
-5.187642137626183647e+00
-5.203175101081976450e+00
-5.395586550445373497e+00
-5.612358212881214392e+00
-5.379113921796766284e+00
-5.366148947425953608e+00
-5.080117324191939510e+00
-4.950413286797409995e+00
-5.251342709905899575e+00
-4.973587268308785170e+00
-5.138931752934710495e+00
-5.197905121811652762e+00
-5.156266501940972802e+00
-5.091175905074848629e+00
-5.080958185954222550e+00
-5.144899577790910783e+00
-5.337865117899547762e+00
-5.318339129170506219e+00
-5.273258393663174282e+00
-5.143576580314166868e+00
-5.131890160073216300e+00
-5.624147037098328639e+00
-5.174525325466495573e+00
-5.147400565002769213e+00
-5.245668016922144794e+00
-5.412916798226076409e+00
-5.289518026056027722e+00
-5.126544481584861757e+00
-5.348172114488727757e+00
-4.420044852041042915e+00
-5.446179648903658688e+00
-5.055173243627661961e+00
-5.624144830558194919e+00
-5.187833560740118699e+00
-5.188492990319588216e+00
-5.397471802072744573e+00
-5.341711186634970687e+00
-5.691917897154428196e+00
-5.031859102588465582e+00
-5.218854379653646625e+00
-5.299490894904448801e+00
-5.063744758127977086e+00
-5.198516846842601069e+00
-4.861457898739569572e+00
-5.223192274455982442e+00
-5.223193058645158260e+00
-5.184550490616603113e+00
-5.242756554805304781e+00
-5.348841990256654633e+00
-5.395787593059353071e+00
-5.358937494294042203e+00
-5.197601392998371317e+00
-5.193260530011356124e+00
-5.376083693861493984e+00
-5.205130366297416877e+00
-5.305775990318164936e+00
-5.332982163967630029e+00
-5.414552787386374355e+00
-5.062906966358222682e+00
-5.331680494324946729e+00
-5.350868540101670234e+00
-4.602623845332839636e+00
-5.295526616190241675e+00
-5.323088451126800180e+00
-5.350865928442940955e+00
-5.316806936281540885e+00
-5.369408745571742969e+00
-5.178685450478797136e+00
-5.325268053526789558e+00
-5.344608326570672752e+00
-5.343947050784906061e+00
-5.022502266833461348e+00
-4.829151275350231920e+00
-5.047538007881999356e+00
-5.072448716191957807e+00
-4.955067471190549355e+00
-4.870495368119404311e+00
-4.806065653688808226e+00
-5.035180272332750562e+00
-5.142265352886499663e+00
-5.061803940774530552e+00
-5.151445331700738706e+00
-4.804446631872132834e+00
-5.014392095296951624e+00
-4.897861681052217087e+00
-4.979105884803232129e+00
-4.855207423809161149e+00
-4.911009789831471295e+00
-5.137842189787487079e+00
-4.858960657138199579e+00
-4.947780182763321655e+00
-4.971158064452013470e+00
-5.194832026971607952e+00
-5.005018073383695310e+00
-4.873173073504528219e+00
-5.254137233994326195e+00
-4.943562781033844722e+00
-4.912894718092133850e+00
-5.060458471800802549e+00
-4.868214131789462940e+00
-4.901785883232483876e+00
-4.734938230306686258e+00
-5.087921175810844687e+00
-5.121678532749539769e+00
-5.095171975954522203e+00
-5.063536323732528821e+00
-5.139168837577392956e+00
-5.113352720672208029e+00
-5.244296677797692041e+00
-4.841431082511368444e+00
-4.983518715855335124e+00
-4.939584232000222563e+00
-5.011700345110920551e+00
-4.895005374815784904e+00
-5.101278485853558919e+00
-5.212851621638965760e+00
-5.105163347527827078e+00
-4.868002242814681857e+00
-4.859300327031447431e+00
-4.971891653772018138e+00
-5.141426301791048203e+00
-5.081987232794305420e+00
-5.060576803993184214e+00
-4.975261351710716262e+00
-5.053516942263844847e+00
-5.019017413524680116e+00
-4.867694537466360494e+00
-5.060790130862476310e+00
-5.304592607899076384e+00
-4.476076733018025777e+00
-5.549723923779393608e+00
-5.589995616817862611e+00
-5.306644631976516813e+00
-5.670363717073302112e+00
-5.508551368640267398e+00
-5.670364544630142944e+00
-5.534941696284277235e+00
-5.573047834245563159e+00
-5.535009860738324683e+00
-4.742809742095385417e+00
-5.534984683316566567e+00
-5.569760123750224778e+00
-5.670661861530401637e+00
-5.569667150798054855e+00
-5.306800095821671448e+00
-5.571320413914929048e+00
-5.561610742237675709e+00
-5.293554688361037819e+00
-5.541167410380161584e+00
-4.908905638102192270e+00
-5.569696680963434510e+00
-5.553919419042661509e+00
-5.549670397353882123e+00
-5.238221070879682806e+00
-5.590121907172735050e+00
-5.681398907605858639e+00
-5.208631854138966233e+00
-5.508357963014313796e+00
-5.567383158858579151e+00
-5.334181598370941302e+00
-5.354141113808270624e+00
-5.561523735684635206e+00
-5.538284655841784421e+00
-5.571837588898447713e+00
-5.571464063027178781e+00
-5.266157849610563879e+00
-4.555372707537033605e+00
-5.549266545559382813e+00
-5.578335554936637131e+00
-5.590163504667991390e+00
-5.590133765416732459e+00
-5.592128165225193293e+00
-5.420895994389685058e+00
-5.563298743090343557e+00
-5.579762259468319385e+00
-4.252619364633165588e+00
-4.432648177471583573e+00
-4.743677875749699346e+00
-5.422499603418091674e+00
-5.354148234874944734e+00
-4.741803603787698052e+00
-5.260651882501598209e+00
-5.661803438770341756e+00
-5.455344118959915889e+00
-5.549641792587565625e+00
-4.935865738815628845e+00
-5.334174566637816639e+00
-5.251905896014336328e+00
-5.553230463235778736e+00
-5.333807703609839912e+00
-5.553897699478461014e+00
-5.304540550789734965e+00
-5.572523762636707012e+00
-5.577098335584590671e+00
-5.273001286646946006e+00
-5.572466593206023333e+00
-5.590104655157821512e+00
-5.563338008286404346e+00
-5.573093899319927047e+00
-4.449001472210790453e+00
-5.538237785094025867e+00
-5.571787046263265708e+00
-5.569649107323232151e+00
-5.335452591461655736e+00
-5.681408672104283575e+00
-5.396576713978713968e+00
-5.571854402025023134e+00
-5.681378048002153847e+00
-5.675008951492049647e+00
-5.442741562469851857e+00
-5.648130591124078670e+00
-5.683411117838453208e+00
-5.315310523069108228e+00
-5.356236575638220643e+00
-5.590117285784012680e+00
-5.354151115104015091e+00
-5.590144094420184118e+00
-5.585531139923523902e+00
-5.566684281330654294e+00
-5.344868584254482968e+00
-4.974403919790312933e+00
-5.553177880607781169e+00
-5.660140777174158089e+00
-5.573115537675231046e+00
-5.026179913751632533e+00
-5.552993553648618352e+00
-5.571545737274081311e+00
-5.571796969199780847e+00
-5.315202940766301509e+00
-5.521227804509837966e+00
-5.048650093714091902e+00
-5.563267086110122328e+00
-5.575348181846045748e+00
-5.661811831663687400e+00
-5.564141264251809993e+00
-5.573064080083831584e+00
-5.683351968705598445e+00
-5.483064259231701598e+00
-5.566729776974633559e+00
-5.585504550219678066e+00
-5.573098653180616147e+00
-5.534917932026939269e+00
-5.267477533079212293e+00
-5.564110760217390705e+00
-5.681425012878417391e+00
-5.549521079785634470e+00
-5.670379207797570764e+00
-5.252655760808371710e+00
-5.569626539208297089e+00
-5.372523293735640415e+00
-5.539993950116190113e+00
-5.553831419082144727e+00
-5.575378963305980484e+00
-5.681515001342352100e+00
-5.350279228863541903e+00
-5.334216422557068071e+00
-5.674978314935508195e+00
-5.577395500192153577e+00
-5.674085499642520958e+00
-5.552982934047224539e+00
-5.534875742185339398e+00
-5.344885442277417020e+00
-5.553856924360787595e+00
-4.154084945437833021e+00
-5.590172392691803438e+00
-5.561461402579806368e+00
-5.672968912806902075e+00
-5.334238660375246077e+00
-5.571614385155984728e+00
-5.553836035609516664e+00
-5.553857779487106683e+00
-5.238048917433312468e+00
-4.151731714074438528e+00
-5.539254367396019951e+00
-5.538250194661927139e+00
-5.563320532414810948e+00
-5.543291414516968274e+00
-5.577473782819946990e+00
-5.042882819044280041e+00
-5.538263719900957227e+00
-5.553930090006249820e+00
-5.549663246297970254e+00
-5.591997244420504387e+00
-5.304488891723849520e+00
-5.672967379509961106e+00
-5.306722054412523093e+00
-4.967759674215622923e+00
-5.535354898998946283e+00
-4.282750933212216893e+00
-5.556708447643842419e+00
-5.561043540133987939e+00
-5.344881856348832727e+00
-5.228997641523777773e+00
-5.673013249680471937e+00
-5.334205297025255810e+00
-5.553995678546107762e+00
-5.315357328181307572e+00
-5.590015619924900037e+00
-5.575059359824081184e+00
-5.571813654173683794e+00
-5.579774671753180648e+00
-5.312645130459740628e+00
-3.993099957196006855e+00
-3.683169423004856835e+00
-3.279624279648138074e+00
-3.683169423004856835e+00
-2.606451713079501964e+00
-3.804685168926167371e+00
-3.683169423004856835e+00
-3.999612269956401622e+00
-3.304993276908339883e+00
-3.361696391085122748e+00
-3.308187458260340552e+00
-4.029611403473116304e+00
-4.008874612566066808e+00
-3.814935635387893154e+00
-3.993445234506146857e+00
-3.976889159883468583e+00
-3.056746262718140095e+00
-3.683169423004856835e+00
-3.140448867766611141e+00
-3.982225369192943454e+00
-3.261941967708922530e+00
-3.683169423004856835e+00
-3.631970132784835492e+00
-4.105463117284358532e+00
-3.683169423004856835e+00
-4.024727681716948169e+00
-3.842315578064042114e+00
-4.133196054109069983e+00
-3.842684930769002971e+00
-3.902323393896868886e+00
-3.988358213689281229e+00
-3.985320775741833188e+00
-3.664322011453308381e+00
-3.678380747252344207e+00
-3.463977633623078312e+00
-4.769762245681565815e+00
-4.924002291318436697e+00
-5.110518708584420366e+00
-4.893909631174643948e+00
-4.635180783125857573e+00
-4.950863136532435149e+00
-4.726229572012369040e+00
-5.130991002410014268e+00
-4.586650403810029530e+00
-4.881297941983510746e+00
-4.779661276784252344e+00
-5.176209817692803306e+00
-4.912320522466895767e+00
-4.742941230668184183e+00
-4.846964850968858762e+00
-5.056482412969367068e+00
-5.151203107750671251e+00
-5.196066232076021585e+00
-5.003589587996649435e+00
-4.784152877396549819e+00
-5.007012051433853195e+00
-5.047319757228774684e+00
-5.090496536124388349e+00
-5.163307248842638586e+00
-4.998646133393657820e+00
-4.688089114973978511e+00
-5.151422751114179022e+00
-5.103403365362341404e+00
-5.119311204946364491e+00
-5.368265715774406033e+00
-5.121804201210752971e+00
-4.829512379577944436e+00
-4.930382495048394986e+00
-5.310851541517651597e+00
-5.420327395663822934e+00
-5.041143555560133827e+00
-4.750890082707010187e+00
-5.199769008888982746e+00
-4.955284630306785232e+00
-5.103073250444839282e+00
-4.928004002073079981e+00
-5.078656597745070833e+00
-4.884162982813816001e+00
-4.824405538320228004e+00
-5.466458641346624958e+00
-4.867351277134059018e+00
-4.679729092096527765e+00
-5.279590932121456248e+00
-5.268169656096933551e+00
-5.097750115969109430e+00
-5.163986372611418574e+00
-4.757231196814726282e+00
-4.824434968429959447e+00
-4.575698132959607811e+00
-4.815757849139088442e+00
-4.572112937219760198e+00
-4.676587740756014355e+00
-5.141167592677528653e+00
-4.746172663539265812e+00
-4.743012032881762430e+00
-4.819615867583397772e+00
-4.870548978790893990e+00
-2.923662310892737537e+00
1.200882148257107929e+00
-2.408010435984457409e+00
-1.462715818173862870e+00
-2.724744715019124630e+00
-2.801919448449306849e+00
-9.391373676628808065e-01
-1.380451156809819446e+00
-3.439093833977871828e+00
-1.991156128109080159e+00
-2.724825420436155721e+00
-2.344998127463754578e+00
-3.863497282319848569e+00
-2.921326870295456235e+00
-3.193657027107016599e+00
-2.839058689379910572e+00
-3.637759373373175009e+00
-1.967698144388809744e+00
-2.101594955617474891e+00
-3.795996015574094162e+00
-1.542695226421028964e+00
-3.956051209769322785e+00
-2.014408106369864004e+00
-2.363697390174232638e+00
-3.369515192085052124e+00
-3.676873114397785969e+00
-3.065188651362847239e+00
-2.705075444736221524e+00
-2.339282803602046101e+00
-3.359532027144040089e+00
-3.044114757445305575e+00
-2.737789656110323655e+00
-3.502229681453196797e+00
-2.924555684829513780e+00
-2.876995603167391113e+00
-2.904691518311005805e+00
-2.972273021776519197e+00
-2.518039158234354868e+00
-3.488642026637202243e+00
-2.740853300398951919e+00
-3.803289946902129959e+00
-3.628998603117339350e+00
-3.234036356466467588e+00
-2.068233286930857950e+00
-3.143513554569066670e+00
-3.452614937316588861e+00
-3.349209485513493512e+00
-3.255276489286293984e+00
-2.893396973879097889e+00
-1.327210213332134403e+00
-2.604906770912384761e+00
-2.975522273290194253e+00
-2.742712353674443992e+00
-3.676899288894917017e+00
-2.973415082343782601e+00
-3.306375863526234582e+00
-4.068540132142075549e+00
-2.828705305614148457e+00
-3.830352819455701496e+00
-2.750892544018025632e+00
-3.476215939794500720e+00
-2.405160405141580249e+00
-1.844091815263642742e+00
-4.536893589559586104e+00
-2.297278597122689447e+00
-3.544546999006477517e+00
-1.272070901673389542e+00
-3.607973694209755333e+00
-3.441649568137376658e+00
-2.717306024329812164e+00
-3.390881106733291350e+00
-3.615204636375548564e+00
-2.766581864548027792e+00
-4.148463824483340723e+00
-4.666188150644408950e+00
-4.377321918456683392e+00
-4.075754347474102701e+00
-4.726386474880960087e+00
-4.157916008117991780e+00
-4.109552197534517504e+00
-4.030139045211995175e+00
-4.389340411623988913e+00
-4.216164651047630940e+00
-4.854289151746652209e+00
-4.481343052733498311e+00
-4.366755472570928553e+00
-4.462789821768411436e+00
-4.108329755111642889e+00
-4.328959117330111184e+00
-4.777802830494458419e+00
-4.259716239986365061e+00
-4.371936915856508676e+00
-4.200683994640790786e+00
-4.457300910893946977e+00
-4.083125614741907938e+00
-4.783252522570657916e+00
-4.971313925815224799e+00
-4.094950044029059377e+00
-4.610622432200530696e+00
-4.766306895477239181e+00
-4.927683643196420604e+00
-4.306089877153379319e+00
-4.781571613758266892e+00
-4.493475589528895142e+00
-4.090007620980248504e+00
-4.146622607416124318e+00
-4.173446245957703304e+00
-4.550610881285711784e+00
-4.487409308124632012e+00
-4.466638242228608391e+00
-4.232080556939745719e+00
-4.154196117579056491e+00
-4.215042291566398980e+00
-4.555801503101510441e+00
-4.194065252334157279e+00
-4.724364581438228683e+00
-4.802027485321340272e+00
-4.622827956919143944e+00
-4.252724665945908811e+00
-4.751497990347854916e+00
-4.868836342316559040e+00
-4.161247972458279598e+00
-4.710392394443759123e+00
-4.182969278507100874e+00
-4.142557488457009107e+00
-4.739988082022216886e+00
-4.424946038531459180e+00
-4.876311927122024770e+00
-4.729391298930102572e+00
-4.432193107069283045e+00
-4.220301072320519431e+00
-4.533446290476847551e+00
-4.216096923457009815e+00
-4.466360835288764264e+00
-4.334441469166793404e+00
-4.509024527352988088e+00
-4.412997271105684405e+00
-4.407453161370003869e+00
-4.074947174368526603e+00
-4.241180043173627290e+00
-4.380534867989191561e+00
-4.288603014860582263e+00
-4.284518285760134937e+00
-5.049522956732054091e+00
-4.418882837639283245e+00
-4.173879227055729224e+00
-4.368269363358508350e+00
-3.653754095161053428e+00
-3.601830063615075517e+00
-3.478377183864591604e+00
-3.825969423039442763e+00
-3.683879195538120044e+00
-3.025109730315313605e+00
-2.949683292707463877e+00
-3.419897953564438708e+00
-3.980600466424373707e+00
-3.959885905738016465e+00
-3.040511672407091304e+00
-3.738605394848718788e+00
-3.424787910331628993e+00
-3.694896243832970217e+00
-3.019741190635353512e+00
-5.036995507294168561e+00
-4.356169787747857569e+00
-4.385374554305998096e+00
-4.805469960540171392e+00
-4.730500302487926412e+00
-4.577652635943242565e+00
-2.909553753318258718e+00
-3.810741436304915908e+00
-3.321115525934529966e+00
-3.187226255769165295e+00
-3.651423078500791952e+00
-3.544049040766638292e+00
-3.725816945385314938e+00
-3.473008996915398772e+00
-3.001860006835809003e+00
-3.506492331890686209e+00
-3.604227397882056039e+00
-3.793499815633500472e+00
-3.140593471967140449e+00
-2.968526414813367875e+00
-3.078247160949226124e+00
-3.285567467771313144e+00
-2.896956213349312304e+00
-3.165222655769322380e+00
-3.820729780177324564e+00
-3.481094950904291441e+00
-3.262044630040364712e+00
-3.444942349576721519e+00
-2.636587683300805285e+00
-2.871421152972314594e+00
-3.041504333882592448e+00
-3.553293786609446947e+00
-3.696899124938101355e+00
-3.065804778406308717e+00
-2.897672716280589533e+00
-3.504627746518494735e+00
-2.869226418696861902e+00
-3.241178977939252359e+00
-3.437192993970449528e+00
-3.542412312572786437e+00
-3.098834488658058550e+00
-3.317657022410458456e+00
-3.550134330354272727e+00
-3.537457040137824915e+00
-2.916534338991842557e+00
-3.263420334807213941e+00
-2.918985449661102738e+00
-3.637810138550886307e+00
-3.543858664911030409e+00
-3.711703368276014547e+00
-3.564100779821199438e+00
-2.949380072393747554e+00
-3.298311847745420522e+00
-3.197547123559668858e+00
-3.695103169920546549e+00
-3.524405616418758491e+00
-2.750759311041508948e+00
-3.718404400509521146e+00
-3.375036722410395207e+00
-2.921607159434345569e+00
-3.413399736714417099e+00
-3.049833592164312712e+00
-2.831936533766487241e+00
-3.586232126979951307e+00
-3.556155331035466549e+00
-2.795601611961903377e+00
-3.529306928564873491e+00
-3.385957983937632587e+00
-2.942727369249510616e+00
-3.515132689227232987e+00
-3.575874418141347544e+00
-3.820663662663098759e+00
-2.970863500795450030e+00
-3.464674340719155143e+00
-3.442369323846924178e+00
-3.728212092733424132e+00
-2.944545843372239791e+00
-3.803292707540516293e+00
-3.367583071638564185e+00
-3.274938237607134539e+00
-3.352918091499129893e+00
-2.909285217091704734e+00
-4.701950519274177509e+00
-4.518467850904815286e+00
-3.981080164248906872e+00
-4.144046707053456124e+00
-4.336623705688428920e+00
-4.090395741038127753e+00
-4.559077610597834784e+00
-4.704623533049308470e+00
-4.365209609735413387e+00
-4.223545913235833282e+00
-4.718037256120243939e+00
-4.514927919217711860e+00
-4.139274312426457492e+00
-4.446679802792996128e+00
-4.491036936248607780e+00
-3.978680119009623262e+00
-3.350243469189871259e+00
-4.149922345045099270e+00
-4.522153036620095712e+00
-4.614580399878582817e+00
-4.548762366117114375e+00
-4.508470496638177671e+00
-4.075515155477449802e+00
-4.790475571643116659e+00
-4.360972276862009167e+00
-4.205462579111882704e+00
-4.441470139917647053e+00
-4.162448977459691335e+00
-4.685620039406163784e+00
-4.181371518423275369e+00
-4.216292085371184051e+00
-4.078760193630174946e+00
-3.946246854937383475e+00
-4.642866321523216655e+00
-4.563184103277885484e+00
-4.616502663808915052e+00
-4.453676130937169297e+00
-4.641806293255752003e+00
-4.341911208804010158e+00
-4.688205814077877953e+00
-4.187720704808179484e+00
-4.369897133475435069e+00
-4.356540857989837257e+00
-4.276514738456281606e+00
-4.413240680266264704e+00
-4.181636257086871922e+00
-4.368468354022000177e+00
-4.543286850753927020e+00
-4.374535735790928470e+00
-4.445260811668017453e+00
-4.533627330973973635e+00
-4.381268372948861511e+00
-4.641119847788048425e+00
-4.622631199087193998e+00
-4.660192566616359500e+00
-4.425114429914002834e+00
-4.534561088943274143e+00
-4.626613547662066672e+00
-4.418709000623604055e+00
-4.489335485205966592e+00
-4.573582053109141121e+00
-4.214800073664262570e+00
-4.550310956187598954e+00
-4.290655483008935178e+00
-4.449866152283193266e+00
-4.500148003078307646e+00
-4.535449139423637810e+00
-4.784027347549635323e+00
-4.453236871937109598e+00
-4.611241656716678072e+00
-4.472220265303778142e+00
-4.357073364671917304e+00
-4.498226708774263116e+00
-4.456622137942328088e+00
-4.332109848996964274e+00
-2.403258865078645723e+00
-2.478405270120956239e+00
-1.076859042294449731e+00
-1.478684900237320576e+00
-3.959638183256285693e+00
-2.585604805539552409e+00
