9.972381742275027250e+01
1.058221853057169710e+02
1.047176886156856739e+02
1.042081565362280031e+02
1.251129703198870828e+02
1.147968706924535951e+02
1.047331890633898013e+02
1.062522353200863563e+02
1.141965571778676178e+02
1.180859450924007348e+02
1.004922730456838309e+02
1.130725732921449946e+02
8.908994747794810110e+01
1.184414349690230068e+02
1.256280501425153631e+02
9.598534065124431436e+01
1.125367989718228046e+02
1.114140784819378354e+02
1.083489970786338290e+02
9.605390638864932384e+01
1.263096396498575444e+02
1.237479161661899809e+02
1.128390513373551727e+02
1.164136990200140644e+02
1.027394663969516699e+02
1.008908850951168148e+02
1.168957360435403814e+02
1.098263035815882347e+02
1.109445899122221562e+02
1.099100363818845096e+02
9.852179111306966774e+01
1.195526824957444774e+02
1.074164019826864092e+02
9.970121205850894341e+01
1.150045353444843101e+02
1.128552582462509122e+02
1.132054419784384010e+02
1.196359252354018423e+02
9.741395084950558214e+01
1.265855218352189837e+02
1.091382398352366749e+02
1.108757431240769336e+02
9.748303271142678739e+01
1.099477126962760707e+02
9.814889709435848886e+01
1.120056571612842617e+02
1.121801155497399378e+02
1.160259972423464632e+02
1.053069286377704259e+02
1.084975734077751923e+02
1.018658331320001480e+02
8.541025779907143090e+01
1.099599379123493463e+02
9.263973831424824823e+01
9.331070088660287354e+01
1.175538129976842328e+02
1.020729861971995405e+02
1.126562251601982467e+02
1.152457241354890840e+02
1.140508522358241521e+02
1.088129611895517428e+02
1.064086309137187243e+02
1.144809992710544861e+02
1.136541074616651912e+02
1.138791541171049886e+02
9.919121037317459866e+01
1.193717604346222032e+02
1.260330920150053515e+02
1.027116188916957498e+02
7.527824726905225816e+01
1.145947853605775606e+02
9.207221933562303207e+01
1.009552926828646520e+02
7.492959333052448301e+01
9.491346778179811849e+01
1.660537484507205193e+02
9.438818104648508722e+01
1.243561010244473977e+02
1.190114140661337814e+02
9.742553053392117590e+01
1.062283001443997250e+02
1.125345556613515328e+02
9.675081116156808037e+01
1.245057261381330846e+02
1.163792354996317471e+02
8.499586887223333065e+01
1.164094753942134588e+02
1.180309538668495577e+02
1.136055375544060979e+02
1.177610038490463467e+02
1.056030113822809824e+02
1.112603765581001625e+02
1.054501934203357507e+02
1.193755908674186514e+02
8.843901394582074715e+01
1.067261205822232597e+02
1.212126318479283071e+02
1.069354276822070204e+02
1.228764745927241933e+02
9.575765378161472086e+01
1.164483528666070100e+02
1.020227448402688566e+02
1.088465368770291946e+02
1.063643966333422100e+02
1.143948459169464655e+02
1.068259957197980015e+02
1.319944512328423514e+02
1.026034420432552849e+02
8.918934515694702725e+01
1.098286086757218811e+02
9.856355496943824335e+01
1.122480709606955998e+02
1.068836609735680128e+02
9.376682920506551966e+01
1.343421096375680577e+02
1.222088842828959514e+02
1.193340128815325301e+02
9.309982484094267363e+01
1.038007537152790007e+02
1.158122885881611381e+02
1.006320762131222466e+02
1.102356844530556259e+02
1.141786865115774106e+02
1.073511232219803020e+02
1.112557535441612941e+02
1.146127337470126690e+02
9.882130701719140120e+01
1.008015699579742375e+02
1.035950340150701834e+02
1.022411181431757967e+02
1.221755336048982770e+02
1.210216775629700265e+02
1.036601743420682453e+02
1.343460070558619464e+02
9.061861853646722409e+01
1.132070472946000734e+02
1.083199956170475389e+02
1.080346424280404705e+02
9.009049146443236111e+01
1.209715886656384498e+02
8.642239290381694161e+01
1.012167650411790873e+02
1.004329299281559429e+02
1.191940781242743554e+02
1.256222361470072570e+02
1.376153460388914596e+02
1.053026099715300603e+02
1.077483420504102583e+02
1.067167130376385131e+02
9.009717667501961103e+01
1.047481232055687599e+02
9.492067436351241838e+01
1.129558724910801715e+02
1.194106833639955880e+02
1.020150708121062735e+02
1.095487398119286269e+02
1.032745496627278357e+02
1.060835036591136316e+02
1.228063597315507565e+02
1.121296638214027865e+02
1.018203453971252515e+02
1.050605268437881250e+02
1.107534243771070095e+02
1.033427255410038441e+02
1.013990135141578008e+02
1.305940739632492011e+02
1.189070308132116196e+02
9.086076412003598080e+01
1.169436309769257747e+02
9.795206671929072684e+01
1.077137670881476907e+02
1.230798465458014874e+02
1.006517781000929972e+02
1.113592900046252510e+02
1.076817011895194867e+02
1.114759481511505186e+02
1.131234266019942112e+02
1.119511892140228468e+02
1.023638737421200346e+02
1.023938506756603886e+02
1.082233099677946910e+02
1.240972199017741531e+02
1.213531571489156278e+02
9.654168593657307440e+01
1.086963083970479147e+02
1.061940215955342524e+02
1.248525924740649771e+02
1.151750622130316231e+02
1.033053954149426374e+02
9.884412243176554114e+01
1.086702862837143186e+02
9.026438496520925980e+01
1.220025978505600932e+02
1.196418120682458976e+02
9.648624908156088509e+01
1.211747177408848870e+02
1.080309537589047721e+02
1.022485995258883236e+02
1.317538609360724706e+02
9.893744485513744280e+01
1.037563837822136605e+02
1.076092719924131558e+02
9.420598560714562097e+01
1.284131011962903415e+02
1.005494752539054133e+02
1.011647729413195123e+02
1.105967856088388288e+02
1.187561915275157531e+02
1.147182763254322140e+02
1.122668959542771177e+02
1.106900911528193632e+02
8.554683825440196188e+01
1.051032072948533624e+02
1.255835026216431771e+02
1.096717036566488019e+02
9.078329095754085643e+01
1.060500746673412067e+02
1.343778614344827815e+02
1.079713464099575191e+02
1.044286498407358579e+02
1.012141597358400844e+02
1.113590584232564993e+02
9.156659635820278709e+01
1.258665340696456951e+02
1.139480554105988830e+02
1.072680215420608931e+02
9.870102517349708648e+01
1.003139423997152733e+02
1.197509139827034090e+02
1.152076142976940076e+02
1.145803015050105671e+02
1.076623738184879500e+02
1.503588269561916491e+02
9.210650821159013901e+01
1.067007458284782047e+02
8.080049919108986956e+01
9.134166972065180801e+01
1.009766286447355981e+02
8.010175044473170658e+01
1.039623896980445039e+02
1.463159417358000098e+02
1.096296229895278458e+02
1.006512348589106409e+02
1.232739330400321336e+02
1.116820720690735413e+02
9.928429239445878807e+01
1.131096928990500032e+02
1.079085696107310213e+02
9.495990761975073724e+01
1.261195945513861147e+02
9.702181375245220352e+01
1.274351858753375382e+02
1.073829028505372776e+02
9.920207671719697373e+01
9.988139662159721865e+01
1.049359775319204431e+02
1.116642187032399960e+02
8.404859375161633750e+01
1.080565049718954356e+02
1.382495593158427027e+02
1.129227101793737233e+02
1.165117831837239351e+02
1.117427009692091104e+02
1.007452415966009340e+02
1.007705366050670364e+02
1.125356225494499540e+02
8.735666455751504600e+01
1.282262141245754208e+02
1.005536042126188221e+02
1.254814943853392748e+02
1.046187604099176838e+02
1.064727252637270709e+02
1.023226499495793576e+02
1.060387218193138068e+02
1.220514595898565204e+02
1.166492696517285310e+02
1.093422214630633960e+02
1.012621631245044398e+02
1.053563296640441962e+02
1.211509822120953999e+02
1.039331499560209267e+02
1.075414228897169124e+02
1.086365179873163953e+02
1.096774789534278227e+02
1.105099497909094879e+02
9.981417529925641929e+01
1.076905620596154307e+02
1.059045121471559980e+02
1.171547708441678566e+02
9.685346772087164879e+01
1.202405108193344319e+02
1.035376174499490247e+02
1.098540170475839517e+02
1.067515693838366673e+02
1.153895358411386098e+02
1.000253698506858200e+02
1.250977427088048302e+02
1.014179158026236820e+02
1.040382559015193351e+02
1.265501935992288622e+02
9.414992485468283689e+01
1.038633117492835112e+02
9.522588736654790864e+01
9.213035912915523795e+01
1.235345029319308310e+02
9.431084162549008454e+01
1.263370661932976589e+02
1.169930337509666458e+02
1.073845298202442251e+02
1.183154127869699579e+02
9.064486471910522880e+01
1.070212054116789346e+02
1.323784220016673601e+02
1.016670101137647322e+02
9.830496480356239886e+01
1.299868813503605907e+02
1.198473215381501262e+02
1.021715636706218504e+02
1.072244456173613827e+02
9.667052769633332332e+01
1.048132438560225239e+02
9.066215355818431476e+01
1.139581861012916022e+02
1.014956567487267165e+02
1.372250850403178788e+02
9.559166750157656622e+01
1.158147328873003659e+02
1.264392165377535378e+02
1.047291413748588980e+02
1.025737595981155579e+02
9.363413374721243088e+01
1.087150011824966214e+02
1.171115741944931159e+02
9.239429026418943636e+01
1.007914701053260984e+02
1.138764497991347895e+02
1.156641566013734064e+02
1.141865900213357889e+02
1.025972959063967807e+02
1.270741141191913499e+02
9.242662016714547235e+01
1.133067506178224448e+02
1.071254834785902830e+02
8.518957770278855435e+01
1.194186659196030007e+02
1.305641248843114681e+02
9.501720122329673757e+01
1.252724794316657011e+02
1.189816709628808837e+02
1.039961841355637375e+02
9.091788048967121938e+01
1.099659203175347670e+02
1.064415831389039369e+02
1.066218464879423209e+02
9.201667633870697216e+01
9.656921302442540878e+01
1.103681436555245767e+02
1.397858616668061700e+02
1.009416092914792245e+02
1.069439105845965656e+02
1.137448290163077615e+02
1.031277620916986706e+02
9.769659068425417559e+01
1.056648865850086594e+02
1.176080739403335116e+02
9.368649500801329566e+01
1.141212125051594342e+02
1.228879158817475314e+02
1.147972924739812015e+02
1.043422457025818488e+02
1.015690430127975503e+02
9.875916039623459142e+01
1.215927176768672240e+02
1.150877288528329103e+02
8.884894966649252979e+01
1.160881731920760132e+02
1.019040930157635074e+02
9.450656265324995786e+01
9.849911164574969291e+01
1.399889394535398139e+02
1.187243008013424372e+02
9.246957432128664323e+01
1.183287383012863074e+02
1.237760983437158586e+02
1.024019661732090185e+02
1.009409549718034640e+02
1.053435157350118345e+02
1.125818076764955720e+02
1.147918599524328869e+02
1.176533489035813034e+02
9.472815444931937634e+01
1.106498209481435424e+02
1.032943541952417803e+02
1.106496891948921188e+02
1.220240376210169870e+02
1.060643507905775351e+02
1.046700605019632064e+02
1.087246117184242991e+02
1.143566391525401258e+02
9.845110829192987012e+01
9.212357401487622610e+01
1.380654482897461151e+02
9.113504687228370926e+01
1.139182266742920717e+02
1.309169710177901322e+02
1.068900291660141590e+02
9.651388235542913208e+01
1.020369690993991014e+02
1.154727057735864690e+02
1.016616802158149255e+02
1.310301086267376434e+02
7.834245530996523144e+01
1.194557058573263078e+02
7.731762041453619361e+01
1.061219028588067772e+02
9.962512218747988868e+01
9.681823927328439083e+01
1.192170817455605913e+02
1.047955910853942925e+02
1.043665140540074248e+02
1.110547565792853391e+02
1.184201221950344518e+02
1.200515379348667295e+02
1.061724143542180911e+02
1.182014107566754149e+02
9.254946819312031892e+01
1.119402231479235468e+02
1.023413191721589328e+02
1.117212163597683059e+02
1.002620281507283551e+02
1.115423216591656939e+02
1.087067471136139005e+02
1.118266266250561358e+02
1.122250607448978172e+02
1.192296274339771571e+02
9.438944769978820659e+01
1.087335759542256994e+02
1.100357259519722390e+02
1.094100630914493593e+02
1.145839865990145512e+02
1.113828726349449596e+02
8.568670675364430167e+01
1.217069333499432702e+02
1.073499699775657348e+02
1.097240819502533782e+02
9.675394996168107298e+01
8.553442811956331582e+01
1.337199805334716416e+02
1.228694613215302525e+02
1.065321916047213620e+02
1.031044017010585776e+02
1.392857013426748551e+02
1.185751937063354262e+02
1.024974911790747996e+02
8.693880535915765506e+01
1.310060917275160932e+02
1.008683096454829382e+02
9.864798990984468219e+01
1.036419546417947402e+02
1.083886840647342780e+02
1.146038291945586707e+02
9.776191932266318929e+01
1.199729639912328025e+02
1.069453239090479997e+02
1.010766522418945783e+02
1.119796976820714178e+02
1.080832131476960853e+02
1.229643573644524395e+02
9.677461512709308522e+01
1.140294094173044783e+02
1.117886971911571550e+02
8.608636393856667723e+01
1.126279687551712243e+02
7.687384821503229659e+01
1.144521808527650819e+02
1.146129131986372869e+02
1.057789884613870299e+02
1.240610553401175480e+02
1.154637012106983889e+02
9.684361347412807675e+01
9.207255161579273306e+01
9.879748185245178149e+01
1.072946694501577127e+02
1.256484940632931568e+02
1.236605249976628613e+02
1.120633865800354414e+02
1.293565281540801095e+02
1.171506096110339712e+02
9.839859518522119686e+01
1.037474863369442915e+02
9.182584815321320093e+01
1.006000567288504186e+02
1.091070473362684083e+02
1.102309232747423238e+02
9.866277883617367195e+01
1.144575308502839022e+02
1.214155464084089431e+02
1.179184910718618937e+02
1.047130203709380254e+02
1.020327508308092490e+02
1.231513175376878735e+02
1.031663548441901241e+02
1.026549500554780110e+02
1.162191625259512904e+02
1.002211273506722478e+02
9.223779577660631901e+01
1.072748818830837365e+02
9.969918304890938998e+01
1.033145209581693678e+02
1.330795935851756155e+02
1.092132020083722779e+02
1.006912509018574582e+02
1.084026045593091823e+02
1.208443229480920280e+02
1.185179524716347572e+02
1.090334288689094677e+02
9.064770976170844108e+01
1.050678181492034042e+02
1.539608963927896070e+02
8.133098781198236793e+01
9.332968848643017168e+01
9.583800021018920745e+01
1.074571268738932304e+02
1.309914967848866354e+02
1.318403496415833445e+02
1.152199426243997067e+02
1.104232838630723421e+02
1.134321747490785981e+02
1.014566352440475612e+02
1.111631115633965976e+02
1.168864211720880348e+02
9.853461282967818136e+01
1.159290603020027675e+02
1.022822811278978890e+02
9.982384030827518018e+01
1.515360419840781390e+02
1.001421371203104798e+02
1.033957347952140111e+02
8.755928328403807370e+01
1.121639615182556895e+02
1.228823944723440320e+02
1.021698637796910276e+02
1.384793836984869131e+02
1.053411159615432382e+02
1.124394865209341248e+02
1.027901404545052770e+02
8.857991543634878440e+01
1.049752961261851709e+02
9.841380207246254486e+01
1.085842481620940134e+02
1.010209649063116188e+02
1.176617577658941372e+02
1.098032788818205034e+02
1.034445599066691415e+02
1.162175944462671850e+02
1.173279663669037518e+02
1.098177840981395548e+02
1.054446377983272640e+02
1.008033374202451711e+02
9.331686882620935819e+01
1.297769238747579266e+02
1.271467438081236736e+02
1.030734788177577457e+02
1.079775571295558336e+02
7.962707499103414932e+01
1.175469103830061783e+02
1.169429603926729868e+02
1.151812016679606074e+02
1.306701689561599267e+02
1.090468478084694510e+02
9.136268745066220731e+01
1.041893395490395733e+02
1.028209826579092265e+02
1.101024180829179215e+02
1.203775398602735436e+02
1.010700222549039466e+02
1.147525401760987904e+02
9.583948210762494568e+01
1.109764815213285942e+02
9.989591696072368165e+01
1.046953014236175505e+02
1.185037014187270898e+02
1.149640481568362276e+02
9.951509333967163684e+01
1.180991424571846551e+02
1.075349605392556498e+02
1.173535371983953297e+02
1.001005706376203506e+02
1.022699007421327337e+02
1.162482379173463158e+02
1.138566300121102017e+02
1.128867888141273426e+02
1.030883649550614365e+02
1.132060607519736379e+02
1.140186887724588161e+02
1.038565841666380862e+02
1.100672177531774025e+02
1.252800688570751646e+02
1.041818334167039239e+02
1.034099381131525206e+02
1.097282366300952816e+02
1.060959997534466908e+02
1.068457480260049408e+02
1.178403916080689697e+02
1.133839114330206428e+02
9.867790145162629756e+01
9.689970848038656470e+01
8.167931547747481602e+01
1.437769804369432052e+02
9.886550097289183725e+01
1.125938648336323951e+02
9.888138941705798857e+01
1.175209127714751816e+02
9.438123787804012466e+01
1.128646093668579624e+02
1.118186638051030570e+02
1.119981941890264352e+02
1.064429979724526731e+02
1.062682373801084168e+02
1.083522390970570939e+02
1.141400295897809087e+02
1.178985209344068892e+02
1.078124888518783706e+02
1.026732418344532505e+02
1.079712249094772716e+02
1.160695568836785441e+02
1.239497233444356254e+02
1.037198739847010955e+02
1.085570733074410157e+02
9.445238131318374997e+01
9.873075723213453614e+01
1.036264021124922863e+02
8.657022396324320823e+01
1.316645565675137277e+02
1.145038917586459917e+02
1.091643274835672344e+02
8.716296536508919246e+01
1.112826793934824394e+02
1.210398912414906931e+02
1.070529847485125856e+02
1.206422767068173272e+02
1.079438632966892442e+02
1.122852455006219543e+02
1.074296769372658531e+02
1.088098779573576280e+02
1.066894664904750982e+02
1.048029091143907152e+02
1.169111983406154280e+02
1.244266233867017348e+02
9.753764809697609905e+01
1.158655242293585275e+02
9.340759333060191238e+01
1.040177301737778066e+02
1.205957859882933576e+02
1.050970250395504024e+02
1.252997479252785240e+02
9.633948996918630314e+01
1.039041834750119762e+02
1.038437427067581496e+02
1.200095304063121375e+02
1.184854765240326486e+02
1.136887493281808617e+02
1.071826132970742549e+02
1.134241658445659908e+02
1.002158445204549082e+02
1.009649869561382474e+02
1.238236008545909215e+02
1.056725141009851825e+02
1.174509679766642591e+02
1.044743972281478790e+02
1.079327570320517680e+02
9.136325997849368719e+01
1.152610938571263404e+02
1.042037555702844429e+02
1.065773299346733580e+02
1.265251402213090159e+02
1.086973922714102656e+02
9.187550465496929064e+01
9.218703640646924669e+01
9.260139440967053304e+01
1.231725523913847695e+02
1.006896383531744306e+02
1.166013163275910927e+02
1.448588041452713640e+02
1.107576078327604989e+02
8.890564582911295588e+01
9.043907510922716142e+01
1.029836475524772652e+02
9.369340337417540354e+01
1.277234558122099912e+02
1.072665612917562896e+02
1.089298645260125653e+02
1.140677268157444502e+02
1.227202270893474179e+02
9.941927173458229561e+01
1.107077569947103797e+02
9.911899449840690579e+01
1.105772278766421834e+02
1.130119528260036077e+02
1.056789630889131928e+02
1.085305702821785019e+02
1.181961207978589101e+02
9.725451239555215466e+01
1.207502919285767007e+02
1.037897795247659332e+02
1.183392944578039732e+02
1.200603632358697297e+02
9.766243402455732792e+01
8.866622734959611307e+01
1.246272453275993257e+02
1.090323208152660328e+02
1.041985952077308895e+02
1.150703121481477922e+02
9.285044172261063977e+01
9.662872107073150119e+01
1.153312735441196963e+02
1.310338516079650049e+02
1.125965602231524798e+02
9.059704374622853607e+01
1.234848360602076838e+02
1.122340964919254986e+02
1.075135755401426536e+02
1.092860911840363940e+02
1.063093619856427239e+02
1.077857087412758119e+02
1.086527555403769867e+02
1.234710492837319435e+02
9.394964510927540857e+01
1.154180100825534794e+02
1.058546500997068449e+02
8.529276049266263726e+01
1.217144977903390668e+02
1.143061610461100912e+02
1.128553593266272799e+02
1.140847826953380064e+02
1.114291243702225245e+02
1.218842365836360955e+02
9.911285790875649582e+01
1.068245176127309719e+02
1.095837461072151342e+02
1.073292640609073487e+02
1.134210306601783600e+02
8.441362337946642924e+01
1.052471278715304663e+02
1.048008949991363608e+02
1.208223072381973964e+02
1.223985621280821476e+02
1.077915874664632128e+02
1.062684456010905762e+02
1.095339799010317847e+02
1.107525822028015483e+02
1.206850712063740048e+02
1.008780200392921813e+02
9.940949458634167968e+01
1.155844064597331027e+02
1.000060119842797093e+02
1.185808217784339860e+02
9.784276388560243731e+01
1.213894676842471938e+02
1.169110853536301420e+02
9.478951486035133200e+01
1.268998580108596599e+02
1.158234106293125052e+02
1.097592347686513818e+02
9.909085434938590708e+01
1.019722478184478547e+02
1.168583436084250167e+02
1.137462046466460350e+02
1.136394417522726314e+02
1.146254155162709480e+02
1.126185940183560064e+02
1.040280840937194569e+02
1.037576202672195791e+02
1.072103560324674305e+02
1.131622054434995164e+02
1.230934578602297194e+02
9.700107586256305581e+01
1.166974885801020321e+02
9.394943315777267401e+01
1.050441576499357410e+02
1.011953670744251355e+02
8.162752813735421853e+01
1.184957599151338314e+02
1.196468412221370841e+02
1.056445042676184158e+02
1.258590561969534178e+02
1.090365673094600112e+02
1.081195754086492116e+02
1.107363977039154292e+02
1.076248496579437841e+02
1.067799318883101449e+02
1.143955154919135566e+02
9.880381488530736078e+01
1.194622559064296752e+02
1.011039863042238522e+02
1.358920923008717807e+02
9.182503093524414339e+01
1.006963739354682872e+02
1.073550129728138103e+02
1.060387427230662922e+02
1.077826590814798635e+02
1.169457240942028733e+02
1.095518226627886804e+02
1.087692465375560005e+02
1.175956402300336663e+02
8.397368203586313484e+01
1.175090957770668894e+02
1.057266511609025912e+02
1.033620033083228691e+02
1.287522600391554874e+02
8.694711721639224322e+01
9.626525788586484111e+01
1.362135779210909448e+02
1.022079323582688630e+02
1.079255623121753587e+02
1.190362852635319229e+02
1.069706137589650581e+02
1.033242706470860384e+02
1.164057783313860170e+02
1.076999484659279744e+02
9.610193421448178697e+01
1.205951825412411580e+02
1.274844187796848871e+02
8.656750295650003579e+01
1.203292726221875029e+02
9.486803366518678615e+01
9.562044836162489503e+01
9.932396598613009076e+01
1.088845336668298245e+02
1.229493204152129096e+02
1.240428858190682746e+02
1.035053786702799385e+02
1.188755117496036320e+02
1.120501009977816267e+02
1.132922516821144256e+02
1.045457796377919806e+02
1.149491945006597007e+02
1.167528391789854822e+02
1.109306708578151159e+02
9.510593042943348507e+01
1.099776531823848416e+02
1.065275688838524957e+02
1.185463386074611378e+02
9.909828273213169325e+01
1.133805368482118467e+02
1.071858674534684610e+02
1.231899775723157830e+02
1.179078262638291932e+02
8.928534164424097241e+01
1.092176077572996462e+02
1.134726324840445102e+02
9.896746479988259182e+01
9.707159530384707580e+01
1.107674900918994325e+02
1.017786262924323779e+02
1.047925978076272884e+02
1.247732050228337641e+02
1.063719167318179046e+02
1.067508289624855138e+02
1.024969933448577706e+02
1.000821295133353033e+02
1.231539077093548826e+02
1.025083687755353736e+02
1.063271961350890251e+02
1.194126919022358919e+02
1.075878566900774587e+02
1.103262142903216017e+02
9.767881476718723377e+01
1.090060110790914223e+02
9.203454424830049163e+01
1.265559861406932640e+02
1.168240801894754810e+02
1.032504317284205513e+02
1.102907782774229588e+02
1.130705716925761521e+02
1.054488007243188008e+02
1.122957666362295726e+02
1.119037990657489843e+02
1.065366126330383736e+02
1.186090199051094913e+02
8.764750609977900808e+01
1.331480050361811607e+02
9.487906099993519149e+01
9.864118724643739711e+01
1.124045481662280963e+02
9.507585391967410260e+01
1.170282961222559237e+02
1.091752835623421447e+02
1.081967561967032481e+02
1.143957647801156838e+02
9.841425720979206915e+01
1.253350079981130847e+02
1.009946996512891815e+02
1.130467835329375106e+02
1.047460466785423421e+02
1.117721572965712227e+02
1.099456065820145199e+02
1.053598083674525583e+02
1.022591628936967680e+02
1.011605640592988067e+02
1.135234697071216914e+02
1.240699746316884529e+02
1.158936185840683066e+02
1.106972541112547646e+02
1.156104612298019987e+02
1.057499478198012781e+02
1.049355083909203898e+02
1.026978651283386057e+02
1.154785667140510412e+02
1.246351265686284648e+02
1.062323725254329219e+02
1.003228522340811679e+02
1.072639072530895845e+02
1.011367395485118550e+02
1.096047423847484907e+02
1.029715577524427772e+02
1.264986921478210178e+02
1.122736944060763449e+02
9.621848620927130469e+01
1.093129558385428624e+02
1.192436193236476214e+02
1.052236142815415434e+02
1.075412685259358199e+02
1.066400764329227258e+02
1.034860233635699274e+02
1.151994204879537023e+02
8.204977838585749339e+01
1.065642002267811677e+02
1.021963843259846811e+02
1.301842038584985914e+02
1.062157225919191461e+02
1.188259071530099078e+02
1.212528365747298267e+02
1.200883580161530801e+02
1.070659327469864053e+02
1.008613408227980415e+02
1.292838671187544435e+02
1.125890343189706897e+02
1.209835662053273353e+02
1.012229565860888840e+02
8.758684312407116579e+01
1.228459912366985947e+02
1.011376194124561181e+02
9.176679034916091382e+01
1.124649177480547735e+02
1.007877415266042220e+02
1.283934932013621051e+02
1.301793638085319458e+02
9.277992440225375503e+01
1.088462141557900793e+02
1.019519410767094456e+02
1.153098461343577839e+02
9.874354593270686564e+01
1.156098140684580926e+02
1.014556319202344383e+02
1.194875041427480795e+02
1.100837683814624910e+02
1.051561338848344604e+02
8.880890599839544564e+01
1.028875672483755324e+02
1.326675044350442931e+02
1.136778668138070003e+02
9.334353574262520681e+01
9.160578333701141673e+01
1.235219412568591935e+02
1.295259205656763015e+02
1.097669980088184474e+02
1.087329661932810865e+02
9.434222710419588509e+01
1.016815069167415686e+02
1.036462922482181455e+02
1.296664383123611515e+02
1.001696156550768677e+02
1.211325305592337713e+02
1.090230443380483223e+02
1.196990633392063330e+02
1.055597341947132151e+02
1.159235303499116583e+02
1.081597459730495245e+02
1.108053477468316430e+02
1.267169429260352445e+02
9.558080365504345366e+01
9.538313995045307081e+01
1.064594513033593302e+02
1.140785685348896550e+02
1.246215969141469913e+02
1.169732809861259852e+02
8.134643600640413297e+01
1.094238226912085423e+02
1.135198796406582744e+02
1.271336527035512347e+02
1.051928983507151685e+02
1.263328923328321594e+02
8.765438837159440766e+01
1.036514602737572943e+02
1.117698190517752863e+02
1.233085143576375629e+02
9.330716345344761464e+01
1.143060693243192532e+02
1.067364464476672623e+02
1.073879880369916151e+02
1.024274215471156850e+02
1.156266806994257905e+02
1.099048049310382993e+02
1.068890825931113682e+02
9.474938829442233157e+01
1.346958763056342150e+02
1.303245836544481904e+02
8.982449643896619307e+01
1.059567730619866097e+02
1.169502780723711908e+02
1.037921665478733075e+02
8.757961142795822695e+01
1.012257976965353379e+02
1.110753949540568613e+02
1.439456872360546811e+02
1.073129729071518739e+02
1.023827025934055115e+02
8.724527563800995722e+01
1.082075903830876058e+02
1.164825931922516133e+02
1.078410399568097802e+02
1.079089926546606222e+02
1.120757880579068058e+02
1.043811656062872260e+02
9.243008696366037213e+01
1.333117194043071834e+02
1.198667266661438191e+02
7.677426669757487332e+01
1.098742034633916802e+02
1.063889613596018222e+02
1.133891711122501817e+02
1.131069328707473005e+02
8.987051220419807862e+01
1.164607466830069740e+02
1.110347871532260484e+02
1.079872853081100601e+02
1.185777604838104509e+02
1.168477451642652625e+02
1.068107671345132133e+02
1.062588268116503798e+02
1.171488202001976333e+02
1.022484374698249070e+02
1.100233840957050973e+02
1.200222151839559785e+02
1.015536444504765399e+02
1.142607167580434435e+02
1.080313501063142070e+02
1.005503900945100781e+02
1.079598137715794337e+02
1.151115447537928276e+02
1.106443270100841119e+02
1.013319871406146859e+02
1.020190725343091032e+02
1.095921192498303611e+02
1.301927710609699318e+02
1.127662504714409408e+02
9.966471365429677576e+01
1.096370397902917517e+02
1.126772777314629792e+02
9.227582343455900116e+01
1.088023625756001422e+02
1.252791181836511214e+02
1.072545182854552621e+02
1.335652957211088108e+02
1.048439557526322972e+02
9.745026580178462439e+01
1.050431839398148099e+02
1.199997220069662944e+02
1.254744007489292841e+02
1.184667945728525069e+02
9.883670324061947099e+01
8.770098725578112919e+01
1.151291905417726724e+02
1.061582519119753272e+02
9.497631471564960748e+01
1.187075057620979806e+02
1.170859266057735226e+02
1.014312098196743506e+02
1.044388697165216229e+02
1.141930539440911048e+02
1.146879462693510305e+02
9.933653623849947678e+01
1.000687119764572657e+02
9.936876395798365991e+01
1.132342706617887700e+02
1.334026623189066072e+02
1.048753831925934605e+02
1.100706895987571983e+02
1.036190119497642854e+02
8.765462559452043934e+01
1.152874536454003760e+02
1.366624857068786412e+02
9.708240095765371791e+01
1.020775230192720358e+02
1.147062240299725033e+02
1.345444033061408504e+02
1.068941225393506045e+02
1.088003372720880719e+02
1.099650481707830352e+02
8.521344385563692470e+01
1.204149658119371509e+02
1.227558987266744168e+02
1.152871204782500030e+02
9.704256828603577389e+01
1.234046689732943491e+02
9.294532810450657223e+01
1.038753427177489925e+02
1.207840115794039093e+02
1.003613680419624075e+02
1.237166275534894027e+02
1.011696489274982156e+02
9.418087281830686663e+01
1.127149851913045921e+02
1.223484946492387593e+02
1.143787074180127519e+02
9.844285226934795219e+01
8.564305123036280065e+01
1.115632574215267141e+02
1.306218108604722374e+02
1.090120179716193718e+02
9.619554831726449606e+01
1.132888214082672391e+02
1.256498640214968532e+02
1.133765837072967173e+02
1.147377094550766827e+02
1.050728250421144594e+02
1.071213453019940829e+02
1.028052563253241658e+02
1.131986042474792242e+02
1.143678978926031959e+02
1.080755282973525908e+02
1.205734293412676976e+02
1.038279088313588545e+02
9.803484592549193621e+01
1.105560187644077530e+02
1.263407125222758225e+02
1.039937785733184512e+02
9.968184898506694935e+01
1.229829733690745002e+02
8.993550880334917963e+01
1.078169154270178609e+02
1.189904107986998127e+02
9.722982096021766552e+01
1.364674728882038153e+02
9.488020176112753745e+01
9.498626800701445916e+01
1.066910478646377669e+02
1.007946401327357933e+02
1.022897411524582054e+02
1.207441671552194009e+02
1.129295326384412590e+02
9.490040278672536544e+01
1.229607298516429665e+02
1.044605641130123388e+02
1.050935372315875611e+02
1.170050744058932111e+02
1.051803522512343818e+02
1.125503970909925329e+02
1.115545295145180091e+02
1.055760005741133654e+02
9.631525532199189854e+01
1.060801064673882763e+02
1.040101902330797969e+02
1.060313487622268411e+02
1.356024644148026823e+02
1.093098669882230780e+02
1.125145081447943767e+02
1.378170666394486261e+02
1.008199518796029537e+02
1.053140121477208169e+02
1.140106492213379141e+02
1.150128730508630497e+02
1.134956117433961538e+02
1.079243698286762196e+02
9.707352370893138982e+01
9.545483767157656985e+01
1.156851179258683544e+02
1.256298773924098811e+02
1.053085811208131872e+02
1.159309071780868550e+02
1.160497448902558659e+02
9.020064866825178740e+01
1.059138281662666259e+02
1.333605643737475361e+02
1.077608376234424128e+02
1.000455900143054322e+02
9.412393478470448827e+01
1.094328571285197853e+02
1.220443766453576160e+02
9.135621648604954714e+01
1.285042952965594338e+02
1.068535678290848665e+02
9.030536467121741850e+01
1.001379146583814475e+02
1.221092146730695021e+02
1.208170089710203570e+02
1.148335581796460332e+02
1.078154615670998169e+02
8.561306515380269389e+01
1.218121412835378692e+02
1.266514931461236699e+02
1.181517681151789816e+02
1.073251522475490987e+02
9.762708816717818650e+01
1.229483422422284207e+02
1.035685284018172467e+02
1.106894979912067498e+02
1.326150497760469875e+02
1.024424290008737586e+02
1.055491855149950453e+02
9.579491777615342585e+01
1.123184938120396481e+02
1.030772513402356054e+02
1.191382081822609251e+02
1.080924545625776716e+02
9.949287631948905641e+01
1.191987848000550798e+02
9.559980204094644307e+01
1.126690043583358971e+02
9.619735378936177028e+01
1.192257956204251741e+02
8.803603649545236465e+01
1.124500606199134154e+02
1.161549843044123804e+02
1.201617828098514309e+02
1.024400158893257355e+02
1.025586653118210734e+02
1.342285800305769783e+02
1.158792167112750775e+02
1.058133193097085893e+02
9.657077679981303220e+01
1.047825232516562153e+02
1.060455267555567076e+02
1.069158993619527536e+02
1.179096064858968589e+02
1.025579205271262140e+02
1.175540313856765806e+02
1.053660759297066534e+02
9.879960033024485710e+01
1.119532511601235569e+02
1.235282279073493186e+02
1.053811077600395976e+02
1.114587719965700217e+02
1.083485330191738711e+02
1.015347602696936349e+02
9.456014088780135296e+01
1.210921807294859036e+02
1.082912871194856024e+02
1.186528956314204777e+02
1.097535038055548284e+02
1.195182504400309114e+02
1.071780890963179615e+02
9.207950971759447611e+01
9.479637586396309246e+01
1.361273406091472111e+02
1.188545903793059750e+02
8.990592645636866109e+01
1.220306075723009229e+02
9.796403598805758861e+01
1.085061917535436464e+02
1.222823274236247642e+02
1.081712088593693295e+02
1.162345587583891984e+02
1.031506166613211093e+02
1.169230153837144002e+02
1.048439040999291763e+02
1.148250633477005067e+02
1.210862132785758973e+02
9.642900906473657585e+01
1.018414541047721258e+02
1.215911552850606796e+02
1.144077492761837362e+02
1.070448569156621517e+02
1.110617685065266897e+02
1.004751963866536357e+02
9.829520666827039577e+01
1.125029349239378575e+02
1.091652607721345589e+02
9.560963497458632787e+01
1.187620720237530350e+02
1.138591642758999427e+02
1.042500965199102865e+02
1.060349458671938265e+02
1.072208733682246304e+02
1.179948184578895223e+02
1.081560077495808940e+02
1.070051431442170440e+02
1.100203423516335164e+02
1.147495547663430244e+02
1.248345926975130311e+02
1.235803422579021031e+02
9.503084110649402305e+01
1.009062923274935599e+02
9.161002105188853761e+01
1.179617528770563268e+02
1.094321186641099501e+02
1.268446849888542971e+02
1.011363981229616371e+02
9.137849170292216172e+01
1.063747389473059286e+02
9.428646338948216510e+01
1.098709128323141186e+02
1.125009979831432219e+02
1.135191664986092661e+02
1.012383592022303844e+02
1.217462563208824804e+02
1.003332758143806558e+02
1.136103838843636993e+02
9.376662024201827705e+01
1.055863308834663457e+02
1.034512007671535372e+02
1.350399618355986888e+02
9.535851788289670594e+01
8.988892412246325136e+01
9.859175530428278478e+01
1.354280125552242282e+02
1.102105957047328673e+02
1.126636906555822435e+02
9.326084288835347991e+01
9.963458495034129214e+01
1.295743457384394048e+02
1.013853823008409449e+02
1.299314701835934045e+02
9.596134395971510855e+01
1.249930997235824037e+02
9.674902671174905322e+01
1.088811728120041380e+02
9.591383527599654713e+01
1.122987801026902588e+02
1.165823114988334481e+02
1.235103563323410754e+02
9.475537132895050263e+01
9.786393577877780103e+01
1.101293735722608318e+02
1.160441193894803291e+02
1.124518901900959236e+02
9.257405614976686081e+01
1.087456684768568778e+02
1.306025517222573455e+02
1.066314884878724882e+02
1.050727611962302745e+02
1.095040106227549899e+02
1.110537672763736481e+02
1.027533980550721537e+02
1.144914154465164557e+02
1.112090673020711904e+02
1.027630935904649476e+02
1.148403827394795655e+02
1.128160505163043155e+02
1.018170339015315449e+02
1.175938370922807934e+02
1.136673314552374450e+02
1.059741377448574156e+02
1.049197055360337885e+02
1.104630540241456202e+02
1.057227375692957594e+02
1.164194922477056338e+02
1.118626663190344175e+02
9.948078312612611285e+01
1.129896137884610425e+02
1.078462633320461066e+02
1.256176115335550634e+02
1.011182655887392770e+02
1.228512682256200748e+02
9.875343803034759560e+01
1.047480782494648821e+02
9.432326055185629343e+01
1.085151499388739467e+02
1.099312565735089464e+02
1.334670798046868185e+02
1.045997146488329435e+02
1.200071719705132409e+02
1.143898713616895719e+02
1.064924711394666303e+02
1.129976107657420954e+02
1.016957364464901730e+02
9.730679283088646514e+01
1.201972069400986385e+02
1.111189806819378845e+02
1.085184785811808013e+02
1.047670463873310780e+02
1.009657023029354548e+02
1.107296679494750009e+02
1.156765356142739734e+02
1.118373109599586428e+02
1.025514452156211860e+02
9.690573004611702856e+01
1.231134320223159762e+02
1.063931175322726261e+02
1.006434621639877491e+02
9.482554588856355338e+01
8.915786452737114587e+01
1.048838316296236144e+02
1.040344363163980290e+02
1.117790790129078005e+02
1.259457452514975273e+02
1.084958038013124906e+02
1.015612058483861233e+02
1.148337639428335990e+02
1.130502986793982387e+02
1.214971207758583915e+02
9.629800907062988813e+01
1.074062023091484264e+02
9.995687699360827594e+01
1.292455834076428687e+02
1.121824602519303369e+02
9.282365695397163563e+01
1.146053625878351028e+02
1.200497741792336370e+02
1.111411762950736914e+02
1.012968348082680876e+02
1.076548239042354425e+02
1.005347307487132014e+02
1.232388895667669289e+02
1.087936212420660382e+02
1.032296580820180480e+02
1.022467255843753833e+02
1.163641385674834368e+02
1.005788030583133263e+02
1.196287549294810475e+02
1.141198045272172692e+02
9.918270205110057702e+01
1.018885725827070701e+02
1.187260997715974611e+02
1.074333186761144248e+02
1.091641524618017627e+02
1.010296321568410178e+02
1.161989931077742284e+02
1.148078801676679035e+02
1.202522434225749777e+02
1.058729261400339112e+02
1.226879114588273154e+02
1.234694498768906215e+02
1.167029339106634325e+02
9.857947424400066438e+01
1.031845948446991912e+02
9.653557505523109228e+01
1.173303558770711703e+02
1.179182397304887786e+02
1.004603276433996939e+02
1.072120416666071350e+02
1.146340487481593584e+02
1.130573624694910535e+02
1.016642716857215305e+02
1.073455893481165333e+02
1.066275019701900817e+02
1.207721154754014350e+02
1.113853915906882008e+02
9.948147868231835389e+01
1.109702497167096880e+02
1.050148986703076162e+02
1.197104460302725073e+02
9.404128518098339384e+01
9.609176849731782966e+01
1.029245478303725605e+02
1.351892200861530284e+02
1.012070706776954552e+02
1.057090826648314703e+02
1.181953653484625590e+02
1.054901037022655288e+02
1.030209830417604167e+02
1.095337028866599525e+02
1.252049122818938116e+02
9.963218150541496243e+01
1.133335403374561281e+02
1.090484055792699820e+02
1.098575614557516644e+02
1.235990095857748372e+02
9.440184319304100313e+01
1.149577641537226782e+02
1.002757747338250596e+02
8.749859012492098032e+01
1.054649636746020178e+02
1.274047393318494841e+02
1.092165924711817837e+02
9.438282700479386733e+01
1.229223899690190223e+02
1.079655612765699289e+02
1.187748159029964938e+02
1.186846298217180333e+02
1.086084871240233412e+02
1.086463256468970258e+02
9.312200833404266120e+01
9.928113990751450046e+01
9.955224422544499419e+01
1.220117424639525296e+02
1.087557945387024176e+02
1.187415684175183657e+02
1.065182590656503550e+02
1.028413013560507494e+02
1.044541177870096220e+02
9.501679316221338922e+01
1.108923413312395638e+02
1.189985546064832675e+02
1.200909355355643555e+02
1.108925042277479491e+02
1.011397046546014735e+02
1.153357069085696907e+02
1.132188824363942530e+02
1.178398775113142847e+02
9.622610124087455574e+01
9.489546510131724233e+01
1.089956413893623903e+02
1.214691978963650740e+02
1.061329796260915543e+02
1.213547997350630823e+02
1.030661943594274987e+02
1.253052913602331131e+02
1.194676567309935677e+02
1.038002832963446025e+02
9.302045906861008007e+01
1.165964166200890588e+02
9.504548196187600695e+01
1.015798797358188352e+02
1.176666882234765268e+02
1.165981419728114048e+02
9.966282711267305672e+01
1.118074930896236197e+02
1.079749960436067795e+02
1.098289300998762172e+02
1.164406973067715398e+02
1.080175965232426591e+02
1.071495739965898792e+02
1.163522083580423327e+02
9.898673168150295965e+01
1.104667867084101687e+02
9.705391126778806665e+01
1.058373498766012517e+02
1.234525435814711329e+02
1.050474173484332283e+02
1.136482907045413668e+02
1.195059959510670495e+02
1.032092837455355152e+02
9.645478077394140826e+01
1.129785470389481361e+02
1.228727195503964680e+02
9.801332990079309582e+01
9.538956811076857889e+01
1.164412009163478814e+02
1.035204776091472638e+02
9.755812426969659157e+01
1.049201988280029809e+02
1.316536580603493292e+02
1.006670575891895822e+02
1.138177053871020945e+02
9.757457217082786372e+01
1.299608706793656268e+02
1.033749666925666020e+02
1.024425728578667076e+02
1.065438470492602221e+02
1.025090569344556570e+02
1.108409975187565522e+02
1.108844038032742390e+02
1.283133257203611208e+02
9.434705446750672309e+01
1.084646644066652073e+02
1.034803005983824988e+02
1.007784672665925285e+02
9.524532390936049353e+01
9.658927814027819636e+01
1.375085516449061913e+02
1.170888852581750967e+02
1.050229296024012626e+02
1.061178491547239418e+02
1.176992849997213142e+02
1.064494845599114257e+02
1.069088636297563681e+02
1.137847520012361571e+02
1.205136501678550047e+02
9.311647312684000610e+01
1.293790865994086801e+02
1.016066898021300915e+02
1.062714147489364507e+02
9.557367688371023462e+01
1.102463544133201196e+02
9.546117213074036556e+01
1.155995183654797103e+02
1.149242223015725131e+02
1.086253212217875017e+02
1.116992292760547514e+02
1.180020417866596318e+02
9.986278642727667432e+01
1.187760404340078111e+02
1.064631127098501224e+02
9.783157105315493141e+01
1.162071932252737412e+02
1.083752849285740467e+02
9.708451306738855635e+01
1.177050717157280388e+02
1.291122774455980107e+02
1.016852854036237233e+02
9.576946074424348865e+01
1.127049992680093595e+02
1.118240041975167998e+02
1.016072688531577768e+02
1.374734517470793094e+02
1.021174158673239987e+02
9.133103501578372629e+01
1.080182084816116941e+02
1.173422865776075241e+02
9.027737350587567278e+01
1.044834751151727659e+02
1.280765776372427638e+02
1.156773597316094282e+02
1.202376696054127478e+02
1.074350719828905056e+02
9.755274945913186002e+01
1.024268002804202382e+02
1.322820884152465908e+02
1.072778370988084760e+02
1.060233377245372566e+02
9.337495261789915446e+01
8.936611811672833028e+01
1.175532505392892517e+02
1.144156547176187502e+02
1.212579794965856195e+02
1.144660344922215245e+02
9.235906229941915058e+01
1.193838641680229955e+02
9.403698074885018343e+01
1.394840064597104856e+02
8.553712351792661650e+01
1.140912642543824091e+02
1.095686055683915612e+02
1.078237767423549798e+02
9.773783756324992567e+01
1.148638280496913069e+02
1.135106759650728492e+02
1.118040815176971563e+02
9.833302374185977612e+01
1.261594451804194108e+02
1.006105776483722281e+02
1.251498714505275274e+02
1.063955423635336075e+02
9.602262639843790737e+01
1.169983150100006526e+02
1.190697592459499958e+02
9.757096636758610941e+01
1.146815589979368042e+02
1.069711320043542599e+02
9.624858877758475728e+01
1.246050732410922279e+02
1.006976359867070272e+02
1.068449096370592457e+02
1.151126879618352064e+02
1.009999115524903743e+02
1.076041201052024121e+02
1.148427585109310485e+02
1.056208515085173900e+02
1.085531981955352308e+02
1.036936349753481466e+02
1.187975751207830797e+02
1.037405514786067755e+02
1.119984510751976075e+02
1.210850682731848593e+02
1.022250586616712127e+02
1.020148889686875862e+02
9.374676777625532509e+01
1.224048173552929342e+02
1.045987806501802027e+02
1.080857981357840174e+02
1.215376862533014162e+02
1.099405567702826403e+02
1.060665079040625614e+02
1.063262950916071361e+02
1.173764241996696285e+02
1.004823464816813186e+02
1.056771951301585659e+02
1.029558526115265664e+02
1.039152822230852706e+02
1.275686186377620288e+02
1.300841065690433425e+02
1.006076790750898056e+02
8.235337802354678161e+01
1.236746732998992258e+02
1.081628925186848704e+02
1.003428024413474162e+02
1.312654097362880634e+02
8.088919073238369606e+01
1.123872229103937741e+02
1.129936695624295879e+02
1.012678447952492604e+02
1.186544285434250980e+02
1.148410471771000232e+02
1.119210814965508973e+02
1.088520993261381307e+02
1.094090339669966028e+02
1.143553655338387784e+02
9.596071832485903030e+01
9.503312861042492443e+01
9.768066251326624183e+01
1.045302088375768506e+02
1.142600202639409872e+02
1.099073147677901261e+02
1.279860645623952138e+02
8.582833994239909714e+01
9.295314852762030000e+01
1.189661175941473346e+02
1.097624964261615190e+02
1.164736477608001337e+02
1.242833709182389867e+02
1.322058662022800206e+02
1.152177800712037197e+02
1.010773361690631020e+02
1.072526879246158842e+02
1.011308148015634458e+02
8.821477662437690981e+01
1.074438253788039361e+02
1.005185398424896590e+02
1.116185911265357333e+02
1.186280350627840932e+02
9.730689767265562296e+01
1.211605024778443749e+02
1.051890465132639179e+02
1.077446119723111480e+02
1.120869382412079460e+02
9.029606270551315106e+01
1.071298940080965565e+02
1.297046842663857831e+02
1.076701653438721991e+02
1.084840165587722822e+02
1.293697102550466980e+02
9.951186985978721111e+01
1.044073836258203158e+02
1.035127907763786936e+02
1.068210656049396761e+02
1.141686727279548990e+02
1.051325085469089515e+02
9.556520118654793805e+01
9.793835738196315788e+01
1.020368988189120785e+02
1.153759113168864587e+02
1.274838878827535780e+02
1.105879998140595575e+02
9.962017943784371710e+01
1.126730622386924949e+02
1.088803692623011585e+02
1.178608107402038740e+02
1.195743152116238548e+02
9.858077258667134402e+01
1.114029325471556433e+02
1.064567509728297665e+02
1.121711981852163120e+02
1.004713115774488443e+02
1.204430860587892482e+02
1.039042442393259478e+02
9.714131941721575458e+01
1.129606214937444832e+02
1.311564259326263198e+02
9.171466054996507467e+01
1.121710497127104418e+02
1.045678238848860104e+02
9.061016246169219812e+01
1.283802986768887706e+02
1.043454404235942121e+02
1.265368610657369430e+02
9.751691092028697483e+01
1.043383167747496572e+02
9.973127386630717695e+01
1.121703890086669730e+02
9.400466326912145121e+01
1.182197413313138696e+02
1.173003750661677316e+02
1.117108131366115202e+02
1.105531370629312704e+02
1.071563316871905442e+02
1.255901564459920650e+02
1.066235465805350486e+02
1.274269434138515749e+02
9.401812256337473173e+01
1.046886693551875709e+02
1.144114473945051884e+02
1.098680095578270510e+02
1.045316452283484807e+02
1.125269563851085621e+02
1.453138977548439641e+02
1.004236489206001579e+02
9.948200953801418223e+01
8.682741354441691328e+01
1.246527004476365335e+02
1.009162592240840013e+02
1.141868739758791804e+02
9.653973770865373183e+01
1.106595056702826838e+02
1.056021893722513596e+02
1.036408925942511843e+02
1.046499306734071411e+02
1.056784226727527454e+02
1.135582151305773380e+02
1.118933146147596318e+02
1.159852783344391582e+02
9.116099850486732237e+01
1.056711935046905211e+02
1.178116489119548760e+02
1.077966579823765159e+02
1.050276658300263364e+02
1.239258677856018807e+02
1.186534478842828690e+02
1.184794073129052947e+02
1.076234258315064807e+02
1.087969677763569791e+02
8.806809667450328050e+01
1.109197359970844161e+02
1.053915512124706879e+02
1.272537258713172292e+02
1.020946786816530363e+02
9.054854442693928718e+01
9.850880857937482915e+01
1.252312403083471253e+02
1.174010927337719750e+02
9.141728304178077735e+01
1.076692577181273691e+02
1.187003809768791456e+02
1.101802936787171916e+02
1.098886014847032442e+02
1.076527848752331238e+02
1.251630634837082425e+02
1.045597592713279340e+02
1.075444645741694814e+02
1.188649288218365569e+02
9.345822842878281733e+01
1.024744475832687272e+02
8.740620141044742297e+01
1.253498580251689418e+02
1.323273416617131488e+02
1.125263555252259522e+02
9.760667618546264634e+01
1.055515056242068113e+02
1.119897467852214277e+02
9.934232383819771428e+01
1.150788090928004550e+02
1.118467630957872956e+02
1.117579360785781404e+02
1.096605014718958699e+02
1.100945884134850417e+02
1.258146608379422844e+02
1.228021554853700081e+02
9.723472996497953602e+01
1.109102846786276189e+02
1.244309125590087035e+02
1.000753769156969355e+02
9.902004615505312302e+01
1.106026004586086771e+02
9.961028119402254788e+01
1.008994111196271035e+02
1.082927241691474620e+02
1.299357759983367089e+02
1.033832826877043800e+02
9.410407554783439821e+01
1.418981745091395510e+02
1.032991688787070075e+02
1.133069891820341439e+02
9.891308326107707671e+01
9.818218280602532388e+01
1.096166752734704914e+02
1.048861547546908923e+02
1.159779801077821446e+02
1.038731132680700853e+02
1.020211306781075962e+02
1.217181612218348050e+02
1.137005353591775503e+02
1.082031914002199358e+02
1.074800029634804588e+02
1.038501154924190928e+02
1.136255219850206259e+02
1.077542491866355334e+02
1.219439737552039702e+02
1.064754599912674564e+02
1.023686926108691324e+02
1.023205403132079425e+02
1.150846851546798035e+02
1.090962624541991488e+02
9.455100133364106796e+01
1.067250470804097091e+02
1.149038192451467637e+02
1.163050808171927173e+02
1.186563519465389192e+02
1.271167871060627164e+02
1.078966661739090682e+02
1.000853442164049767e+02
9.165018732381894040e+01
1.052504482732236539e+02
1.041403155473936977e+02
1.159924395750111472e+02
1.097960321907936247e+02
1.172715378239026194e+02
9.461050455043314855e+01
1.127621689188824803e+02
1.118625117526531341e+02
9.779393057772936970e+01
1.106927305295551207e+02
9.251598322559642895e+01
1.252949523038933251e+02
1.139479216473164200e+02
9.784328395032510173e+01
9.847996214644335566e+01
1.167471923385348589e+02
1.134520964534199550e+02
1.163420106550311317e+02
1.119735632363985758e+02
1.049113666083176213e+02
1.044917322922742215e+02
1.146264356372063844e+02
1.019089513766305402e+02
1.150049804804821179e+02
1.144546804208470974e+02
9.888372934513390078e+01
1.139394193811235994e+02
1.175094458409057694e+02
8.657998796142453557e+01
1.097134706129789521e+02
1.218980101556147702e+02
1.212487227157382108e+02
9.603354614976194625e+01
1.094311123377747350e+02
1.241193559165760263e+02
1.031066594809690002e+02
1.010016184432778914e+02
9.536058620321681190e+01
1.028889800029342183e+02
1.071458178842361377e+02
1.229274130108155276e+02
1.163049072120286525e+02
1.089515977995447997e+02
1.199876364578378229e+02
1.049147076298094703e+02
1.187393748444160906e+02
1.061516774427739875e+02
9.333410545582150064e+01
1.132809898787535872e+02
1.200684467630072589e+02
1.080206508579649665e+02
1.003197157646415434e+02
1.075714825161954735e+02
1.154430010357365859e+02
1.041432369913648444e+02
1.102857845113909860e+02
1.153329613826637825e+02
9.732893382045014619e+01
9.874815667690266707e+01
1.118535561655173609e+02
1.235585114440348065e+02
1.008999766146724966e+02
1.026525412586838399e+02
1.070724958277446603e+02
1.122740712134588961e+02
1.269024338596312020e+02
1.044280140847113501e+02
1.167357055953561797e+02
9.849919877259945622e+01
8.007081860856962408e+01
1.196911399542732823e+02
1.092515329393837362e+02
1.246166820681241632e+02
1.111522773539045943e+02
1.197642685135621434e+02
9.346655551637232406e+01
1.369564586702942108e+02
1.076518788606543211e+02
9.277040066829027865e+01
1.031109291307368778e+02
1.126814109995593327e+02
1.054164501682305257e+02
1.274242889245908827e+02
9.564562979211257243e+01
1.056943635523827396e+02
1.050620098419961437e+02
1.040231995694279874e+02
1.045244830159085012e+02
1.306485563851716165e+02
1.011791183171448836e+02
1.051865511945451317e+02
1.076843241395694974e+02
9.253578708711646073e+01
1.079615840074930873e+02
1.207209733487577239e+02
1.060450359809267553e+02
1.205845508839261271e+02
1.074455521867426739e+02
9.715800562185859235e+01
1.011002100750969674e+02
9.104463978513437894e+01
1.172617760643075400e+02
9.013601730693632419e+01
1.478490085280154460e+02
9.731258796541330014e+01
1.208401412999449178e+02
1.079542934079921395e+02
1.137902354234551723e+02
1.146928943501739582e+02
1.027650085372999058e+02
1.158388145599936649e+02
9.197895444258685416e+01
1.052147084958763514e+02
1.038792961356756877e+02
1.201232380903604877e+02
1.166585344430426403e+02
9.404652948406850044e+01
1.331573331287191024e+02
8.863335283024943578e+01
1.100654778234786875e+02
1.109710188096821497e+02
1.167730612590249706e+02
1.027211171417975919e+02
1.135095680657477573e+02
8.645541024578182032e+01
1.193151072371222767e+02
1.090123232249403316e+02
1.198206908846059235e+02
1.244339712371846787e+02
1.088551116733869577e+02
9.014159681832053650e+01
1.032943604570174898e+02
1.329597391031024358e+02
9.202618487860864604e+01
1.028573722880043277e+02
1.147438637813959019e+02
1.245963382284203931e+02
1.039031558425962203e+02
1.116766151079249170e+02
9.764870234644894254e+01
9.893202814536199696e+01
1.031813482472166612e+02
9.921487800082176989e+01
1.195357260821305374e+02
1.090113203507653452e+02
9.839750588868255932e+01
9.842167963949945886e+01
1.133018245956200758e+02
8.980233992370584417e+01
1.229578223562050994e+02
1.088203099178593334e+02
1.169780686618706227e+02
1.060560841608035503e+02
1.033803115900865919e+02
1.157414854698110247e+02
8.894762468874185402e+01
1.026389045721953863e+02
1.193324371927578511e+02
1.047722593108649392e+02
1.341435457820123816e+02
1.030386972130038998e+02
1.162405318697438048e+02
1.168767720971931823e+02
1.078662632020160004e+02
1.054998537970655264e+02
1.135918853137984001e+02
9.497443946829869788e+01
1.059479593630454559e+02
1.020578892249753835e+02
1.202404615895836599e+02
1.102159854703417352e+02
1.194817711996542045e+02
9.671464447801210440e+01
9.258267811256361313e+01
1.187446630821479658e+02
8.784688641894184968e+01
1.224588800517988147e+02
1.194859135698065415e+02
1.093630790948236893e+02
1.077666249732091046e+02
1.234034584657760689e+02
1.011742829941703121e+02
9.849193248909897136e+01
9.569475902395723210e+01
1.206313171819775647e+02
1.151607538283765706e+02
1.099241444799357907e+02
1.155055836458655563e+02
1.198604475653422838e+02
1.175545633597255062e+02
1.003113394610777931e+02
9.799086498663433531e+01
1.274055822484661320e+02
9.097027319691322589e+01
1.063057905470425482e+02
1.089787234146885879e+02
1.082421390932881025e+02
9.622318027930313633e+01
1.237926218355790269e+02
1.122418733758891705e+02
1.090660279287422583e+02
1.097960126751249135e+02
1.151151626480686900e+02
1.255828383427179489e+02
9.328008911571401995e+01
1.029860324895567913e+02
1.096981121656021259e+02
1.051352867624080574e+02
1.063527046318848761e+02
1.145975772459703705e+02
9.326616294379095962e+01
1.268507628698344831e+02
1.111666222552874643e+02
8.832097796839659054e+01
8.332613207715920112e+01
1.018979451990323639e+02
1.272038918026195375e+02
8.568297025391906629e+01
1.212378829651364782e+02
1.106127050207633005e+02
1.039079430674713223e+02
1.116927146635163695e+02
1.209470132979575254e+02
9.222317018371869324e+01
9.746318494730816440e+01
1.048629261051914625e+02
1.290812606178347153e+02
1.197022100947000638e+02
1.210217813525054282e+02
8.926924274881132249e+01
1.088962102903978888e+02
1.046617438956755706e+02
1.094607198216882580e+02
9.190405039547641763e+01
1.110921249108713766e+02
1.084328570164053644e+02
1.251142723294340158e+02
9.244790612986780332e+01
1.227837729274196761e+02
1.061743550977147095e+02
1.147125527760710639e+02
1.006945429304148547e+02
1.033394127830781599e+02
1.100649677959975463e+02
1.211752928573107084e+02
1.107770381710698757e+02
1.204418871019471737e+02
1.035149671870631494e+02
9.609225737987397054e+01
1.196490767640840147e+02
1.073359050848304577e+02
1.148612512001922141e+02
1.213662779247265746e+02
1.012910893610209087e+02
1.211361893536763006e+02
1.000056818108148633e+02
1.104415358326466219e+02
1.094698123817296960e+02
9.290638895074424397e+01
1.247434809693973961e+02
9.473399644798116981e+01
1.127128498378838515e+02
1.112659158534640937e+02
1.309627456652441708e+02
1.025768562996803723e+02
1.038046294650131216e+02
1.099868861800107993e+02
1.103636709236605071e+02
1.015195457256541118e+02
1.145408430201460419e+02
1.217029067577744854e+02
9.744613998546097378e+01
1.141283564840027793e+02
1.062712192844991961e+02
1.117751634666763181e+02
1.134417892133280361e+02
1.045118803093822919e+02
1.065659704957095784e+02
1.185688864800353457e+02
1.068601200132003726e+02
1.022462742656152841e+02
1.168613376683825038e+02
1.301238906881895900e+02
9.172848260839101897e+01
9.668565781322719488e+01
1.108095698346081548e+02
1.104618278667243061e+02
1.255135688275992294e+02
1.216990945948105605e+02
1.150494482720080356e+02
9.674799299600371683e+01
1.001190948200566453e+02
9.053728636076084513e+01
1.124701312517290575e+02
1.099445118489656465e+02
1.033808832285088499e+02
1.267434529004803920e+02
8.699775299009769469e+01
1.128180753676943624e+02
8.434362400383946579e+01
1.122771454897589081e+02
9.917759099159216873e+01
1.111845553060087468e+02
1.172851409090107921e+02
1.239208024457684729e+02
9.605250523124378503e+01
1.187709663132212512e+02
1.340942608503422093e+02
1.046259482548325650e+02
9.104729532262702207e+01
1.028446561099806047e+02
9.596287163172117118e+01
1.161725135605917387e+02
1.015338338363061865e+02
1.069266225250699591e+02
9.894353654904737994e+01
1.307403401102242242e+02
1.006467134179159473e+02
1.224316412305786343e+02
1.250035347483824211e+02
1.028815425770587666e+02
1.037149771333160402e+02
9.888043065384133001e+01
1.039032226025820762e+02
1.224420671346072567e+02
1.125320931929275474e+02
1.169512146459913424e+02
9.234231863195508083e+01
1.047557004184771046e+02
1.084676979559710190e+02
1.019773461466395759e+02
1.077800506264397029e+02
1.164647976085515779e+02
1.140746236901717481e+02
1.071203404906683403e+02
1.178006028386004260e+02
1.283214234513555425e+02
8.915937259501025380e+01
1.133644084005962469e+02
1.105047250910964323e+02
1.037523791043464598e+02
9.262743937691078600e+01
1.327104917952734127e+02
1.010121914074244955e+02
1.140954139082083003e+02
9.862013056749655959e+01
1.056959486484259969e+02
1.159806872893898770e+02
1.144428398189589160e+02
1.063676512751048762e+02
8.540199355251725422e+01
1.157185436660179931e+02
1.152071629664327190e+02
1.193443186759820236e+02
1.052054805503105541e+02
1.129808034166328241e+02
1.101189916717317772e+02
1.054679771775505230e+02
1.147622546622468178e+02
1.163520578031996990e+02
1.182192173341084214e+02
9.002574475259626752e+01
1.061684301647123618e+02
1.196990600082461498e+02
1.203477233956686376e+02
1.140203419902927351e+02
8.540557810396052218e+01
1.062544624544644734e+02
1.033361599810996694e+02
1.197936839947678038e+02
9.689559197002955671e+01
1.057014513137572180e+02
1.137330913093660456e+02
1.026332319174788097e+02
1.297440849934297944e+02
1.067091453906489562e+02
9.383746263130426257e+01
1.086078275649080638e+02
1.013376933515830700e+02
9.290742802836534509e+01
1.156487535825095136e+02
1.122551012171793730e+02
1.147272530019172052e+02
1.169832309884150447e+02
1.111377427210551474e+02
1.052953230208802182e+02
1.122915969056975456e+02
1.134145975127818673e+02
1.035774825728188091e+02
1.113285567513019174e+02
1.045963078607477996e+02
1.095263352411679278e+02
1.328055004614053871e+02
9.304145007702730652e+01
1.054874227753790876e+02
1.152222539908296142e+02
1.288928081200677411e+02
1.153626424971067621e+02
9.912493034543469150e+01
1.115272498541973789e+02
1.137922538480075474e+02
1.028204579254511088e+02
1.321321192985203936e+02
9.787197568286367755e+01
8.656892010109746138e+01
1.133404041250493464e+02
1.087118232117827148e+02
9.174998654935970421e+01
1.153058430261861247e+02
9.268143347214520134e+01
1.188152008050626307e+02
9.952586838629093791e+01
1.187515827876584495e+02
1.043479798323307648e+02
1.072229145873282761e+02
1.160386825891440594e+02
1.095895876066699799e+02
1.073297287105243925e+02
9.782893625936053184e+01
1.167828450501602617e+02
1.033746569028491393e+02
1.018138534699645845e+02
1.128321569380729557e+02
1.046812882037283572e+02
1.177844205262373549e+02
9.799619914541420940e+01
1.123108850472462166e+02
1.059572121533895768e+02
1.163874386318633043e+02
1.177735197858775109e+02
1.173662904772018862e+02
1.077181360693383567e+02
1.039131772856652418e+02
1.118277266710725115e+02
1.075436187673890203e+02
1.078363713519264451e+02
1.012994037600910957e+02
1.113909455818673280e+02
1.115703225784378247e+02
1.133294016011293905e+02
1.012995097362802852e+02
1.165260119036191213e+02
1.063734380248152718e+02
1.076226847820890669e+02
1.213833982177910116e+02
1.125973365082322744e+02
1.043476940172458995e+02
1.046449316123575812e+02
1.157425860030194684e+02
1.158663448971687444e+02
9.933293453398800921e+01
1.127761041015455703e+02
1.049649265307493522e+02
1.059878837972923833e+02
1.080378580310178478e+02
1.141085607700929359e+02
1.053737037988345691e+02
1.068820823817959678e+02
1.158194920387920774e+02
1.068682024047363228e+02
1.198990330139337459e+02
9.766670377971104244e+01
1.106265661444176658e+02
1.197657208593623608e+02
9.834137730521888443e+01
1.108802486482406380e+02
1.074795963763033910e+02
1.176031064199426055e+02
9.883719159519478126e+01
1.141308672635738759e+02
9.855079743271082293e+01
1.176302899188295612e+02
1.246439096316925088e+02
1.068771093289484497e+02
1.018827847272211642e+02
1.099902960590548560e+02
1.080027891929642436e+02
1.169181429058206874e+02
8.586576130570648502e+01
9.700471801985739262e+01
1.268789850059107778e+02
1.224211807639894118e+02
9.706162046926424125e+01
1.042895681381254178e+02
1.202286048778346270e+02
1.030233262378278170e+02
1.219896794469209027e+02
1.078397373285095711e+02
1.176544340144852043e+02
1.114774966592399323e+02
1.239807581373843135e+02
1.083261894553945126e+02
9.557853923401937379e+01
9.695105375554635430e+01
9.703741810029848125e+01
1.210506649331488234e+02
1.000999959619626907e+02
1.234143884451503936e+02
1.016443653868659993e+02
1.097846005876174615e+02
1.031455173798585463e+02
1.192930190003266944e+02
9.382207051644516582e+01
1.005110931181367135e+02
1.263831048003491162e+02
1.145587947730408303e+02
1.179400867546601148e+02
1.119144029706931320e+02
1.120052979857872089e+02
8.953364443815102902e+01
1.060680797321698066e+02
1.177501918014658031e+02
1.133970764580867439e+02
1.284214468531190221e+02
9.918953366999784294e+01
1.148806256671440167e+02
9.304889815160059641e+01
9.536413981950293817e+01
1.125852056529255520e+02
1.233289695193182212e+02
9.841418904195070638e+01
1.184638819248061594e+02
9.947597447006631910e+01
9.603101835933453856e+01
1.087742260467064597e+02
1.025080096345848233e+02
1.095962012551357532e+02
1.112715795619653250e+02
1.136048409351853934e+02
1.104860948394262010e+02
1.248676440435236970e+02
1.163189165312630422e+02
9.690855013668921458e+01
9.870209059482759528e+01
1.010628787985503720e+02
1.397118516292556194e+02
1.078276912557618203e+02
1.020842256026133157e+02
1.047831690708318320e+02
1.073747525922894823e+02
1.119201909836556723e+02
1.090109259646245903e+02
1.120654528888908033e+02
1.052750971732300656e+02
1.109032366905704947e+02
1.273993366479413680e+02
1.062597188593850746e+02
1.113232190146501353e+02
9.340929863659307841e+01
1.066967320012461613e+02
1.094722579617202030e+02
1.051427933975669475e+02
9.696608808973142857e+01
1.134458491865079282e+02
9.689057317343943510e+01
1.136666332782232587e+02
1.274378398452019923e+02
1.118589176755003791e+02
1.001530861350992154e+02
1.259409626659584660e+02
1.025427874360111531e+02
1.055772244558981754e+02
1.082797346580350109e+02
1.153221353510598277e+02
1.088983039227632190e+02
1.038631617960894857e+02
1.195380248217476975e+02
1.068926590326562973e+02
9.992460352397532120e+01
1.112267065031646638e+02
1.062501826040299449e+02
1.124459883887567599e+02
1.090328681378736064e+02
1.123636228841607476e+02
1.050950387393043002e+02
1.151707213114355000e+02
1.043093383357081052e+02
9.633240428284101142e+01
1.198170048201235147e+02
1.120731381834662272e+02
1.062449772452247032e+02
1.113930523366099408e+02
1.117685180427390179e+02
9.716719866375490255e+01
9.627802308730841219e+01
1.305819650915150589e+02
1.097814967498594143e+02
1.114921513964874293e+02
1.210798735050027801e+02
1.032880643827130172e+02
8.078897236327073017e+01
1.186600983653328854e+02
1.209459752041106100e+02
9.788106937563992460e+01
1.228185661918009259e+02
9.420484844479767617e+01
1.055168099341803583e+02
1.196676051887917822e+02
1.161752039337074365e+02
1.194997714537063871e+02
1.017558850557860524e+02
1.146350521784243739e+02
9.294267348607391455e+01
1.047696545261037500e+02
1.223608350939281308e+02
1.185511034226092022e+02
1.077571928273905115e+02
1.101634959793954636e+02
1.160489700210006276e+02
1.038852413047521992e+02
9.833247204496927907e+01
1.086027121103055038e+02
1.072231166006360183e+02
1.051588499845698692e+02
1.120725684229832098e+02
1.257393305195130893e+02
9.641779591187201959e+01
1.076706023843334918e+02
1.222387653664258380e+02
9.318425460534581362e+01
1.025089685301885822e+02
1.179787366896962624e+02
1.141224555689613140e+02
1.376704132113040373e+02
1.071441995584674203e+02
1.134681245896674397e+02
7.825490049509814128e+01
1.047767363118945667e+02
1.053990281923233994e+02
1.094253387376092235e+02
1.274641802756814144e+02
1.009650309695922346e+02
1.037417243241883682e+02
1.252944618174628744e+02
9.127410487739868472e+01
1.262122206780274496e+02
1.083562079143060402e+02
1.098369136142228655e+02
9.998135592148744877e+01
9.798822047566805793e+01
1.142595231467651615e+02
1.026470431593747605e+02
1.213966046515512716e+02
1.136748123504867465e+02
1.011265669754512260e+02
1.127644058490691634e+02
1.046708009314929058e+02
9.653426112826718963e+01
1.032911469741228672e+02
1.021802672117913744e+02
1.139963557178584921e+02
1.055787260883304555e+02
1.092157032048952772e+02
1.092046068750484551e+02
1.100705836475069503e+02
1.191960850843508126e+02
1.033690189182830039e+02
1.246229778176099785e+02
9.886705717405853022e+01
1.028286859281624004e+02
1.002617379856896207e+02
1.136434661765120353e+02
1.164401973632969742e+02
1.349412992083935876e+02
1.193939157061468137e+02
9.551483349368575659e+01
9.485752705133843676e+01
8.578444592390671630e+01
1.252692201109723982e+02
1.064248724329796829e+02
1.157413756499574333e+02
1.126388404122336766e+02
1.067990425399570711e+02
1.031667402240316562e+02
1.109834634124754729e+02
1.032837025779064533e+02
1.279398618249972515e+02
8.912015043777932988e+01
1.097852036330768328e+02
1.139447608345554812e+02
1.114767707523404852e+02
1.279335242866112736e+02
1.161269113709467149e+02
9.893737666467812630e+01
9.803280993498410112e+01
9.839271677309251629e+01
1.173502087203617776e+02
1.138781275902136230e+02
1.003188552243668283e+02
1.115345127122121056e+02
1.122536571420161948e+02
1.007310022757455812e+02
1.073641530902434766e+02
1.104201343980640218e+02
9.759361090763957236e+01
1.285889738546864010e+02
1.059846843955643578e+02
1.036009101645997816e+02
1.073974049276139198e+02
9.640498975390674730e+01
1.406041864880402272e+02
9.552776782393381438e+01
1.230619125552062343e+02
1.117698604585403643e+02
1.055170396448425976e+02
8.598949423954046267e+01
1.148615304359902325e+02
1.149969396707664657e+02
8.820816789520972634e+01
9.792027764069736406e+01
1.341694584879707577e+02
1.049176571954707811e+02
1.319975400599744546e+02
9.201846359792524765e+01
1.108601519406297768e+02
1.022237827073651317e+02
9.564324529652731144e+01
1.085817164151385725e+02
1.220012166203061668e+02
1.149071996820727719e+02
1.013553854895223054e+02
9.892008589163361876e+01
1.097212502547755832e+02
1.211046715098501352e+02
1.014172371258486862e+02
1.221674151381796207e+02
9.591174773643450635e+01
1.301238563016053149e+02
9.735075518566584662e+01
1.121310948937179433e+02
1.158468654865314704e+02
1.053781877080092499e+02
1.137107500208401518e+02
1.055593346366239160e+02
1.089525805957897830e+02
1.235415002111092377e+02
1.094433613521403146e+02
1.099667203684150394e+02
1.018871593147263752e+02
1.088758856734927889e+02
1.004348079021868330e+02
1.240566985026214439e+02
9.737591469603658823e+01
1.093521386866028706e+02
1.022359130005806236e+02
1.101554138282836135e+02
1.125515682029736837e+02
8.960015157756180315e+01
1.113477534322363027e+02
1.215623209897453449e+02
1.074964542742862506e+02
1.084608900000551301e+02
1.044982758113447971e+02
1.017552345587636893e+02
1.156228751207505212e+02
1.113033348367879256e+02
1.082894032051663658e+02
1.060608915812951096e+02
1.189423169705852956e+02
9.448021013248798283e+01
9.635143635883676438e+01
8.585616532668740319e+01
1.075361061995772047e+02
1.118047625030020100e+02
1.332454862890792242e+02
1.095359259456785566e+02
1.119370717736346847e+02
9.183502583077500958e+01
9.687419207020835188e+01
1.051647038117935438e+02
1.314470883802207481e+02
1.123030134661003956e+02
8.876795391830276571e+01
1.306491431653038546e+02
9.765340471190127403e+01
1.096839222165814931e+02
1.166286893618105154e+02
1.121643191097723928e+02
1.106091161421774416e+02
1.027443738490031251e+02
1.110414051701994822e+02
1.003586626867681417e+02
1.075622148991482447e+02
1.237998398934769568e+02
1.114760464814578711e+02
1.027196439885160402e+02
1.178961069944901539e+02
1.052540573582511456e+02
1.052940578659904673e+02
1.196355214104330571e+02
1.076106005697595975e+02
1.084942046497490225e+02
1.099307161561064277e+02
1.128559595112376286e+02
9.469147662261886467e+01
1.093206331997685510e+02
1.001142841288054370e+02
1.240644218641203196e+02
1.113609899526061469e+02
1.228061872001118786e+02
1.075321744362720295e+02
1.059415632004896395e+02
1.065477217544924571e+02
1.100349012109849127e+02
1.020745218055255634e+02
1.102894195095716299e+02
1.198499293594307886e+02
1.045484130048379967e+02
1.211639908630607891e+02
1.009196703312818926e+02
9.467509333729421428e+01
9.477835244960203909e+01
1.049599883915454370e+02
9.305028771707256396e+01
1.188314395188763797e+02
1.132738922033400968e+02
1.224485112897653778e+02
1.101481464929588725e+02
1.265986860706807562e+02
9.919650450373838169e+01
1.115616339703926343e+02
1.058983755854502675e+02
9.992436890510153091e+01
1.100711492103964986e+02
1.029940459519632157e+02
1.072441851052862631e+02
8.531951949607015706e+01
1.424955586208103284e+02
9.000160643924395742e+01
1.075103784534433942e+02
1.020798602863720959e+02
1.152270804740592496e+02
1.012476296984944923e+02
1.249457203448838101e+02
9.580181926452338814e+01
1.020726331852658149e+02
1.273196551824494236e+02
1.078710048694549783e+02
1.013835634349353683e+02
9.346617364380998083e+01
1.178135117645105083e+02
1.190757666194327982e+02
1.037499449086478478e+02
1.202545953315386242e+02
1.102142268192274628e+02
1.094603616133168629e+02
1.157950210770152495e+02
1.081305433880232414e+02
1.039595482419486387e+02
1.089428651868307725e+02
1.137234289492807164e+02
7.953133790025476912e+01
1.053619153335112912e+02
9.745931498090320133e+01
1.249423971352759395e+02
1.273368290025801173e+02
1.074789247613470593e+02
1.081380634610096507e+02
9.526476004256163321e+01
1.079209440407495464e+02
1.347482174045497345e+02
1.009540957111022266e+02
9.107070114975091712e+01
1.124810260795209302e+02
9.766371628688330020e+01
1.032179480569790400e+02
1.329088309370803813e+02
1.154060949901314785e+02
1.059493359682636253e+02
1.383279242695455480e+02
8.966608241931184864e+01
1.049751037938395086e+02
1.075744896627150382e+02
1.067703984119378759e+02
1.008905161495075333e+02
1.124676003183274275e+02
1.356663978887397661e+02
9.845949458692328449e+01
1.184555804094720060e+02
1.169008364913661637e+02
9.626184609324211294e+01
1.055282890362559129e+02
9.886706112331353324e+01
1.232183809154229266e+02
1.230996055317625064e+02
1.046335690663470217e+02
1.222052900182574149e+02
1.016724319760953108e+02
1.011886206857066384e+02
1.047922191231644717e+02
1.199125864740989442e+02
1.044653966465363482e+02
1.149024911855451450e+02
1.110534600611619851e+02
1.038722671034817040e+02
1.194871468423395839e+02
9.413393407622474740e+01
1.108346290398803689e+02
1.031350058249960995e+02
9.987173987042265821e+01
1.088577845167503568e+02
1.279374354948291881e+02
1.071102792479409942e+02
1.084717719410855636e+02
1.218115419483451234e+02
9.492947370120108985e+01
1.171080345902036299e+02
1.134038155886814963e+02
1.002230211422881325e+02
1.133631998844671642e+02
1.273010000103745938e+02
9.219639458295637269e+01
1.107608873197069528e+02
1.251700418126002745e+02
1.110951229066969148e+02
9.337587316057921782e+01
1.310443544088811905e+02
9.577732521185957637e+01
9.031995484040710664e+01
1.055221575485148975e+02
1.126576503730203171e+02
1.115017899785223676e+02
1.263743078272451612e+02
9.188558932750947861e+01
1.067979587920516451e+02
1.031481362031063043e+02
9.316395980598447579e+01
1.282282505987925560e+02
1.119392458978759493e+02
1.148318259667873775e+02
1.031292848419424502e+02
1.182311354616553132e+02
1.129584511035453005e+02
1.157922930367276280e+02
1.002373533194460578e+02
9.882848135571231296e+01
1.089037282252672298e+02
1.037951431488622092e+02
1.102676041370337288e+02
1.214653640330477060e+02
1.104553715947458983e+02
1.120548581120225151e+02
9.873058185167204215e+01
8.766754138535118557e+01
1.242553261633672008e+02
9.375386203760200488e+01
1.120603236718386171e+02
1.349883198992711186e+02
1.040176344782079099e+02
9.197101128061120789e+01
1.222211669017085569e+02
1.238936317433972363e+02
1.194047472781939803e+02
8.395265947154906883e+01
1.077043182708696634e+02
9.610045979513552084e+01
1.285226278047474011e+02
9.163079552675931438e+01
9.287918952857611998e+01
1.192684791309499843e+02
1.266013729462755464e+02
1.144026005190122675e+02
1.171000045214546788e+02
1.198350315842866252e+02
1.213034509004488655e+02
1.173967365676254246e+02
1.055897006034973913e+02
9.668499653698324892e+01
1.121045985081863705e+02
1.023388944596589596e+02
1.092904900506552366e+02
1.127600264360056599e+02
1.068704992254994579e+02
1.220870052335736062e+02
1.074093683779119033e+02
8.801256664625739745e+01
1.148258771129186897e+02
1.209063382299286360e+02
9.869087201980525492e+01
1.214988961118051094e+02
1.024052219584365986e+02
1.075050856020991290e+02
1.087067856139686626e+02
1.004118168022102822e+02
1.172489536883843328e+02
1.360084559197748604e+02
9.753233578272384818e+01
1.128673046289494835e+02
9.146202106324128067e+01
1.074384056630368889e+02
1.008121970993280314e+02
1.086275339935045281e+02
1.162940470774167068e+02
1.105735411801666999e+02
1.068896621417026580e+02
1.066467499769864844e+02
1.073454812803179692e+02
1.121772355993458916e+02
1.174989752540396211e+02
1.031228928150682691e+02
9.727545930944272357e+01
1.241978504384279489e+02
1.031268203082369865e+02
1.070374872127855639e+02
1.088396473295659490e+02
1.258716708430719677e+02
9.283585776797141875e+01
1.067753547802186347e+02
1.103187033492796019e+02
9.880851427293956135e+01
1.292011850674578000e+02
1.093380886059833870e+02
1.069618433925822956e+02
1.003313377906138868e+02
1.080481024013037228e+02
1.111187581916121729e+02
1.119768396980451541e+02
1.079837222786961206e+02
1.035744813635514134e+02
1.099409837552994276e+02
1.122392525501589944e+02
1.048759051605165666e+02
1.284302911129468896e+02
9.784048017556695243e+01
1.128549244715197233e+02
1.140625993370031495e+02
1.092268951063521882e+02
1.172412887534688650e+02
9.662126225000086777e+01
1.046583653307629760e+02
1.019142741697884986e+02
9.849161502823173464e+01
1.267231000082223886e+02
1.150782421283626462e+02
1.064141364474764941e+02
1.085337126744466332e+02
9.915164261220536446e+01
1.192478543298709042e+02
1.041069611247409199e+02
1.164048052190522640e+02
1.118243412386469373e+02
1.055882112155532582e+02
1.225748763237237569e+02
9.884092752587238806e+01
1.191150244233743081e+02
1.165421727134603884e+02
1.005120918547413282e+02
9.569303316909095258e+01
1.191548067895125342e+02
1.171284864519782758e+02
1.085183559772871860e+02
1.149552300513398961e+02
1.154044362887735531e+02
9.677147116283950368e+01
9.463588797301913758e+01
1.363229786341103420e+02
1.041710572528653245e+02
1.016102014765008619e+02
1.157842014233434753e+02
1.108726908859480460e+02
1.073298095470902211e+02
1.187594121923732331e+02
1.018729009060386659e+02
1.234122191316784267e+02
1.135035239826488578e+02
1.145439737883997111e+02
1.191397407960033092e+02
9.741239865760219629e+01
9.820860361823450546e+01
1.191569009287891703e+02
1.096395166936829355e+02
1.178535259397090726e+02
1.057659917051765888e+02
1.040448382556215421e+02
1.173271092082624136e+02
9.756445464187113714e+01
1.135197858598760519e+02
1.223271335227531011e+02
9.980473435698209528e+01
9.050189878885127825e+01
1.072872982002194533e+02
1.265669276744853704e+02
1.065805332768083531e+02
1.021543544090743723e+02
1.095752070388862904e+02
1.131289283657529268e+02
1.118010479447719518e+02
1.178478886539830057e+02
1.024512703237034685e+02
9.068315650101341419e+01
1.202069307111639915e+02
1.149188943359384325e+02
1.035518916325014089e+02
1.170504374749430383e+02
1.090500190307606232e+02
1.162979730554770299e+02
1.197041218734132855e+02
8.749654711313009159e+01
1.060297336947219407e+02
1.170124185996416770e+02
1.097895642239228806e+02
1.312366985816897511e+02
1.067837837270734411e+02
1.110485870150428127e+02
1.184982132205888803e+02
9.584816120653997018e+01
1.203426744360734943e+02
1.125775471804084162e+02
1.055737621199297678e+02
1.024647820950083599e+02
8.497489432843700286e+01
1.055460223340166834e+02
1.078913213926516050e+02
9.701725208059704642e+01
1.388446257981526628e+02
1.155857689267112676e+02
9.649237698904698846e+01
1.042039333079723065e+02
1.143679083241040075e+02
1.277714509595527943e+02
1.086802861533577982e+02
1.052996894431537953e+02
1.337011377777079417e+02
9.718118451204816211e+01
9.743994981585652226e+01
9.231944936261726298e+01
1.180227326404536967e+02
1.169886672820589837e+02
1.038581364114026542e+02
1.260899481270223390e+02
1.153370401247428276e+02
9.455091298843740333e+01
1.288243057806470802e+02
8.810743670119438775e+01
9.199451665378126108e+01
1.198623062081146742e+02
9.708341156949865081e+01
1.118222285442482757e+02
1.076206897407047904e+02
1.303842644801771371e+02
1.133092010738545952e+02
9.552758083382610721e+01
9.986519074250269057e+01
1.046979685792488084e+02
1.100760286824769878e+02
1.004618344723303949e+02
1.210328266925384071e+02
1.103363337064191683e+02
9.495385819162480345e+01
1.198420309097360530e+02
1.211900966625867540e+02
1.120082652425651304e+02
9.792035074165107744e+01
1.202386100113848073e+02
8.969910732476040494e+01
1.087079373574743499e+02
1.203981713024161024e+02
8.767914127421170178e+01
9.260732962663800549e+01
1.303353346109379061e+02
1.115607064893246161e+02
1.064715419911881185e+02
1.121058138951590877e+02
1.100772325061866042e+02
1.193988736834117077e+02
1.162129457553153884e+02
1.118671087437309666e+02
1.112736972411183700e+02
9.670757799204693583e+01
9.165398261963032667e+01
1.042572568704558194e+02
1.309052938044881387e+02
9.522009673760904036e+01
1.292433915844420937e+02
1.109980933199683477e+02
1.321924670526475722e+02
1.026664605951599896e+02
1.021274822704037888e+02
9.977345093284883148e+01
1.045857029436426018e+02
1.063203061382018291e+02
1.215869447581293201e+02
1.020395208302303587e+02
1.132018730132549393e+02
1.037041284357142388e+02
1.080472294620095397e+02
9.705856248734689018e+01
1.107518999392293466e+02
1.076257397274300445e+02
1.303899176561788238e+02
1.153151850612379690e+02
9.481809729973686274e+01
9.774337040173297453e+01
1.275105565996299219e+02
1.187168047097520969e+02
1.071570640592685493e+02
1.113835909974875022e+02
1.062203712625204872e+02
1.085949035292512548e+02
1.034803007278607510e+02
8.828369834290197105e+01
1.079401080551261600e+02
1.170947559533202735e+02
1.068892010665907577e+02
1.063371840530467978e+02
1.154153380281831147e+02
1.034905027823170798e+02
1.067416458925295188e+02
9.856258258557585350e+01
1.133174047455820102e+02
9.698320563392863392e+01
1.233431638324107809e+02
1.141274233496707353e+02
9.582447945848061011e+01
1.116825287052650566e+02
1.179340033526489009e+02
1.115438952375056942e+02
1.105911318823096394e+02
1.087386076687454448e+02
9.532851065447930239e+01
1.103719971786124887e+02
1.091351132457872950e+02
1.125652500118852117e+02
1.226397463741595288e+02
1.061146464506101950e+02
1.150580726805382028e+02
1.102100179438480296e+02
9.866215169659145090e+01
1.039515072823947150e+02
1.026089938230633152e+02
1.267661969443977767e+02
1.119911350922955080e+02
1.062477572019957108e+02
1.183108779334664717e+02
1.062260245606885007e+02
1.096672833640499078e+02
1.032841772942797292e+02
1.156336432193744201e+02
1.167893530750780542e+02
1.059627587574696008e+02
1.076468548741727318e+02
1.091043581838312235e+02
1.003967494385753980e+02
1.204367982681015548e+02
1.106282651780136064e+02
1.036901068808953710e+02
8.688275482901946134e+01
1.030687658936236772e+02
1.205480658224020374e+02
1.025995450867032872e+02
1.093680882160501113e+02
1.261050445065749273e+02
1.204336091428579891e+02
1.209341071273322257e+02
1.088512897004983131e+02
9.091169897644253695e+01
1.054141782210323584e+02
1.083323564633717808e+02
9.968037393307017169e+01
1.085066482101983354e+02
1.257729584925051824e+02
1.107000256286308115e+02
1.113147571004279968e+02
1.119210932653133597e+02
9.682390948231822847e+01
1.291693456362323502e+02
1.217998025362328036e+02
1.182844151828956853e+02
9.154607127957524426e+01
1.338406332317365184e+02
1.135536521039805820e+02
8.517762884795375555e+01
1.160737445841920987e+02
1.117943103991370037e+02
1.067945496157306025e+02
9.788875063416695355e+01
1.107269389468869178e+02
1.246888949545558631e+02
1.031424905812092589e+02
1.157650071469191317e+02
1.021895489730570858e+02
1.088761940212418864e+02
1.037386497826917520e+02
1.137524568571485446e+02
1.118253907855824849e+02
1.186209177859723525e+02
1.144082652949533525e+02
8.527232392368547664e+01
1.020004294182473217e+02
1.126539379725780208e+02
1.247637331940070453e+02
9.618537499209512021e+01
1.008155078776040057e+02
1.077293489622107501e+02
1.092668498909462471e+02
1.150360508869649010e+02
1.231429554266409383e+02
1.157337510513592918e+02
9.816573362749971920e+01
1.072668703635200984e+02
1.121886063321861542e+02
1.178134039108050359e+02
1.032430459456135878e+02
1.080976753150890914e+02
1.174235251511637443e+02
1.027874549222901805e+02
8.403496326827156793e+01
1.118511697730351671e+02
9.528586854004252871e+01
1.149646069727610467e+02
1.004671472485973425e+02
1.057824950539140900e+02
1.275245877354575441e+02
8.808862485855878788e+01
1.234305580065385044e+02
1.031448585812269840e+02
1.088953369393921378e+02
1.065461244298898720e+02
1.224848004101785222e+02
1.089364555341513352e+02
9.973406313848252580e+01
1.142803770282666989e+02
1.222418759780189816e+02
1.033931327801084734e+02
1.090998504532263382e+02
8.537176583824837905e+01
1.028249027623677705e+02
1.342252416188224231e+02
9.231689402439391756e+01
1.186586051845805230e+02
1.052657874890400223e+02
1.128934010081461281e+02
9.293049513919274318e+01
9.014996720228471361e+01
1.171442754424327148e+02
1.181735687685063283e+02
1.178808495879732590e+02
1.345836582288523573e+02
9.501620650155567205e+01
1.108527778325772175e+02
1.031198985820230831e+02
1.040484917482190212e+02
1.051178155545704982e+02
1.001537174411977134e+02
1.090585246932517691e+02
1.173996434086655682e+02
1.026174694610924405e+02
1.213975196786534383e+02
1.050135925763455731e+02
1.091349755184681953e+02
9.752673333518110610e+01
9.017298406942222755e+01
1.240991125117617173e+02
1.137085375785629253e+02
1.143721652467534824e+02
1.101223152706767365e+02
1.005285044675741517e+02
1.086301280047240851e+02
1.095045497409675903e+02
1.028756222784189589e+02
1.248952771904436219e+02
1.024182977165588113e+02
1.165448830255466959e+02
1.102191231127018654e+02
1.220163924924919172e+02
9.373413053983006193e+01
1.094187506477365019e+02
1.028988716391256162e+02
9.960437628690263523e+01
1.284731735032723634e+02
1.125993023539937639e+02
1.044209588839828058e+02
1.087540744561369337e+02
1.149696415026861871e+02
1.240050241474926338e+02
1.166871392331431565e+02
1.022319567770544495e+02
1.017898448463731427e+02
9.308081987398065849e+01
1.225691641143210830e+02
9.903410831018456406e+01
1.142902227568462905e+02
1.099861189485159514e+02
1.036676319542851843e+02
1.063496488477871083e+02
1.292071455508470024e+02
9.900336020757880817e+01
1.023180574744781524e+02
1.237563825097647765e+02
9.460456286274134641e+01
1.022048053861486210e+02
1.142409862283093815e+02
1.061587643425383476e+02
9.963651097806636869e+01
9.125287963524219492e+01
1.098870796171367203e+02
1.360156523552693670e+02
1.016861874773940286e+02
1.171849934806145512e+02
1.225903118291315081e+02
1.112238514194809653e+02
1.026296874951382136e+02
1.060449426498827847e+02
1.082238923798929022e+02
9.383445668181883548e+01
1.045430503108895408e+02
1.190763854923532534e+02
1.149274592350657116e+02
1.127747151556473284e+02
1.072633569046226398e+02
9.453233125676999293e+01
1.247318820972809448e+02
1.019326351177342360e+02
1.069868720552994432e+02
1.187973256959269861e+02
1.082540984915043509e+02
1.119665349977821478e+02
1.150152147296112872e+02
1.134781635077876132e+02
1.110660002755861910e+02
1.175955062912894533e+02
1.008043645943649409e+02
9.668072180108603675e+01
1.150784086888044158e+02
1.042127897515566843e+02
1.092480727449699032e+02
1.121182542653732384e+02
1.172343107722710158e+02
1.137092946346075593e+02
1.005279009188790837e+02
1.100484046200347450e+02
1.023667702697143653e+02
1.013878176206308694e+02
1.015127804461437364e+02
1.192866288287838614e+02
1.209015167812170972e+02
9.532938407091062061e+01
1.362327513340244707e+02
1.053554290507965447e+02
9.941404949525441737e+01
1.098623305771467642e+02
1.077888420947063537e+02
9.329175988925398144e+01
9.302909086066667044e+01
1.046456732541008137e+02
1.229471240159077183e+02
9.865627138812745045e+01
1.337902135634042509e+02
1.202011482077304834e+02
1.347218734888467395e+02
1.046676559699806717e+02
1.132188419328280702e+02
1.048799650405365469e+02
1.126428137206012110e+02
1.006853539551451604e+02
1.098059798673768199e+02
1.150424083042700971e+02
1.139787243959075198e+02
1.120315137626092508e+02
1.189699610910161027e+02
1.073334778659154836e+02
1.046623552789516509e+02
9.823592656385859812e+01
1.120361849403793855e+02
1.001158930941956555e+02
1.021315904402033823e+02
1.063854631402898576e+02
1.069909255252646432e+02
1.286479126796294565e+02
1.274048998476700092e+02
1.066856667318170366e+02
1.077592955654012741e+02
1.136850299424164064e+02
1.052886769005001213e+02
8.897741162960986117e+01
1.087506528737099813e+02
1.065306696152145065e+02
1.294762829903672525e+02
1.037260577252735487e+02
9.180679598343631653e+01
1.126730542444351784e+02
1.166622256995330247e+02
9.337645436980393754e+01
1.069260351167337433e+02
9.128760691700830421e+01
1.284449889785990422e+02
1.129308932241581829e+02
1.096993551102098507e+02
1.027543291352314156e+02
1.291870021613233348e+02
1.035651536567757773e+02
1.106883305896098193e+02
9.643738005391539048e+01
1.037671672304836363e+02
9.984711667363431786e+01
1.012845379264614536e+02
1.223892484253800745e+02
1.207689794948842064e+02
1.045093451830611997e+02
9.819763260569665420e+01
9.933427598728853525e+01
1.142311789691686670e+02
1.245961344141015417e+02
1.153279130395564493e+02
1.041018462987049702e+02
1.085732377420486330e+02
1.067548604015664608e+02
1.059440640102675815e+02
1.124364899739227326e+02
1.101456927424965500e+02
1.126405274766324283e+02
1.115296901558452305e+02
1.276901050045186281e+02
1.150437069517023048e+02
1.067291236276366533e+02
1.110911935960850201e+02
1.225938247157315573e+02
9.126056112052943092e+01
9.033224532023180586e+01
1.231458781436393508e+02
1.107486471448586656e+02
1.223586058694089473e+02
9.326838554891160982e+01
1.116168289681693295e+02
1.108276522427040902e+02
1.060313475362121665e+02
9.908815957199850288e+01
1.012170272662270492e+02
1.179905916653789006e+02
1.181404088214090535e+02
9.708967770853678303e+01
1.028924559383033710e+02
1.142656199655828715e+02
1.260479689128320899e+02
1.032399986563313945e+02
1.032889497285357834e+02
1.140260633188301256e+02
9.458032104271008222e+01
1.154573494814726189e+02
9.062521107200230119e+01
1.253585809056770870e+02
1.091066847587114665e+02
1.195547160627412211e+02
9.930908756634018175e+01
1.091274812670075676e+02
1.084736128850671548e+02
1.019713180974622446e+02
1.070140910877328366e+02
1.229888392467584026e+02
1.179454012475326437e+02
9.643220754599734335e+01
1.015721162678767797e+02
1.119389891961365606e+02
1.153495621480134758e+02
1.169585925717279480e+02
1.043780493520932424e+02
1.067186068824757399e+02
1.134055792819442274e+02
1.091396678588611309e+02
9.103507431371124881e+01
1.096808263799652678e+02
1.298611812848114653e+02
1.014215729329608848e+02
1.085282219265318702e+02
1.066766118225036166e+02
1.184974837250019419e+02
1.115904845155134950e+02
1.093297203765898189e+02
1.020483460673582385e+02
8.703238085544437297e+01
1.219427156206964327e+02
1.204572026451615443e+02
1.143957912647892954e+02
9.735803508701640396e+01
1.098293204028351795e+02
1.245301632246962669e+02
1.127315907768516468e+02
1.084486120753298621e+02
1.046456836040204479e+02
1.061489170505688691e+02
9.663697173766529147e+01
1.071949977845882671e+02
1.198997444663412182e+02
9.913058046734181517e+01
1.147930496787747501e+02
1.039791473595582403e+02
1.096322646887767718e+02
1.036177670901062555e+02
1.024733203268004758e+02
1.017495352714647510e+02
1.096917840589422610e+02
1.114384244105410744e+02
1.148695926407059460e+02
1.174475248998240602e+02
1.079802228225922391e+02
9.484555044015486658e+01
1.123143831649707352e+02
1.121673681907999907e+02
1.008503466219951150e+02
1.033730033562238901e+02
1.088914529762426469e+02
1.195078095076238611e+02
1.015698150634526655e+02
1.052485275610000315e+02
1.158432575400009910e+02
1.101962431989694267e+02
1.270290918820905688e+02
9.516857073322685778e+01
1.144541016061850200e+02
1.248902287213701356e+02
9.927056674795701952e+01
1.114472336531781167e+02
9.682963655969759031e+01
1.039369702257323809e+02
1.252587976706082742e+02
1.047693036793734223e+02
1.138785952983032672e+02
1.069058711587516939e+02
1.074108485918949896e+02
9.355942171051503919e+01
9.588994106261912975e+01
1.309766156528767453e+02
1.165253093853086881e+02
8.941243583895493430e+01
1.143742747283503292e+02
1.049516570886817419e+02
1.266651370021275511e+02
1.051310171524814336e+02
9.916789337515544389e+01
1.002814672591788536e+02
1.100281929347001153e+02
1.165769159303711575e+02
1.274915529511322489e+02
1.079055838279044792e+02
8.320116120421781147e+01
1.080766222250760933e+02
1.270034537576216422e+02
9.827331846680998240e+01
1.117829649002602252e+02
1.161516268749359284e+02
1.112484868725177876e+02
1.108669977102771043e+02
9.969490165685844829e+01
1.056865811636153580e+02
1.096749273193874785e+02
1.194516585625107297e+02
1.189423728153680315e+02
1.171217408385578267e+02
9.737849011211280015e+01
9.131003496190803048e+01
1.093331743456153191e+02
1.006006186515303966e+02
1.227875045036108048e+02
1.113377874915499746e+02
9.590730779534951012e+01
1.168908671193480018e+02
1.022681456819008332e+02
1.138524852382384154e+02
1.112290975425321591e+02
1.194180491841527640e+02
1.141505322469794521e+02
9.633281021737204242e+01
1.263718424696678682e+02
9.721772127920964124e+01
9.978990749029374285e+01
1.074507163997600685e+02
1.201551231464933096e+02
1.010344538214610850e+02
9.889997420062537969e+01
1.047162420603183079e+02
1.222850695187413095e+02
1.068545281371856674e+02
1.271335097284798081e+02
9.402939339494972160e+01
1.159251742844944459e+02
1.097707206893294938e+02
9.692849239680253959e+01
1.092017822895911507e+02
1.004346879714214538e+02
1.244890725037233636e+02
1.092778839249321408e+02
1.223430870609986840e+02
1.157538477923809666e+02
9.692246775307746987e+01
9.924287340553527770e+01
1.089999443824736431e+02
1.180849174546788305e+02
1.088304173032469322e+02
1.071064842508338586e+02
1.114104643497845757e+02
1.091058136720005507e+02
1.008258570529332161e+02
1.114859016681185864e+02
1.107589854725763558e+02
1.169544450222850429e+02
1.036356300477224011e+02
1.077243017083714136e+02
1.013446443199879923e+02
1.316290605911429736e+02
9.560052437181683160e+01
1.128130991220210859e+02
9.860496834584674275e+01
1.029235012029408551e+02
1.026871930178774051e+02
1.203649996414743271e+02
1.211874227936139192e+02
1.071241155568384045e+02
9.320421028002128594e+01
9.897640368237975395e+01
1.281479032720195050e+02
1.134798731905092524e+02
1.153151104224854464e+02
1.066705189877362159e+02
9.752891529818604965e+01
1.107978116704958325e+02
1.156569243671933123e+02
1.156810124396761239e+02
1.081899876719056408e+02
1.088293246947060311e+02
1.028327388796663655e+02
9.699270065194325241e+01
1.157984484670241727e+02
1.064344362694149737e+02
1.283994921595504195e+02
1.015552676053830794e+02
1.122875481338125780e+02
9.640928986182851190e+01
1.007899843263842712e+02
1.117872848000868800e+02
1.162322977043169629e+02
1.168135816183551441e+02
1.033904833145108739e+02
1.130498877435138212e+02
1.105630299482558456e+02
1.072924264491349930e+02
1.105091571728434303e+02
1.138980302862870104e+02
1.008408722483865319e+02
1.107268896903069475e+02
1.140606528242876578e+02
1.088513459083621768e+02
1.111332055080668084e+02
1.074688581962023619e+02
1.041730267008047264e+02
1.090347894022904427e+02
1.131094321101538043e+02
1.118278583097324912e+02
9.158442355591633088e+01
1.216610608175280248e+02
9.595209586106730626e+01
1.257364460352396662e+02
1.060245490277839764e+02
1.108539907389241250e+02
9.802940343124876676e+01
1.200699487785881701e+02
1.112189408034551548e+02
1.002280312030681415e+02
1.009025464167665262e+02
1.201558608760995810e+02
1.032790434373830237e+02
1.066702596847885758e+02
1.180796327087578845e+02
1.104359658022441693e+02
9.105564111579988662e+01
1.033504154702471709e+02
1.262518246831970856e+02
1.121596829615157560e+02
1.135708394272030972e+02
1.091363993589155541e+02
1.063450294139848324e+02
1.154416515958127007e+02
9.268696609109967710e+01
1.121365036860533166e+02
1.286323426243629910e+02
1.007588981314262782e+02
1.038807778338407104e+02
1.146294875701299532e+02
1.010158789238393382e+02
9.683383023071637297e+01
1.237266562590274219e+02
1.168356445261878491e+02
1.075705729921843243e+02
1.132821992172481629e+02
1.047917346838170118e+02
9.893386937575033357e+01
1.275919796765432039e+02
1.023426106934090427e+02
1.027130735052851378e+02
1.061702730928743250e+02
1.160895810745525409e+02
1.030936456180710792e+02
1.176003438399296073e+02
1.093733928133768103e+02
1.090112883879374550e+02
1.051972007398691602e+02
1.115368752073854068e+02
1.019345081022618729e+02
1.257003664029709711e+02
1.172565968356940544e+02
9.675145526315117195e+01
1.078946506305530875e+02
1.040892268417716906e+02
1.110525942942806807e+02
1.222257310491058320e+02
1.077975859089472550e+02
1.006680354208127710e+02
1.164751245720787693e+02
9.857755155556893101e+01
1.202997215197199807e+02
1.064588454427260871e+02
1.111435735485494689e+02
1.131411946290297124e+02
9.606274456664721129e+01
1.323399638404048062e+02
9.918832764498705501e+01
1.038954766888929413e+02
1.136277325443928277e+02
1.110492159273964745e+02
9.987380562070711676e+01
1.078378451738351345e+02
1.084296236670760436e+02
1.184327883861748774e+02
9.867918537643581089e+01
1.212786763039360380e+02
9.145049813955537843e+01
1.088451742843338650e+02
1.094252791051599303e+02
1.187308447379604814e+02
1.040110451906789706e+02
1.204428220501301041e+02
1.005432340055036917e+02
1.206449482395471335e+02
9.724372861433995752e+01
1.172016127590518124e+02
1.169752384668185670e+02
1.032771304592635602e+02
1.129226626567191545e+02
9.720306946405239046e+01
1.203851719579773487e+02
1.244377180036224786e+02
1.042727181878957481e+02
9.810490084693817892e+01
1.120213471790122242e+02
1.069285553729062741e+02
9.991350498897392640e+01
1.048814007376338111e+02
1.298757548852177308e+02
1.011965597013514895e+02
9.394709835534233378e+01
1.091493788640459144e+02
1.038330433848712602e+02
9.715845765493655506e+01
1.179289837840972837e+02
1.293628756177027128e+02
1.062241627730363831e+02
1.023801482632710673e+02
9.868962055750741058e+01
1.064048883954078235e+02
1.222146169654093200e+02
1.179670949848045325e+02
1.181252550276831670e+02
1.010256016175864744e+02
1.017973594796754213e+02
1.248890700313257724e+02
1.110587890139175613e+02
9.349420536362866585e+01
1.217839109684943679e+02
1.276753175365392252e+02
1.144255372821541243e+02
8.647576810227120347e+01
1.104056664521972806e+02
1.109283666384118305e+02
1.001643233567152151e+02
1.146456073205416146e+02
1.331055049789071347e+02
1.080155012744691732e+02
9.402446844338058440e+01
1.048658943809311097e+02
9.850251306106166282e+01
1.054814579154452332e+02
1.158567833456840503e+02
1.093797640622853891e+02
1.013143764860492126e+02
1.080628425493069784e+02
1.097610665194710009e+02
1.059924001596418037e+02
1.030433419183660817e+02
1.247318257286158314e+02
1.046798980714329446e+02
9.926186650997691174e+01
1.133518676088458363e+02
1.018495589343180683e+02
1.094759353514619136e+02
1.068937228172647167e+02
1.231986967149415761e+02
1.096259356522198516e+02
9.526686394920763234e+01
9.340666705592319374e+01
1.276063735092235021e+02
1.127263476809319513e+02
1.108132242809921451e+02
1.160558686049786985e+02
1.037626942901097209e+02
1.085523136427100326e+02
1.066961136473341440e+02
1.072738573966218780e+02
1.147522797708121800e+02
1.052072934702898834e+02
1.292101848158669668e+02
1.165952493574324791e+02
1.071177015701857442e+02
1.042944981184059969e+02
1.004417400082725322e+02
1.119253127217548780e+02
1.136352965436303322e+02
1.176804857332348462e+02
1.144900702266126729e+02
1.216443445763831619e+02
1.041187062359697677e+02
1.058821544087811191e+02
1.104505133388170890e+02
9.885195363530044688e+01
1.308627727924570650e+02
1.091116274571807878e+02
1.126975236341825877e+02
1.118518223672615477e+02
8.872486472145099867e+01
9.619428909366189373e+01
1.086943085366327182e+02
1.186574406256523133e+02
1.010575218829333437e+02
8.274955611779790843e+01
1.297705580460250587e+02
1.168517021721202411e+02
1.022419167378716907e+02
1.101548206829450010e+02
1.112205474835813135e+02
1.147372058873909708e+02
1.129241846007601993e+02
1.056713880018874079e+02
8.370047637804641738e+01
7.815062793415049214e+01
8.890560923589333697e+01
1.663753012423788391e+02
1.289037358276697205e+02
1.011304194094963691e+02
1.014161982556095722e+02
1.255163459667968056e+02
8.894610213837661661e+01
1.023089861394077360e+02
1.208334089782329244e+02
1.079812993306123161e+02
1.027218388631303156e+02
1.139629502468514772e+02
1.021688362907607655e+02
1.076271226156499665e+02
1.073939830365504520e+02
1.062660816668089581e+02
1.086060214425418167e+02
1.149606071717805662e+02
1.023577807944420783e+02
1.168482750360399933e+02
1.092574762149870651e+02
1.053603634685629373e+02
1.033028725558801284e+02
1.077791848527005811e+02
8.853940954052298196e+01
1.231760171926550811e+02
1.113600006251026002e+02
1.157243284089751540e+02
1.161475626375697772e+02
1.075559981046846332e+02
1.030176255046215914e+02
1.107005684048048550e+02
1.165029814134438482e+02
1.015476436647712575e+02
9.681950279329799969e+01
1.100420461365804528e+02
1.281096668867394612e+02
1.035367387235647385e+02
1.080063071930929937e+02
1.073315236248743361e+02
1.060107836638610195e+02
1.151258873667167393e+02
1.015613687550886794e+02
8.624871689503332561e+01
1.209084839931433066e+02
1.216283687623239018e+02
1.046464795746136502e+02
1.189264028784168374e+02
1.008126097415568978e+02
1.100008318808761345e+02
1.054513783255152077e+02
1.098164348265521539e+02
1.113314405874351678e+02
9.808484955944599903e+01
1.074527987379441214e+02
1.189663205834925037e+02
9.939938881759665890e+01
1.072892100205933588e+02
1.211186273608354185e+02
8.506186356958903616e+01
1.372983554861306743e+02
7.655642607924183096e+01
1.055877367712415662e+02
1.220329090915455197e+02
9.701167157720529133e+01
1.021030490802723563e+02
1.204104210962855177e+02
1.109536472812921630e+02
1.084475996085032818e+02
1.061765182591680343e+02
1.033026124596516411e+02
1.193845958440129635e+02
1.072942358515879704e+02
1.110426957290200392e+02
1.387188756634368758e+02
8.400671993121576975e+01
9.805118979991289052e+01
1.229262876086360450e+02
9.659848764291589873e+01
1.156804912950351536e+02
1.121142920097038314e+02
1.277672704059672810e+02
1.020085657301452926e+02
9.441447685927334987e+01
1.177472733302155206e+02
1.038249280485375579e+02
9.103615646681109297e+01
1.089338564087405103e+02
1.334645602687863573e+02
1.131132061851108972e+02
1.008516191812244926e+02
1.103666768450923144e+02
1.304171064257367334e+02
1.067143405675015231e+02
9.307614294211047934e+01
1.226548555695060401e+02
1.082365244236248571e+02
9.885036320484209682e+01
1.215072852654606521e+02
9.369533706670665651e+01
1.057776763885347577e+02
1.006514828581673981e+02
1.151609404067858264e+02
1.122227111533830310e+02
1.166455047255682587e+02
1.057816778517835274e+02
1.061489432954689676e+02
1.088383122101627265e+02
1.127787066125049620e+02
1.096577659677810175e+02
1.059624770429859382e+02
1.030573652836974503e+02
1.195803298134845392e+02
1.121424671182825250e+02
1.110327358602697103e+02
1.048835427323544138e+02
1.102644406667148758e+02
1.330095630598015077e+02
1.059592393901764780e+02
9.289883714776227919e+01
1.163254170150079005e+02
9.857458558005623672e+01
9.389438749968132925e+01
8.358648867996775778e+01
1.595584579794519868e+02
1.093657999404575207e+02
1.117119816074671519e+02
1.080730275872712127e+02
1.026450200422796257e+02
1.124709299204422166e+02
1.140943775489178478e+02
1.133022496694159003e+02
9.837044488988985336e+01
1.145151239187507883e+02
1.157598484279126296e+02
1.090975070006492160e+02
1.064672771752563563e+02
1.032629971369071313e+02
1.140049463631112303e+02
1.079464318413468220e+02
7.968152654489301767e+01
9.599277785283858577e+01
1.226258091579101119e+02
1.123963701363180263e+02
1.179768280453966298e+02
1.199503290309409351e+02
1.030084737065758418e+02
1.156709987504176809e+02
1.024471156821619360e+02
1.077531263050789647e+02
1.130952499370839206e+02
1.143952467405089379e+02
9.148278721304382088e+01
1.195389018763138580e+02
1.065839869994035354e+02
1.041534423384970154e+02
1.161855903030564718e+02
1.050462948224325146e+02
1.034156516673500477e+02
1.151606549331977192e+02
1.064731645505637232e+02
1.266686995273059466e+02
1.314938076800708302e+02
8.110453094366961579e+01
9.369113945642713759e+01
9.991811427155025171e+01
1.405938979456176696e+02
1.058917793535147922e+02
9.579696494427159337e+01
1.128349753214140634e+02
1.007371894800415362e+02
