-5.436410325161526558e+00
-5.390671589553066134e+00
-5.322737738641514227e+00
-5.134099792188193234e+00
-5.460213216817230375e+00
-5.463997819512373511e+00
-5.501862519988765854e+00
-5.478335395143045794e+00
-5.496676121100313672e+00
-5.510732690432577741e+00
-5.507977799504728544e+00
-5.468776601386380776e+00
-5.114686223447724167e+00
-5.124940317286720948e+00
-5.117789815201308379e+00
-5.133500802102695992e+00
-5.149001391917792603e+00
-5.140699562780810083e+00
-5.124706846268558991e+00
-5.128780435168534879e+00
-5.151604367606821278e+00
-5.161471963151375242e+00
-5.128464224140396155e+00
-5.397686368883098496e+00
-5.431030201555453907e+00
-5.473892144535240867e+00
-5.509604380274748969e+00
-5.052053531774133077e+00
-5.409755435753223374e+00
-5.433255345487565613e+00
-5.367420301020508155e+00
-5.324161878474373388e+00
-5.387058888659464806e+00
-5.159538155274489668e+00
-5.427863080942698204e+00
-5.445371504687615882e+00
-5.413463374092338576e+00
-5.123072140348766901e+00
-5.504567036577469707e+00
-5.552055356250458651e+00
-5.726459916799791827e+00
-5.422980990671524282e+00
-5.525969576502030023e+00
-5.701331334391142924e+00
-5.523334209818048457e+00
-5.548842640949166238e+00
-5.478693539467300866e+00
-5.532587487217426769e+00
-5.570730498649361984e+00
-5.717328144478178942e+00
-5.484687224943239237e+00
-5.472175233433838493e+00
-5.541768804186894215e+00
-5.593905024448819319e+00
-5.448438518606846692e+00
-5.483611554804952881e+00
-5.502450641594030856e+00
-5.548313604312451019e+00
-5.585963210616676555e+00
-5.666037765986019714e+00
-5.656572258695751643e+00
-5.750390736101373967e+00
-5.748221185635099317e+00
-5.650741446803519530e+00
-5.646348521420243571e+00
-5.635123507030761481e+00
-5.633606273973573941e+00
-5.647061209784761893e+00
-5.673049836288826420e+00
-5.629648354706511704e+00
-5.673762089464447378e+00
-5.630637477472332009e+00
-5.685398507157055192e+00
-5.622942153503134755e+00
-5.654771433189288210e+00
-5.753492695528449552e+00
-5.644743778561257308e+00
-5.631497622879990672e+00
-5.641515084976454375e+00
-5.657097909437024619e+00
-5.638870320214564913e+00
-5.635719255449782139e+00
-5.635514349203724294e+00
-5.628420526549339442e+00
-5.635280959735073480e+00
-5.659761489348282382e+00
-5.646134772907499766e+00
-5.661523479677575743e+00
-5.652575765243892825e+00
-5.734502896575521369e+00
-5.720938241858235074e+00
-5.738208546777558539e+00
-5.662756988610971653e+00
-5.710133163327152594e+00
-5.706771862167988374e+00
-5.718976501513898469e+00
-5.708368828465172129e+00
-5.691093824440563331e+00
-5.510527250951252398e+00
-5.581117679560303912e+00
-5.535056346663330018e+00
-5.565378909572719301e+00
-5.509584450279552570e+00
-5.545207648409594015e+00
-5.513563637776620396e+00
-5.570710615713189817e+00
-5.635288202586339779e+00
-5.516612638936940982e+00
-5.469645438624587186e+00
-5.508552046278999192e+00
-5.528255796422016033e+00
-5.501379101586255871e+00
-5.477152016264565937e+00
-5.539611773279657925e+00
-5.483323159263946422e+00
-5.543450153281120230e+00
-5.531101418209190435e+00
-5.598373659895163890e+00
-5.549850642546084067e+00
-5.544899291693982768e+00
-5.515760858647958287e+00
-5.536827827742175856e+00
-4.737654971138629101e+00
-4.657736068887616376e+00
-4.599357250963557853e+00
-4.827169614041045165e+00
-4.786488749143842369e+00
-4.742639015398474100e+00
-5.070014982515692381e+00
-5.079273980322012605e+00
-5.044995310120087062e+00
-5.109016737039755895e+00
-4.735069196075081699e+00
-4.732160875570710523e+00
-4.639657419764172452e+00
-4.690549681181428454e+00
-4.774856878258720627e+00
-4.660247403215891815e+00
-4.651152492352271572e+00
-4.643707578438267980e+00
-4.623881240769588175e+00
-4.728282599549562093e+00
-4.635833474216531691e+00
-4.614378271791338193e+00
-4.611858045781228377e+00
-4.719322383126477227e+00
-4.715713935906363119e+00
-4.741617401598475112e+00
-5.492465260563419882e+00
-5.444969739563457090e+00
-5.383173067221203922e+00
-5.510479290954854115e+00
-5.668947536764516570e+00
-5.719635092141893473e+00
-5.598450811227468904e+00
-5.147026228208437360e+00
-5.206829720894116775e+00
-5.232473263563445443e+00
-5.761485435527735177e+00
-5.776619805010315467e+00
-5.783188712152522726e+00
-5.738521751464065623e+00
-5.770344674933817863e+00
-5.539906916339562670e+00
-5.515125774387503732e+00
-5.543961375106041700e+00
-5.520191538318721669e+00
-5.539784586361528262e+00
-5.665597359528621091e+00
-5.734532982949836821e+00
-5.293146986266429543e+00
-5.227585881370609755e+00
-5.280571295552839217e+00
-5.308933434415004093e+00
-5.332624064828637600e+00
-5.511839594592137459e+00
-5.295867021132472097e+00
-5.338802718503079525e+00
-5.349312404674710919e+00
-5.341907304141095381e+00
-5.336871784424984000e+00
-5.301597143656505473e+00
-5.310970400328892893e+00
-5.300840497690377795e+00
-5.308023023462057566e+00
-4.717341820884934478e+00
-4.737543219642281755e+00
-4.714654685120295063e+00
-4.717865413915999895e+00
-4.734190535468538741e+00
-4.725037707498976225e+00
-4.708136690735265972e+00
-4.726761047043158470e+00
-4.731826513506344867e+00
-4.717395060827787034e+00
-4.731483514331373819e+00
-4.698084015733842378e+00
-4.691032532023247548e+00
-4.718844371044295549e+00
-4.700164462143954225e+00
-4.711876594310169253e+00
-4.697474985190351227e+00
-4.685856417801858242e+00
-4.705415337726872593e+00
-5.197514642947947294e+00
-5.137202491882212563e+00
-5.150364711165535958e+00
-5.136086326884844233e+00
-5.169898948517989368e+00
-5.169106774221626566e+00
-5.199772058747411663e+00
-5.167302029960090692e+00
-5.162283895609763640e+00
-5.382237814530939524e+00
-5.336900799311702137e+00
-5.321457733159556724e+00
-5.321021749389647226e+00
-5.281278169191518934e+00
-5.394412008555299565e+00
-5.382391090611163165e+00
-5.320780840945380064e+00
-5.292516018310264414e+00
-5.105142037575967962e+00
-5.262581746222425139e+00
-5.233926292526840385e+00
-5.343468097837454245e+00
-5.303231581060697586e+00
-4.887399754874700797e+00
-4.860542401735102658e+00
-4.865151346946188227e+00
-4.877025871611126107e+00
-4.876409298345718568e+00
-4.787327300150256093e+00
-4.739320282225814474e+00
-4.753966990871294485e+00
-4.889318440943196009e+00
-4.884303344731725893e+00
-4.953320820936846225e+00
-5.262796592035152266e+00
-4.918407487727105121e+00
-5.269688093016029917e+00
-5.277547784254622343e+00
-5.204042225188138637e+00
-5.156723619932325420e+00
-4.910519931739455224e+00
-5.199402494637592298e+00
-4.958008511618955616e+00
-5.339015410509096782e+00
-4.944429489337684558e+00
-4.894868247757003132e+00
-5.309141933748527720e+00
-4.936107670557336569e+00
-4.930673764026969330e+00
-4.954769039059522484e+00
-5.246580913366775789e+00
-5.235524001190026588e+00
-5.246748347332010454e+00
-5.222369897446338172e+00
-5.142368328709183700e+00
-5.246308653336340555e+00
-5.246218663294357931e+00
-5.228405222324631119e+00
-5.237744572700544055e+00
-5.114807234946860071e+00
-5.068123134708524269e+00
-5.142755832580418129e+00
-5.139174218944541295e+00
-5.152935390832732665e+00
-5.122409282413819653e+00
-5.261095645139645782e+00
-5.232203519045899753e+00
-5.108484126861106311e+00
-5.140748836895690843e+00
-5.110326138309861932e+00
-5.559129800420446799e+00
-5.561022193083469567e+00
-5.575469045064361140e+00
-5.561630072508656930e+00
-5.578134942847730926e+00
-5.573932648839400095e+00
-5.542759443567055300e+00
-5.566322482794458182e+00
-4.735059801919796918e+00
-4.757765161163320045e+00
-5.096821262265297747e+00
-4.720791482954208362e+00
-4.720036849565557802e+00
-4.778079891570019555e+00
-4.722610660966467755e+00
-4.735542899472545031e+00
-5.680439706123053156e+00
-5.647632067123979915e+00
-5.512011623609216038e+00
-5.559143916338165070e+00
-5.543545885466615530e+00
-5.509304073694624826e+00
-5.539668018669503979e+00
-5.623946819992881707e+00
-5.692210524064176269e+00
-5.672218671142890578e+00
-5.673080322430704037e+00
-5.636454906323356440e+00
-5.652592803283021716e+00
-5.637731126867125298e+00
-5.640926049322434466e+00
-4.759815936453580143e+00
-4.753608079344249226e+00
-4.730129626915487329e+00
-4.736502863461976354e+00
-4.739005044246952458e+00
-4.723068547665697281e+00
-4.730873337004037893e+00
-4.737962229608175591e+00
-4.784250934356256479e+00
-4.791767935404651624e+00
-4.803387913929500819e+00
-4.772702974824392541e+00
-4.783313596471313822e+00
-4.734687875061016626e+00
-4.750840819546382932e+00
-4.812761307740108130e+00
-4.704223223758894790e+00
-4.817798229211228467e+00
-4.843308265186359485e+00
-4.811816426880655584e+00
-4.809406709765806198e+00
-4.754192013565218033e+00
-4.777950686521892365e+00
-4.806055076000870230e+00
-4.790966143764253893e+00
-4.766925965117190245e+00
-4.802815259033680562e+00
-4.826504965896904586e+00
-4.811431027636786872e+00
-4.805257221514856347e+00
-4.815803376334188535e+00
-4.826266319481788081e+00
-4.802503198633368164e+00
-4.808043412912534897e+00
-4.824999093472051470e+00
-4.827436777170048821e+00
-4.842340084200147388e+00
-5.106972023254857440e+00
-5.111703161721905531e+00
-5.106183683594200495e+00
-5.100889095222255420e+00
-5.103254561463474559e+00
-5.111292176106940310e+00
-5.302006966242400310e+00
-5.296684401555288524e+00
-5.294968870706175501e+00
-5.292044492849716342e+00
-5.297393459160398166e+00
-5.297840825364541928e+00
-5.292555738143762234e+00
-5.295993370075866125e+00
-5.290449528751768327e+00
-5.293885359711790528e+00
