-5.080444235087154148e+00
-5.086390664795748862e+00
-5.641743209799609637e+00
-5.324142400430064370e+00
-5.320440255643104521e+00
-5.272011178504559581e+00
-5.384126825647358672e+00
-5.192177228185135718e+00
-5.211525521278844941e+00
-5.235242269205842014e+00
-5.382016299716544161e+00
-5.258002593066991359e+00
-5.288783422527163935e+00
-5.389801048520229898e+00
-5.228951962996398528e+00
-5.240236645548461247e+00
-5.403107574545572334e+00
-5.351676943547208687e+00
-5.340895747547770966e+00
-5.358957890692270354e+00
-5.272143240432499489e+00
-5.282609861207292923e+00
-5.215577909183569005e+00
-5.326658137264877801e+00
-5.415366652895049704e+00
-5.360484962434134637e+00
-5.559705944230489472e+00
-5.386507958245554839e+00
-5.396440436190070855e+00
-5.250788361171159657e+00
-5.226900740404085255e+00
-5.286455786877492180e+00
-5.405439278749275545e+00
-5.352690459870826700e+00
-5.347242361275366562e+00
-5.190378607961586788e+00
-5.210312428987420752e+00
-5.481804263593560655e+00
-5.475281688001062186e+00
-5.537872511492738070e+00
-5.115016987504538371e+00
-5.205436691752675316e+00
-5.620309263832569791e+00
-5.471472372236757309e+00
-5.094133933060662756e+00
-5.220221122148716475e+00
-5.597797219005963498e+00
-5.187010199132090271e+00
-5.483544796687104927e+00
-5.056779936728254654e+00
-5.461646067128178572e+00
-5.463435447296712155e+00
-5.165908957399610202e+00
-5.531273190281014607e+00
-4.966535927578092924e+00
-5.412970782582773310e+00
-5.437701716055708623e+00
-5.475473992556614711e+00
-5.409722503498690216e+00
-5.430770021794755209e+00
-5.440869374289893479e+00
-5.628995315787797438e+00
-5.628688776535632599e+00
-5.629202921676022875e+00
-5.428610553792736049e+00
-5.503671462824729410e+00
-5.485844449090905961e+00
-5.465945147050661923e+00
-5.619992990913133646e+00
-5.499560682011643387e+00
-5.470743408719158651e+00
-5.481979716834703531e+00
-5.474370763468941803e+00
-5.525388478986163143e+00
-5.421921344495859607e+00
-5.471079868804620716e+00
-5.481736597225604690e+00
-5.498839584654333201e+00
-5.494324626621349239e+00
-5.129654746010399613e+00
-5.418430758041168360e+00
-5.477949531200256850e+00
-5.443856235116486531e+00
-5.511974242648152611e+00
-5.490486021114445059e+00
-5.513999382799105398e+00
-5.002926058661556930e+00
-5.509476994895799784e+00
-5.506747324549720268e+00
-5.074978792318737497e+00
-5.500962645894618142e+00
-5.433667205288099211e+00
-5.426120469670800084e+00
-5.489536760455335340e+00
-5.029666796921728356e+00
-4.868419698470835222e+00
-5.632501974040875936e+00
-5.476268094973913314e+00
-5.464639867137746521e+00
-5.406161589767533471e+00
-5.477160567037445027e+00
-5.102407989946371458e+00
-5.492840567666418927e+00
-5.460154648701980307e+00
-5.498234403124809155e+00
-5.628690730465788938e+00
-5.496546466695344968e+00
-5.454967356416667634e+00
-5.501782248423511490e+00
-5.538596368539977277e+00
-5.463874659298444847e+00
-5.455559115715910679e+00
-5.477726948796332707e+00
-5.626613003201510921e+00
-5.529824647803919468e+00
-5.453444843148723464e+00
-5.620265973644216650e+00
-5.449512613682282236e+00
-5.461767591466532679e+00
-5.531570304729092946e+00
-5.468382163136216612e+00
-5.459984740476754084e+00
-5.464125612672103394e+00
-5.617684855580469261e+00
-5.629595379087757756e+00
-5.422946323758345066e+00
-5.463288451347867003e+00
-5.451166302561707866e+00
-5.467892344583094477e+00
-5.406238900970170569e+00
-5.335166916532450010e+00
-5.425244682793765705e+00
-5.550318038922426034e+00
-5.533782584490649192e+00
-5.466301018037513337e+00
-5.459682519690330693e+00
-5.570981743448988333e+00
-5.498070148741119212e+00
-5.285020775804351700e+00
-5.419462996855435755e+00
-5.431290486975069776e+00
-5.482845737807757303e+00
-5.570072795657500464e+00
-5.444285677812509938e+00
-5.496862303646304682e+00
-5.438192909121597474e+00
-5.567603900921367810e+00
-5.624763952804611833e+00
-5.433982504090154819e+00
-5.431711329035262992e+00
-5.497590422380560504e+00
-5.491634941151732896e+00
-5.466662664901546620e+00
-5.472292571881904877e+00
-5.229565590925083107e+00
-5.253322093770968593e+00
-5.427807158061268566e+00
-5.477165625821101891e+00
-5.296113759272985000e+00
-5.244534625029983133e+00
-5.417922598559057334e+00
-5.552685943572297944e+00
-5.455891394422986984e+00
-5.493378139818203110e+00
-5.482017606233261731e+00
-5.259157945032473691e+00
-5.462497474507865824e+00
-5.030160022928958696e+00
-5.425184078531136045e+00
-5.097586367911959293e+00
-5.218329448888137101e+00
-5.460682125278124133e+00
-5.502851851317596577e+00
-5.495360205685112298e+00
-5.447306411299766893e+00
-5.114114297047392732e+00
-5.624633851492642833e+00
-5.461440937271066609e+00
-5.112682772345475968e+00
-5.565783090076421580e+00
-5.447036656653573061e+00
-5.441735391299046043e+00
-5.489377025021439316e+00
-5.465704715446859652e+00
-5.611525193200119332e+00
-5.417380036688942191e+00
-5.177120242860168808e+00
-5.063037887937949399e+00
-5.474063267043650427e+00
-5.436217872343614310e+00
-5.491657328167375063e+00
-5.442496055930982735e+00
-5.466971811669360193e+00
-5.465001558784114977e+00
-5.577118162999503248e+00
-5.636017162634325395e+00
-5.460964828072566668e+00
-5.492376465339725122e+00
-5.455113724257830476e+00
-5.558526460844736228e+00
-5.485388914720065401e+00
-5.640622791155014859e+00
-5.135850131326396451e+00
-5.476375487335763736e+00
-5.245906877977655647e+00
-5.443575647591973876e+00
-5.492225725108371037e+00
-5.490170496255672994e+00
-5.494755636752256756e+00
-5.502134016059017085e+00
-5.317022139759302490e+00
-5.482536161375180406e+00
-5.621105817283450712e+00
-5.507142007291302654e+00
-5.441254761751150859e+00
-5.370676781985951109e+00
-5.478011811439114531e+00
-5.479944029895620794e+00
-5.412498568938620913e+00
-5.456705026376129197e+00
-5.187565117513708302e+00
-5.467233513187292893e+00
-5.487952657156919045e+00
-5.578232338792509459e+00
-5.181049443923976483e+00
-5.468802280509660108e+00
-5.570630197970621644e+00
-5.480067070886920355e+00
-5.485504243182337092e+00
-5.200055889329003200e+00
-5.483006180883055691e+00
-5.484488896653131107e+00
-5.563073784513759890e+00
-5.500021953565196853e+00
-5.493473673069387608e+00
-5.561405563122004736e+00
-5.490457439204446288e+00
-5.445298255689751343e+00
-5.046790621326785242e+00
-5.635045695107704589e+00
-5.439468533316198062e+00
-5.448308858254356402e+00
-5.212967229258132384e+00
-5.461082299614819391e+00
-5.469459238978775950e+00
-4.978684882523751298e+00
-5.447813092203907637e+00
-5.476530975376664223e+00
-5.490947425368334578e+00
-5.457152650781055492e+00
-5.493151488767816559e+00
-5.512447378688182908e+00
-5.446516738152267223e+00
-5.629312038100107607e+00
-5.503060963025160568e+00
-5.525716524053246204e+00
-5.468608180637183125e+00
-5.497804119499640763e+00
-5.109383061939434256e+00
-5.148023311942765190e+00
-5.504168133421408982e+00
-5.487353583679652758e+00
-5.605944713708577609e+00
-5.448456438146867420e+00
-5.432383734841486955e+00
-5.546117370469465513e+00
-5.614797781718908531e+00
-5.050753916524878484e+00
-5.560526725702417572e+00
-5.473042161392836391e+00
-5.435224952627415007e+00
-5.418098132247686216e+00
-5.481177812800219762e+00
-5.049257162175148750e+00
-5.081088241878383371e+00
-5.519484379848481836e+00
-5.474166698739498571e+00
-5.560122471483430751e+00
-5.491740914305352383e+00
-5.610555384215072827e+00
-5.470154192716949915e+00
-5.066586901166306056e+00
-5.474713608117974140e+00
-5.549919051109295509e+00
-5.475540148450810385e+00
-5.408635263679788530e+00
-5.479081976315150371e+00
-5.480231531075646423e+00
-5.492793044383493140e+00
-5.559659089802933885e+00
-5.162032107041995665e+00
-5.442819493396878983e+00
-5.463107749620544240e+00
-5.179726223280704644e+00
-5.630955812887808776e+00
-5.566598430838474165e+00
-5.518511303344950214e+00
-5.457210081023669446e+00
-5.054518055453828929e+00
-5.616922153918019411e+00
-5.471265851499331312e+00
-5.437588153454775863e+00
-5.459391147318393145e+00
-5.438787211698682178e+00
-5.468902132450666365e+00
-5.465359572325504622e+00
-5.481639250265466501e+00
-5.172532665156225562e+00
-5.461799623491215172e+00
-5.538699976726810803e+00
-5.450253555858461496e+00
-5.496525640454057005e+00
-5.094667317884502111e+00
-5.622347104397116269e+00
-5.550703754739953588e+00
-5.509840049929742634e+00
-5.555550061165645204e+00
-5.049781174595938005e+00
-5.476181210868563909e+00
-5.627542245100014995e+00
-5.464879599403844601e+00
-5.211815625106706484e+00
-5.481532832488606566e+00
-5.469503470617103069e+00
-5.617621786531801220e+00
-5.220492082354249774e+00
-5.476719225149985881e+00
-5.544406191505905745e+00
-5.516404789948214926e+00
-5.617297054322719418e+00
-5.220967137518097267e+00
-4.955596494753597980e+00
-5.492355921638476524e+00
-5.422307630219557417e+00
-5.430662210369150422e+00
-5.623564793715732257e+00
-5.542093565045184356e+00
-5.293231731813952123e+00
-5.499057624779979392e+00
-5.507174126663331393e+00
-5.203060126813967123e+00
-5.480430868860009852e+00
-5.548682870101627529e+00
-5.438866681162864758e+00
-5.501952353353114944e+00
-5.615215383990128650e+00
-5.602949202045534705e+00
-5.480206516592575738e+00
-5.498876751116340778e+00
-5.046184733424990299e+00
-5.493328599036732207e+00
-5.028600446737904406e+00
-5.095336875861169901e+00
-5.539024747903188661e+00
-5.481986689309346517e+00
-5.476769452392541204e+00
-5.505300172771539380e+00
-5.485412334472739460e+00
-5.567232140231721971e+00
-5.186512388682234409e+00
-5.497449202257470802e+00
-5.154045949524202364e+00
-5.524869737013876403e+00
-5.478818984315892315e+00
-5.442531467911148724e+00
-5.482478530984022491e+00
-5.450285200648966821e+00
-5.465417239900778767e+00
-5.472105593243769661e+00
-5.503775288666663101e+00
-5.508674426842151917e+00
-5.474168757146014919e+00
-5.628458758586799782e+00
-5.501048184978158062e+00
-4.977479070285300899e+00
-5.167950592779541275e+00
-5.212393909659710722e+00
-5.237410788194354794e+00
-5.534219782134774057e+00
-5.119031328623348642e+00
-5.563485142281566098e+00
-5.571108750125071118e+00
-5.481383394494834249e+00
-5.448613061935010826e+00
-5.175098988203585826e+00
-5.157663807361205777e+00
-5.509054222603804618e+00
-5.449893901756730941e+00
-5.107039688118324428e+00
-5.460840768941568335e+00
-5.329705070163606173e+00
-5.464303441223924196e+00
-5.612957147763860455e+00
-5.505889721486543209e+00
-5.469301421714887645e+00
-5.519064030777478536e+00
-5.439647871431386505e+00
-5.097414797379696161e+00
-5.476347464493965589e+00
-5.592527276717304652e+00
-5.471075464030803914e+00
-5.447989212284100269e+00
-5.521076278758724420e+00
-5.490149721875662081e+00
-5.486420583025624076e+00
-5.471451913316538906e+00
-5.474532805295295290e+00
-5.255976911058470868e+00
-5.130206478433231965e+00
-5.146065821119018224e+00
-4.980670972610999669e+00
-5.471290886148763022e+00
-5.498994005342882296e+00
-5.441775718505677872e+00
-5.494671798120665862e+00
-5.156114037712286269e+00
-5.473649782906135464e+00
-5.097748498900108949e+00
-5.486914737157718491e+00
-5.444234135218596116e+00
-5.536802141291063961e+00
-5.292742676727935525e+00
-5.519476921351432530e+00
-5.536305186360926278e+00
-5.217951383102107599e+00
-5.493695827882429050e+00
-5.451590823840906097e+00
-5.234210974048290943e+00
-5.463301469066923488e+00
-5.462006777255942858e+00
-5.478227298627202480e+00
-5.565808377979657884e+00
-5.498377824609876008e+00
-5.219262090811447763e+00
-5.541295956809180190e+00
-5.608528025285123064e+00
-5.497546873054599992e+00
-5.467759046557012503e+00
-5.616258009132921281e+00
-5.230254106537519654e+00
-5.126003997452083460e+00
-5.083873125470735665e+00
-5.487041456061388267e+00
-5.515164159584003301e+00
-5.474015015949291296e+00
-5.487044702446382871e+00
-5.213493684100408920e+00
-5.190635688258104175e+00
-5.393644389370071401e+00
-5.662906609991714468e+00
-5.420421329704296021e+00
-5.437228730783963293e+00
-5.218970879343713953e+00
-5.198725177135194109e+00
-5.308814170872118154e+00
-5.166176670061955356e+00
-5.206129530293421404e+00
-5.202782104760879101e+00
-5.150161546121033496e+00
-5.229595500811728748e+00
-5.342476809035994201e+00
-5.589685812351540939e+00
-5.077502426709052941e+00
-5.438063284203772163e+00
-5.434431856714462938e+00
-5.345590799846529961e+00
-5.316160498796081768e+00
-5.437211874730484062e+00
-5.330909633022530514e+00
-5.184893701690583612e+00
-5.387714431446860353e+00
-5.695341832295357953e+00
-5.206130389770014411e+00
-5.440931443404374512e+00
-4.956586469009253371e+00
-5.162891913222610540e+00
-5.349080512549078570e+00
-5.312952232210789383e+00
-5.375335427264253063e+00
-5.281872072734443258e+00
-5.408374248469936418e+00
-5.188534453670627045e+00
-5.007419772610943731e+00
-5.333018968344580557e+00
-5.313077429563832332e+00
-5.695354180587168358e+00
-5.307878165236819434e+00
-5.641355013121231998e+00
-5.313080072557175626e+00
-5.427559334221513154e+00
-4.539818075514093110e+00
-5.304030136770832016e+00
-5.403593444414386937e+00
-5.150161739035617359e+00
-5.171830174326045970e+00
-5.682483792093749209e+00
-5.616571685825330285e+00
-4.701801762428808651e+00
-5.147424911629546074e+00
-5.212124958654660745e+00
-5.312778681078235365e+00
-5.386494543360124787e+00
-4.989728729112592021e+00
-5.375336820955175732e+00
-5.189916869106924402e+00
-5.184893291791647485e+00
-5.197236379063896905e+00
-5.307066223496891944e+00
-4.775236446602049156e+00
-5.375334719943681172e+00
-5.530536187819470761e+00
-5.008217906968002175e+00
-5.321030109059770474e+00
-5.352817868520317823e+00
-5.305257381652781490e+00
-5.206242816650064498e+00
-5.295354262707200554e+00
-5.314373750659253659e+00
-5.304032258311837111e+00
-5.387679907669085111e+00
-5.386347909997009076e+00
-5.188552773154521347e+00
-5.412070174831820069e+00
-4.979251685193763599e+00
-5.395587882556511339e+00
-5.206131080713027437e+00
-5.682483902157349220e+00
-5.077503541207014415e+00
-5.305395429749440339e+00
-5.099268561680226242e+00
-5.077779320005971542e+00
-4.701798508732284887e+00
-5.328597423887099893e+00
-5.363353507306170442e+00
-5.079626108766141179e+00
-5.173634500578764062e+00
-4.417413306948164475e+00
-5.289181250676449508e+00
-5.407558658257700657e+00
-4.809378457660982598e+00
-5.075573484763737930e+00
-5.173632978971302698e+00
-5.166176177317933771e+00
-5.166176238411802402e+00
-5.195593622709155035e+00
-5.367897268666673050e+00
-5.358772148774818334e+00
-5.082879049435105046e+00
-4.703856099508999300e+00
-5.183918370288071564e+00
-5.179159225838159131e+00
-5.616549819693389622e+00
-5.310270124443278839e+00
-5.316322162446474486e+00
-5.184893092743447340e+00
-5.412061237887427545e+00
-5.509794793290877735e+00
-5.305257317368819336e+00
-5.197235484306073516e+00
-5.322230865117524523e+00
-5.623298972239191507e+00
-5.378159693492047921e+00
-5.200504583531515124e+00
-5.099860799534269518e+00
-5.623306455303316298e+00
-5.392358831942383190e+00
-5.345968267171969046e+00
-5.190636755912982458e+00
-5.589687756318358680e+00
-5.078029874469735638e+00
-4.954971555803339811e+00
-5.186635585585970709e+00
-5.363843280468004515e+00
-5.189916200205449748e+00
-4.816081230702220495e+00
-5.375507679844655051e+00
-4.930835085988752198e+00
-5.275021603435504858e+00
-5.233008074985729507e+00
-5.437180924850662400e+00
-5.287628678914994218e+00
-4.607056524889218352e+00
-5.395586951899542072e+00
-4.724961480470335040e+00
-5.312791951866295825e+00
-4.980096553565955375e+00
-5.367018202972342777e+00
-5.352477618433111317e+00
-5.032828889549777251e+00
-5.274940240668632541e+00
-5.184891629672491398e+00
-5.407532448700618666e+00
-5.345617773420188179e+00
-4.878169031760323016e+00
-5.166176675938356055e+00
-5.345970320539954024e+00
-5.050157855613804259e+00
-5.395815169929075061e+00
-5.215687438621484873e+00
-5.150164909617004128e+00
-5.195593742399956305e+00
-5.168060680886495284e+00
-5.241400628408339202e+00
-5.082275078204922636e+00
-4.452531196021121573e+00
-5.043267190413920353e+00
-5.682485476968663463e+00
-5.305397528165359589e+00
-5.195593715395212975e+00
-5.194071424020397565e+00
-5.215688441631878725e+00
-5.188534779678159126e+00
-5.420474579836422002e+00
-5.387496137757761261e+00
-5.342242049574004170e+00
-5.352476487077999501e+00
-5.530541444069285717e+00
-5.188554185904274973e+00
-5.353196187931601457e+00
-5.184893793109465854e+00
-5.330257219808509639e+00
-5.614645477550800123e+00
-5.437252667111231119e+00
-5.296300980275066017e+00
-5.337196285155323849e+00
-5.386536159176769090e+00
-5.322212912552029884e+00
-5.672349957972419254e+00
-4.501801880968804070e+00
-5.035126609246253437e+00
-5.334587374094378553e+00
-5.183610903224006528e+00
-5.171825440741615765e+00
-5.206836427039688076e+00
-5.173632417334313338e+00
-5.642895549022114210e+00
-5.305394160520275015e+00
-5.412070410134465881e+00
-5.156528072489322767e+00
-5.375736851364650626e+00
-5.307096277377931770e+00
-5.352539984949880036e+00
-5.156522355070278785e+00
-5.161986026625322133e+00
-5.092794595839979621e+00
-4.978107893296311204e+00
-5.360451193658955837e+00
-5.387524803334168944e+00
-5.342131673249041590e+00
-5.552439999915530500e+00
-5.157099984094537959e+00
-5.403277263077735704e+00
-5.296406287298108140e+00
-5.352477698725437882e+00
-5.305940148996796779e+00
-4.779611782295095423e+00
-5.440930361814134031e+00
-5.188553997609519186e+00
-5.186636906564310756e+00
-5.218977812592159538e+00
-4.571170721012010496e+00
-5.270575561137620824e+00
-5.333174655083734450e+00
-5.304035501634824179e+00
-5.296304204050080955e+00
-5.385778786402898533e+00
-5.253833450443774034e+00
-5.197233379179370338e+00
-5.116244382371261779e+00
-4.929935215729437381e+00
-5.145185385592439431e+00
-5.290582389062599589e+00
-5.195637051372606230e+00
-5.206130205437105474e+00
-5.392353553233854235e+00
-5.616573721866629398e+00
-5.378159688909374125e+00
-5.363757147310572293e+00
-5.070484306591100498e+00
-4.957135696490919230e+00
-5.243368797038950646e+00
-4.979998876161856991e+00
-5.139487416245260398e+00
-5.190174878746767639e+00
-5.157053560930756397e+00
-5.091372268592029293e+00
-5.081267630773929511e+00
-5.140978617673051865e+00
-5.345038783005149341e+00
-5.321030299770843186e+00
-5.272716651711628622e+00
-5.151026199897504654e+00
-5.132625718052776342e+00
-5.623297341404946081e+00
-5.175703873879751171e+00
-5.148153548054878570e+00
-5.248274833778788562e+00
-5.407546474817526594e+00
-5.288486462343962025e+00
-5.136173832130621619e+00
-5.345969721455616330e+00
-4.438637206518633249e+00
-5.447989362244539002e+00
-5.054145144458832561e+00
-5.623295091781826294e+00
-5.184892396602383435e+00
-5.188553549575281920e+00
-5.405674697295808073e+00
-5.340081051982622284e+00
-5.695359767039591681e+00
-5.040484157882352712e+00
-5.218971836553618182e+00
-5.305395319434476953e+00
-5.054984610286241242e+00
-5.196067248829241869e+00
-4.869745419183552748e+00
-5.219754803017122136e+00
-5.219755503756664083e+00
-5.195248000619518081e+00
-5.250615348745930611e+00
-5.347276758826948750e+00
-5.403413961166046775e+00
-5.353188047198973898e+00
-5.186638268152115039e+00
-5.199309912696246982e+00
-5.375338807058644086e+00
-5.200504455541905990e+00
-5.300007588458451657e+00
-5.330049802219952504e+00
-5.416912319453690117e+00
-5.066734911732209135e+00
-5.328652851063274021e+00
-5.352478982047019329e+00
-4.592849893479754364e+00
-5.288717541256944266e+00
-5.322627592242216821e+00
-5.352476332850454099e+00
-5.312748400925843661e+00
-5.368950534665444252e+00
-5.175149674059769112e+00
-5.322231027603161024e+00
-5.337185369371626464e+00
-5.344644919246758441e+00
-5.025606529419428092e+00
-4.820966555574515588e+00
-5.043022678237479184e+00
-5.070696525754033956e+00
-4.958905903520110847e+00
-4.865399770334526863e+00
-4.802821169959614167e+00
-5.037010735376090231e+00
-5.162800258175856527e+00
-5.056906690749225497e+00
-5.163594893456486368e+00
-4.796818525451654658e+00
-5.013810332446762885e+00
-4.891399863089761268e+00
-4.989600523476866556e+00
-4.849666605596630653e+00
-4.909817920257897761e+00
-5.138471928459938276e+00
-4.858794931325683741e+00
-4.934935991040124037e+00
-4.975234400633254950e+00
-5.203195399636786789e+00
-5.014298342739432535e+00
-4.870818728768207428e+00
-5.262163649048257952e+00
-4.938573510652815912e+00
-4.913450091086953186e+00
-5.061106072082234952e+00
-4.858607608039690717e+00
-4.899700303999608764e+00
-4.728312257219436709e+00
-5.094251677832399849e+00
-5.125715898549313643e+00
-5.110388836604159657e+00
-5.063858003650924644e+00
-5.140328737831654671e+00
-5.121422929067618313e+00
-5.251049721062820197e+00
-4.831726651706862441e+00
-4.985972729011614923e+00
-4.938983390305696553e+00
-5.007372573092598422e+00
-4.884854104990429491e+00
-5.097419526071869988e+00
-5.220318426326372219e+00
-5.104631001562281334e+00
-4.862644657112839219e+00
-4.861768664315871291e+00
-4.970422043217109120e+00
-5.140087133285778265e+00
-5.078910394792151450e+00
-5.063594788940910973e+00
-4.972404802228298060e+00
-5.062904995540651321e+00
-5.014203818480305941e+00
-4.863111996795776548e+00
-5.054964048188632653e+00
-5.297123058436080889e+00
-4.478608793995025650e+00
-5.571342723651010687e+00
-5.616610088050955518e+00
-5.298867664656942367e+00
-5.674015143497999070e+00
-5.533433126873542385e+00
-5.674015780115444052e+00
-5.559047367038250975e+00
-5.602821647719593123e+00
-5.559117825096795862e+00
-4.762423067559206302e+00
-5.559087822249431987e+00
-5.585089359763164119e+00
-5.674359466790189543e+00
-5.589404712784002527e+00
-5.299046405200545706e+00
-5.591836122920104124e+00
-5.588258303941508132e+00
-5.294752541003058255e+00
-5.562218117506819937e+00
-4.924049376695301738e+00
-5.589456134944829735e+00
-5.571665371186891313e+00
-5.571318938713065272e+00
-5.236995002087764917e+00
-5.616752521430809608e+00
-5.685838911359936354e+00
-5.208657693474659567e+00
-5.533222782313676369e+00
-5.591042152904353024e+00
-5.331074260086674954e+00
-5.353496583124322861e+00
-5.588185891843708397e+00
-5.562730162090805841e+00
-5.596171914093344135e+00
-5.591983964203727453e+00
-5.267823113238270238e+00
-4.571834382231918958e+00
-5.577579932572851007e+00
-5.594880372196873175e+00
-5.616807044318758102e+00
-5.616772590689328659e+00
-5.614920977378341505e+00
-5.429877980031088569e+00
-5.585685270981052497e+00
-5.608413685320073228e+00
-4.248218825298945234e+00
-4.440879285794990139e+00
-4.763253024360663446e+00
-5.439515875726312899e+00
-5.353491603929758647e+00
-4.761406391371752811e+00
-5.264811641209674598e+00
-5.665379015703909005e+00
-5.479693694477944632e+00
-5.571304690881625277e+00
-4.949273133840720540e+00
-5.331063859822294582e+00
-5.262250221436318931e+00
-5.559965701048941611e+00
-5.334095857545634090e+00
-5.571611688817866614e+00
-5.297065319862026556e+00
-5.592771066924369094e+00
-5.597722041366065326e+00
-5.258901074688036026e+00
-5.592712458261533293e+00
-5.616731084122047690e+00
-5.585724863776256655e+00
-5.602872764959883511e+00
-4.466498059979101320e+00
-5.562694428270447133e+00
-5.596117860920352349e+00
-5.589415285928624577e+00
-5.335930935202891412e+00
-5.686568471907357036e+00
-5.415512304141859801e+00
-5.596200026266670235e+00
-5.685814399155139753e+00
-5.680084376658001588e+00
-5.463628721843606151e+00
-5.650764863759130563e+00
-5.688739004844520331e+00
-5.312790938917936856e+00
-5.355878393067296628e+00
-5.616748786445059594e+00
-5.353501455981311885e+00
-5.616788452550381727e+00
-5.614600094965620514e+00
-5.589069086678441600e+00
-5.343444335476038809e+00
-4.976076287774534812e+00
-5.570841581225899120e+00
-5.663408992266790065e+00
-5.602891174024878573e+00
-5.042935567951300158e+00
-5.570625796081738912e+00
-5.591930237281444782e+00
-5.596124834095594025e+00
-5.309773605314738631e+00
-5.547317049313925885e+00
-5.055172056996577012e+00
-5.585638709001081281e+00
-5.597115132171702534e+00
-5.665391913588162964e+00
-5.573212929540209082e+00
-5.602841803296464640e+00
-5.688663786217137641e+00
-5.504090442681943252e+00
-5.589138349031316899e+00
-5.614562667696590736e+00
-5.602881118499619895e+00
-5.559022872181135000e+00
-5.286822883197847212e+00
-5.587900112123298513e+00
-5.686598550911908134e+00
-5.577716653341262543e+00
-5.674030037613166932e+00
-5.262989522611039028e+00
-5.589373237644905679e+00
-5.373080591639695314e+00
-5.561197548774566179e+00
-5.571578093268336751e+00
-5.597142677690421841e+00
-5.685952106592275790e+00
-5.351963850164749736e+00
-5.331115419310284764e+00
-5.680042517372766220e+00
-5.596274767547195772e+00
-5.678544655629154114e+00
-5.559701629506829335e+00
-5.558978584738046180e+00
-5.343453130643670335e+00
-5.566531988457200875e+00
-4.170116038051058460e+00
-5.616817224260757691e+00
-5.588135189865583996e+00
-5.677135545423802832e+00
-5.331138271865074607e+00
-5.591991383282771899e+00
-5.571584466730537422e+00
-5.566545836434194428e+00
-5.236789714788844030e+00
-4.167745168712432502e+00
-5.562678857761163442e+00
-5.562675300636990450e+00
-5.585702606819739735e+00
-5.571518694766761648e+00
-5.596361003541809431e+00
-5.052664246636020984e+00
-5.562695815719302495e+00
-5.571676802693686703e+00
-5.571295444302905686e+00
-5.614772327073595193e+00
-5.297027982282880743e+00
-5.677147081264293682e+00
-5.298955964396327545e+00
-4.984140361092756599e+00
-5.564064276848761814e+00
-4.300200695761808412e+00
-5.569515701472806946e+00
-5.587655958552153024e+00
-5.343462929862229593e+00
-5.229700872099460440e+00
-5.677181334056645490e+00
-5.331104018000065281e+00
-5.566680108484793443e+00
-5.312851025968537755e+00
-5.616641423314266746e+00
-5.592695730139506161e+00
-5.596128132991244897e+00
-5.608426302450418177e+00
-5.307354010711206271e+00
-4.017497907224677256e+00
-3.675776252627663609e+00
-3.361135393484775857e+00
-3.675776252627663609e+00
-2.602851028522779053e+00
-3.811417890302351452e+00
-3.675776252627663609e+00
-3.954589010910143809e+00
-3.322888364782057735e+00
-3.386229038251578061e+00
-3.304350567571431974e+00
-4.055679608000486880e+00
-4.052803451231006271e+00
-3.844371215854192947e+00
-4.029221048754838108e+00
-3.942764384818398415e+00
-3.079037779485528148e+00
-3.675776252627663609e+00
-3.152199439986264728e+00
-4.005190503279677294e+00
-3.339927322663839515e+00
-3.675776252627663609e+00
-3.649358969193138513e+00
-4.143491719233031390e+00
-3.675776252627663609e+00
-4.038152957746867777e+00
-3.860589150123112212e+00
-4.177455018804864473e+00
-3.800708251099835344e+00
-3.912254992143568977e+00
-4.029099807247821907e+00
-4.022177061852366009e+00
-3.624836153969191344e+00
-3.672887060759508326e+00
-3.480705134369229459e+00
-4.795972719608524670e+00
-4.939238941904892322e+00
-5.128272390684854187e+00
-4.912928510877279109e+00
-4.665746805294334720e+00
-4.967048617643094133e+00
-4.752215945000569874e+00
-5.149110228130440170e+00
-4.617830104154265314e+00
-4.889405511869473031e+00
-4.806664368689361311e+00
-5.186547312040220348e+00
-4.931845663567454352e+00
-4.772258407104916778e+00
-4.852030823350364841e+00
-5.069694136514117488e+00
-5.167099675436870321e+00
-5.209631123272798092e+00
-5.008250262495526073e+00
-4.819012125460225171e+00
-5.018734406501103251e+00
-5.065520815127753096e+00
-5.099209321029292141e+00
-5.182200424626818958e+00
-5.012162553868651393e+00
-4.696439854053561902e+00
-5.168178056881481908e+00
-5.111016063735228876e+00
-5.131932672444385446e+00
-5.373839603290704758e+00
-5.132128762451159787e+00
-4.844453605539882801e+00
-4.935260620564144496e+00
-5.315986418067133457e+00
-5.424587009744580079e+00
-5.048593332427694591e+00
-4.761771372733530683e+00
-5.203916681021810930e+00
-4.956923232389243594e+00
-5.112132000122839415e+00
-4.938153139906559019e+00
-5.087037268630228759e+00
-4.892156942210916348e+00
-4.842648002395499418e+00
-5.472178348740573739e+00
-4.875851944491757628e+00
-4.688203037781569549e+00
-5.283901676185382534e+00
-5.272319967838880572e+00
-5.104127317502103800e+00
-5.170758413671014964e+00
-4.761104678937605250e+00
-4.822190789594565707e+00
-4.572281245998664367e+00
-4.815043154979437467e+00
-4.568704849842197824e+00
-4.680675842985301038e+00
-5.149539665776011965e+00
-4.744499744533242414e+00
-4.743897104543208343e+00
-4.820196302220923990e+00
-4.872983105020913364e+00
-2.931497803944072000e+00
-5.795661927213155984e+00
-2.408190411985471346e+00
-1.573159473632743666e+00
-2.759289390937519570e+00
-2.763683990532201928e+00
-9.374971148184432224e-01
-1.477184241581658730e+00
-3.410521496469065994e+00
-1.981023945345185666e+00
-2.678101765527365785e+00
-2.352726471850726586e+00
-3.765834369459354125e+00
-2.859290792900643030e+00
-3.192904476133416214e+00
-2.836925308537328050e+00
-3.727136149507033647e+00
-2.113511102939725994e+00
-2.075898022910898533e+00
-3.699491987975839891e+00
-1.685797858590168063e+00
-4.133586507492165829e+00
-2.080727662488472518e+00
-2.559331540160278085e+00
-3.452296970856541414e+00
-3.649697639760750789e+00
-3.015337896841729037e+00
-2.611454600001818616e+00
-2.360003990122011341e+00
-3.284805379892831390e+00
-2.928504913517832264e+00
-2.645938294040774519e+00
-3.671613263494816870e+00
-2.868867002358522988e+00
-2.930675969867738484e+00
-2.924646597678745241e+00
-2.989261823576567334e+00
-2.538208358453509561e+00
-3.401311471182441259e+00
-2.828923324928688476e+00
-3.811988711985884848e+00
-3.537665283660412108e+00
-3.286355931991489676e+00
-2.033968664520633851e+00
-3.188054998863821599e+00
-3.464738605345241140e+00
-3.292378278487539944e+00
-3.262988631455399524e+00
-3.033800659335760042e+00
-1.292960105710981411e+00
-2.660055567970874169e+00
-2.740638592305265409e+00
-2.737904876475144356e+00
-3.646884037690957481e+00
-2.945977791314920324e+00
-3.340638610409270459e+00
-3.940501889026639226e+00
-2.799288562175325179e+00
-3.642659686561632526e+00
-2.708856274170950318e+00
-3.512497374550842544e+00
-2.314901926690272393e+00
-1.573563683873575592e+00
-4.368574254766491194e+00
-2.207306380238001520e+00
-3.452577193312216242e+00
-1.330699992917917074e+00
-3.612030188482065363e+00
-3.485356988290929880e+00
-2.755155647261545937e+00
-3.422627380485875559e+00
-3.598837666159438786e+00
-2.783598775848621365e+00
-4.113008887281126569e+00
-4.671446233865210296e+00
-4.382831840308801574e+00
-4.040665027069898052e+00
-4.730913886926520817e+00
-4.151419933574787891e+00
-4.092645360524715059e+00
-4.001662827725538385e+00
-4.394962623793877476e+00
-4.237858560515888051e+00
-4.860117717675018767e+00
-4.476825601928183573e+00
-4.398030571798086541e+00
-4.475473792203870538e+00
-4.123067201179174468e+00
-4.339981473330711381e+00
-4.784901881070347862e+00
-4.262871467984356677e+00
-4.393468173265986820e+00
-4.213032823998130283e+00
-4.471179822162790529e+00
-4.096510038634892936e+00
-4.789509488142113192e+00
-4.965308219540212953e+00
-4.112373273973290111e+00
-4.619026164767508824e+00
-4.771142043476785943e+00
-4.937054110116574357e+00
-4.329478604643771433e+00
-4.803717931003471442e+00
-4.497829917878769734e+00
-4.089448481552717674e+00
-4.142858290172340752e+00
-4.182583022283838048e+00
-4.540984675995447972e+00
-4.486589780386608162e+00
-4.455100726760626628e+00
-4.239755658580726561e+00
-4.160152563916179602e+00
-4.229087396209589400e+00
-4.548193889707404125e+00
-4.192233434683549476e+00
-4.733394343683718475e+00
-4.796123927480952176e+00
-4.620804848689777700e+00
-4.244295135940633124e+00
-4.757103720361870458e+00
-4.872742960349181196e+00
-4.171290381486482346e+00
-4.712792156367316743e+00
-4.213670598275746748e+00
-4.167290603340672028e+00
-4.752655105542084257e+00
-4.438849255634545798e+00
-4.882861986636620522e+00
-4.739091343460040129e+00
-4.447323248688975994e+00
-4.216805161470658980e+00
-4.533730562409641784e+00
-4.230846950740418499e+00
-4.467923202245084546e+00
-4.312595018653345491e+00
-4.507179693904708628e+00
-4.388128686124662003e+00
-4.392059029725818853e+00
-4.070277998021513355e+00
-4.217929442532668993e+00
-4.272385195357647270e+00
-4.274198938696772920e+00
-4.188163376074069078e+00
-5.038807226393405614e+00
-4.380662654531275457e+00
-4.086224575380591695e+00
-4.256057053579996641e+00
-3.595012552295393959e+00
-3.551943628916781392e+00
-3.403952621652521771e+00
-3.994197038304736935e+00
-3.624422993575633356e+00
-2.974318741864207638e+00
-2.789387089302306943e+00
-3.617188472785914488e+00
-4.065572801231439826e+00
-4.053299197193528158e+00
-3.010084509108111650e+00
-3.755052609200718816e+00
-3.723234525317615340e+00
-3.646089112019993639e+00
-2.991717942640598427e+00
-5.034834932854252543e+00
-4.375279006381345148e+00
-4.404272753925293493e+00
-4.791438021858404284e+00
-4.721884348202237014e+00
-4.575097276431336901e+00
-3.000471602000357674e+00
-3.789031399165858627e+00
-3.340873927137051780e+00
-3.361233332394127249e+00
-3.652944164214268596e+00
-3.526403839409019803e+00
-3.705843560395808645e+00
-3.532056202864242600e+00
-3.049638419973836445e+00
-3.564897921087424759e+00
-3.593383993432823775e+00
-3.750147191776154632e+00
-3.145872098104159242e+00
-2.930151066316194264e+00
-3.017591793460521199e+00
-3.270401969174365320e+00
-2.949501680330575137e+00
-3.171113938267893229e+00
-3.805487972334928859e+00
-3.524406453568218911e+00
-3.191771530626987374e+00
-3.425893023304284579e+00
-2.583713771561949812e+00
-2.869819048128412042e+00
-2.925891020999390246e+00
-3.535979814366641882e+00
-3.728314775347143506e+00
-3.150560193933729547e+00
-3.068338901171555388e+00
-3.505698055410670921e+00
-2.764793234604907557e+00
-3.209765661547012261e+00
-3.413284364524802772e+00
-3.538859573951382398e+00
-2.971062611324417624e+00
-3.374558777987695546e+00
-3.561864067882107854e+00
-3.542348216732982280e+00
-2.862445007418881193e+00
-3.166781217071910959e+00
-2.919080579437673517e+00
-3.668125273407016440e+00
-3.583518737863998105e+00
-3.705869781878305513e+00
-3.479392106150803077e+00
-2.953984174452435774e+00
-3.280716646379988166e+00
-3.209575797852954882e+00
-3.760550797542786761e+00
-3.553693960040116728e+00
-2.836405348965647555e+00
-3.736927464732764381e+00
-3.334528681589493893e+00
-2.868101536602833068e+00
-3.457872486982900728e+00
-3.036576746212777511e+00
-3.042357341693863848e+00
-3.627634815952843983e+00
-3.608932555048387503e+00
-3.009426735765081684e+00
-3.567716053772709728e+00
-3.393414711941709516e+00
-3.013315666375884216e+00
-3.443862761894999291e+00
-3.509810728704541472e+00
-3.703460807364618912e+00
-3.012026435129293134e+00
-3.421496911585971468e+00
-3.383506514072462057e+00
-3.747375693981226163e+00
-3.053736376720330270e+00
-3.779650924856994276e+00
-3.402428380707245736e+00
-3.300557811124922747e+00
-3.358509835747025551e+00
-2.903100964848414289e+00
-4.701052381193338014e+00
-4.521398922137089826e+00
-3.962068554400596465e+00
-4.128857261608290585e+00
-4.340882238694477202e+00
-4.071390859103598103e+00
-4.564638883361129551e+00
-4.699895373633927065e+00
-4.376167700045100695e+00
-4.203553727119270000e+00
-4.723080630655630330e+00
-4.504142342014734623e+00
-4.118403577009266847e+00
-4.448236968237085698e+00
-4.484130770735197835e+00
-3.962428220228602083e+00
-3.366993265183474193e+00
-4.135337647758390744e+00
-4.525835943301461661e+00
-4.634416567890262684e+00
-4.555416145710182718e+00
-4.506738330128560399e+00
-4.082589125587491985e+00
-4.799063077150287349e+00
-4.343837052290030698e+00
-4.205659651349888506e+00
-4.446585616787663398e+00
-4.149738069216221348e+00
-4.686979274316457555e+00
-4.155810391821436411e+00
-4.212073755348195725e+00
-4.079547814231748504e+00
-3.878403574104797080e+00
-4.661727389998868709e+00
-4.559309819886047777e+00
-4.625596071777759555e+00
-4.489853363869161562e+00
-4.634308899689209227e+00
-4.374347462090480754e+00
-4.682527364708115591e+00
-4.208645168350590993e+00
-4.414953413939783466e+00
-4.355131986183286230e+00
-4.288805917152598290e+00
-4.417848502465036908e+00
-4.237609489215738989e+00
-4.378059691842917545e+00
-4.558107426783510441e+00
-4.392901703403592428e+00
-4.464335022976636758e+00
-4.528674981892735651e+00
-4.396393239718535462e+00
-4.631924883626337142e+00
-4.629236242152066083e+00
-4.648407845652528181e+00
-4.444959022161198092e+00
-4.537812677236259695e+00
-4.634993462504627182e+00
-4.405186473340251929e+00
-4.475419071229341128e+00
-4.562636089329423328e+00
-4.201672133005651233e+00
-4.547167279195140743e+00
-4.331423563877946137e+00
-4.449874088547598028e+00
-4.498402190701083825e+00
-4.557619319627194798e+00
-4.762450688762652540e+00
-4.456142259375715398e+00
-4.614469749807944332e+00
-4.480413575734890408e+00
-4.384600290609970585e+00
-4.507716976009199072e+00
-4.454563280223898580e+00
-4.382662497708526672e+00
-2.538786783299639804e+00
-2.540370399974128723e+00
-9.746709662414454467e-01
-1.501291482062800053e+00
-3.978691272898416287e+00
-2.663633528485262136e+00
