-5.439599182280780987e+00
-5.393346010525261747e+00
-5.318751295792470302e+00
-5.132596788490578099e+00
-5.463736619298211750e+00
-5.467894593561649863e+00
-5.504927870334667794e+00
-5.482908141493940235e+00
-5.500381921050798262e+00
-5.512724160408486007e+00
-5.509137037398172509e+00
-5.471537008240894728e+00
-5.114726599292932718e+00
-5.130473878087337347e+00
-5.114068561709288474e+00
-5.124476616038650789e+00
-5.147499866000223356e+00
-5.138112451531590352e+00
-5.120243140826031158e+00
-5.127829878251334073e+00
-5.150896458398134037e+00
-5.158688777010344673e+00
-5.131089204146786820e+00
-5.397928669572803706e+00
-5.435636511919739178e+00
-5.477107203298738902e+00
-5.513631756310350518e+00
-5.055575364687409312e+00
-5.413125587552865881e+00
-5.436351026649933971e+00
-5.367303102237284129e+00
-5.329526214837891906e+00
-5.390078971152345133e+00
-5.157076335481499463e+00
-5.431830498652216122e+00
-5.447978612479321470e+00
-5.418663888386352490e+00
-5.119554637734666791e+00
-5.505346042542531571e+00
-5.556844461746483610e+00
-5.727249638102500207e+00
-5.425199746105827892e+00
-5.526643793116062575e+00
-5.703232806227458873e+00
-5.526370349780157731e+00
-5.550678122773835987e+00
-5.481753848351912595e+00
-5.536341541680595668e+00
-5.570700273481132392e+00
-5.717567939943738686e+00
-5.485669342670391302e+00
-5.473269833495670866e+00
-5.543741429267955212e+00
-5.593540389285863057e+00
-5.449137372189122530e+00
-5.483767806705484915e+00
-5.503490390473497307e+00
-5.548550473010351425e+00
-5.587954025655720081e+00
-5.666928331421831722e+00
-5.657522923436125062e+00
-5.752002178820382561e+00
-5.749775366232149132e+00
-5.652105218860625335e+00
-5.646332210184205280e+00
-5.635254163960164320e+00
-5.634896337030174784e+00
-5.647293501331906995e+00
-5.673641451770685684e+00
-5.629779464195260097e+00
-5.675564061385596659e+00
-5.630770601662826280e+00
-5.685539829395333200e+00
-5.624872259187719159e+00
-5.654450994095207683e+00
-5.755233123168586040e+00
-5.646977904837232387e+00
-5.633780112312745558e+00
-5.643786781581871637e+00
-5.658532437426833539e+00
-5.640834063404320808e+00
-5.636184028456265871e+00
-5.636350008041414839e+00
-5.629185165920575606e+00
-5.636615457211050284e+00
-5.658298595894548200e+00
-5.644591700063135598e+00
-5.662549704949793927e+00
-5.651216470405765691e+00
-5.736177223940995162e+00
-5.721603649954349891e+00
-5.740868291903769460e+00
-5.664796352847420557e+00
-5.710550453751698896e+00
-5.707622207182559748e+00
-5.719189445195782540e+00
-5.709230146704486586e+00
-5.692180995446006975e+00
-5.515386419999295242e+00
-5.585324311632288818e+00
-5.539487741077931737e+00
-5.569245872361975991e+00
-5.513255146359965053e+00
-5.549254966549995949e+00
-5.516348897126768236e+00
-5.573877903244042642e+00
-5.636902446232081587e+00
-5.522014168808000001e+00
-5.475525653355378886e+00
-5.515163495439810326e+00
-5.532203963548938397e+00
-5.506180422043805756e+00
-5.481743268558226134e+00
-5.543599185398854878e+00
-5.488416391225305446e+00
-5.548665526380854196e+00
-5.534154521082659706e+00
-5.601680725870049393e+00
-5.554364805985978037e+00
-5.546111289872905914e+00
-5.520157244530000895e+00
-5.543225394469761369e+00
-4.740377394150667278e+00
-4.665330270785087663e+00
-4.617381742102747211e+00
-4.826891255953052351e+00
-4.785009862458263541e+00
-4.744980794263543800e+00
-5.063467912381399927e+00
-5.070530134250491372e+00
-5.039648928040418419e+00
-5.095776121203876130e+00
-4.703920980897859039e+00
-4.734556228051945759e+00
-4.644395601936847306e+00
-4.692453061029157269e+00
-4.774208471849629376e+00
-4.659553825276201877e+00
-4.657140714946712556e+00
-4.629519847803326371e+00
-4.623350571045258484e+00
-4.733603568639860981e+00
-4.635930238886595944e+00
-4.616966684484791195e+00
-4.607382459323569712e+00
-4.719547058532547190e+00
-4.709686384404433213e+00
-4.743976587058798877e+00
-5.497810299014481039e+00
-5.449699420293695695e+00
-5.387046582317359444e+00
-5.513518258586171505e+00
-5.667551773997940856e+00
-5.719771392559146683e+00
-5.598866971329036879e+00
-5.149915176870739408e+00
-5.215555766692620665e+00
-5.233156880663883292e+00
-5.762818131261648880e+00
-5.776574344097762825e+00
-5.784438892910405805e+00
-5.741002627889649546e+00
-5.769326863363821722e+00
-5.542231457985836940e+00
-5.520231673137641515e+00
-5.547579420163531339e+00
-5.525157517471207314e+00
-5.543795511028120515e+00
-5.666592131760509687e+00
-5.733862986963304209e+00
-5.288607208824767980e+00
-5.234247116208163852e+00
-5.277381888430364931e+00
-5.304381471302907158e+00
-5.330270821614356613e+00
-5.517538954345728719e+00
-5.298264007761808614e+00
-5.335358842056979967e+00
-5.347390718974496693e+00
-5.340624946772733139e+00
-5.334339046977735421e+00
-5.307132002069195664e+00
-5.316018693000459372e+00
-5.303642456708029584e+00
-5.310874231991141059e+00
-4.720436917477866423e+00
-4.738658141630464726e+00
-4.710665377005407883e+00
-4.721622879260325867e+00
-4.734196091745184631e+00
-4.727082722160035111e+00
-4.707660958894963166e+00
-4.723027084128299080e+00
-4.734935294948403595e+00
-4.720239598161558803e+00
-4.732360761649652581e+00
-4.692442648612538569e+00
-4.698486791288266851e+00
-4.717958345070385917e+00
-4.692448827083926410e+00
-4.704717047989319667e+00
-4.689818798334190575e+00
-4.686275397492102535e+00
-4.697340907623861028e+00
-5.200398738405265675e+00
-5.129546100009402032e+00
-5.146509097912884023e+00
-5.130799499030671562e+00
-5.166542734081699173e+00
-5.172914391662376765e+00
-5.197737003120690424e+00
-5.166358626435058277e+00
-5.164723491444987324e+00
-5.385617377331684885e+00
-5.342975913737867621e+00
-5.328120677071168210e+00
-5.327413478715968154e+00
-5.282285226595917038e+00
-5.400571792277212957e+00
-5.386841256258120048e+00
-5.323666265476439285e+00
-5.297024163978541367e+00
-5.104904187928755555e+00
-5.264869686162146678e+00
-5.235462961193539044e+00
-5.346551789841215374e+00
-5.307063644853790230e+00
-4.881432973472766612e+00
-4.852974047483100684e+00
-4.856925464531750336e+00
-4.867117434662523223e+00
-4.871182418229334843e+00
-4.792462479384132834e+00
-4.711922799730808187e+00
-4.739324880642974414e+00
-4.880154646020691267e+00
-4.878100547661645692e+00
-4.954243011685058207e+00
-5.266902150529065629e+00
-4.918824292654677244e+00
-5.274234117561844570e+00
-5.282080685096932626e+00
-5.205149706941735843e+00
-5.159098851884491133e+00
-4.905522170147226468e+00
-5.204045446421194931e+00
-4.959461176339531541e+00
-5.343551068849162533e+00
-4.946011814497698111e+00
-4.900054054794567016e+00
-5.313969964580278038e+00
-4.936721501891542019e+00
-4.934421151474626122e+00
-4.959080906168949809e+00
-5.247291985373935042e+00
-5.235894323061251576e+00
-5.249627433245688479e+00
-5.226190862936017645e+00
-5.143639121953514248e+00
-5.249896390586151540e+00
-5.255706717623466417e+00
-5.235481851467599590e+00
-5.239807317274881804e+00
-5.115261204765156222e+00
-5.073207986545915205e+00
-5.138084374028762724e+00
-5.134547949852816373e+00
-5.154657715367879867e+00
-5.122260547283769228e+00
-5.255245664346120726e+00
-5.233642429769484572e+00
-5.107589005080542144e+00
-5.138462323338629290e+00
-5.113051476998830225e+00
-5.561424222784499882e+00
-5.560539348894805833e+00
-5.577786173994033980e+00
-5.564963684136276179e+00
-5.579219210286963992e+00
-5.572047196744565944e+00
-5.539632464211991625e+00
-5.568178324656881450e+00
-4.740155740144106566e+00
-4.752780855081477185e+00
-5.086776137454247504e+00
-4.715757827923736656e+00
-4.691192664953034885e+00
-4.754138708905196964e+00
-4.600649682351869885e+00
-4.706559253856670288e+00
-5.682902458698407600e+00
-5.652754728203941426e+00
-5.516323013785105367e+00
-5.566918313137406926e+00
-5.544352780209997000e+00
-5.514603154447219602e+00
-5.546009720718145353e+00
-5.625207567336349079e+00
-5.690230083998887523e+00
-5.672247146224249192e+00
-5.673369694396685148e+00
-5.635706989807704126e+00
-5.651044704075924408e+00
-5.635847082116270279e+00
-5.636825958044865637e+00
-4.762120451891407313e+00
-4.754126945133425153e+00
-4.732380365163857405e+00
-4.735531392745609303e+00
-4.737722306647684789e+00
-4.726683282474729353e+00
-4.738913061444103292e+00
-4.743199836714003581e+00
-4.786193120026942083e+00
-4.798559201861205104e+00
-4.809016165323205527e+00
-4.783017479807807781e+00
-4.797002347510714415e+00
-4.732232131701062272e+00
-4.746089533095463331e+00
-4.821446798916388055e+00
-4.704477178562892270e+00
-4.825606410924461187e+00
-4.851697665150945582e+00
-4.815687669723896391e+00
-4.823770843478390802e+00
-4.751897110085628206e+00
-4.779461941871030461e+00
-4.808223392989859235e+00
-4.797086660106304024e+00
-4.774422832995634636e+00
-4.795678804142265328e+00
-4.822536727497794828e+00
-4.827904404598648114e+00
-4.791274847953208571e+00
-4.816835111060382424e+00
-4.833649439323558283e+00
-4.801546474365344430e+00
-4.818608759942181408e+00
-4.831255402893435580e+00
-4.828361604698462983e+00
-4.847915498297385994e+00
-5.108732782192721089e+00
-5.113520341702311178e+00
-5.106336951365141097e+00
-5.101131879955536519e+00
-5.105343604162640325e+00
-5.112982318360508316e+00
-5.288186526506418517e+00
-5.283731037815912579e+00
-5.280539021430017854e+00
-5.277929563774534039e+00
-5.284519042175131354e+00
-5.284081325937219020e+00
-5.278976483385277696e+00
-5.282012233255554357e+00
-5.277427627771607455e+00
-5.279904543270398598e+00
