-5.435645051777374448e+00
-5.389721536930182744e+00
-5.316878566727980093e+00
-5.129487353305981046e+00
-5.461136369100988652e+00
-5.465717927773205531e+00
-5.502718137455622660e+00
-5.480565596127672023e+00
-5.498277971163418876e+00
-5.510672520940311792e+00
-5.506487512127251627e+00
-5.467384447416859139e+00
-5.112093092547616457e+00
-5.127146370846215717e+00
-5.116319244595464610e+00
-5.109563972926727260e+00
-5.139655029638467099e+00
-5.134379437519947409e+00
-5.122399707256522383e+00
-5.124224613854229560e+00
-5.150310087775277879e+00
-5.156743445806588610e+00
-5.128302975625372184e+00
-5.394628456163832020e+00
-5.432908935752365664e+00
-5.476625634016831334e+00
-5.512842273356664435e+00
-5.053750129891270149e+00
-5.410066391367529093e+00
-5.432882249765087046e+00
-5.363586552555123177e+00
-5.327601984740210739e+00
-5.387319937020422778e+00
-5.152390317919013363e+00
-5.428604720586585053e+00
-5.446092488517599861e+00
-5.413058916778949126e+00
-5.119851134777258395e+00
-5.502830092656817662e+00
-5.553057610980673076e+00
-5.725665685640118241e+00
-5.422914502887737243e+00
-5.525609098791733231e+00
-5.700992701564405074e+00
-5.524466776987014605e+00
-5.548473587636228999e+00
-5.478538458784890430e+00
-5.533636397622618830e+00
-5.570343902275159742e+00
-5.716679288861856278e+00
-5.484140046275860492e+00
-5.471936351194713666e+00
-5.542336624382993016e+00
-5.593135441447620870e+00
-5.448185478888508015e+00
-5.482123515235475253e+00
-5.502326247045723484e+00
-5.547357578604560580e+00
-5.587682934226632980e+00
-5.666687379488754672e+00
-5.657321091429050597e+00
-5.751549624642622760e+00
-5.749667605471031173e+00
-5.652347198799034800e+00
-5.646333348165943455e+00
-5.635373492789787164e+00
-5.634837081766682410e+00
-5.646840659208990587e+00
-5.673631805561011987e+00
-5.627444355911506157e+00
-5.675339977888723020e+00
-5.630748414102394683e+00
-5.685941578515725681e+00
-5.624506711829881489e+00
-5.654516866883987802e+00
-5.754203156006282072e+00
-5.646617333989402354e+00
-5.632710863437416116e+00
-5.642910612700428707e+00
-5.657520796726316803e+00
-5.640222078708000630e+00
-5.635852294021191256e+00
-5.635579979706079712e+00
-5.628369244758752998e+00
-5.636243947318198444e+00
-5.658733664560757326e+00
-5.645057194426246205e+00
-5.660126974248816722e+00
-5.650184681110483886e+00
-5.735203094585180850e+00
-5.720870043929790150e+00
-5.737960779376161113e+00
-5.663924846180887762e+00
-5.710027785256116317e+00
-5.706984313112643648e+00
-5.718459828352738583e+00
-5.708026601908783526e+00
-5.691197160013778955e+00
-5.511476315189490549e+00
-5.580356240778625576e+00
-5.536256234617132677e+00
-5.565223299198394535e+00
-5.509383507389194357e+00
-5.543982044549443877e+00
-5.514545380778039352e+00
-5.569461660710468109e+00
-5.634376506061065548e+00
-5.517048190979290112e+00
-5.472430697602767680e+00
-5.510304372000662809e+00
-5.527710913453396380e+00
-5.490977693583630526e+00
-5.479299356757882933e+00
-5.538614625821858262e+00
-5.484923517144285832e+00
-5.543785993304561011e+00
-5.531596587370025020e+00
-5.597823404729896701e+00
-5.550355452265576695e+00
-5.543273304868709950e+00
-5.514654791646915299e+00
-5.538684482579323998e+00
-4.736471195293216141e+00
-4.664840795580673216e+00
-4.603989312299590075e+00
-4.827782744455401343e+00
-4.786887016785449589e+00
-4.742188206452462751e+00
-5.058865811937219625e+00
-5.066725254253271693e+00
-5.034411488827411851e+00
-5.091290410508742426e+00
-4.640333740830019593e+00
-4.657934700924691640e+00
-4.576640735899307089e+00
-4.689791920949260451e+00
-4.778843743877369654e+00
-4.656003148819985782e+00
-4.648039289529362961e+00
-4.625583978624783654e+00
-4.617126840567785884e+00
-4.732436456390688662e+00
-4.630775541611909851e+00
-4.616391243804004674e+00
-4.603911723641370024e+00
-4.716746513494080695e+00
-4.708505273774523658e+00
-4.746225282825665914e+00
-5.495476761161212309e+00
-5.446778856377548550e+00
-5.384528760840959549e+00
-5.512262890796234771e+00
-5.665757887130378201e+00
-5.718512949216304264e+00
-5.596226286106605663e+00
-5.151920001818357520e+00
-5.214711306052520534e+00
-5.234507701386847067e+00
-5.762464331976790533e+00
-5.776217670831202078e+00
-5.782362550749643226e+00
-5.740303015135657994e+00
-5.769501216266047727e+00
-5.541031692494104099e+00
-5.517467466782710162e+00
-5.545652675161263367e+00
-5.523664940100492693e+00
-5.541483234984656114e+00
-5.663791323277554746e+00
-5.733277122960979355e+00
-5.287369983875695567e+00
-5.229917395307374761e+00
-5.274601597993034297e+00
-5.299981136278609561e+00
-5.328750865512199120e+00
-5.515081555916040656e+00
-5.295051138290819637e+00
-5.334707688141216764e+00
-5.347162432468500093e+00
-5.339148994375836565e+00
-5.332736467773146138e+00
-5.303899714078018413e+00
-5.314906870762328595e+00
-5.301344805929153026e+00
-5.309328616532672740e+00
-4.716873318770868906e+00
-4.739057729079900305e+00
-4.711763849624767353e+00
-4.720709088484956517e+00
-4.732540238304004276e+00
-4.720987365098251232e+00
-4.706686214705238847e+00
-4.721600837458630018e+00
-4.735057407082442715e+00
-4.719586082898841184e+00
-4.734076256307226949e+00
-4.695159171067563086e+00
-4.693988939131418903e+00
-4.715944343467491251e+00
-4.693375999978416147e+00
-4.704147278516527919e+00
-4.689901335977222807e+00
-4.682942352704855260e+00
-4.697584855503029289e+00
-5.197313534590562334e+00
-5.130189076057963149e+00
-5.149006006916340361e+00
-5.129608829292418903e+00
-5.165503410035857002e+00
-5.168718089714281483e+00
-5.188394288158467482e+00
-5.166881914668906006e+00
-5.161313555386626284e+00
-5.382750608472097298e+00
-5.339820357355984370e+00
-5.324444238657100925e+00
-5.325126468637553678e+00
-5.280337433378766931e+00
-5.398258005345962118e+00
-5.384379464950908911e+00
-5.321142850581021655e+00
-5.291966481730580263e+00
-5.099417138898136415e+00
-5.261247120093091034e+00
-5.231822549097610242e+00
-5.342158219784312934e+00
-5.303421282107655621e+00
-4.878940041306519149e+00
-4.849282841657331034e+00
-4.849179092320426321e+00
-4.863835791790413587e+00
-4.867371984659681239e+00
-4.772003706662569122e+00
-4.704109483738667663e+00
-4.720460871945067360e+00
-4.873837768012492688e+00
-4.869594536997720269e+00
-4.950693655636496437e+00
-5.264866714217605548e+00
-4.913537001542114702e+00
-5.269951466356205927e+00
-5.277880492840242077e+00
-5.200030232791647222e+00
-5.152242218080343328e+00
-4.908438779863034895e+00
-5.200588911453795760e+00
-4.956540640441120971e+00
-5.342618393342138283e+00
-4.949754472484004353e+00
-4.897288470089033119e+00
-5.312037940544173331e+00
-4.941226578186131313e+00
-4.932747431531057991e+00
-4.956070390251340996e+00
-5.246640354280562413e+00
-5.234238285627036191e+00
-5.244812746163038497e+00
-5.224095459540980535e+00
-5.137369095247425577e+00
-5.245468624704857419e+00
-5.247081204963906842e+00
-5.230607728950229074e+00
-5.236149253499531753e+00
-5.108803393111462476e+00
-5.067101737433758579e+00
-5.131718018449932472e+00
-5.132226522143791492e+00
-5.149803252050848101e+00
-5.121737557064124147e+00
-5.255507128691280450e+00
-5.228233925877566080e+00
-5.108676499402112547e+00
-5.137662861865767816e+00
-5.111624964408683525e+00
-5.553805899412697755e+00
-5.554374585055460223e+00
-5.573670814258325557e+00
-5.560908919381385651e+00
-5.573958298905487219e+00
-5.559612440847510939e+00
-5.537006440736227830e+00
-5.564177064748694335e+00
-4.734987913083078759e+00
-4.749141846991665972e+00
-5.083135766146152257e+00
-4.710476691763182622e+00
-4.625384865717239613e+00
-4.684614674335586315e+00
-4.502148858705340650e+00
-4.625162072421794335e+00
-5.678930844355002172e+00
-5.648087357320650703e+00
-5.512321938193852411e+00
-5.566266536931775200e+00
-5.544299148222105345e+00
-5.510742236463961774e+00
-5.539406159769455051e+00
-5.625040327046559874e+00
-5.689803872208686109e+00
-5.671665572617532902e+00
-5.672851902154199877e+00
-5.635119947115137862e+00
-5.650996261694060330e+00
-5.635993765870237482e+00
-5.638186636944382712e+00
-4.766372998623682911e+00
-4.758716006444307034e+00
-4.732855795190011428e+00
-4.738478327337643847e+00
-4.740930782868652216e+00
-4.729833216378929173e+00
-4.738314670805796602e+00
-4.749134999978182670e+00
-4.785844820792273246e+00
-4.797949194405762618e+00
-4.806490726366515531e+00
-4.788802507135308417e+00
-4.792978616319562235e+00
-4.730367269611949865e+00
-4.746275255565247875e+00
-4.823433168137801097e+00
-4.704797206693050349e+00
-4.821761190430756017e+00
-4.846821450017277044e+00
-4.816672013678394038e+00
-4.818004076164047689e+00
-4.749785380943129631e+00
-4.781566286645082542e+00
-4.809055969583955203e+00
-4.796442988085161119e+00
-4.771608001183244241e+00
-4.794821078984133678e+00
-4.824410705522871545e+00
-4.826994752490854523e+00
-4.802946542390849949e+00
-4.813883805051784037e+00
-4.834181121515982227e+00
-4.801020556075123125e+00
-4.817539159050990172e+00
-4.832298031542076266e+00
-4.827754965592074399e+00
-4.846026368839189580e+00
-5.112616485493952645e+00
-5.115654368891554782e+00
-5.110440012837459633e+00
-5.104107429512092509e+00
-5.109110343101950669e+00
-5.116942802273364954e+00
-5.302785734075909474e+00
-5.298652184179602820e+00
-5.296412516445313301e+00
-5.293346944635636042e+00
-5.299275703040792429e+00
-5.299340313268022129e+00
-5.294435061856976432e+00
-5.297174273811082301e+00
-5.292826767347719397e+00
-5.295305410710525962e+00
