1.082694966751852661e+02
1.016420162832367566e+02
1.095618909229921059e+02
1.041428339773760854e+02
1.188666234251209488e+02
1.128715319309405913e+02
9.472986046191275022e+01
9.624387166453504960e+01
1.052897825721749854e+02
9.916258793282474926e+01
1.222471513696296199e+02
1.304378268345354286e+02
1.175561402543602014e+02
1.112192042783173349e+02
7.978621598335158183e+01
1.097606873058929153e+02
1.009648432389858215e+02
1.288585050864493269e+02
9.870083171579908310e+01
1.125229848606677336e+02
9.976035953450517013e+01
1.099423882017033094e+02
1.018665728793671406e+02
1.088524859640856448e+02
1.135566853584839606e+02
1.195178667468004079e+02
1.014509413251619208e+02
1.273195687081434357e+02
9.387738216374883393e+01
1.107724238428402117e+02
1.154328245448070192e+02
1.129348900050114679e+02
8.789996232775162355e+01
1.247667448577152953e+02
1.089183842767208716e+02
1.033269646584842576e+02
1.063816223634456435e+02
1.015235713306766172e+02
1.114557242842892890e+02
1.085047972156720419e+02
1.155475918840129879e+02
1.089068458286810710e+02
1.215201746863856869e+02
1.001045473224070008e+02
9.995343463447055399e+01
1.204012072191099207e+02
1.021216254358943729e+02
1.000317774516401386e+02
1.048763420429482238e+02
1.169840184492385475e+02
1.116003042309988018e+02
1.212236700828749036e+02
9.834060698501139086e+01
1.125640126072742504e+02
9.751810047912684354e+01
1.164634025590275428e+02
1.059480737410539177e+02
8.886063470779311046e+01
9.382371983542350335e+01
1.269783913523253034e+02
1.083682901077650342e+02
1.285147219363478541e+02
1.048168854203380960e+02
9.385293669252214954e+01
1.169237807991713964e+02
1.141607818317064016e+02
9.598397204429329577e+01
1.162478137662758257e+02
8.345656057897812730e+01
1.169009811021368108e+02
1.145021813840695017e+02
1.214682678794555812e+02
1.128907774633252643e+02
1.033810108857531986e+02
1.044573749200764894e+02
1.080470427069442110e+02
1.014441251498562764e+02
1.129365794499156550e+02
1.244476742950855055e+02
1.089506429318010134e+02
9.272639180849854768e+01
1.042687462827562825e+02
1.210936940322020234e+02
1.069539226664209082e+02
1.199099520626912323e+02
1.106617212530493788e+02
1.028440448070323185e+02
1.011365012527413967e+02
1.174453534724772652e+02
1.146416193768736065e+02
1.082558212800229001e+02
1.112152839266059061e+02
1.101464589184660667e+02
1.077576879074561305e+02
1.149098124542150146e+02
1.109646051575897445e+02
1.051721430141418807e+02
1.078876198010948571e+02
1.074078955263059498e+02
1.005056655371358261e+02
1.369954236086794879e+02
1.006028188367245235e+02
1.061445144621117436e+02
9.894066462650536664e+01
1.181038245805522280e+02
1.212541137445007280e+02
1.052203700460968889e+02
1.078668705217139916e+02
1.064263648559560664e+02
9.403859314394425439e+01
1.143083981103286106e+02
1.101079693176660754e+02
1.045173700449808791e+02
9.772159710912175967e+01
1.072706494346579973e+02
1.035800451326043685e+02
1.235154760258696882e+02
1.196289626687847800e+02
1.026979602994345555e+02
9.979501549421885898e+01
1.078017015021166856e+02
1.343958834793874928e+02
1.037867519921599921e+02
1.106814641520716833e+02
9.717060851746104788e+01
1.103676934295723697e+02
1.123985877193089067e+02
9.822586286210595574e+01
1.052486582747544048e+02
1.159142284600558526e+02
1.147981729258684851e+02
9.922651005142709835e+01
1.126054055872240554e+02
9.354435335615968938e+01
1.245671841775567259e+02
9.872379900182271228e+01
1.016815639351539176e+02
9.109298966696822220e+01
1.151533969346400710e+02
1.267652299663777740e+02
9.856012482779969730e+01
1.049611320085503650e+02
1.109322306418487472e+02
1.129055052873330141e+02
1.088063793827139563e+02
1.187314312617096022e+02
1.152239862323915673e+02
1.081391761977928638e+02
1.114552148219062957e+02
1.334371704839510642e+02
9.990840733149944697e+01
1.061351195914184160e+02
1.161420964753654630e+02
9.650955180700064773e+01
9.925291259965386814e+01
1.125575721774757341e+02
1.129342228725780757e+02
1.104125139288169208e+02
1.120500362852855147e+02
1.018049686525338302e+02
1.063144011718761845e+02
1.053567165047053606e+02
9.876932420731012030e+01
1.072381054431233309e+02
1.295908962638962691e+02
1.027962229805238223e+02
1.113275571210967030e+02
1.066498072665747969e+02
1.077036328668757221e+02
1.047331826003684370e+02
1.091350865785886697e+02
1.181210845854957086e+02
1.099269985715128399e+02
1.130695008676323710e+02
1.161223370703649920e+02
1.126383133543609034e+02
9.912642088575019272e+01
1.065750875132356441e+02
1.081396904692423107e+02
7.520776472790474543e+01
6.619523293098762906e+01
8.916033111663205091e+01
1.012540126412787913e+02
1.178515178566312755e+02
1.065848354499947561e+02
1.039172953658760719e+02
1.167890459751264416e+02
9.177246783758967297e+01
1.204597895736814763e+02
1.020437762085658591e+02
1.172135295487570232e+02
8.985017631839026819e+01
1.157387753520196156e+02
1.151839665069835945e+02
1.140866829750713975e+02
1.207124315477065437e+02
1.020485112361988911e+02
1.124262357791198355e+02
1.139858866943073963e+02
9.855192082665804776e+01
1.087885126446265218e+02
1.069767615684531137e+02
1.197003006705539718e+02
1.182381948762095192e+02
1.036857066306515520e+02
9.563806280602257459e+01
1.029661116518379202e+02
1.183639752960573048e+02
1.145489995513685955e+02
1.194976953775885278e+02
1.049728032612945441e+02
9.701832354175238038e+01
1.262723060823238370e+02
1.134525843360526949e+02
1.311949668207923310e+02
1.111238334524230567e+02
1.074588487850187590e+02
1.161237034452885126e+02
1.010771728468884874e+02
1.202035383719698132e+02
1.055108963745297359e+02
9.969525881653004262e+01
1.139098382256013338e+02
9.568155867163717687e+01
1.135574723596765523e+02
1.049460801390411859e+02
1.073641556401671977e+02
1.205018573802746999e+02
1.135470331581763475e+02
1.429455950982915056e+02
8.637238607304452387e+01
1.060981576138803746e+02
1.179928106107958428e+02
9.295313366474296402e+01
1.080395023074765248e+02
1.036685958934891119e+02
1.082480618139038882e+02
1.103885148388377075e+02
1.114400372054637955e+02
1.037435836960479918e+02
1.183512392099002852e+02
1.041364174580561155e+02
1.236647657044370732e+02
1.009748659859804434e+02
9.743989477100643626e+01
1.094064087717304261e+02
8.776999079496691536e+01
1.103553699604924532e+02
8.799214222494005355e+01
1.303683498897543416e+02
9.203406890083749659e+01
1.183713579074956499e+02
9.881344830072498553e+01
1.154715191234874965e+02
1.065319970970840728e+02
1.006977501576898248e+02
1.203654358251063030e+02
1.194359703242629820e+02
1.205153645597187477e+02
8.183102033698480682e+01
9.719469517523945967e+01
1.094562480146668690e+02
1.172579032113752930e+02
1.145592209442415026e+02
1.046329993815446926e+02
1.086859369165471350e+02
1.018794991332980828e+02
1.086585020189272370e+02
1.061625888016044854e+02
1.051051266645641533e+02
1.154019485409519064e+02
1.182788612538698061e+02
1.108355743247499561e+02
1.018441743559014157e+02
1.260612250609399467e+02
9.972207998048146749e+01
1.208969734303272645e+02
1.101998022567896385e+02
9.366326743186630210e+01
1.050796337383726353e+02
1.282190327024706562e+02
9.299889448528911373e+01
1.045050427446710444e+02
9.556872017885082471e+01
1.235026631814565690e+02
1.009852680105114189e+02
8.449291806808152216e+01
1.248392265110987864e+02
1.101151012893294308e+02
1.037452790446393038e+02
1.209316923522520426e+02
1.110295027626563780e+02
1.026415033770287550e+02
1.331430455073510473e+02
9.635729435884658756e+01
1.106799838498395019e+02
1.103117815733175320e+02
9.964821455457659738e+01
1.187997698462567371e+02
1.126426157563754202e+02
1.028601718685846720e+02
1.032179197693310471e+02
9.168900588452974887e+01
9.856842119894626819e+01
1.340806124396577843e+02
1.114588474206958182e+02
9.848317436706759054e+01
1.183226800247862940e+02
9.642775998868253851e+01
9.345338013267829069e+01
8.296707782464078207e+01
1.134461966716258132e+02
1.306825580267777696e+02
1.158169904208545660e+02
1.137107966398188523e+02
1.162549082708889046e+02
9.974670154453879434e+01
1.050764067080969539e+02
1.066366900990757074e+02
1.153114899945854859e+02
1.160137948406999584e+02
1.145852052949720985e+02
1.191544870738368758e+02
9.501749553641538171e+01
1.123980089512772764e+02
9.503031020939917539e+01
1.234366067062007915e+02
9.902409760440514219e+01
1.047637597488356676e+02
1.066425757888689674e+02
1.080622948503133642e+02
1.151828927929040276e+02
1.180575711294985268e+02
9.828264999722067330e+01
1.132985426039710575e+02
1.247630754493362701e+02
9.546898411522437300e+01
1.071349770513517399e+02
1.250159652014944101e+02
1.011019583346869837e+02
1.097230613207505741e+02
1.040815834043288106e+02
1.079224225126963717e+02
1.074943651416173651e+02
1.157751832031832038e+02
1.024243435958169783e+02
1.188617440212678673e+02
9.693134718457375243e+01
8.252867196700022134e+01
1.093123446726355041e+02
1.031732558008863236e+02
1.069505488151913681e+02
1.457142777303859873e+02
1.085088705091165764e+02
1.332746708555020518e+02
1.107128085230152124e+02
9.411880397723429326e+01
1.042442285927864134e+02
1.019932506132787609e+02
1.011379372393151073e+02
1.029318944172865713e+02
1.184470515437704847e+02
1.110149082040078099e+02
1.155372726172374911e+02
1.070611714324599575e+02
1.174018414034998301e+02
1.004838826427266838e+02
1.070627216391681884e+02
1.099587823768219579e+02
1.097321797510529677e+02
1.302210356176880168e+02
9.799051289010932919e+01
1.117587278385400680e+02
1.184868770733841501e+02
1.014057881388080773e+02
9.953624116984303782e+01
1.198786990241552388e+02
1.067134644213708157e+02
1.101247303605524053e+02
9.902657718515555985e+01
1.392676320066486255e+02
1.143912119367919757e+02
1.118859674330373792e+02
1.055375514189378663e+02
1.030553184482589018e+02
1.053311958147351959e+02
1.167716998513636923e+02
1.247235939585948898e+02
9.484672545678600386e+01
1.114534495524019206e+02
9.956063936087430477e+01
1.073696197049790868e+02
1.213288205923285688e+02
1.034875071043959167e+02
1.092485680267824932e+02
1.145441685768641094e+02
1.005930311976864715e+02
1.004900675287986616e+02
1.245802834049811594e+02
1.010701284270503777e+02
1.194729097996968648e+02
1.241021286494840297e+02
9.547437053439625743e+01
9.999335145140165082e+01
1.091563893725338090e+02
1.002382977105562816e+02
9.816817849408970176e+01
1.058332624664266888e+02
1.115440161555108887e+02
1.169288937621899152e+02
1.198259477289070531e+02
1.078383518571465629e+02
9.495343566700715598e+01
1.162843970822958823e+02
1.110569661223158704e+02
1.168409842251422361e+02
1.077008708052257049e+02
1.056449317712076805e+02
1.162185355405337219e+02
1.056620681024845254e+02
9.093250878248943536e+01
1.327226161428354487e+02
1.057260772448996846e+02
1.023873163060875839e+02
1.060871477705807848e+02
1.164485360614682605e+02
1.055504454421804894e+02
1.003004815409315711e+02
1.290849298317293972e+02
1.300809737703651194e+02
9.760807070696375831e+01
9.806962012018524888e+01
1.128639994928268067e+02
1.059194299530647640e+02
9.763089153448137836e+01
1.064324865221518053e+02
1.232345192147360962e+02
1.095256571451569130e+02
1.030533362068767218e+02
9.653569647818430610e+01
1.147106521858042356e+02
1.062831471000889252e+02
1.026424007194941623e+02
1.307020210323696006e+02
1.267910318940126331e+02
1.028020273141831495e+02
1.175295135967281936e+02
9.325127039214557101e+01
9.668076842085440603e+01
1.186904683640205604e+02
1.073588810704921315e+02
1.178966564655806906e+02
1.024565643720294332e+02
1.077049884503094717e+02
9.573692306270011443e+01
1.227859314578428922e+02
1.157851275547866834e+02
1.208174206126655861e+02
1.048781343245791646e+02
1.113221558612538331e+02
9.211464660754589318e+01
1.070994882455054409e+02
1.122068093381104603e+02
1.062728995950107276e+02
9.758320591764163510e+01
1.007911844681342757e+02
1.115331920439834192e+02
9.297390138970699525e+01
1.069939851692991937e+02
1.212991314074921974e+02
1.201009729326343916e+02
1.029043736244023250e+02
1.231040641934741728e+02
1.112614571795355829e+02
1.159928573478409106e+02
9.412832961203450566e+01
1.057574300181362474e+02
1.062259507035598602e+02
1.141144969442641752e+02
1.052101025959847505e+02
9.543557527182248634e+01
1.092277939407480574e+02
1.157199666552183999e+02
1.161067251373021065e+02
1.378553460533533155e+02
1.138800748480000635e+02
9.422868198742929735e+01
9.398436345717809104e+01
1.008072896249044987e+02
1.167328925973205429e+02
1.065550467672593271e+02
1.261370911017764485e+02
1.160535985168085631e+02
1.194723710956438651e+02
8.485564238894414757e+01
9.541102428171278405e+01
1.294339415305235832e+02
1.066013435025098630e+02
9.497314410180946709e+01
1.138475058189722517e+02
9.062707432084454240e+01
1.194617198338789450e+02
1.233950167968159661e+02
1.076539471950500086e+02
1.117389263463817457e+02
1.140456052522543189e+02
1.068581253359486709e+02
1.124075018268848538e+02
1.072207165421380921e+02
1.288798128923863544e+02
7.798896637091682749e+01
1.087762082253200759e+02
1.332552791947625224e+02
1.145781984606748978e+02
1.148899870176099967e+02
1.074548786698185268e+02
1.020833727049458872e+02
1.126576833463492449e+02
1.051874704080912437e+02
1.142654860178034681e+02
1.069177391529126595e+02
1.174460317419783024e+02
9.369238403357027778e+01
1.174370069791013549e+02
1.021168781242156456e+02
1.157972704253769223e+02
1.197825135723044241e+02
1.039869407451897700e+02
1.102422520839326125e+02
1.097272365920237434e+02
1.087944176711071691e+02
1.074488668533510207e+02
1.137699719889234444e+02
1.003146450647272445e+02
1.226111334472935965e+02
1.016504654982134070e+02
1.102752755647597240e+02
1.205251501864785837e+02
1.092556574684600434e+02
9.835268642044719911e+01
1.178669682439788886e+02
9.524863765083239286e+01
1.160560668944553271e+02
1.127366308871002332e+02
1.139323082553298576e+02
1.042451881835074801e+02
1.045638785949273881e+02
1.089732389253277063e+02
1.180038466868835059e+02
1.154662857774867319e+02
1.048628019683259964e+02
1.122282854555658815e+02
1.222467599745722424e+02
1.006997020424702498e+02
1.130619756429045140e+02
1.018650163366243930e+02
1.030755796477305211e+02
1.164181902585827686e+02
1.121786957682820116e+02
1.169059353603081775e+02
1.068878335919934415e+02
1.143976303597573860e+02
9.436815028882219281e+01
1.093885502482173990e+02
1.202991741543419550e+02
1.221432126652577779e+02
1.155135261288331634e+02
9.089093741944984117e+01
1.078001648380107724e+02
9.536942247459423072e+01
1.144064716150079164e+02
1.158105983399163819e+02
8.602174876617739585e+01
1.035908887535328375e+02
1.293560200216523697e+02
1.077414314581084369e+02
1.050214522789242153e+02
1.075595169328044705e+02
8.916070327623675951e+01
1.198431097838595178e+02
1.306339163148892908e+02
9.901859314770429421e+01
1.139626618007375498e+02
1.010089525271151416e+02
1.159260492901714912e+02
9.942176913725052145e+01
1.081040018406095129e+02
1.173446640834321357e+02
1.241083988676564474e+02
8.880974660989969038e+01
1.105347765972385616e+02
1.328093233082958875e+02
9.701884918143051095e+01
1.184512633615317156e+02
1.164909388403911379e+02
1.099249615612694981e+02
1.024406531514537591e+02
1.101752593247707495e+02
8.081254232037164797e+01
1.181616016032314320e+02
1.169818398161695399e+02
1.069295776571939172e+02
9.471432960901655917e+01
1.230092027675087962e+02
1.220946964602026839e+02
1.123955797813475925e+02
1.098085267772441256e+02
9.065737111485336186e+01
9.323212764444096479e+01
1.268383001337631839e+02
1.118864959901273863e+02
1.222462445032532514e+02
1.002015152456882987e+02
1.045346023735364440e+02
1.027061520452956813e+02
1.138195863280258777e+02
9.538848162717363266e+01
1.114475493777825790e+02
1.169492485221133506e+02
1.066328444322031856e+02
1.199983959812784207e+02
1.032838460360859472e+02
1.186368868745809948e+02
9.491267691501532511e+01
1.094245275543329257e+02
1.131144368993319773e+02
1.197324098205129559e+02
8.848815567525630854e+01
1.135530757225944427e+02
1.101978528283887471e+02
1.015530129336430178e+02
1.246058340956912929e+02
1.241563862276823897e+02
1.032114627564932618e+02
1.129449990839340643e+02
8.570919170331458758e+01
1.134729853077677575e+02
1.127892379908493439e+02
9.672361962398862545e+01
1.217226512182054279e+02
1.116614709063643573e+02
1.001064183223821260e+02
1.045529856052584705e+02
1.170168437634973202e+02
1.109780185915093398e+02
1.026100492416931331e+02
1.263829114863411718e+02
1.307797892535801054e+02
1.067412072209852170e+02
1.109088395895160772e+02
1.121661539089187727e+02
1.029465613021169332e+02
1.009859649638879660e+02
1.266939115679899714e+02
1.132457311468166097e+02
9.712285652203892994e+01
1.233601761246112716e+02
9.493827757538370804e+01
1.055024439369587270e+02
1.133871337941370854e+02
1.130155579387996028e+02
1.037788824962631367e+02
1.226781908700043715e+02
1.174288122556064309e+02
9.871125972710260044e+01
1.060282166056858415e+02
9.921869609749720098e+01
1.103893485801579573e+02
1.123023387900786503e+02
1.101863195332698950e+02
9.902458848967511074e+01
1.040272414776423204e+02
1.268351664003775312e+02
1.037765303025558694e+02
1.125552847283890827e+02
1.155216977462191323e+02
9.772478696661232789e+01
1.081859264684414939e+02
1.179438388921848713e+02
1.047154063785792175e+02
1.258575332121798169e+02
1.163557561414989863e+02
1.022824003179765953e+02
9.939427136252197670e+01
1.067446158690005404e+02
1.042888964108830550e+02
1.218509819543223927e+02
1.121889840720811549e+02
9.599461732774214795e+01
9.753154264663238848e+01
1.193708042015661306e+02
1.104143670258846299e+02
1.069333082140983038e+02
1.195218900828913462e+02
1.138315016602493444e+02
8.644459827099666427e+01
1.146482002698013929e+02
1.123542222485703661e+02
1.215976030536031942e+02
1.386259160478052479e+02
9.018238005072336705e+01
1.064557884027765056e+02
1.265086223585148844e+02
1.226232206651196748e+02
1.187012566576448478e+02
1.052881649179629733e+02
9.175044962660811620e+01
1.137466224021150509e+02
1.032084429767243989e+02
1.061283037414891623e+02
1.085656305821044612e+02
1.181497763800111329e+02
1.115810557489035943e+02
1.071678427472138964e+02
1.053166968908925440e+02
1.095570178812770763e+02
9.738337430416837037e+01
1.079213818912547254e+02
1.134144398386109316e+02
9.964490295668508679e+01
1.282955445909838943e+02
1.081552998828696275e+02
1.182595345665845770e+02
1.071998589165422260e+02
1.041985097049172992e+02
1.020726551752731979e+02
1.118202538655029770e+02
1.194137938974125035e+02
1.044177047672454108e+02
9.894510207096436716e+01
1.178339531344935978e+02
1.261552514825467171e+02
8.294462204845983422e+01
1.051748550197606562e+02
1.023918580898265560e+02
1.024781557801850767e+02
1.110339650268562224e+02
1.261208728870807221e+02
1.022560902826991907e+02
1.119423421262438580e+02
9.663389433344472934e+01
1.061553387030228919e+02
1.193615836191064261e+02
1.134155907315576428e+02
1.087693793108401792e+02
1.117854179509149333e+02
1.242453482152757971e+02
8.852728554260865224e+01
7.747067890638616916e+01
1.305318379581502484e+02
8.543523551271519523e+01
1.030976303980979338e+02
1.011497111856399442e+02
1.247478792453931646e+02
9.448819003925886761e+01
9.724761542062277897e+01
1.030519607393327988e+02
1.285787649824180221e+02
1.012384907515282322e+02
8.870522337919652500e+01
1.258336558834829901e+02
1.228579650447114062e+02
1.023096176359971992e+02
1.013032614232163411e+02
1.134543088117652587e+02
1.004987145931155936e+02
1.166147895491957200e+02
1.081946921384339362e+02
1.068047150010873168e+02
1.000800654416448054e+02
1.167962563637267976e+02
1.186211135220609236e+02
1.045707496624246460e+02
1.094925413617823295e+02
1.101586858048509043e+02
1.021072589291632795e+02
1.085315786950023949e+02
1.197052496227237839e+02
1.065264999075999839e+02
1.083282434101206917e+02
1.127551926537344684e+02
9.639636717466467530e+01
1.163316249733071857e+02
1.022888674639228554e+02
1.184672643076297192e+02
1.014473427554016354e+02
1.130744786756727791e+02
1.020584431553216831e+02
1.059289535000617803e+02
1.198045989388227923e+02
9.776181075841068946e+01
9.934285957370329356e+01
1.123604017061124978e+02
1.225769999324753741e+02
1.061302549506661990e+02
1.034062872408421754e+02
1.105916283914520051e+02
1.069058807089133154e+02
5.119771489283684929e+01
1.299648199697030293e+02
5.965519355766164011e+01
7.921208495897327850e+01
1.014937759684549405e+02
1.543497504082224339e+02
1.780236345130132349e+02
7.555966090454234063e+01
1.035738554491823038e+02
1.215152297086358715e+02
1.091256330930532528e+02
1.007986968182960794e+02
1.117159495819837360e+02
1.156018906117247838e+02
9.435365705570107764e+01
1.107958678562545032e+02
1.090880317148660197e+02
1.044582885766956935e+02
1.065138535388947076e+02
1.246366929723512698e+02
1.183794696658380587e+02
9.139626975061045755e+01
1.045417868776637391e+02
1.121026583475675977e+02
9.642773472862140238e+01
1.119571669349394654e+02
1.067349925453871293e+02
1.169520247023953345e+02
1.223728467420096422e+02
1.023070822386140719e+02
1.106480996405716724e+02
1.044519948764796595e+02
1.053258379910593590e+02
1.114818276590842885e+02
1.081650075040763141e+02
1.207863901999076006e+02
1.179231911657804943e+02
1.159855528874047366e+02
9.398339200561675000e+01
9.673637570264708074e+01
1.046667302460034250e+02
9.998012019323925870e+01
1.201629185264801123e+02
9.886123983328603515e+01
1.210246980219007895e+02
1.030283516685675664e+02
1.034720850892378365e+02
1.246107255701192145e+02
1.072191444557675197e+02
1.065914715260418149e+02
1.222908393235560851e+02
8.711368759375527304e+01
1.168478271895183269e+02
9.782873110518984561e+01
1.203091387146079398e+02
1.195870023615047160e+02
1.222522241408393029e+02
1.007273461980006601e+02
1.143004143742477652e+02
1.044260118084176128e+02
1.193446187260124418e+02
1.106072976506132335e+02
1.113160392355329265e+02
9.443190334749228043e+01
9.448715473133580645e+01
9.976677427206367099e+01
1.184982900449904690e+02
1.090389506844873324e+02
1.287074895530180356e+02
1.025640277628328363e+02
9.606518375997859494e+01
1.112591941325751890e+02
1.356854480644053069e+02
8.498963120657832349e+01
1.011356504052020853e+02
1.221526963224902147e+02
1.190721165192196622e+02
9.733599065888149937e+01
9.929298574998215088e+01
1.038768670620195138e+02
1.149316254746620700e+02
1.022606147770474223e+02
1.240148423097705432e+02
1.021982722058425139e+02
1.188396325005142842e+02
9.591315512108566566e+01
1.089734816146297334e+02
9.369347317574313649e+01
1.197045864892440363e+02
9.838952774451367134e+01
1.078387452093432302e+02
1.040309008266495709e+02
1.273834261722955006e+02
1.114737473819185141e+02
1.135134957142960417e+02
1.058838006215421359e+02
1.160457279852160610e+02
1.027210938720297122e+02
1.058859859589747003e+02
1.095013569658611345e+02
1.204473020097466218e+02
1.153078485218724580e+02
1.110790169742923155e+02
9.368135751988401694e+01
1.035494337669919673e+02
9.296960789008221582e+01
1.098547625539164017e+02
1.133388704078354721e+02
1.018861387354280765e+02
1.021026093631825802e+02
1.243307323304152732e+02
1.056144367619484683e+02
1.046929825840101103e+02
1.114977650749562770e+02
1.086800508667006682e+02
1.002417141827774287e+02
1.078832847328963709e+02
1.221165200593751479e+02
1.047773791625310338e+02
1.056198602081449849e+02
1.025694115232691388e+02
9.835972344590581429e+01
1.402250048092546137e+02
1.014546342410246780e+02
9.082909476556794459e+01
1.125001363395234080e+02
1.085139143778965547e+02
1.124318240474501209e+02
1.063626578177908613e+02
1.097661310045552057e+02
1.359399739517216119e+02
1.176924638548080111e+02
9.935651616696416966e+01
1.252775069223967677e+02
1.017076377280703241e+02
8.854962377371265347e+01
1.226014555423326016e+02
1.032737736390146353e+02
1.127466841567038216e+02
1.155055084086213668e+02
1.335551743894993706e+02
8.855825181444980387e+01
1.182261633056266703e+02
9.193874442379680545e+01
1.072598196812741946e+02
1.008284807323352368e+02
9.936191526912386962e+01
1.029295298470596123e+02
1.106879510501466939e+02
1.023778841852622890e+02
1.271765703315819565e+02
1.113583362148244191e+02
1.071146517208599107e+02
1.067898927994703371e+02
1.144251117127690947e+02
1.097459234251553681e+02
1.029221603730593984e+02
1.154823927721617878e+02
1.265488152650132889e+02
9.254198556859729763e+01
9.758973317772071709e+01
1.257598301691924405e+02
1.024949662689500656e+02
1.081550224263068287e+02
1.100123929336805730e+02
1.078012399843497633e+02
1.269874370092233562e+02
1.004922429261563366e+02
1.031518278099636774e+02
1.052747355404391101e+02
1.120936634828365612e+02
1.044942114134092606e+02
1.023494005080797393e+02
1.145098485993131447e+02
1.217048701896064813e+02
9.953849152400013622e+01
1.016607038628358310e+02
1.194627258203528726e+02
1.222468299813847921e+02
1.112918644707344527e+02
9.688455581397934679e+01
1.028588599052618520e+02
1.249208599458261801e+02
1.019321743311178778e+02
8.981933500820835548e+01
1.198293628623937650e+02
9.071064086326595088e+01
1.281697779792675078e+02
9.919725012000051834e+01
9.771840577831399344e+01
9.122509206489992550e+01
1.095921409951503591e+02
1.075832244179433843e+02
1.396781022770513800e+02
1.041808466886190558e+02
9.137394545040453409e+01
1.158405442798746492e+02
1.082357260600035858e+02
1.214513466324348769e+02
1.114528714089203305e+02
9.489296900799850221e+01
1.109828988950680753e+02
9.382760015500780071e+01
1.452720004927954278e+02
8.336515417593935240e+01
1.161842028094641961e+02
1.138322465773107410e+02
1.105502548128580997e+02
9.540531861715754758e+01
1.192443138906607913e+02
9.479260788744392130e+01
1.200515443802775906e+02
1.042722096576723629e+02
1.129795978261150680e+02
1.060438610738341225e+02
1.050935167222807678e+02
1.208833629453543068e+02
1.077529980111791019e+02
1.139103866701016585e+02
1.303266653343360701e+02
8.976027977760115562e+01
1.100420739850644907e+02
1.054959358606104729e+02
1.111779503689870552e+02
1.189462327388847029e+02
1.032986180990159824e+02
1.031278092556904653e+02
1.067070372141288601e+02
1.154045659557945953e+02
1.028028784996247396e+02
1.012158436974230113e+02
1.134701116220536647e+02
1.171863171047196204e+02
1.089697427914268530e+02
1.063114128462122068e+02
9.992332012605919545e+01
1.117882182517468124e+02
1.113007611828361973e+02
1.174633815771763636e+02
8.379014426958683259e+01
1.067606362926292007e+02
1.098482471102205267e+02
9.290068923394039757e+01
1.115270303625132158e+02
1.010330632780264608e+02
9.177165912756237276e+01
1.001101136708180235e+02
1.111336176715172144e+02
1.317098361147412220e+02
9.741346232229280133e+01
1.172753159165140602e+02
1.416458970260609647e+02
1.040093507469954943e+02
1.118179243340784694e+02
8.867777872477265078e+01
1.008914537765959381e+02
1.003480950461200507e+02
1.127578826808037178e+02
1.165781256992837882e+02
1.026003666975274626e+02
1.098216198980407938e+02
1.046806347383434428e+02
1.094493025245828193e+02
1.106816791090768106e+02
1.048763657239724978e+02
1.046007054064259165e+02
1.167085910055546663e+02
1.094477442254976864e+02
1.147946254018449963e+02
9.488685742192471650e+01
1.032650579780925426e+02
1.203585158846985905e+02
1.039812697462257916e+02
1.241665616706696227e+02
1.074554825342822539e+02
1.257116169933806589e+02
1.049928634284265172e+02
1.017593152289748133e+02
1.210396964702292593e+02
9.360937145379197943e+01
1.043805980843304866e+02
1.048001469792043139e+02
1.010203146030687975e+02
1.239474476400741878e+02
1.033209792434410730e+02
1.109429851997235090e+02
1.106256245382527368e+02
1.042930219249527823e+02
1.105038595805338986e+02
1.122362842585270784e+02
1.013908141342273836e+02
1.021302953991910414e+02
9.216064632549252167e+01
8.688383839878997605e+01
1.164906571247490490e+02
1.045447183609126114e+02
1.026688855170504127e+02
1.235859171590381749e+02
1.189385257515973677e+02
1.095672462084267522e+02
1.136671414249144476e+02
9.586456255014962835e+01
1.089835873366976671e+02
1.198801226721543571e+02
1.085350862597864676e+02
1.038513130156729574e+02
1.112464260073396218e+02
9.455142877760901854e+01
1.140412662059421791e+02
8.689566889045924825e+01
1.401297750736273713e+02
1.122905000037585239e+02
1.157723950734058889e+02
1.047736176869480289e+02
1.002319210334364925e+02
1.175780013112814402e+02
1.065271262702411548e+02
1.155034069278258073e+02
1.109607108770517527e+02
9.581311017589318624e+01
1.182323808432498424e+02
9.541179832008300821e+01
1.103329301679262073e+02
1.073728867130841991e+02
1.162791387520631190e+02
1.063446170320058997e+02
1.022641845961263982e+02
1.174124974611764287e+02
1.100634988983268556e+02
1.105614010335636976e+02
1.086769436598084013e+02
1.075726047351007111e+02
1.115190437937377368e+02
1.044932686170908198e+02
8.392789698935337128e+01
1.268110587925502983e+02
1.120849887128152744e+02
1.094106919564675593e+02
1.126954214314667411e+02
1.017055134143006541e+02
1.118153319360246485e+02
1.122733049187809513e+02
1.048633291337016118e+02
1.137687530220566998e+02
1.099463107460651941e+02
1.026867037035359118e+02
1.167785288992630086e+02
1.067410582718102745e+02
1.030125852815891392e+02
1.173298943310098537e+02
1.174210830146845552e+02
1.088351504116720037e+02
1.156762146904854660e+02
9.343175555177548119e+01
1.014012313875499984e+02
1.181791253350388899e+02
1.196395189789930953e+02
1.232696008037536615e+02
1.071233398943242747e+02
1.101667401244224465e+02
9.977887748217101205e+01
1.071898456750259072e+02
1.081087035352256578e+02
1.007022922491262733e+02
1.076883134887368527e+02
1.203699547171941759e+02
1.203832607134791601e+02
1.016692823134672068e+02
1.379125945759462013e+02
1.019476995656462179e+02
8.872570810867568980e+01
1.007671954483018055e+02
9.658944977692948441e+01
1.122446730314949264e+02
1.146476297739334314e+02
1.040071063843020767e+02
1.225417982620433293e+02
1.063316365410548485e+02
1.004830530476451571e+02
1.049420876891628183e+02
1.226326972534848920e+02
1.067237347607639890e+02
1.014243027239876511e+02
1.276986643312096419e+02
1.169717477781470620e+02
1.111172070791542694e+02
9.230543817970669807e+01
1.123935914266929643e+02
1.127707278139703959e+02
1.083618133474253398e+02
1.053129332240096829e+02
1.031316230241147451e+02
1.145058014558330086e+02
1.134571089389077372e+02
1.156136426093724765e+02
1.195754435379657821e+02
1.152091368588350520e+02
1.089896910280588713e+02
1.026018993803471062e+02
1.093034927882675618e+02
1.026465319762238124e+02
1.181764931473108504e+02
1.090941886315489171e+02
9.151522894244247652e+01
1.160622086679758098e+02
1.162546611045727190e+02
1.199008778246785170e+02
9.807628179149592995e+01
1.124188127893795723e+02
1.200177336956162435e+02
1.112788561145492139e+02
1.110169755737444746e+02
9.304824638972931439e+01
1.067416467156512567e+02
1.137274347685993945e+02
1.055004917347104367e+02
1.151892415181133629e+02
1.029344119169367673e+02
1.078791452812743898e+02
9.620715977077303194e+01
1.117551963444795291e+02
8.313891850287241425e+01
1.280363176669542042e+02
1.232292793912083511e+02
1.258575716959605302e+02
9.658946130141008268e+01
1.209375990023898311e+02
1.070906907802589529e+02
1.042974449766816178e+02
9.620720314586372979e+01
9.987225901041561826e+01
1.089599031055017235e+02
1.074119782387475794e+02
9.467650509866317066e+01
1.351791660678380538e+02
1.086466595630567440e+02
1.135760219907896271e+02
1.134367587746219073e+02
1.044366689241256267e+02
8.773675513575200569e+01
1.372880481262337753e+02
1.111461803840976472e+02
1.087364953407980153e+02
1.026107974947511963e+02
1.034254098982439842e+02
1.237294238526922072e+02
1.014312409441488398e+02
1.065840047073424302e+02
1.249169176347822940e+02
1.122201803331245742e+02
1.090192829976335958e+02
1.021825738376967223e+02
9.612526672033668262e+01
1.269710087611470755e+02
1.095947496227023947e+02
1.237350270553344700e+02
1.083110605300606011e+02
1.146312148244935400e+02
1.096515720291623097e+02
1.029846080794251009e+02
9.326244588064921004e+01
1.117921657804213851e+02
1.187934448007321464e+02
1.046337388693439863e+02
1.051267822474696203e+02
1.090073746378030961e+02
1.071728294027360562e+02
1.156139836160947709e+02
1.186684721042617525e+02
1.065222994799856764e+02
1.012846812022526279e+02
1.080634300030291257e+02
1.059857264188666619e+02
1.101301705959976687e+02
1.270954393559853060e+02
1.009881076257874071e+02
9.715143657957764844e+01
9.439469683580431081e+01
9.030425736381452850e+01
1.530746473459456070e+02
1.190806423666581821e+02
1.137014474025111355e+02
1.045484558520394955e+02
1.038123565669199166e+02
1.129066629044487797e+02
1.016257054393395691e+02
9.323115863463826258e+01
1.076789306950906422e+02
1.165215464263966396e+02
1.135313714242569034e+02
1.178232129911729231e+02
1.073832123588171470e+02
1.329258214742184521e+02
9.447646949903941049e+01
1.005327591001767615e+02
1.114669130358661704e+02
1.069769973884688739e+02
1.083455991600884403e+02
1.208829571086393457e+02
1.077249620897015774e+02
1.364313016183900800e+02
9.534284909022740351e+01
8.593953591492247313e+01
1.024517124817322582e+02
1.028468061434506637e+02
1.080760715020675065e+02
1.262175892253322615e+02
1.066249547144891920e+02
1.125512955586999766e+02
9.920128630633261935e+01
9.782046731641969473e+01
1.296327915509442903e+02
1.033250050654250884e+02
9.624946944991842201e+01
1.045813120161152199e+02
1.192727268552824711e+02
9.681547397400746036e+01
1.207170917484950365e+02
1.199513857504813927e+02
1.011988215402768674e+02
1.106940721281031870e+02
1.051970832296511276e+02
1.051411315273625604e+02
1.074822136892172892e+02
1.232134376843812902e+02
1.120857100719619979e+02
1.082263304774428434e+02
1.007190902094826725e+02
1.079769724595023916e+02
1.114480880583649309e+02
1.230231434060270317e+02
1.062541845315882654e+02
9.881902713456707943e+01
1.075291749204039178e+02
1.161576469347791800e+02
9.976557701290249724e+01
1.221161859750497456e+02
1.322394749787464718e+02
1.003095669078725791e+02
9.568223013875113736e+01
1.014971876899077188e+02
1.257168199287024350e+02
1.029167064660370698e+02
1.181287584375256046e+02
1.032825968976671760e+02
1.022652284032885319e+02
1.026705294710962022e+02
9.927967757949518557e+01
1.110794087944558584e+02
9.420879076225718052e+01
1.097458606677962933e+02
1.133503765094880578e+02
1.028684541782314597e+02
1.444320773993442515e+02
8.901476643665735367e+01
1.235361271421976710e+02
1.032180603498155733e+02
1.174515894225712600e+02
1.121476143527571878e+02
1.239912528476374547e+02
1.030455339059319613e+02
1.110295658575981435e+02
9.940586413404325583e+01
1.032716658335358915e+02
8.767139463924245035e+01
1.169991399027768892e+02
1.225424008831138707e+02
1.052159871810338245e+02
1.071680988104195222e+02
1.118549104721338665e+02
9.214151405444842169e+01
1.197062593128965773e+02
1.116582960526250758e+02
1.034125580973116314e+02
9.993314986656709209e+01
1.218423577952277554e+02
1.231861684673341983e+02
1.268030307857828518e+02
1.047142454287183568e+02
1.320567706717354497e+02
1.045857896496044219e+02
1.102881841729567043e+02
1.067199374812259975e+02
8.747269446047947383e+01
1.155907672672563962e+02
1.147096761037175128e+02
1.338302940953180951e+02
1.036434409378710484e+02
1.018656543025458632e+02
9.557542632665440863e+01
1.043450083906791832e+02
1.194742596182981202e+02
9.681480290564734048e+01
1.100945041856111146e+02
9.723725751177011034e+01
1.147978651662291156e+02
1.059863412740084243e+02
1.265469757403379560e+02
1.046933413274128526e+02
1.376775089859411025e+02
1.077650146749582518e+02
8.975120121795396244e+01
1.084223084235697314e+02
1.046998288123016181e+02
1.013141274458536145e+02
1.063734844067824952e+02
1.015112107163799067e+02
1.055649008059242533e+02
1.311183814442593132e+02
1.084860324610647666e+02
1.145308804667140237e+02
9.256973223434668796e+01
1.300867784513203844e+02
9.860392958103186345e+01
1.193413822273200253e+02
1.025033344808063021e+02
1.091876485129038485e+02
9.651440898975997129e+01
1.117579955497216275e+02
1.215108219750012637e+02
1.144043828745968767e+02
1.024557864738884376e+02
1.093223611793217032e+02
1.130834775038149189e+02
1.120805946878077464e+02
9.740996680143067010e+01
1.045233411327001107e+02
1.195184262895398177e+02
1.104050679638420860e+02
9.718519173016751722e+01
1.260272775358324111e+02
9.571967891620016644e+01
1.099239562263811649e+02
1.099306078496501584e+02
1.111543181519827499e+02
9.984202141402640507e+01
9.428301120688723813e+01
1.194729896850800372e+02
1.188146589580772456e+02
1.147450896970665752e+02
9.443262082635312993e+01
1.107917040846960930e+02
1.011221956465151948e+02
1.013392140486830044e+02
1.123626784422786500e+02
1.326107038293541507e+02
1.167197198989789229e+02
9.187002597772132617e+01
1.083762990004108815e+02
8.315363767965440900e+01
1.330053572882476374e+02
1.299845767995572601e+02
1.087518276697915951e+02
9.424407789968145721e+01
1.048847986623275972e+02
1.024449328267923960e+02
1.102497574681110990e+02
1.033579115699581195e+02
9.961984082986354849e+01
1.331833555939608402e+02
1.187575643041723197e+02
1.020470582050726307e+02
9.892665759400171055e+01
1.039666951104716901e+02
1.291485045318606808e+02
9.960537458657785237e+01
8.752986017037501654e+01
1.193722687662392730e+02
1.034341685722592530e+02
1.025899437182229832e+02
1.171312448725698800e+02
1.164801822293077578e+02
1.113840991455786735e+02
9.280220397898817453e+01
1.083160026937255651e+02
1.091772168504709128e+02
1.035667379602729170e+02
1.071579634652171649e+02
8.880033953762418264e+01
1.036965708033916229e+02
1.407195911879067580e+02
1.079688839111666567e+02
1.265118225795861946e+02
1.002009884497346519e+02
1.078268356814645728e+02
1.055985180877879372e+02
1.079745964923793622e+02
1.071423999020053230e+02
8.378941547035512372e+01
1.111554264516168473e+02
1.094760485342672780e+02
1.057949344711689292e+02
1.136829316547012070e+02
1.015792456170735818e+02
1.147159465192802941e+02
9.526956767311820329e+01
1.044993792590833692e+02
1.239669801609366715e+02
1.051109189264290222e+02
1.021873601758359911e+02
1.195405247771448529e+02
8.983043431976003035e+01
9.244101281813995286e+01
1.018476816702626024e+02
1.166787504117666856e+02
1.157317575478213882e+02
1.254384676593076904e+02
1.054944190863472784e+02
1.161290996032707454e+02
1.148346619581567154e+02
1.185069136805982595e+02
8.706870492223022495e+01
1.046983589082500288e+02
1.142999217865020682e+02
1.141439213115505140e+02
1.151450988011606000e+02
1.184815553496792404e+02
1.010671642262273195e+02
1.080401084666636109e+02
1.102117322079562882e+02
9.792471911929014539e+01
1.223536099283497549e+02
1.183326727438630144e+02
1.272234614080202704e+02
1.183267101315870917e+02
8.403878371846896300e+01
1.058954976443887830e+02
9.645586598411304635e+01
1.115285574761901302e+02
9.936135526016781228e+01
1.082034140592366640e+02
1.055878572770632502e+02
1.273614257791121815e+02
1.004142555534883599e+02
9.917063552402599669e+01
1.096774441835149219e+02
1.135946237229187687e+02
1.155648152313782759e+02
1.086768382684425376e+02
1.099045566162063921e+02
1.033627118064963071e+02
1.057344155934400618e+02
9.975091718959636466e+01
9.516381372432671526e+01
1.058266247516524174e+02
1.162202791594644111e+02
1.127578140458534506e+02
1.232327969290569456e+02
1.028711282088146106e+02
1.062481896662279723e+02
9.988223373484564149e+01
1.120920943022658776e+02
1.013249452193754507e+02
1.047477292331538621e+02
1.302811010412190740e+02
1.108793777571491574e+02
1.126590757026945369e+02
1.214126915035609215e+02
1.023683408627020270e+02
1.031854438907459155e+02
1.043161745858282075e+02
1.232635206018388203e+02
9.371216601159679271e+01
1.135392404409367657e+02
1.008866542025436672e+02
1.131202544413212792e+02
1.079920712932528346e+02
1.163027930877079541e+02
1.100086639045137247e+02
1.088027967565492702e+02
1.003918907081238814e+02
1.123286261079990993e+02
1.179941970339366435e+02
1.134586567254985709e+02
9.887576995859868134e+01
1.123678666985337173e+02
1.239941612438009741e+02
1.110593476400915165e+02
1.224576250613913402e+02
1.059882005826610509e+02
1.044578610467325319e+02
1.058498985816910789e+02
1.126773054216320560e+02
1.168876828018627521e+02
1.098965330619688956e+02
1.100396318877262871e+02
1.078337221809196933e+02
9.503393780471365915e+01
9.821589309880390317e+01
1.194957097567940281e+02
1.256168608663285227e+02
1.106627903598404714e+02
1.034227500457409263e+02
1.005693464274645663e+02
9.750983575945167559e+01
1.196241874597909458e+02
1.240531187193586078e+02
1.150903930855987483e+02
1.165059104173461151e+02
1.077389339836616813e+02
1.031384892362411705e+02
1.005236470593806644e+02
1.127887986246462901e+02
1.067291936720350947e+02
1.223951225434736045e+02
1.070053063918736029e+02
1.184824203061044585e+02
8.395077785736206977e+01
1.131344977447956239e+02
1.137762539775402502e+02
9.668450092897967352e+01
1.326819503643951919e+02
9.918781865733242853e+01
1.198718073781939779e+02
1.044618800626344495e+02
1.121614663330239665e+02
1.099060653024746301e+02
1.104175531756895055e+02
1.258562308988986587e+02
1.058837673723659520e+02
9.860407743588265816e+01
1.116087707908708211e+02
8.747321961031903470e+01
1.332369639235083412e+02
1.023277016695954273e+02
8.255552291276838162e+01
1.345589533873674952e+02
1.022688353005272859e+02
1.250210383516334360e+02
1.019427997583577934e+02
1.058089662900602974e+02
1.042191200046399899e+02
1.152159324664731344e+02
1.018935852197495109e+02
1.279612037143945997e+02
1.102858884106180284e+02
1.134379632265713980e+02
9.492582953816754809e+01
1.035819645263070754e+02
1.100539077019492709e+02
1.204315703715087551e+02
1.171583758717444397e+02
1.055772229779087326e+02
9.589710801411661123e+01
1.145607388928026040e+02
1.019136870745925307e+02
1.202112872392355030e+02
1.029055498573424074e+02
1.047027596969728052e+02
1.217644825894055742e+02
9.741011644063483743e+01
1.079751368785072856e+02
1.147604798666349097e+02
9.784058182797832615e+01
1.136340163957352587e+02
1.025356769371847747e+02
1.121057636373476640e+02
1.147151924592400434e+02
1.058317206363179963e+02
1.016085422207946607e+02
1.136128166130457089e+02
1.148156991133542846e+02
9.743448484949446708e+01
1.229196409265747008e+02
9.123030694573407118e+01
1.174407517570689947e+02
1.230520970806552299e+02
9.502022251515299445e+01
9.384392080774243539e+01
1.184955578020891664e+02
1.071396113266702770e+02
9.198977740460470898e+01
1.075960716555752583e+02
1.322892019871825369e+02
9.352547469493545407e+01
9.847738040400736281e+01
1.267605421151274356e+02
8.602967660521721882e+01
1.166247102230414612e+02
1.132156679860243287e+02
9.671856413202779379e+01
1.184524535549271178e+02
1.116213289004526814e+02
1.039198732296894576e+02
1.131769792389467995e+02
1.057938953759219771e+02
1.115514201667025702e+02
1.140136732889299935e+02
1.184905305966994007e+02
1.044912186438221795e+02
1.025741380597932846e+02
9.777315390568625730e+01
1.139248924339400872e+02
9.926484202060947837e+01
1.363666580547991032e+02
9.572988685616734017e+01
1.071864254802667631e+02
1.106646725883281022e+02
1.264980282453219189e+02
1.142802464758700438e+02
1.042947934568516217e+02
1.040060688567913019e+02
1.052340880427999110e+02
9.873012792577000596e+01
9.381496597434410489e+01
1.111481691503271350e+02
1.184656764949751278e+02
1.069915090685263408e+02
8.996318056279832831e+01
1.157163619101357597e+02
1.254300899639382152e+02
1.001630477410071194e+02
9.975979339326218565e+01
9.638999376337099534e+01
1.161295989470799697e+02
1.193574043820709392e+02
1.193974295838381749e+02
8.888594333707881390e+01
1.163142154054654469e+02
1.169442912066018323e+02
1.129844058536589841e+02
9.788822269080552019e+01
1.021326273876501745e+02
9.188438891703751210e+01
1.150047428678393260e+02
1.140476890025893368e+02
1.189043139365846429e+02
1.113661414417289848e+02
9.513711229265659597e+01
1.214004132070629964e+02
1.136204176589542385e+02
1.021567837057293247e+02
1.109623372844990712e+02
1.112003201303988504e+02
1.095584595290153231e+02
1.213077841530450058e+02
1.080779005266295627e+02
9.996904544334000775e+01
1.038387883907782765e+02
1.124351074965342008e+02
1.176430704874733806e+02
1.184992284999679413e+02
8.709815319005578260e+01
1.204650717832598446e+02
1.147703373392711654e+02
8.622778242925355130e+01
1.142261469180202340e+02
1.229342215436462453e+02
1.184375474614975730e+02
1.057793341347547340e+02
1.124464640465032943e+02
1.211898902702510128e+02
1.022754804915506810e+02
1.014747040854629176e+02
1.254325644669681452e+02
1.271220489112224925e+02
1.055375051818170675e+02
9.768090287673771854e+01
1.021948604975121953e+02
1.195578457817333913e+02
1.120587629308793964e+02
1.047897471341653244e+02
1.197107832530546006e+02
9.937951578533832730e+01
1.168181034886824960e+02
1.105070998603345203e+02
9.407408641445547914e+01
1.186891732651112221e+02
1.026551523568656137e+02
1.106626652030350186e+02
1.060392187392443759e+02
1.258926940435085413e+02
9.152825084946471179e+01
8.763299377338336171e+01
1.503139810846134594e+02
1.014307049303594255e+02
9.135041853597773809e+01
1.071531954177141017e+02
1.234157226127465492e+02
1.232486595176796129e+02
1.100936515872405721e+02
1.030795947094699301e+02
9.358696267274288516e+01
9.666644223844295425e+01
1.306120542968916709e+02
1.179073209979657548e+02
1.152693578744295735e+02
1.028226055240336905e+02
1.020361146235897110e+02
1.171044327259219955e+02
1.275663513370905804e+02
1.027210512493703902e+02
1.145786770851736662e+02
9.072269274081864410e+01
1.317523543750077692e+02
1.031468265713821211e+02
9.956336084726783042e+01
9.440391869734590102e+01
1.193552203109792487e+02
1.039925765721151976e+02
9.642284428013184083e+01
1.296618432332800808e+02
1.099802793932633591e+02
1.044428213918806136e+02
1.087851952732176102e+02
1.057142667798835021e+02
8.819931709101035722e+01
1.106483604357046318e+02
9.950022653517333993e+01
1.322875697674725757e+02
1.123148655804109808e+02
1.045767153202128696e+02
1.003663900483294782e+02
1.245098950623888499e+02
9.342372692793324518e+01
1.193485001294443038e+02
9.701983992215160413e+01
9.054713930444292203e+01
1.262020714660131944e+02
1.075074102833141296e+02
1.086972816804498478e+02
1.159568576116723193e+02
1.305572867297572941e+02
9.721315437892550904e+01
1.047295682636537606e+02
1.053971719028969716e+02
8.205043117667280228e+01
1.179085297943811241e+02
1.334069794698073963e+02
1.067015202854597788e+02
1.164713916712172761e+02
1.095340822366160580e+02
1.031836447151578255e+02
1.035870849706244172e+02
1.167908048753293428e+02
1.069197712036123136e+02
1.174591487017750211e+02
1.045007097569510393e+02
1.249873317824047660e+02
1.011432720512712535e+02
9.790618554594931311e+01
1.083960055987630682e+02
1.073700008007425311e+02
1.024083021349792659e+02
1.160282659577264610e+02
1.037583773302054624e+02
1.126219302528947566e+02
1.134636265625959339e+02
1.165954231301426347e+02
1.131972540229257049e+02
1.021240072443415841e+02
1.122648254793839726e+02
1.184593907423130332e+02
1.235622445482736822e+02
9.677456225846046323e+01
8.525713762623522030e+01
1.113819256462520428e+02
1.062327000155806189e+02
1.086753215558275087e+02
1.102567302358772849e+02
1.119833201692644309e+02
1.006873939511754941e+02
1.182380407970007354e+02
9.629129477446156216e+01
1.252126309557742019e+02
1.051176729134240020e+02
1.085654319207081073e+02
1.072227298920061003e+02
1.122976985908953367e+02
1.053930925332403774e+02
1.068827911056533111e+02
1.051961026160366970e+02
1.038671544608771740e+02
1.164852060311793593e+02
1.180461181646001165e+02
1.030321066006934387e+02
1.056946319874366651e+02
9.390828700858611455e+01
1.286400805778019389e+02
1.164745868036848435e+02
1.030415222094303118e+02
8.730016671967001685e+01
1.306900373539631914e+02
9.751798241381391108e+01
1.235886525772866378e+02
1.190355891202229941e+02
9.804797931865131488e+01
1.075317834931908152e+02
9.875429676452156968e+01
1.348838162003516175e+02
1.084834873572146563e+02
1.097058569712489060e+02
9.280077271652328363e+01
1.203517959712599179e+02
1.147679226608807994e+02
9.945299440172685479e+01
1.118294631252776270e+02
1.036481405322056588e+02
1.050228954687894145e+02
1.181383231273479169e+02
9.719653301432317960e+01
1.205607019855739281e+02
1.177088785457777362e+02
1.042021786977445998e+02
8.974696106394809192e+01
1.273995250782857340e+02
1.123584410828974995e+02
9.732931401352736600e+01
1.245927063637952301e+02
1.031031521500588752e+02
9.249222237047258943e+01
1.020740534895846565e+02
1.229811327532737693e+02
1.122677565182959825e+02
9.968792597288093305e+01
1.084327020213036690e+02
1.054547385214652309e+02
1.146275474741047731e+02
1.241422401127805557e+02
1.033812238184042513e+02
1.159443522393279551e+02
1.057859557275340165e+02
1.158767855939439073e+02
1.030908510475294690e+02
1.136069303320010278e+02
9.980215634730855356e+01
1.076002689173750042e+02
1.140379853164226631e+02
1.105150615212196925e+02
1.158064716896044928e+02
1.121156650909049688e+02
9.647314385831228378e+01
1.136505782425691962e+02
1.077906468440485952e+02
9.312220751763894100e+01
1.015586981731893843e+02
1.147056354266655944e+02
1.260488603377144443e+02
1.078228323816122014e+02
1.242513015558493947e+02
1.017284045963857295e+02
9.759470737979239630e+01
1.057400333786164026e+02
1.119751903249054408e+02
1.157152595040597305e+02
1.093063605973114107e+02
1.059190236969928520e+02
9.470188500466110781e+01
1.064500548435234890e+02
1.225207449314406603e+02
1.076935299954155880e+02
1.007905467738458469e+02
1.002439263479357265e+02
1.159284790682434618e+02
1.065631145291918074e+02
1.073479430646215178e+02
1.133899399060488236e+02
1.126628313700549029e+02
1.078639757973845548e+02
9.869915903228825016e+01
1.119513944128175780e+02
1.078764719463505628e+02
1.262132118320023295e+02
1.003165404382479267e+02
1.160994158888899221e+02
1.113507596083784392e+02
1.142128608255222133e+02
9.556694063108571413e+01
1.139243335411625964e+02
1.032122836703606055e+02
7.715799503154511285e+01
1.444074645489060345e+02
1.073358385388988125e+02
1.108231423246097052e+02
1.304653301821856530e+02
9.174991213888060315e+01
1.111793191563240839e+02
8.980909488514909356e+01
1.133519488143410285e+02
1.063025931942584492e+02
1.225281197691849115e+02
1.096508991108451170e+02
1.072909829959857007e+02
1.062161931422796783e+02
1.038501032071754651e+02
9.937039570636443386e+01
1.238650120771529259e+02
1.058024594431817746e+02
1.109467066056891014e+02
1.198459156499644678e+02
9.699477454653745667e+01
9.895646824959493415e+01
1.132333643332319610e+02
1.175981865052422961e+02
8.959746930183946745e+01
9.921491987347275199e+01
1.366367352542344520e+02
1.147221463834459740e+02
1.026941697169353205e+02
1.121814110978562127e+02
9.663696210432520672e+01
1.061497211762905977e+02
1.136102988166739891e+02
1.301186659356889948e+02
1.134873797308243866e+02
9.718208471289912609e+01
1.308662488513812434e+02
5.359452037925841239e+01
1.176052926506130092e+02
1.074110651148418896e+02
1.053511294113602617e+02
8.936646799986478129e+01
1.204283026387120401e+02
1.187455854602772405e+02
1.182827749332444398e+02
1.050531273190290307e+02
9.720676830042700090e+01
9.170809874417369656e+01
1.155839645187989646e+02
1.153018506939539378e+02
1.056608597215585803e+02
9.698224027108612688e+01
1.170528098184930315e+02
1.060957109121900714e+02
1.311184841204359941e+02
1.025842261808416680e+02
9.797016194534647582e+01
1.059283199906528949e+02
1.193025877854306032e+02
9.240602136060257976e+01
1.085899925019290180e+02
1.175297715632102893e+02
1.110372599354820551e+02
1.101685605575624578e+02
1.087307592622890411e+02
1.003388454898478130e+02
1.026741613968102200e+02
1.294475808996666331e+02
1.028021343840362221e+02
1.027843683377073205e+02
1.101744766738748496e+02
1.081804701994751952e+02
8.210426239544999305e+01
1.295908570157423298e+02
1.096481419684771623e+02
8.192833713518565730e+01
9.442879645868900695e+01
1.187756040709877539e+02
1.586623572157300543e+02
1.156049915680894600e+02
8.497104394799899296e+01
8.008558941405610199e+01
1.143783392550813005e+02
9.356240939098073284e+01
1.005701302222524589e+02
1.023710512710691916e+02
1.035805775745897961e+02
1.066138647036551248e+02
1.292582680115836524e+02
8.701333120218690453e+01
1.249730969324053405e+02
1.078058577247190897e+02
1.064643269990611003e+02
1.215007204492541604e+02
1.068870382434931088e+02
1.295419889169993439e+02
1.213741535134035985e+02
1.033968116308225405e+02
9.677988466422895897e+01
9.338602603190325624e+01
9.757883341961000667e+01
9.503052261729528993e+01
1.316796901552888812e+02
1.098387963175747615e+02
1.110721026275516294e+02
1.096422703073990448e+02
1.227098651592484657e+02
9.530246415911578595e+01
1.170709514053535685e+02
9.032668274450159629e+01
1.117361654982221069e+02
1.143721541586937178e+02
1.247112658847040763e+02
1.210999887211688417e+02
1.041071771876055863e+02
1.026447315684880550e+02
1.223478037390948714e+02
9.002615597695009342e+01
1.086509838900913252e+02
8.160698583010822915e+01
1.362201526239832958e+02
1.070409786306045845e+02
9.856850187442231004e+01
1.226390983863610842e+02
1.066547768008031625e+02
1.253272403956676300e+02
1.226888900331660182e+02
9.126162787015587696e+01
9.946131738532169209e+01
1.035630119401773328e+02
1.150650641665335598e+02
1.164306058652782099e+02
1.137252584893339247e+02
1.193808074361303682e+02
1.084454405726407060e+02
9.435869009769037064e+01
1.010125440250300954e+02
1.168849675478356147e+02
1.080205686424526021e+02
1.127037333442481639e+02
1.282066643082281701e+02
9.801956520689304853e+01
8.680506208474575658e+01
9.380364765093845847e+01
1.191791705719881520e+02
1.017639581106583933e+02
1.079529657124556792e+02
1.142590817501728964e+02
1.176476187770954596e+02
1.194853530460389806e+02
1.023028033717510397e+02
1.089026564889231992e+02
1.116712477244825834e+02
9.455680498713950044e+01
1.210537678572260631e+02
1.025997593637643206e+02
1.124964569386645650e+02
9.322295690172084903e+01
1.093810938920797469e+02
1.324092395131484921e+02
1.050656301471172895e+02
1.236645429607114437e+02
1.130611407105489121e+02
1.013052921201305736e+02
1.016586640458870221e+02
1.073802413360862857e+02
1.093245670515646992e+02
1.150071107322075790e+02
1.074567517727714829e+02
1.080449233646650242e+02
9.956668502897642270e+01
1.110515101354289413e+02
1.099535126164271759e+02
1.099569758766404988e+02
1.173432581915256350e+02
1.086925960955427684e+02
1.050870892423460816e+02
1.048113130095280496e+02
1.019988928927398746e+02
1.241842103578415504e+02
1.138944908513283423e+02
1.057661276609648553e+02
1.001086367474658516e+02
1.046869310663687287e+02
1.069168379789140175e+02
1.068043464237066047e+02
1.058535223668962431e+02
1.099064418976914084e+02
1.292441793396892251e+02
9.867237571824514930e+01
1.053740694824941926e+02
1.165651048409505393e+02
9.554170741386350585e+01
1.039705486142119497e+02
1.161674993850381128e+02
1.118274268516215955e+02
1.112083101140561183e+02
1.125155730562441363e+02
9.706852165172139735e+01
1.115838494987629019e+02
1.129085399676549599e+02
1.032963533310712450e+02
1.198094290689409434e+02
1.207147989271512927e+02
9.400423189220556708e+01
1.062440890791990284e+02
1.207448234248505372e+02
1.000415165445044750e+02
1.193015710214922933e+02
1.122635062955075256e+02
1.108216823016720127e+02
8.727042200226422608e+01
1.142434773531405057e+02
9.269961053373222626e+01
1.219358027899971546e+02
1.173296528369781129e+02
1.037099632271173277e+02
1.073179850997159832e+02
1.072754530117521341e+02
1.023136402588372960e+02
1.113055181899496091e+02
1.129647273258845530e+02
1.235398654411721964e+02
9.729659680292563451e+01
1.317030563978509576e+02
1.024274566975307863e+02
1.124627256915803315e+02
9.943189548511560361e+01
9.691518987077583347e+01
1.135060529314055486e+02
9.659225635684441613e+01
1.079973233554000842e+02
1.073557831754506822e+02
9.643598689805978097e+01
1.166650781118990068e+02
1.273847176184475245e+02
1.058762331053826955e+02
1.142122720407488998e+02
1.208073795227806073e+02
1.020703579505010907e+02
1.054875932257063482e+02
1.064275882267967006e+02
1.063812093707611552e+02
9.489020411176061032e+01
1.242283579720349849e+02
1.033664415442537319e+02
1.045414061166495259e+02
8.033187211090677238e+01
1.277222230230845526e+02
1.265660286193170521e+02
1.011901625699897949e+02
9.959798192170208608e+01
1.288688700606569455e+02
1.154520314279397297e+02
1.016564769906807300e+02
9.646429695891079348e+01
1.163507945441609479e+02
1.196529766786185860e+02
1.169014614546474462e+02
1.045082449405567502e+02
9.962063793444110615e+01
1.278941497459380656e+02
1.046290976114624556e+02
1.134850191695782371e+02
1.063370344492917354e+02
1.031532309901090798e+02
1.036012808820296129e+02
9.343443605317006018e+01
1.039295997871131050e+02
9.586692809119873004e+01
1.511947222485615896e+02
7.419417010374654353e+01
1.037444319107608806e+02
1.185376066742696395e+02
1.166763880123850896e+02
1.148674846145094506e+02
1.125139217028354324e+02
1.077521531233316523e+02
1.079343735720420057e+02
1.256018700665795791e+02
1.045401610705515907e+02
9.452035834197123165e+01
1.459080412781709413e+02
7.440778389244127311e+01
9.798532130295218678e+01
1.240812112227269637e+02
9.239115342691191302e+01
1.183764197741484878e+02
1.469930019613947252e+02
7.956566405303159684e+01
9.561105583506382288e+01
1.087374296693237739e+02
1.021876456551602104e+02
1.107946992690715291e+02
1.277765865919689361e+02
1.090280096614199721e+02
8.742242580443628697e+01
1.004972665670585883e+02
1.125000625722051666e+02
1.223169135529816742e+02
1.193863689406101400e+02
1.098076062895095362e+02
1.010423766332816484e+02
1.131937714209008590e+02
1.115878228548555029e+02
1.043381382913455440e+02
9.997145508842879735e+01
1.228500599060854483e+02
9.628010694475392484e+01
1.179007567261875096e+02
1.202309538929254416e+02
1.175271764825788381e+02
1.064586723392418861e+02
9.909458226037020268e+01
1.061360409811907175e+02
1.034221451630467925e+02
1.072613270369048735e+02
1.140165014725399431e+02
9.572026340695801139e+01
1.286102239200571375e+02
1.079793333024946236e+02
1.108997713852445202e+02
9.830255635068918707e+01
1.054185517535802461e+02
1.296253605452358499e+02
1.039950649992481431e+02
1.032718588323979532e+02
1.209239419711803123e+02
1.136985667677223830e+02
1.317888756948157436e+02
1.043909308570077172e+02
1.068605402635586614e+02
1.099029592898355077e+02
9.469431546728424109e+01
1.067207265292099407e+02
1.167091995421626933e+02
1.232264566080588537e+02
1.004346313941616842e+02
1.285058328784362800e+02
1.112270980958240045e+02
9.355393191261124741e+01
8.988984934152495043e+01
1.074953310830382947e+02
1.306530329071549374e+02
1.082752302818394980e+02
1.231496197635489835e+02
1.105329744708705419e+02
1.019097582983779233e+02
8.497242582756993556e+01
1.138671079581007461e+02
1.211541231216170758e+02
1.246195253513480736e+02
1.034062955665110906e+02
1.119664142820285662e+02
1.024621896297519186e+02
1.122952292851465188e+02
1.130853699372033105e+02
1.099788632107734401e+02
1.067846852758133451e+02
1.095182628191196272e+02
1.295553622941179412e+02
1.103300702383599514e+02
1.002440625963846941e+02
1.046320602859065332e+02
9.982978181937868101e+01
1.201809845002383810e+02
1.271229893870922467e+02
9.197240856633385420e+01
1.111010692145527514e+02
9.263894987765660005e+01
9.796130339848035362e+01
1.132617525335350308e+02
1.079565658300284383e+02
1.126464948490268654e+02
1.057431555490778265e+02
9.637321860988907929e+01
1.135687344319967309e+02
1.110176627205941031e+02
9.477769394788975887e+01
1.358939339338390369e+02
9.352420536380418525e+01
1.096998366187782636e+02
9.897100102411681632e+01
1.058899044738775075e+02
1.140197260381407744e+02
1.117964043315722904e+02
9.955687907136719161e+01
9.698848171562860898e+01
1.241242676116427361e+02
1.142829093384167294e+02
1.059988238988761111e+02
1.111455784934286157e+02
1.227293928222796779e+02
9.694859601256477788e+01
1.047428167380677593e+02
8.821357258230364096e+01
1.317365866968657713e+02
1.046643473424165478e+02
1.250107840574354867e+02
1.113834971525919855e+02
1.217339598677561128e+02
1.067761341842608545e+02
1.158283496054217210e+02
1.068830894864885863e+02
9.022680961139927547e+01
1.230460333708827676e+02
1.137931899196159833e+02
1.096572853693851215e+02
8.904904810082727806e+01
1.123328507366120732e+02
1.216151839792520803e+02
1.059811702146094774e+02
1.170536446247712377e+02
1.218594921828222084e+02
1.069674217468680553e+02
1.109500507440150301e+02
1.039929317319300850e+02
1.014612315934625997e+02
9.788550033793640637e+01
1.155516754539384010e+02
9.744332472931615996e+01
1.006868522152597052e+02
1.045216854813561156e+02
1.208395545375484517e+02
1.156915975553704499e+02
1.189001276337341153e+02
1.100486236907442361e+02
1.122724005988825695e+02
1.252569301766872343e+02
1.069733546960874122e+02
8.170823743780636050e+01
1.201070229042093018e+02
9.543832259026486042e+01
1.211007625667084113e+02
1.093693976214387362e+02
1.238029557536120393e+02
1.231364762968860163e+02
1.052214380710410069e+02
9.866525521165135615e+01
1.080284180621209060e+02
1.096382782798134912e+02
1.037567199394527222e+02
7.787065029539661509e+01
1.301348068771455360e+02
1.078583246561312023e+02
1.146832787117214707e+02
1.000276945144494931e+02
1.046489225806247703e+02
1.016982158682853026e+02
1.264376414801674571e+02
1.034427757681314262e+02
1.166462806997316193e+02
1.176506901087792301e+02
1.146298205830303232e+02
1.274816845468678252e+02
8.583480242150949380e+01
1.025324144988818773e+02
1.231626088743799272e+02
1.065758874633643387e+02
1.357825752314486465e+02
9.905976489349541225e+01
1.178648640030854580e+02
1.056807790159222691e+02
1.035152105646013183e+02
1.129049110077824452e+02
1.056112173126876428e+02
1.108620045287075584e+02
1.009435786010701008e+02
1.188598507423132702e+02
9.390220492941054431e+01
1.009428104045426124e+02
1.142561652562941532e+02
1.260022371984371574e+02
1.022805367356030644e+02
1.232133909970684584e+02
1.039769174785591872e+02
8.321490016876013840e+01
1.175361461799102329e+02
1.234346055576250762e+02
1.138850498427536593e+02
1.025477451238184869e+02
1.027552025909042897e+02
1.215699664139703486e+02
1.156752750461989052e+02
9.756339893358752136e+01
9.924991956400701554e+01
1.118128898988827871e+02
1.263746014022746493e+02
1.151671694774494057e+02
9.960355218899165664e+01
1.043495365605905647e+02
1.263089099290941562e+02
1.029021503438359701e+02
1.056741156784528499e+02
8.707998315872390549e+01
1.159515436585631107e+02
1.174022517081967294e+02
1.091372021364519043e+02
1.118141571756540742e+02
1.038662662282507796e+02
1.169424659154016553e+02
1.011740051036028518e+02
1.126750277978409542e+02
1.064838293219255547e+02
1.091758028954018584e+02
1.016275871695265778e+02
9.096497378862859762e+01
1.159582734636759653e+02
1.309211991958879366e+02
1.065673152839153630e+02
1.076564521926196107e+02
9.985616455569132199e+01
1.154126577198566963e+02
1.326193744113803064e+02
1.033475126000334683e+02
1.072419842719598932e+02
9.611201880553375076e+01
9.128210392428650266e+01
1.188700688426075516e+02
1.145109532450910450e+02
1.268020211656784824e+02
1.294324236025269954e+02
5.414957351135073793e+01
1.030104625503943083e+02
1.077401464409780658e+02
1.228254930072829723e+02
1.026657480658417825e+02
1.001397416686547217e+02
1.057557330735698429e+02
1.213438595477469164e+02
1.099112687835544762e+02
1.144839881730712818e+02
1.014672676177857227e+02
1.009976845905306675e+02
1.190621044128593837e+02
1.328884121326643140e+02
1.058233389867762071e+02
9.839387185587331430e+01
1.168460415316747572e+02
1.116771083360437018e+02
1.107635773241306794e+02
1.174150252729923238e+02
9.765977260003425897e+01
9.977903553947332682e+01
1.125776970103508461e+02
1.011489128263940955e+02
1.104894226241172674e+02
1.095681505598596175e+02
9.832887408455118816e+01
1.116077063210537830e+02
1.036300895457917761e+02
1.323930438724532337e+02
1.075775547306781306e+02
1.132969132384175737e+02
1.099232116452943444e+02
1.145670694091619737e+02
9.607407640597074305e+01
1.140120950915213740e+02
1.295942781172395541e+02
9.305046063059094763e+01
1.103309887390537085e+02
1.052720074206422112e+02
1.288181747988396921e+02
1.154509775947770009e+02
1.045397951026304213e+02
1.082371371028558542e+02
9.292323417409956221e+01
1.008044349113500431e+02
1.205652177662226450e+02
1.116389029572876552e+02
1.016893120619282911e+02
1.020772973005252453e+02
1.161000604817855191e+02
1.060069588207673945e+02
1.394032867330345482e+02
1.145586076577227175e+02
1.189095777233208224e+02
9.405949100295178766e+01
1.171671697122864799e+02
1.119555094639946162e+02
1.199671229858901143e+02
1.210324758815935695e+02
9.695538557217639664e+01
1.042631321162725442e+02
9.902333222988811201e+01
1.102381809433159958e+02
1.047582657653227045e+02
1.125690154926178650e+02
1.230080334499883463e+02
1.053092150108262643e+02
1.313516825637816225e+02
