-5.435259065130997769e+00
-5.389238653613102947e+00
-5.320057430417196365e+00
-5.128701705964742175e+00
-5.459418623689678896e+00
-5.462720443032172746e+00
-5.501692243953534955e+00
-5.478645332138429858e+00
-5.496320507211180484e+00
-5.510385193934348891e+00
-5.505285866993040678e+00
-5.468087914544174311e+00
-5.110107607405781849e+00
-5.125722295113082083e+00
-5.111549857486095583e+00
-5.128242221484617502e+00
-5.145191322102185438e+00
-5.134887735586525004e+00
-5.118782770666680193e+00
-5.125105962585108976e+00
-5.149476640160647989e+00
-5.157360764630358752e+00
-5.126117717931688134e+00
-5.394326038229702469e+00
-5.430673564855605484e+00
-5.474754755391825434e+00
-5.510857435528632386e+00
-5.047552997277193754e+00
-5.410436443551765784e+00
-5.432441676153649368e+00
-5.365477988842054735e+00
-5.325246427090521983e+00
-5.387088905085841262e+00
-5.152853063586010585e+00
-5.426625892744159074e+00
-5.445052534268583599e+00
-5.414323949122793245e+00
-5.116429725685660124e+00
-5.503009427837158185e+00
-5.550363269797031762e+00
-5.723199098542816721e+00
-5.422571820335639892e+00
-5.520609368272113571e+00
-5.699082648002961271e+00
-5.522144148912727424e+00
-5.546532221751517611e+00
-5.477542787065373453e+00
-5.530545936011076691e+00
-5.565860113486436056e+00
-5.713661191503240033e+00
-5.480976074328537173e+00
-5.469671690476413772e+00
-5.538010492187402711e+00
-5.589175115647862846e+00
-5.445484875374875244e+00
-5.481483341996337799e+00
-5.498561940924540536e+00
-5.543937123206029050e+00
-5.582740260322448300e+00
-5.663856889081363200e+00
-5.653204550297430409e+00
-5.748328997100534465e+00
-5.745913942264072816e+00
-5.648231651856661983e+00
-5.642727953842518573e+00
-5.630837618057123350e+00
-5.630457530250725817e+00
-5.643156075472712807e+00
-5.669793743250819418e+00
-5.623008769776605575e+00
-5.671280572197701098e+00
-5.628063509860009361e+00
-5.681842884098212920e+00
-5.620886013164101414e+00
-5.650412024369316555e+00
-5.751314486120167935e+00
-5.643004518768305111e+00
-5.630454107709816469e+00
-5.640118438505029808e+00
-5.655297266106448895e+00
-5.637087930153628967e+00
-5.632407789033663015e+00
-5.632527166591561496e+00
-5.625652064919266060e+00
-5.634072070777810914e+00
-5.654889638380825367e+00
-5.641934963080408316e+00
-5.658494816474202160e+00
-5.647985072599913892e+00
-5.729844932151744175e+00
-5.716240383863583574e+00
-5.736056687273019428e+00
-5.656920235709387512e+00
-5.705992371801674956e+00
-5.702281827222540400e+00
-5.715734903085207819e+00
-5.705247629392025566e+00
-5.687186397735821686e+00
-5.509939278274699426e+00
-5.579444634000314984e+00
-5.534085833936735810e+00
-5.561663121346106742e+00
-5.507431467137454462e+00
-5.541456457316132678e+00
-5.510933354734820711e+00
-5.566996550203926475e+00
-5.631829726105069156e+00
-5.512823359674335677e+00
-5.467519031673417018e+00
-5.504809526806798914e+00
-5.523759311422391960e+00
-5.499244382486728533e+00
-5.475124954078275152e+00
-5.534596881632899645e+00
-5.481240233599215195e+00
-5.541287217397590226e+00
-5.529550294324485193e+00
-5.594954559834186547e+00
-5.549457594085700052e+00
-5.542852806634257057e+00
-5.513617514940950315e+00
-5.538191084077640269e+00
-4.734736019243660721e+00
-4.658201319614172498e+00
-4.608037928997490873e+00
-4.821047658919158430e+00
-4.782704483719476762e+00
-4.742506260037529842e+00
-5.060171997392133747e+00
-5.070902351315154988e+00
-5.034102964556873339e+00
-5.094541265056397705e+00
-4.684816216201827643e+00
-4.690970584965244328e+00
-4.611235954517717062e+00
-4.690543503525911539e+00
-4.773695330176031426e+00
-4.656185670572378754e+00
-4.647545879140541736e+00
-4.630597332021256562e+00
-4.624486224346394891e+00
-4.732765447723583208e+00
-4.630202952804004290e+00
-4.615719021029047298e+00
-4.605769545094894113e+00
-4.721116465191592226e+00
-4.710543215198613076e+00
-4.739059901623491555e+00
-5.495059979405868766e+00
-5.446431691273927456e+00
-5.384828856068623715e+00
-5.510306956015051050e+00
-5.666651799126815270e+00
-5.717196024827773115e+00
-5.597378074549851590e+00
-5.145277741538333061e+00
-5.210947481504294210e+00
-5.231110004186928286e+00
-5.757170977212558327e+00
-5.771996961249666214e+00
-5.780336280139825256e+00
-5.734034154301044239e+00
-5.766802398370391991e+00
-5.541389796407808710e+00
-5.516549619642069580e+00
-5.544919186924973431e+00
-5.523009957570577555e+00
-5.540524856607192739e+00
-5.662472010282204593e+00
-5.731414063626894873e+00
-5.287989588486183834e+00
-5.228679750920524505e+00
-5.273796330587048331e+00
-5.301254142068263953e+00
-5.328889341218379094e+00
-5.513522383429496188e+00
-5.292231774401596311e+00
-5.335048296921137911e+00
-5.346574447203742864e+00
-5.339684512047681686e+00
-5.334214403256082981e+00
-5.303942585296749002e+00
-5.315881998540145759e+00
-5.301274982224360777e+00
-5.310383505226848655e+00
-4.716777198668468785e+00
-4.734459439864193264e+00
-4.712847441685719119e+00
-4.724356509631985723e+00
-4.734791524998922085e+00
-4.726450041540497082e+00
-4.709234097876454861e+00
-4.726150286588146621e+00
-4.733494348737392166e+00
-4.722259472148262027e+00
-4.732367807698889095e+00
-4.696526364007670651e+00
-4.693555646717102903e+00
-4.714197263404228622e+00
-4.690334473805802595e+00
-4.704929034708263735e+00
-4.688545001983269067e+00
-4.680268644746259810e+00
-4.693868605152299978e+00
-5.196153352841767159e+00
-5.136670693534500565e+00
-5.148369464476781232e+00
-5.133502619077528806e+00
-5.167592130155261643e+00
-5.167927141232320665e+00
-5.196859690228487594e+00
-5.167799816498598098e+00
-5.162982693365426812e+00
-5.383140192102711552e+00
-5.337580203400398737e+00
-5.324286099282264928e+00
-5.324618524954773058e+00
-5.279859818568573004e+00
-5.395527359117406441e+00
-5.382759104240900427e+00
-5.319724663821183697e+00
-5.294341066859797884e+00
-5.106253233235070077e+00
-5.262765549554260680e+00
-5.234246342561466037e+00
-5.342467857564590972e+00
-5.303484594383261808e+00
-4.886342416264908728e+00
-4.859647649801248193e+00
-4.865578770860743418e+00
-4.876028917476312508e+00
-4.878501271022456898e+00
-4.778267252576752000e+00
-4.724096588880028591e+00
-4.742295836144624133e+00
-4.886459419363981205e+00
-4.883163020566592571e+00
-4.954964049973735740e+00
-5.265525125932867923e+00
-4.921867914494475471e+00
-5.272944883052909759e+00
-5.279670625858101651e+00
-5.202763784221042798e+00
-5.156804449263029611e+00
-4.910661882980331683e+00
-5.201203321384888945e+00
-4.964614668540037634e+00
-5.341207585580220574e+00
-4.951433804979489928e+00
-4.900612322665973686e+00
-5.312143574432680815e+00
-4.942832530877620201e+00
-4.936070323408999982e+00
-4.962925473838017965e+00
-5.248282001445781830e+00
-5.236081467717990101e+00
-5.246777967778160523e+00
-5.224076206970613256e+00
-5.135556704413946960e+00
-5.249872931491632144e+00
-5.251467120609019545e+00
-5.232822563241002811e+00
-5.239029740878196506e+00
-5.110907850465278734e+00
-5.065661978699911749e+00
-5.134486214598293685e+00
-5.133436412235520940e+00
-5.151837015136653264e+00
-5.118351241848706934e+00
-5.256338270504966381e+00
-5.231934815888154233e+00
-5.103967188249904474e+00
-5.135383554699407327e+00
-5.107546237289815494e+00
-5.553017703799149274e+00
-5.551458256393446256e+00
-5.569491500690086028e+00
-5.558127608929265939e+00
-5.571002386617404767e+00
-5.558620457372642321e+00
-5.533935625186157559e+00
-5.560780305085377684e+00
-4.735026592828179837e+00
-4.743351094597406892e+00
-5.083381928401734307e+00
-4.714067993539873491e+00
-4.673951631310840682e+00
-4.736425574948104789e+00
-4.643879053049631445e+00
-4.695676922112532736e+00
-5.674891676887140690e+00
-5.642185192676418382e+00
-5.508528407308244113e+00
-5.556357755017840461e+00
-5.538907106299132188e+00
-5.505976481361376074e+00
-5.534610615516518450e+00
-5.621937841072717212e+00
-5.688911337665345513e+00
-5.669753843307161034e+00
-5.670820998005354774e+00
-5.632185932815540141e+00
-5.648610569659924252e+00
-5.633320637428562705e+00
-5.637429649471330961e+00
-4.764172827093378970e+00
-4.759053516058876276e+00
-4.729343710148089741e+00
-4.736878144423282144e+00
-4.739025523076138668e+00
-4.728209769146598518e+00
-4.740312763801398432e+00
-4.746862610863947118e+00
-4.786218211182394100e+00
-4.785291030381036315e+00
-4.807359110036827587e+00
-4.785702532367739792e+00
-4.789724996397957568e+00
-4.731851985854096831e+00
-4.743544543338138908e+00
-4.815814367083510739e+00
-4.704195676446071062e+00
-4.824899764797295987e+00
-4.842587768015802929e+00
-4.813741174534251321e+00
-4.815166328585660516e+00
-4.753079524962203983e+00
-4.781552956166371438e+00
-4.805232335178219572e+00
-4.791535146345665908e+00
-4.773485323403606095e+00
-4.795383314401192365e+00
-4.826963869630644055e+00
-4.813602425058478573e+00
-4.802541353760158671e+00
-4.820275272065170924e+00
-4.827944747759897126e+00
-4.804340067574393025e+00
-4.808068575316301718e+00
-4.827916812946415170e+00
-4.823621886077602561e+00
-4.849954644045336494e+00
-5.090147569334368960e+00
-5.097955114547479738e+00
-5.093409673525795434e+00
-5.081743739867262910e+00
-5.087452186488584438e+00
-5.100771688765463274e+00
-5.292295982694099621e+00
-5.288020291260896677e+00
-5.286496006667434244e+00
-5.282777439992737634e+00
-5.287904904569746378e+00
-5.286584718612559186e+00
-5.284374265999010944e+00
-5.286737762059202872e+00
-5.281664983170971439e+00
-5.283861664464428287e+00
