-5.446755096431087573e+00
-5.396853014325902365e+00
-5.319989074639229543e+00
-5.147316176044790303e+00
-5.469309236181694622e+00
-5.472759882495936701e+00
-5.509641332785299994e+00
-5.483623552534528933e+00
-5.504338537999646341e+00
-5.514832998971555433e+00
-5.510441703042567418e+00
-5.472177140205384482e+00
-5.132741281790763388e+00
-5.143488461554537317e+00
-5.122839260283655882e+00
-5.147011467091345160e+00
-5.166923858530566349e+00
-5.169960823077218492e+00
-5.125818824829668330e+00
-5.150878314389188084e+00
-5.164821297768122932e+00
-5.189949564572159169e+00
-5.148093429638666230e+00
-5.408913561990996044e+00
-5.446378076348596053e+00
-5.480353046259852867e+00
-5.518033544775521548e+00
-5.027016244444643789e+00
-5.412392826204920127e+00
-5.444370482880347417e+00
-5.364426170128507643e+00
-5.340221617051958525e+00
-5.401456136001619335e+00
-5.161468079535896258e+00
-5.437335480804964760e+00
-5.451828990696652610e+00
-5.417788877675591586e+00
-5.137774509120288435e+00
-5.528081892842362954e+00
-5.565136053603422006e+00
-5.742305155202615197e+00
-5.444985625515865735e+00
-5.531601115304257910e+00
-5.720542532456457607e+00
-5.541666105946691623e+00
-5.557731897591894565e+00
-5.490040552633820958e+00
-5.550571720382189156e+00
-5.578763310452293567e+00
-5.733305886318015965e+00
-5.503314615422740808e+00
-5.484876362587556287e+00
-5.559381051573560661e+00
-5.606848751647597773e+00
-5.457345677062273914e+00
-5.503560948613843706e+00
-5.516602987781899614e+00
-5.563256805322983389e+00
-5.599186333855906916e+00
-5.682047407645542059e+00
-5.668556789232741089e+00
-5.767642217935665450e+00
-5.765672033596808355e+00
-5.668035227779548713e+00
-5.659441632752506557e+00
-5.649799210456825982e+00
-5.642330277312586517e+00
-5.660166146731464565e+00
-5.687076715102179492e+00
-5.649783198657936545e+00
-5.688895287927221212e+00
-5.646728621622065347e+00
-5.700138385515097994e+00
-5.636306762830247230e+00
-5.667556968477691193e+00
-5.769140863517197459e+00
-5.665551405736366064e+00
-5.648582199057627484e+00
-5.659275991572561004e+00
-5.672319268575121143e+00
-5.654498603311449934e+00
-5.652811253568048144e+00
-5.653987825732585293e+00
-5.644313888833528026e+00
-5.650409640572699566e+00
-5.673162649630258514e+00
-5.662462237768571605e+00
-5.670930063048236214e+00
-5.668502590758855320e+00
-5.747668887266540239e+00
-5.729587604738133777e+00
-5.748032106084632886e+00
-5.672350547912298424e+00
-5.721912181130630159e+00
-5.714165769972696651e+00
-5.728481167812461194e+00
-5.717428288694002880e+00
-5.701546296171108530e+00
-5.543346849218624861e+00
-5.597303364530744396e+00
-5.561404188940393567e+00
-5.592067473806072719e+00
-5.541437585974400726e+00
-5.574901003380317910e+00
-5.545230526596862219e+00
-5.599165684680603938e+00
-5.656204560497624989e+00
-5.544804095983054459e+00
-5.501835541489279890e+00
-5.530099801206693755e+00
-5.551590154199884886e+00
-5.510895854657411164e+00
-5.503959173563589324e+00
-5.564776797597164482e+00
-5.515351377823638934e+00
-5.570969353733080887e+00
-5.567481132114497022e+00
-5.626699097786721282e+00
-5.577516326948165570e+00
-5.569187446879942271e+00
-5.552355083875592179e+00
-5.565682888479975610e+00
-4.767184814398536474e+00
-4.681526353063897972e+00
-4.601521410765452735e+00
-4.855166340236631406e+00
-4.820935787707556486e+00
-4.756653472938634941e+00
-5.068036398122231390e+00
-5.089017449475050192e+00
-5.037961026209277549e+00
-5.106180802551323339e+00
-5.241957178900713998e+00
-5.198775258347491324e+00
-5.088770177474383871e+00
-4.751129289480200413e+00
-4.833228681001580540e+00
-4.668527512014517100e+00
-4.628360649623034284e+00
-4.641322073090082156e+00
-4.626065669473164554e+00
-4.761729363548434790e+00
-4.641700336289600770e+00
-4.642231738093350657e+00
-4.644794129667532800e+00
-4.746979211037398727e+00
-4.736370452045171930e+00
-4.768715381567084854e+00
-5.505658352862036864e+00
-5.452147011038927182e+00
-5.390600117591954010e+00
-5.519232306292889412e+00
-5.689337698585477554e+00
-5.735778329630491612e+00
-5.621726081398576547e+00
-5.167753914151359318e+00
-5.223194323811750195e+00
-5.252731202538559963e+00
-5.773155105068076942e+00
-5.785482251039880452e+00
-5.790329736312738618e+00
-5.751654623226035490e+00
-5.781921056060175701e+00
-5.549304838808633455e+00
-5.519702566653130305e+00
-5.552048175031250921e+00
-5.533986682562979986e+00
-5.549295379137281436e+00
-5.687915198393102223e+00
-5.753136126899492275e+00
-5.306257636897324659e+00
-5.251480708437089362e+00
-5.281603364440055515e+00
-5.312147765602301952e+00
-5.342433716982801784e+00
-5.516410143625916973e+00
-5.301799304277731828e+00
-5.343913585504733277e+00
-5.354085639470621771e+00
-5.347113124076776636e+00
-5.341155452041673968e+00
-5.309068392072788356e+00
-5.328277718474181412e+00
-5.310996094212183216e+00
-5.321938245639636023e+00
-4.737795218152699661e+00
-4.758353235142260829e+00
-4.743497256023536224e+00
-4.747506867585960855e+00
-4.764030200041580621e+00
-4.753140018226073238e+00
-4.734365533754671063e+00
-4.769759123698468883e+00
-4.765690107496844519e+00
-4.749119227370686147e+00
-4.748185119882971428e+00
-4.704696348180298138e+00
-4.697153284045533006e+00
-4.730913795817844658e+00
-4.702561757222802008e+00
-4.704564852591695434e+00
-4.707750218376039797e+00
-4.676968909674639185e+00
-4.717353500235162755e+00
-5.208856536621616407e+00
-5.201421415351943800e+00
-5.219616399091515646e+00
-5.200472232235095582e+00
-5.254314585467167120e+00
-5.185941901352454586e+00
-5.246619666789039904e+00
-5.265365415103976154e+00
-5.191662108045346002e+00
-5.396516618106377727e+00
-5.352073211629900129e+00
-5.336068305257971822e+00
-5.338278208973074257e+00
-5.289224943091996423e+00
-5.405783097295423723e+00
-5.394555240347465919e+00
-5.327743312815890420e+00
-5.318156317447926718e+00
-5.152304150176158615e+00
-5.291157692416267544e+00
-5.285556581979264479e+00
-5.360896840214183889e+00
-5.319025372536854590e+00
-4.908462102984051612e+00
-4.878429440442292098e+00
-4.871826074209636204e+00
-4.888525239987090210e+00
-4.883874854360779061e+00
-4.797401384453361395e+00
-4.683644142863366611e+00
-4.723566513129141775e+00
-4.895494078310584918e+00
-4.888645562133079991e+00
-4.954091248487804577e+00
-5.272894712780506588e+00
-4.938808507004447179e+00
-5.272260798169580376e+00
-5.277307971927760022e+00
-5.218019858655967624e+00
-5.155262720219331740e+00
-4.927416604981972093e+00
-5.203265198758890264e+00
-4.968668130504972247e+00
-5.345053143951057351e+00
-4.930713343336392107e+00
-4.896528024898748832e+00
-5.318670025400707324e+00
-4.931104970197516479e+00
-4.929099884762404571e+00
-4.959617989296863705e+00
-5.241333204476551266e+00
-5.242315692197340837e+00
-5.240699551586160965e+00
-5.233534594714937427e+00
-5.156876714209400525e+00
-5.240565004511979375e+00
-5.257950680697597967e+00
-5.233063593383000978e+00
-5.235709728795240103e+00
-5.138336610724182130e+00
-5.072130039421578473e+00
-5.171695893555018131e+00
-5.160375518392180005e+00
-5.184555903999541471e+00
-5.146282007306735018e+00
-5.270743922079891064e+00
-5.230116621363144702e+00
-5.133849473698214538e+00
-5.166703077473794536e+00
-5.140841908727573184e+00
-5.564860936753935228e+00
-5.570775668466031227e+00
-5.589486659941669267e+00
-5.575774992026383714e+00
-5.573484255649382213e+00
-5.580180958160191551e+00
-5.542830812790938921e+00
-5.561110305321901315e+00
-4.748535790548527480e+00
-4.807359705410031658e+00
-5.095709278354981997e+00
-4.754266931503412508e+00
-5.275099536689319635e+00
-5.210018092363571718e+00
-5.391759982773903559e+00
-5.215324759227542906e+00
-5.682128488551080103e+00
-5.656122416054389923e+00
-5.541072555900175445e+00
-5.578680294403362439e+00
-5.563287737668149546e+00
-5.535202151495550282e+00
-5.556919170125699026e+00
-5.637927667853238844e+00
-5.696622002610341795e+00
-5.680662428108520068e+00
-5.681199337711218433e+00
-5.641757898590232578e+00
-5.658018442365819745e+00
-5.633799868439108849e+00
-5.654730122937109194e+00
-4.783342140445072665e+00
-4.789433928356205072e+00
-4.749424036452468911e+00
-4.770459798993098133e+00
-4.760204160547392149e+00
-4.758151927348619914e+00
-4.770205186998486724e+00
-4.766587084267266405e+00
-4.805352260209378557e+00
-4.866372658275267327e+00
-4.846192893720240313e+00
-4.810576391712697131e+00
-4.852447530384430330e+00
-4.761249754923882804e+00
-4.758268457585256961e+00
-4.833821400668759871e+00
-4.734205285570260990e+00
-4.826936147469520932e+00
-4.878614543720130925e+00
-4.814442865485646372e+00
-4.845973598151912753e+00
-4.769106690807124238e+00
-4.794780553318634730e+00
-4.852368812417537924e+00
-4.824288722353260894e+00
-4.799372768501467768e+00
-4.795745413301263582e+00
-4.832009479680758446e+00
-4.866122294256868486e+00
-4.829121373800962402e+00
-4.843516149061223075e+00
-4.839015639358091647e+00
-4.820526278172941659e+00
-4.830384571608369093e+00
-4.854416640377909431e+00
-4.846562861330804495e+00
-4.852073308700580512e+00
-5.071815509987671611e+00
-5.072203697765790054e+00
-5.070135785850757415e+00
-5.061317877176623625e+00
-5.064520843517920312e+00
-5.073424510756202821e+00
-5.201630404362472149e+00
-5.200256968402106494e+00
-5.195387465956415873e+00
-5.194677879424479450e+00
-5.203690205582643280e+00
-5.202164195299921801e+00
-5.198771094094912115e+00
-5.194503418247219173e+00
-5.197926715689066057e+00
-5.192487671884753908e+00
