-5.400938349384984960e+00
-5.357591571680168308e+00
-5.294128810271186758e+00
-5.111406543155434079e+00
-5.427793570405650136e+00
-5.426665475185555643e+00
-5.464052369244260632e+00
-5.444310454375838049e+00
-5.458462677974571520e+00
-5.472822229021647722e+00
-5.467400077700893313e+00
-5.431601019761951754e+00
-5.094974951771004790e+00
-5.107393865939296340e+00
-5.094366988869427182e+00
-5.105231299190259975e+00
-5.125061073634963549e+00
-5.117021577136387833e+00
-5.102377407013833910e+00
-5.104857723711178963e+00
-5.125878138587960819e+00
-5.139588529765044989e+00
-5.111221955417573071e+00
-5.365115654719128102e+00
-5.396655382948838842e+00
-5.436738321818973318e+00
-5.470973069375794751e+00
-5.035113576206784458e+00
-5.374915246895048959e+00
-5.398088463194998354e+00
-5.335601690704844913e+00
-5.300682395369700650e+00
-5.354649930130390700e+00
-5.133129157792057917e+00
-5.392920544095228585e+00
-5.411386203431425734e+00
-5.380665251661119086e+00
-5.102909710981757385e+00
-5.446253947415611307e+00
-5.488942963344489279e+00
-5.650367584732179260e+00
-5.371106410309109513e+00
-5.464916836927177890e+00
-5.631353504239114294e+00
-5.463181704804966010e+00
-5.490112423467177649e+00
-5.426646243303273387e+00
-5.476180501342273743e+00
-5.505761878312219970e+00
-5.636448915843825347e+00
-5.421728241112122149e+00
-5.411393698927119189e+00
-5.474159032622320176e+00
-5.521292138208316658e+00
-5.389430238778038174e+00
-5.422361830270850724e+00
-5.438669383363778920e+00
-5.480842761454564283e+00
-5.520429000415553844e+00
-5.595114482085291385e+00
-5.588035451893039962e+00
-5.673536797527895637e+00
-5.667252025488953571e+00
-5.577618876892826094e+00
-5.573430230837931099e+00
-5.564703353107691264e+00
-5.565144815595274963e+00
-5.574522997831850013e+00
-5.598760698001212788e+00
-5.559313378964440666e+00
-5.603992989756428678e+00
-5.560169210665156569e+00
-5.610061520961282078e+00
-5.555288102646700032e+00
-5.580813798477234577e+00
-5.680533249665965734e+00
-5.579393467441708054e+00
-5.568065328784098433e+00
-5.578090162809685282e+00
-5.591531299110454434e+00
-5.576088490012655718e+00
-5.567905314799520333e+00
-5.571976987202188702e+00
-5.565334116828142719e+00
-5.572856894366742253e+00
-5.590452527603813060e+00
-5.577567439171595254e+00
-5.594122946340481128e+00
-5.584771354152755052e+00
-5.645799534643271222e+00
-5.639886097034985113e+00
-5.676680042027059336e+00
-5.571519161176048840e+00
-5.628064324838000232e+00
-5.630494504180708404e+00
-5.646086471384320404e+00
-5.637423946379817252e+00
-5.613743771685412831e+00
-5.450197728601495761e+00
-5.514308218021744423e+00
-5.472374694889818869e+00
-5.495449716992583333e+00
-5.445849460378708429e+00
-5.476180598422313750e+00
-5.450522676165689973e+00
-5.504017831599838928e+00
-5.561595895098124132e+00
-5.455953591677035419e+00
-5.415074927542341321e+00
-5.449111794301976452e+00
-5.468329712686957222e+00
-5.444086904215461153e+00
-5.421140691378356635e+00
-5.476375576269286505e+00
-5.425440721052815718e+00
-5.477054597475933484e+00
-5.464911796054391147e+00
-5.528886674433379333e+00
-5.487794955758131366e+00
-5.482566956762280341e+00
-5.457168135285948907e+00
-5.481052835485733965e+00
-4.745648786701741173e+00
-4.673075846533602196e+00
-4.630335051953992753e+00
-4.823519022872946316e+00
-4.786320518518012435e+00
-4.750143387815279006e+00
-5.030082194048467237e+00
-5.036851038139729120e+00
-5.009055719978996457e+00
-5.066262360861907510e+00
-4.697729326229381108e+00
-4.695585341781590927e+00
-4.625450633770244124e+00
-4.699602092094000483e+00
-4.778082932310955933e+00
-4.664949710901487023e+00
-4.663036854104559481e+00
-4.635121194605090977e+00
-4.635239776928958833e+00
-4.740681172696323387e+00
-4.646704138083067370e+00
-4.631269848063100270e+00
-4.617757832623557768e+00
-4.728725191366748959e+00
-4.715192454028321656e+00
-4.745621968386484646e+00
-5.460332488163113673e+00
-5.415230005730541585e+00
-5.359173390422549588e+00
-5.476979527253487134e+00
-5.600112805146372885e+00
-5.645348703892805631e+00
-5.536437142326414929e+00
-5.143709593248200207e+00
-5.205021381425122051e+00
-5.221853385210957654e+00
-5.674914654055850605e+00
-5.695614688478004339e+00
-5.718547655813478237e+00
-5.645243231473332735e+00
-5.684889143751132856e+00
-5.501064149814608228e+00
-5.479357211745956135e+00
-5.505536668217785312e+00
-5.486407643466341355e+00
-5.501857236477015967e+00
-5.600387098359888682e+00
-5.657603138006252586e+00
-5.245233136127823492e+00
-5.225218114198335151e+00
-5.234632084661561713e+00
-5.262007095589630090e+00
-5.287960647037229123e+00
-5.477347635806065540e+00
-5.270652532632946752e+00
-5.310917623224206352e+00
-5.320721427834067541e+00
-5.313866871751695697e+00
-5.308560662156685872e+00
-5.277940767371164910e+00
-5.290136024290018391e+00
-5.275896008285695160e+00
-5.283184150449240946e+00
-4.730365156697207141e+00
-4.744699243093410956e+00
-4.722455272254639347e+00
-4.733228255798627160e+00
-4.741188794816737939e+00
-4.737549576443516486e+00
-4.721006410161506572e+00
-4.732608944703435405e+00
-4.745644648318976699e+00
-4.729795195543669450e+00
-4.742124398371504235e+00
-4.703854602105998595e+00
-4.701452154492681501e+00
-4.715754716525072610e+00
-4.700320993647618018e+00
-4.710374493144635188e+00
-4.699882812431011025e+00
-4.693669830895934147e+00
-4.700747860049078852e+00
-5.173003604973487768e+00
-5.104580197981113621e+00
-5.120484403469366619e+00
-5.110540751537545390e+00
-5.138197949653847019e+00
-5.149819490541678313e+00
-5.168079805330656917e+00
-5.134233763977344545e+00
-5.143710361786668628e+00
-5.355834768235166798e+00
-5.315724713199496243e+00
-5.303776678375363041e+00
-5.302981778301507632e+00
-5.256695885604333540e+00
-5.369422739604217121e+00
-5.357873208010378363e+00
-5.296718101429228831e+00
-5.268050322385298578e+00
-5.089030012265614467e+00
-5.240629271484780638e+00
-5.215031341825398847e+00
-5.319146655330166951e+00
-5.281421758573698000e+00
-4.876955613132555989e+00
-4.853520943076031102e+00
-4.858073801127646085e+00
-4.868637296240454937e+00
-4.868639842093052117e+00
-4.776566528002859080e+00
-4.716889317802981374e+00
-4.732367035065404792e+00
-4.877585428245027721e+00
-4.875975673758236262e+00
-4.951691454867363618e+00
-5.244595867988448568e+00
-4.919892517897110018e+00
-5.250800965176013690e+00
-5.255290838760933170e+00
-5.175549072621750568e+00
-5.129494720296786880e+00
-4.904385061482352093e+00
-5.176951141283695712e+00
-4.958809892249942841e+00
-5.315780787606466440e+00
-4.945192960221229228e+00
-4.903336684545409163e+00
-5.290577231794451940e+00
-4.937384317219153829e+00
-4.932424437717460641e+00
-4.958406344389738152e+00
-5.221513907984735248e+00
-5.207811459077394289e+00
-5.224107606895584510e+00
-5.198992146842659423e+00
-5.118673242256685185e+00
-5.225930103360846068e+00
-5.224229662833723253e+00
-5.207348833259359822e+00
-5.213082660839877924e+00
-5.094059380851998498e+00
-5.051807737146194910e+00
-5.113947859613824143e+00
-5.116140371302019929e+00
-5.130738871064346007e+00
-5.102604026457281172e+00
-5.237966467013805527e+00
-5.210013362154472638e+00
-5.086263977987929508e+00
-5.118482876396148740e+00
-5.091884803552279237e+00
-5.491423814622068633e+00
-5.486249756519808507e+00
-5.509788062620979865e+00
-5.493343458698506154e+00
-5.499009619466433740e+00
-5.481683427293672750e+00
-5.467763860385697505e+00
-5.495357923523853216e+00
-4.749176538866262121e+00
-4.752478247090498265e+00
-5.052031184437776545e+00
-4.726364570744569171e+00
-4.705126196204818534e+00
-4.740931163778636659e+00
-4.644614168598588222e+00
-4.691344779607625526e+00
-5.612543441664644917e+00
-5.580713203347955620e+00
-5.452092897231223922e+00
-5.498500516281468187e+00
-5.479161469596875556e+00
-5.446169643573736785e+00
-5.475382215714342138e+00
-5.562075531480638269e+00
-5.621323721827891973e+00
-5.602033686320802452e+00
-5.602970837150581751e+00
-5.564652817413923813e+00
-5.578070036875729443e+00
-5.564734441941766363e+00
-5.575683149254401449e+00
-4.763209422761517153e+00
-4.765507320192733154e+00
-4.740007469404106999e+00
-4.746966889270527012e+00
-4.745016531936197879e+00
-4.729699157113076424e+00
-4.745497655981309570e+00
-4.748700791484231409e+00
-4.787061028205503277e+00
-4.786314741965420616e+00
-4.802891047901141519e+00
-4.777971217007612736e+00
-4.791066965134373135e+00
-4.742441857045986531e+00
-4.760413711397454506e+00
-4.823825838555660717e+00
-4.713615148771241437e+00
-4.830259781823385445e+00
-4.847764642087582843e+00
-4.809972880665812411e+00
-4.820138860515802648e+00
-4.768234245804424454e+00
-4.788756963367145403e+00
-4.811718346131549140e+00
-4.799065610539198445e+00
-4.783595501094731972e+00
-4.807315839058106555e+00
-4.828757794511429502e+00
-4.824412351055141102e+00
-4.817027270773010628e+00
-4.823387755223931705e+00
-4.836681260806744653e+00
-4.804298365356290290e+00
-4.823664168256130758e+00
-4.830075053532227436e+00
-4.837005140825358041e+00
-4.853309410276287927e+00
-5.023783330343026599e+00
-5.029360155067858607e+00
-5.022992272738581399e+00
-5.018335840087100763e+00
-5.020131774704034378e+00
-5.029039480936919659e+00
-5.222417971082560229e+00
-5.218291843675539887e+00
-5.217940331391833553e+00
-5.212253203262124934e+00
-5.219278315123997203e+00
-5.219440181007539259e+00
-5.214710990734396034e+00
-5.217754305060597453e+00
-5.212109131617230773e+00
-5.215334160448410472e+00
