-5.139916424149270746e+00
-5.147290039090909097e+00
-5.717982050856920573e+00
-5.370772878410153162e+00
-5.365905650171864494e+00
-5.308046869407127666e+00
-5.438143440023280206e+00
-5.212988545160245124e+00
-5.234981865740921059e+00
-5.260295336668141530e+00
-5.441712397354689479e+00
-5.303759025629943835e+00
-5.316902627222280131e+00
-5.446333093646979151e+00
-5.262867594010857353e+00
-5.278393099333895222e+00
-5.460140104990647281e+00
-5.405151348049061610e+00
-5.390396457552089515e+00
-5.413456786046464408e+00
-5.317008566453483631e+00
-5.323358201071393125e+00
-5.254700443126113285e+00
-5.362799491231521110e+00
-5.470813989398966015e+00
-5.412695759297128539e+00
-5.646191456922100116e+00
-5.444209771761103767e+00
-5.454351827063388392e+00
-5.278424541266496739e+00
-5.259904326759628823e+00
-5.322408969071252827e+00
-5.459914449135619741e+00
-5.404697677005213308e+00
-5.395741557851486014e+00
-5.226370997285227027e+00
-5.247620986364789353e+00
-5.545879726225057205e+00
-5.538668767710772656e+00
-5.612528908881303735e+00
-5.149134603196699800e+00
-5.261473959505460485e+00
-5.713924084229246247e+00
-5.537449473954227486e+00
-5.101121505611606821e+00
-5.221979519050587548e+00
-5.689894263949272002e+00
-5.182344685451981015e+00
-5.544356606159253964e+00
-5.102114515320113064e+00
-5.522694827314964527e+00
-5.522881869213095207e+00
-5.222414328330822642e+00
-5.606431353639765192e+00
-5.011567330094822026e+00
-5.469366543137938130e+00
-5.490320113912670053e+00
-5.541974722573416834e+00
-5.470534801693754723e+00
-5.491107982017380706e+00
-5.500733941813749084e+00
-5.720380249012911200e+00
-5.716739776858891453e+00
-5.711546648321981223e+00
-5.493491823331542179e+00
-5.572562152606608699e+00
-5.552459420065197548e+00
-5.528504172215995105e+00
-5.689292217883048508e+00
-5.567309526314477175e+00
-5.531074441780234885e+00
-5.547226912721638037e+00
-5.538318470753385014e+00
-5.596976557081553949e+00
-5.478295746864748850e+00
-5.530603272290400163e+00
-5.550146358624382437e+00
-5.566300944110465387e+00
-5.559698339532531008e+00
-5.136308915639689943e+00
-5.478736326549110913e+00
-5.542114218427940386e+00
-5.499514013982816252e+00
-5.585234340303007805e+00
-5.556352627205190409e+00
-5.583355867013954921e+00
-5.036288906418515232e+00
-5.579009944783287267e+00
-5.574680562685997209e+00
-5.088018850594750120e+00
-5.570191088176851046e+00
-5.489615539404148592e+00
-5.487285552623182738e+00
-5.555881896249268870e+00
-5.077089263010379661e+00
-4.920085805556660752e+00
-5.722502385116912116e+00
-5.540502591898774476e+00
-5.527097587034808690e+00
-5.462007024704332636e+00
-5.542223897085730044e+00
-5.156468231554121040e+00
-5.561362072809787449e+00
-5.520309336676165302e+00
-5.565050860832998048e+00
-5.710168432666704597e+00
-5.560739240483623114e+00
-5.518076685050346875e+00
-5.571528420017222594e+00
-5.616891915253206413e+00
-5.524637079329152378e+00
-5.516009479265011173e+00
-5.543124313258406488e+00
-5.718340035141410205e+00
-5.602281442576266812e+00
-5.513261691044639257e+00
-5.687908762373370841e+00
-5.510331554530565334e+00
-5.522560155531372139e+00
-5.604636156566163763e+00
-5.526685514482904793e+00
-5.522938568178589414e+00
-5.529378744881150887e+00
-5.710685574395022890e+00
-5.719141892916915992e+00
-5.481223019241097560e+00
-5.523675526657235935e+00
-5.504225431420893599e+00
-5.534264548676117279e+00
-5.437152535005686183e+00
-5.404053742988671694e+00
-5.485760922316193167e+00
-5.626351846244312505e+00
-5.607199608731837870e+00
-5.532298495968742458e+00
-5.518014741632616627e+00
-5.650950099885283073e+00
-5.566505943902401832e+00
-5.347141944840570815e+00
-5.477419453129022564e+00
-5.490042609147518071e+00
-5.545347090262022327e+00
-5.653803989903572358e+00
-5.504718597007303593e+00
-5.565741656198831322e+00
-5.498170255798901174e+00
-5.643804849029385728e+00
-5.701369341305259297e+00
-5.492505034735369662e+00
-5.491469602605444145e+00
-5.563756667843984260e+00
-5.558673562182071315e+00
-5.529925045200026368e+00
-5.532242037663538170e+00
-5.281342455578450945e+00
-5.250622607995542701e+00
-5.486809239954015815e+00
-5.540966494709734569e+00
-5.297239732422546865e+00
-5.268241583669240669e+00
-5.477362893454873038e+00
-5.626784987500842661e+00
-5.517482649660134797e+00
-5.554032882602966126e+00
-5.544917803961148195e+00
-5.313814052467352056e+00
-5.523365355959469980e+00
-5.084230661834359566e+00
-5.485169881218536325e+00
-5.099544162325100771e+00
-5.261992869186102872e+00
-5.522054812385667866e+00
-5.573016571035879885e+00
-5.560373892663223572e+00
-5.502909701852424007e+00
-5.128628676679680254e+00
-5.715856116695386291e+00
-5.524782478604503666e+00
-5.142713323709407369e+00
-5.646449713976833706e+00
-5.509331156745696845e+00
-5.498663659177235097e+00
-5.555121507551855409e+00
-5.528750767374297048e+00
-5.704587885034091421e+00
-5.481604285173767188e+00
-5.219571079634660826e+00
-5.099223476550680090e+00
-5.540608244946435335e+00
-5.495056022865742129e+00
-5.551431256267655989e+00
-5.498871434744967424e+00
-5.531771555918894911e+00
-5.528423171601376751e+00
-5.657875757671261496e+00
-5.721490181442321798e+00
-5.520040298260433076e+00
-5.559555343842361275e+00
-5.517209712194551585e+00
-5.629509575147211287e+00
-5.551415392588658015e+00
-5.722454267508396697e+00
-5.174019182450222409e+00
-5.535087817232263951e+00
-5.258011467674622352e+00
-5.502288959112701328e+00
-5.560782537524590730e+00
-5.557067189495788817e+00
-5.561452576943575643e+00
-5.571574000051107589e+00
-5.363946627445388415e+00
-5.547151480978975258e+00
-5.711237829421214052e+00
-5.575734194544256894e+00
-5.497142999589091694e+00
-5.417349848562174941e+00
-5.539144974130909560e+00
-5.541299786160092111e+00
-5.467445924382490219e+00
-5.516790819521312450e+00
-5.223207508657501386e+00
-5.530426258422799002e+00
-5.556845042099757492e+00
-5.658136554600439183e+00
-5.238187297134290432e+00
-5.530608841038853640e+00
-5.652630394954182513e+00
-5.542533765610033747e+00
-5.548363033474384309e+00
-5.247117846622876058e+00
-5.545487309631432105e+00
-5.551153868765954513e+00
-5.633030371470779230e+00
-5.567992619026584933e+00
-5.565363094318198200e+00
-5.639954907177839871e+00
-5.556645312584634233e+00
-5.505602092969173356e+00
-5.061011014911944272e+00
-5.713696452717321961e+00
-5.495761592878864121e+00
-5.509329236032201926e+00
-5.248207052861398658e+00
-5.523123260647721189e+00
-5.532595991683235681e+00
-4.986625741865814199e+00
-5.508193050407150793e+00
-5.543653182335711804e+00
-5.558172231858798717e+00
-5.519221185581761446e+00
-5.564091988746315387e+00
-5.582129594227855485e+00
-5.506251772117943588e+00
-5.715989094687810912e+00
-5.572158963922345443e+00
-5.598353937410860404e+00
-5.529901004121824393e+00
-5.571383711725758303e+00
-5.122383955056334592e+00
-5.143807009377320050e+00
-5.571885110781526151e+00
-5.554541939757767999e+00
-5.697638948355988830e+00
-5.507699792061002242e+00
-5.490120521450739588e+00
-5.620863119156251919e+00
-5.682970109947916626e+00
-5.047227917358223515e+00
-5.632561461126657676e+00
-5.535588415050740174e+00
-5.494253779231685897e+00
-5.473476562756681929e+00
-5.546390766137255568e+00
-5.093951177821825382e+00
-5.087421695660944820e+00
-5.590207572664823488e+00
-5.538876015763473326e+00
-5.628998724399894904e+00
-5.556735779254557528e+00
-5.677798497408210743e+00
-5.530573981149686347e+00
-5.095424562459638373e+00
-5.538737176259831863e+00
-5.599707641186673968e+00
-5.532430090135253664e+00
-5.464517453997121521e+00
-5.542102612518687188e+00
-5.544666568621011038e+00
-5.559056849512449716e+00
-5.634768444881734339e+00
-5.156571407812251984e+00
-5.498943265163791949e+00
-5.524110974601528667e+00
-5.236214177159744132e+00
-5.708896190073594390e+00
-5.645851793988146738e+00
-5.589528803952924285e+00
-5.515060107245576049e+00
-5.060773886157855728e+00
-5.707980463149992190e+00
-5.532621296867740845e+00
-5.495619955223351560e+00
-5.515512840799876138e+00
-5.497200558944006055e+00
-5.532025482477108014e+00
-5.526950195480266004e+00
-5.548827472650345705e+00
-5.222940354289931086e+00
-5.526509086421865113e+00
-5.614808507294183570e+00
-5.512965408673928813e+00
-5.564184630374261253e+00
-5.123591609433726823e+00
-5.697932414695212167e+00
-5.625660182639060203e+00
-5.581316211764985269e+00
-5.631428469361464018e+00
-5.055399608931206323e+00
-5.537651879061390225e+00
-5.718423225040957902e+00
-5.528217251711842195e+00
-5.266963689468899368e+00
-5.542271439915622544e+00
-5.527039833714650463e+00
-5.689989484039217338e+00
-5.280624574761769274e+00
-5.539628225292905661e+00
-5.625056459114652796e+00
-5.582062158046233513e+00
-5.692684505024232955e+00
-5.221335788236256548e+00
-4.954532199745864673e+00
-5.559123863291309142e+00
-5.478535338442599212e+00
-5.495146237999213312e+00
-5.708372218149019517e+00
-5.616514008273021830e+00
-5.320765892000906661e+00
-5.567910940429394273e+00
-5.581078789311479937e+00
-5.223902760763531106e+00
-5.542474645328160143e+00
-5.622284877056468844e+00
-5.497720996687992745e+00
-5.562864867659352619e+00
-5.684931427989328157e+00
-5.666892270324109582e+00
-5.541754735308670021e+00
-5.566945307560091649e+00
-5.049748757236361740e+00
-5.563025373260053641e+00
-5.034511205207265583e+00
-5.102265815986714692e+00
-5.610235777876702912e+00
-5.549043763614439406e+00
-5.544624012227672871e+00
-5.577145691262249905e+00
-5.551757196730076060e+00
-5.646660726714416434e+00
-5.211114534428371137e+00
-5.563278598902308580e+00
-5.160249652464346859e+00
-5.593364264567670219e+00
-5.542926523360953261e+00
-5.501816895187985779e+00
-5.551462376938159693e+00
-5.506859561451074470e+00
-5.534676623444734211e+00
-5.531770940202751952e+00
-5.575226341494690985e+00
-5.575784914589456243e+00
-5.538890493870622045e+00
-5.717144539607232900e+00
-5.567065188033962109e+00
-5.002719418838331933e+00
-5.218412371964364027e+00
-5.251348253525302212e+00
-5.306268722561919837e+00
-5.608640642373813101e+00
-5.165803796625755062e+00
-5.635117938330513887e+00
-5.649663844961637871e+00
-5.537319402856245354e+00
-5.509855998947195133e+00
-5.202507765073738355e+00
-5.184442925288969661e+00
-5.579640386025386256e+00
-5.509621361146981755e+00
-5.163124237624225010e+00
-5.514984182110931776e+00
-5.389512480990393151e+00
-5.527413808169027831e+00
-5.705963915400134923e+00
-5.576281126830148871e+00
-5.529842114568087830e+00
-5.590397627679501547e+00
-5.497938028503967622e+00
-5.158129778916129560e+00
-5.538810131200261999e+00
-5.652160495092653392e+00
-5.536239643954631084e+00
-5.511019395553812927e+00
-5.594293965591744744e+00
-5.556313788470624182e+00
-5.552187687960189244e+00
-5.532765277203566257e+00
-5.530387661968601876e+00
-5.307028178940894847e+00
-5.130400613130372101e+00
-5.166721925788339220e+00
-5.034516190903766564e+00
-5.537605185086885484e+00
-5.563899527516086962e+00
-5.498499299020576103e+00
-5.559780155320317441e+00
-5.150789779036728078e+00
-5.532207496545248127e+00
-5.114936223110412072e+00
-5.550529803502676884e+00
-5.503161879530915179e+00
-5.612200210825442959e+00
-5.356856192358355528e+00
-5.588051843817292585e+00
-5.608800872709657881e+00
-5.274349099846932454e+00
-5.560782509082572211e+00
-5.507767819909655138e+00
-5.298175320837422930e+00
-5.546879261865678146e+00
-5.522193602763236342e+00
-5.543310201080473121e+00
-5.647527794567396064e+00
-5.567213757567281540e+00
-5.259455515293200101e+00
-5.614221644251347065e+00
-5.700712596207863747e+00
-5.561358080713938001e+00
-5.527704934258748537e+00
-5.701823527526333812e+00
-5.282537390171201608e+00
-5.166004607811816030e+00
-5.085728404353109688e+00
-5.551185554163571290e+00
-5.585512626446734963e+00
-5.538208077239488603e+00
-5.552700379879235371e+00
-5.213611617188142588e+00
-5.189478444130057433e+00
-5.396590304335932231e+00
-5.726922154505662554e+00
-5.417255062926757958e+00
-5.430147418428616035e+00
-5.219579312190059106e+00
-5.199908677592121720e+00
-5.305657426482804695e+00
-5.165901948050178660e+00
-5.201261528952668911e+00
-5.197371821689086069e+00
-5.157821506143588586e+00
-5.227697350115463770e+00
-5.347961072129242766e+00
-5.640886518893142743e+00
-5.090358214280543692e+00
-5.432764106154354344e+00
-5.428943271352761002e+00
-5.353023883904585389e+00
-5.310442236369032898e+00
-5.430132294058258147e+00
-5.324558314545626558e+00
-5.186546010007328178e+00
-5.392446417127407798e+00
-5.775242833918340146e+00
-5.201262219216939542e+00
-5.462413672720566993e+00
-4.945014964247659073e+00
-5.167158134671720582e+00
-5.364444820891834276e+00
-5.310980856429660335e+00
-5.379699582789560175e+00
-5.273769770623224495e+00
-5.504473010799314281e+00
-5.194186855565452454e+00
-5.012518322527785841e+00
-5.332530722955493019e+00
-5.323125299640118158e+00
-5.775254991921291214e+00
-5.299688941189392821e+00
-5.743491209908366812e+00
-5.323127416575204052e+00
-5.425922412364825753e+00
-4.584490715754659718e+00
-5.293133762478738902e+00
-5.411189592519816571e+00
-5.157822288029866087e+00
-5.172841285989020932e+00
-5.776145389529828478e+00
-5.683286294433036900e+00
-4.720251800467544889e+00
-5.143413285091669174e+00
-5.220756293524290825e+00
-5.324367070416590408e+00
-5.436874512624435773e+00
-4.992292559470823399e+00
-5.379701044864180659e+00
-5.192778669991669815e+00
-5.186545772997559034e+00
-5.186677718637437096e+00
-5.315872475210499104e+00
-4.778653780277427821e+00
-5.379699077310134747e+00
-5.565995430640626296e+00
-5.013268504887161470e+00
-5.321241755180153632e+00
-5.355150637667751568e+00
-5.309957874803665767e+00
-5.196217920660195055e+00
-5.293318202960622720e+00
-5.317027929918539009e+00
-5.293135812544918828e+00
-5.392412292234306292e+00
-5.436759531997201300e+00
-5.183040400674843617e+00
-5.410194214194552487e+00
-4.999918688066175676e+00
-5.397666245040005251e+00
-5.201263083440424317e+00
-5.776145421207054653e+00
-5.090358907604342065e+00
-5.303663555932355500e+00
-5.075897811741272747e+00
-5.075493775540369512e+00
-4.720248336976002435e+00
-5.324080775096481588e+00
-5.359788600534066028e+00
-5.065776823892516489e+00
-5.182993672121646966e+00
-4.462994163437248751e+00
-5.284115655061639494e+00
-5.407980571963475924e+00
-4.809454960480763042e+00
-5.081463691838373542e+00
-5.182992572667118658e+00
-5.165901930318049118e+00
-5.165901801895044443e+00
-5.190596576751994817e+00
-5.368387988451099879e+00
-5.342968224885758843e+00
-5.068856738083602487e+00
-4.701607758375636159e+00
-5.177065282507839150e+00
-5.166942835646789689e+00
-5.683264314737369816e+00
-5.310404681100716395e+00
-5.310583343416203306e+00
-5.186545393123665804e+00
-5.410183897938845909e+00
-5.575220414590372542e+00
-5.309957555208080215e+00
-5.186676646903101151e+00
-5.325837535898910957e+00
-5.721234200913340118e+00
-5.380269356898160993e+00
-5.197087536345414982e+00
-5.102148895419854391e+00
-5.721241661155492153e+00
-5.392456126656291815e+00
-5.353605537935281156e+00
-5.189479153180458049e+00
-5.640888684890632554e+00
-5.092932100616763158e+00
-4.964596706970827000e+00
-5.187581345834382240e+00
-5.361319678748340145e+00
-5.192778187514997867e+00
-4.819423457302880465e+00
-5.381485089028135604e+00
-4.836549343675638823e+00
-5.259345241256241366e+00
-5.233705459985937836e+00
-5.430104737795854675e+00
-5.294522484444769361e+00
-4.615502151933069896e+00
-5.397665798656325897e+00
-4.708178733672132132e+00
-5.324381954887093649e+00
-5.010671737397590420e+00
-5.371545665979038375e+00
-5.352208443145013206e+00
-5.037794853211260637e+00
-5.277285046037278882e+00
-5.186544533872840645e+00
-5.407952228438659859e+00
-5.353059293414529130e+00
-4.876145734033696222e+00
-5.165902404994672459e+00
-5.353607665132331661e+00
-5.049320105320855845e+00
-5.397983925062439958e+00
-5.202151060412379735e+00
-5.157825478123249319e+00
-5.190596892142704810e+00
-5.172348815235886299e+00
-5.231449388443199844e+00
-5.083108057604874830e+00
-4.461391002650728410e+00
-5.044845737272914299e+00
-5.776147030491635803e+00
-5.303665800620835924e+00
-5.190596622247335645e+00
-5.183383377688227434e+00
-5.202151013791475265e+00
-5.194186731109094346e+00
-5.417306245614887494e+00
-5.375355294688319852e+00
-5.347725249490226318e+00
-5.352207159200643716e+00
-5.566000263075693510e+00
-5.183041745480298168e+00
-5.355189509761391520e+00
-5.186546170741435091e+00
-5.330288059049460792e+00
-5.662851077357544227e+00
-5.430168317459697747e+00
-5.295197587187273847e+00
-5.349645519632177937e+00
-5.387631902358162250e+00
-5.325812140451868792e+00
-5.752059862497787890e+00
-4.488881207217500169e+00
-5.020596528756870569e+00
-5.332639573746229544e+00
-5.190447738243961773e+00
-5.172838010684379206e+00
-5.197146952412998289e+00
-5.182991758917566472e+00
-5.731151898377349063e+00
-5.303662318707798029e+00
-5.410193657938554779e+00
-5.169228301866034769e+00
-5.378156066085129972e+00
-5.299205748060499488e+00
-5.357516659998228015e+00
-5.169222820559111753e+00
-5.161811577230158932e+00
-5.097197695002849471e+00
-4.968123622856520427e+00
-5.364875107367690354e+00
-5.375382614191362762e+00
-5.347614139259074584e+00
-5.585450033042674178e+00
-5.156248149238062517e+00
-5.389458905249084886e+00
-5.284285496109411007e+00
-5.352208621692827961e+00
-5.317692004107231085e+00
-4.826531042919256720e+00
-5.462412673040765831e+00
-5.183041543329244938e+00
-5.187582360498393719e+00
-5.219586170331723451e+00
-4.586084470492949983e+00
-5.276359005330606422e+00
-5.329958235071236672e+00
-5.293138786311214261e+00
-5.295200541312084397e+00
-5.384093839720162755e+00
-5.271426102595801133e+00
-5.186672079885381592e+00
-5.106835444449790984e+00
-4.945702107988999785e+00
-5.141188429813760230e+00
-5.292052270496498068e+00
-5.189338806349232947e+00
-5.201262244941977642e+00
-5.392450458300031890e+00
-5.683288248486485728e+00
-5.380269260886770155e+00
-5.361235600881117058e+00
-5.074949561048250679e+00
-4.954722673328050497e+00
-5.258375898976340501e+00
-5.000609075226407185e+00
-5.137580875824178328e+00
-5.188648155914445503e+00
-5.156200297870572768e+00
-5.093598028264505473e+00
-5.067194940123606273e+00
-5.152776232688183633e+00
-5.335126560366130199e+00
-5.321238599968991068e+00
-5.276708840946539247e+00
-5.146107941896308269e+00
-5.129544385657784034e+00
-5.721232433324417777e+00
-5.173233713604279416e+00
-5.144697815413629804e+00
-5.250031813121580626e+00
-5.407967267204551121e+00
-5.291536428055228392e+00
-5.129280523751970300e+00
-5.353606927952228034e+00
-4.471852324738199158e+00
-5.437933096053785498e+00
-5.069513558970863087e+00
-5.721230064680267624e+00
-5.186545214021095696e+00
-5.183040790135033049e+00
-5.393493254158948425e+00
-5.338328056756147078e+00
-5.775260580053755533e+00
-5.026671659303259432e+00
-5.219580420771596785e+00
-5.303663575648572603e+00
-5.057223483660849617e+00
-5.200874310863620842e+00
-4.854769137269108192e+00
-5.224308833810202835e+00
-5.224309711785523724e+00
-5.183546935136861045e+00
-5.238607630436079354e+00
-5.346985431222764262e+00
-5.389589350556710734e+00
-5.355181239412406313e+00
-5.187583922180961871e+00
-5.197118751394215863e+00
-5.379703046507432695e+00
-5.197087346818539899e+00
-5.309769133835054333e+00
-5.334475041900865300e+00
-5.407628839614733174e+00
-5.068392603363822246e+00
-5.334348369229654274e+00
-5.352209870958589910e+00
-4.581203819669579680e+00
-5.302723869962568060e+00
-5.334044843251818158e+00
-5.352207380532756353e+00
-5.324332989852194942e+00
-5.364065460502346561e+00
-5.169241527876406117e+00
-5.325835692784025355e+00
-5.349636421309510226e+00
-5.357364389923244374e+00
-5.070569106429048567e+00
-4.822866706738747844e+00
-5.059139615712796356e+00
-5.078973236927776469e+00
-4.962502885439075584e+00
-4.860114578349209680e+00
-4.813783614428631452e+00
-5.049023918155431723e+00
-5.206679421655140416e+00
-5.064203202687892258e+00
-5.211916890728231166e+00
-4.807179658195139815e+00
-5.030186525285308186e+00
-4.889834721544159102e+00
-5.021009400541816881e+00
-4.860244271991019716e+00
-4.903736167391003598e+00
-5.160881381087757624e+00
-4.849420102498820384e+00
-4.951315216694035293e+00
-4.993583232197002175e+00
-5.252948029739052060e+00
-5.038333196545456083e+00
-4.876018501432524133e+00
-5.313410836153042993e+00
-4.953934950049197816e+00
-4.921446873136443578e+00
-5.078130954676591813e+00
-4.858997495149426804e+00
-4.919588261769391124e+00
-4.735847607585466079e+00
-5.119734506396659057e+00
-5.152483687142557223e+00
-5.155638175953733082e+00
-5.059728834760661265e+00
-5.159800384882436752e+00
-5.152335362243763761e+00
-5.246542935784191286e+00
-4.839768919296309591e+00
-5.005955368672664996e+00
-4.945397385025442460e+00
-5.050316498409416432e+00
-4.935107768149833873e+00
-5.113107488604849316e+00
-5.236324828623032168e+00
-5.123771457638999216e+00
-4.857128341560689400e+00
-4.853079771220490279e+00
-4.991263285806602390e+00
-5.152382850007140469e+00
-5.083693529451242199e+00
-5.081461909618204764e+00
-4.988182856882341198e+00
-5.115412588607517463e+00
-5.021500711809688156e+00
-4.871004294692451886e+00
-5.062105723726530115e+00
-5.304942291798977472e+00
-4.484244946654728281e+00
-5.622537057375299518e+00
-5.665852748525841420e+00
-5.306403861795137011e+00
-5.750857406717125642e+00
-5.576866707846540372e+00
-5.750858980844521184e+00
-5.608752548002668981e+00
-5.653636898486841034e+00
-5.608829692996677885e+00
-4.744183736622407110e+00
-5.608774857886672294e+00
-5.628899517342674130e+00
-5.757147814933075480e+00
-5.656386065022480203e+00
-5.306567117029666214e+00
-5.635652884148260711e+00
-5.632802999045091852e+00
-5.290107366734851269e+00
-5.613272300288421945e+00
-4.942073240169574611e+00
-5.656433147781413595e+00
-5.624063400022527581e+00
-5.622493923365837531e+00
-5.234509379516917527e+00
-5.665926254339132662e+00
-5.773413040472406443e+00
-5.203344116587833135e+00
-5.576590664685471488e+00
-5.659534992810642429e+00
-5.332527040484194458e+00
-5.351360684776063081e+00
-5.632594564452883645e+00
-5.612004298361220833e+00
-5.640636325448014077e+00
-5.635801101208516073e+00
-5.313056957654358925e+00
-4.573613058328615644e+00
-5.621577456521219318e+00
-5.678467489936173784e+00
-5.665917840138547490e+00
-5.665906667292694543e+00
-5.663036961372231559e+00
-5.483060612779305565e+00
-5.651122679667836657e+00
-5.658253449854888650e+00
-4.273529157230730569e+00
-4.434447598186553208e+00
-4.745036017289120167e+00
-5.478468489654574114e+00
-5.351359204515622636e+00
-4.743182943987584999e+00
-5.258670886746961592e+00
-5.737132976436847720e+00
-5.526155713446903484e+00
-5.622471280361530432e+00
-4.972085888509643503e+00
-5.332517938415845649e+00
-5.279080009579043775e+00
-5.616449290877003619e+00
-5.331803894833836210e+00
-5.624042935559888434e+00
-5.304895514803817491e+00
-5.636778239033681359e+00
-5.669534169287961056e+00
-5.275260476110861241e+00
-5.636636057732475003e+00
-5.665925077979292901e+00
-5.651171848849443791e+00
-5.653641149116541698e+00
-4.484864988093198335e+00
-5.611974946232636263e+00
-5.640607351798332836e+00
-5.656402928496468085e+00
-5.333369528721020991e+00
-5.777415257815988525e+00
-5.459738618943478450e+00
-5.640631273187560524e+00
-5.773395419441786025e+00
-5.762670896539638932e+00
-5.506674486956933734e+00
-5.715343260410437942e+00
-5.775582529411322774e+00
-5.314106886173763478e+00
-5.353202598445991001e+00
-5.665918252238602015e+00
-5.351367163914734881e+00
-5.665891985591827940e+00
-5.664857199418464440e+00
-5.653841762002795868e+00
-5.343690545186169594e+00
-5.005931239242693565e+00
-5.623416790728293257e+00
-5.734256835782166384e+00
-5.653689543315849164e+00
-5.091530132719659818e+00
-5.623238046856361194e+00
-5.662399851927166772e+00
-5.640598641983925354e+00
-5.315751418678548390e+00
-5.595019945559702279e+00
-5.080402411130913620e+00
-5.651072271268788860e+00
-5.672266812801839642e+00
-5.737137976732348044e+00
-5.617496218905920990e+00
-5.653616051295392353e+00
-5.775538229829278336e+00
-5.542251199316109656e+00
-5.653915605815289069e+00
-5.664884632512005247e+00
-5.653619573539121923e+00
-5.608718799155552936e+00
-5.316810790087903804e+00
-5.631843837364650440e+00
-5.777419651628040498e+00
-5.621815067091127993e+00
-5.750875461425819957e+00
-5.279807524589716472e+00
-5.656353123537100736e+00
-5.368938942165365269e+00
-5.611778173442242945e+00
-5.623958214375108788e+00
-5.672282251066577352e+00
-5.773538627123731892e+00
-5.348042174220822176e+00
-5.332563367079917072e+00
-5.762642887377899648e+00
-5.674893548625976614e+00
-5.761380230667842106e+00
-5.616242135686010606e+00
-5.608674612761896050e+00
-5.343702726892386679e+00
-5.620688834657404875e+00
-4.185407887145316863e+00
-5.665920528241455756e+00
-5.632751477051261446e+00
-5.754460300159423447e+00
-5.332584615447006904e+00
-5.662456274813941093e+00
-5.624005394054997886e+00
-5.620682699509363722e+00
-5.234341571318120501e+00
-4.183123982230227966e+00
-5.614947112812881613e+00
-5.611981612988921064e+00
-5.651134287073049656e+00
-5.621828628966809127e+00
-5.674998825015697967e+00
-5.109036186361003651e+00
-5.611999554782179267e+00
-5.624059367054125680e+00
-5.622504995468815991e+00
-5.662953644534518105e+00
-5.304853585069363220e+00
-5.754449235845335409e+00
-5.306485411262952034e+00
-5.007751233667341317e+00
-5.607687252299555780e+00
-4.300829704098409145e+00
-5.623749026053789457e+00
-5.632198037942735880e+00
-5.343705954320469687e+00
-5.225430585448657794e+00
-5.754506471624687869e+00
-5.332552146253155989e+00
-5.620795051078967042e+00
-5.314156638181593451e+00
-5.665830543180880419e+00
-5.665682262152182069e+00
-5.640592351509983615e+00
-5.658253253845401787e+00
-5.313947139134112874e+00
-3.980868452782480915e+00
-3.730814033173567967e+00
-3.262332158260504489e+00
-3.730814033173567967e+00
-2.631080669133830430e+00
-3.800193393972712386e+00
-3.730814033173567967e+00
-4.046417960492694199e+00
-3.293975377552876171e+00
-3.358538717856827116e+00
-3.315655692432077473e+00
-4.048538317395463437e+00
-4.036894586722485023e+00
-3.815662349310872781e+00
-3.997424406155195786e+00
-4.031602604464813666e+00
-3.071490324444798414e+00
-3.730814033173567967e+00
-3.077519233650253039e+00
-3.973779525327515216e+00
-3.235896486889191070e+00
-3.730814033173567967e+00
-3.632532617330348046e+00
-4.110119327099820197e+00
-3.730814033173567967e+00
-4.048996990552335973e+00
-3.845897591493900425e+00
-4.138903540562411720e+00
-3.882720410758755403e+00
-3.893162144229992183e+00
-3.986981754911834042e+00
-3.988062133164698153e+00
-3.692601006093336746e+00
-3.678438079013169215e+00
-3.455806913100835764e+00
-4.796660448486161243e+00
-4.983926458969520468e+00
-5.170830058151508979e+00
-4.941801717439578745e+00
-4.655087710562058945e+00
-5.014294182278670853e+00
-4.753030368199783418e+00
-5.194246905310718532e+00
-4.596172246926338190e+00
-4.937005503557281294e+00
-4.821768444310105650e+00
-5.226460229910255606e+00
-4.975570875509958135e+00
-4.768129977700381161e+00
-4.895887625957842104e+00
-5.117942776830694207e+00
-5.208083671056448871e+00
-5.258886932965119776e+00
-5.031834220240579469e+00
-4.811260602692004618e+00
-5.062315736802065480e+00
-5.106010515757518853e+00
-5.130817990539582318e+00
-5.230927533571551713e+00
-5.053103484645476762e+00
-4.731714419496570123e+00
-5.212953794462478641e+00
-5.159309389991437733e+00
-5.180659947707300539e+00
-5.437732855790899933e+00
-5.177529506333769405e+00
-4.860033994543162983e+00
-4.989080892751021068e+00
-5.373369500633837781e+00
-5.494520602676255194e+00
-5.073358015974040569e+00
-4.784209791213420715e+00
-5.262067176318394601e+00
-5.008463357838337515e+00
-5.159949204319537408e+00
-4.967713553869825382e+00
-5.112606371434268659e+00
-4.910159421428271997e+00
-4.875975291511993603e+00
-5.542767279462387897e+00
-4.895576622860319027e+00
-4.705486682549758548e+00
-5.338719766142346224e+00
-5.318120525977986901e+00
-5.135089210295494588e+00
-5.219517293670111080e+00
-4.771738584655703441e+00
-4.828345152086075842e+00
-4.579858036890259498e+00
-4.821959547140406421e+00
-4.579108328387579974e+00
-4.688588696539376599e+00
-5.183692443924448945e+00
-4.755023566349334985e+00
-4.751293455371171426e+00
-4.829442065322615107e+00
-4.882139041170484361e+00
-2.937965278433106953e+00
6.491699765083775997e-01
-2.471776572443692199e+00
-1.449280925293476630e+00
-2.855611834097141255e+00
-2.776419367627219081e+00
-9.817876573925783390e-01
-1.339492497739292132e+00
-3.489058761852667612e+00
-1.983317730882135921e+00
-2.763505939379317766e+00
-2.332507801496736199e+00
-3.720465850421990073e+00
-2.948111195578633215e+00
-3.197183285499757499e+00
-2.978980216714876672e+00
-3.640647962394230053e+00
-1.935426276489390363e+00
-2.155006021427416485e+00
-3.813035873925288755e+00
-1.571526394281686834e+00
-4.022313232155847018e+00
-2.070961650824310052e+00
-2.334649804560884334e+00
-3.376429419274592725e+00
-3.665370547510983013e+00
-3.045550138078102709e+00
-2.720102146943852883e+00
-2.357968668811548874e+00
-3.374354300402244711e+00
-2.942787649056649801e+00
-2.740010782647112286e+00
-3.562510033199813630e+00
-2.894096357347994530e+00
-2.867241433593350042e+00
-2.852757961990791902e+00
-2.996454884290531862e+00
-2.561003076586892302e+00
-3.477197053733394494e+00
-2.768590534062314035e+00
-3.753061224475450874e+00
-3.685979296160225793e+00
-3.224131766280000644e+00
-2.090107931719696666e+00
-3.141664636876597694e+00
-3.421675846741777605e+00
-3.346503977937261176e+00
-3.209350530731925222e+00
-2.945472328246268923e+00
-1.301284587799886650e+00
-2.611809669374631326e+00
-2.915059187127770901e+00
-2.765328852741439025e+00
-3.673625803246374222e+00
-2.922339512539101847e+00
-3.234795316562523393e+00
-4.044683406391354374e+00
-2.985191797770469613e+00
-3.582941984960732906e+00
-2.746458286711945807e+00
-3.486181899687328389e+00
-2.513001172874341993e+00
-1.926760747136198049e+00
-4.649651124563768612e+00
-2.340819843074358086e+00
-3.540595812801976106e+00
-1.259335236112211875e+00
-3.653036682333233198e+00
-3.448219090079787552e+00
-2.696061784295863628e+00
-3.391887092228442757e+00
-3.608045195373623226e+00
-2.755889273659103189e+00
-4.151752371314350043e+00
-4.671417808735994548e+00
-4.392256423556430533e+00
-4.079600122985314492e+00
-4.748944530587570156e+00
-4.163440025706830916e+00
-4.102301483984544639e+00
-4.026401994233350656e+00
-4.401982493517238915e+00
-4.230579260511868611e+00
-4.887093149324064356e+00
-4.473081704509188405e+00
-4.388950630625506832e+00
-4.481790551203898687e+00
-4.121423570295541516e+00
-4.341497252379834748e+00
-4.797532502004480115e+00
-4.266469156132240315e+00
-4.399462044691508034e+00
-4.213642029037879766e+00
-4.472915305389432383e+00
-4.091924046234889367e+00
-4.802284248032296254e+00
-4.999698671375347736e+00
-4.106302221792254237e+00
-4.620438700868453097e+00
-4.777220930037329616e+00
-4.965767195101286724e+00
-4.326313904176472214e+00
-4.818181794019352537e+00
-4.507710717166935055e+00
-4.085393021480300924e+00
-4.149046766507436423e+00
-4.184126290775565415e+00
-4.535182871513483427e+00
-4.490728683868500326e+00
-4.457255189229900161e+00
-4.243525464251271195e+00
-4.170083022222113023e+00
-4.239862944445709658e+00
-4.552065262329303863e+00
-4.203658142042503876e+00
-4.751263096355351934e+00
-4.793083399280979151e+00
-4.627622159235460941e+00
-4.265315391398845080e+00
-4.795266015853611563e+00
-4.879950595220122089e+00
-4.178562482061626504e+00
-4.743006630255343303e+00
-4.206581968640437985e+00
-4.159501973154060117e+00
-4.764560457889200684e+00
-4.446401529794902885e+00
-4.901856456561326070e+00
-4.746381667611956345e+00
-4.452724030619714668e+00
-4.226939068531848420e+00
-4.539670034686493771e+00
-4.233448575808590242e+00
-4.468337214610117236e+00
-4.339203258706985089e+00
-4.512088305690537204e+00
-4.452111535485877347e+00
-4.452250090897494239e+00
-4.076986999344197393e+00
-4.267417675401384614e+00
-4.291426262132901570e+00
-4.286375086488797059e+00
-4.203349558830431931e+00
-5.080875174098464342e+00
-4.391369313261357377e+00
-4.104020833188916306e+00
-4.271188978977680684e+00
-3.519522144528723029e+00
-3.540483103886231220e+00
-3.349410264146735816e+00
-4.057131598023822505e+00
-3.639490133677140360e+00
-3.115445724417454265e+00
-2.939163656399681912e+00
-3.222486405064433956e+00
-4.105837729227398647e+00
-4.073198303234552675e+00
-3.043247339783642147e+00
-3.876349512288779220e+00
-3.594016184839448957e+00
-3.641845329540890130e+00
-3.008300903136821525e+00
-5.043621022388990127e+00
-4.344364535552774242e+00
-4.369587084668031807e+00
-4.805024611819205482e+00
-4.721283269732583499e+00
-4.560954911533488421e+00
-3.070332145500545007e+00
-3.816991912916551932e+00
-3.270514564299138449e+00
-3.500161009550367908e+00
-3.634324645945386845e+00
-3.585558413383110654e+00
-3.590565711454327236e+00
-3.390688964179610743e+00
-3.148423642995650251e+00
-3.559039480482201867e+00
-3.587047128331892321e+00
-3.820009312042498717e+00
-3.077771137973173143e+00
-3.025460644168437518e+00
-3.012721691897022769e+00
-3.226968203007138492e+00
-2.986621167932276499e+00
-3.022021763767794855e+00
-3.633672061546562748e+00
-3.507942533973914312e+00
-3.129595416866535196e+00
-3.404349941860508100e+00
-2.629037736467259911e+00
-2.900971089303769013e+00
-3.020534489103994691e+00
-3.453138577290701061e+00
-3.795326449174661665e+00
-3.207135061684265320e+00
-2.894989393907722253e+00
-3.429099430926632497e+00
-2.824316193714945911e+00
-3.193648054883875265e+00
-3.405912564248747554e+00
-3.633044956834349914e+00
-2.932875299156206150e+00
-3.224833452110495990e+00
-3.646688375384994352e+00
-3.551204537901251346e+00
-2.937493687657883434e+00
-3.182843131138303416e+00
-2.902797537216436741e+00
-3.570326568789648380e+00
-3.756665530199584602e+00
-3.724005215461809737e+00
-3.527194364255235026e+00
-2.880343268695749970e+00
-3.295168592655882911e+00
-3.119994020900438869e+00
-3.797027519327187406e+00
-3.422604166053769603e+00
-2.486664650443589863e+00
-3.841124294797487959e+00
-3.405904786038944199e+00
-2.988760473295417164e+00
-3.392998933365059866e+00
-2.972362150824346294e+00
-3.029308311862909608e+00
-3.581985033100430371e+00
-3.678313903346712266e+00
-3.081165673821443018e+00
-3.626874088891140158e+00
-3.272359862832598942e+00
-2.927099084775034665e+00
-3.449762027983879875e+00
-3.476250333527126202e+00
-3.729859423537665641e+00
-3.064682440437565436e+00
-3.601682461752840236e+00
-3.292773210675019602e+00
-3.748756164522065948e+00
-3.079589234125079233e+00
-3.857259833874440602e+00
-3.267391436146996231e+00
-3.219764511257614981e+00
-3.300499778564434994e+00
-2.909868699880540976e+00
-4.700265228236401249e+00
-4.529806914497950920e+00
-3.954851990577727960e+00
-4.149022826679379605e+00
-4.367776371878769659e+00
-4.093961190646898451e+00
-4.579352242788249150e+00
-4.704735203574908375e+00
-4.404826588993606684e+00
-4.161121864654449887e+00
-4.725795397550795585e+00
-4.481009215821053715e+00
-4.126376602193768228e+00
-4.471535602695986711e+00
-4.491318801321519061e+00
-3.959407778590263050e+00
-3.357434046153390916e+00
-4.126345074081066322e+00
-4.539845809791645870e+00
-4.627534312539508754e+00
-4.540095190982596840e+00
-4.495473629752869904e+00
-4.089422683761292809e+00
-4.813636150885383103e+00
-4.368004796350618335e+00
-4.183929445284543469e+00
-4.470124450555386098e+00
-4.170947270142921326e+00
-4.696393941936147343e+00
-4.167067868140089004e+00
-4.239874089981594985e+00
-4.100261257626801381e+00
-3.856373078750143790e+00
-4.653604651419897209e+00
-4.579358133575921030e+00
-4.636306759068663297e+00
-4.545099265855246706e+00
-4.620769021561255130e+00
-4.396195074957815585e+00
-4.726427221380149035e+00
-4.228312213400688968e+00
-4.405152318361959196e+00
-4.381151747470108049e+00
-4.265677464069607794e+00
-4.455585804417936835e+00
-4.234229306375895341e+00
-4.372227032402364877e+00
-4.598016027884386681e+00
-4.395827226068234950e+00
-4.492586789621757504e+00
-4.518882187713390230e+00
-4.431145861586212042e+00
-4.690981644898610803e+00
-4.671999742356684138e+00
-4.706200925046788441e+00
-4.385461183110365369e+00
-4.556978696252150129e+00
-4.676888645312389237e+00
-4.426830102171543047e+00
-4.419596522390566662e+00
-4.619949707082041002e+00
-4.285764309283778495e+00
-4.602225475430564039e+00
-4.354903836745705803e+00
-4.487166138181578390e+00
-4.542793008027550705e+00
-4.603688706466830816e+00
-4.809954507205045360e+00
-4.487618857669568584e+00
-4.654323758402159505e+00
-4.528270936759430043e+00
-4.362455932362746758e+00
-4.521824548894299411e+00
-4.491329461361714515e+00
-4.390327973003564033e+00
-2.382836125818551309e+00
-2.428250677966711013e+00
-1.064277207356953969e+00
-1.500197785148920104e+00
-3.912865139708049611e+00
-2.523288458970226689e+00
