-5.433788040594861535e+00
-5.386411149752868610e+00
-5.314267356253199459e+00
-5.129937501815314604e+00
-5.457492147243498515e+00
-5.461191455890319624e+00
-5.499653857873135543e+00
-5.476757720905034432e+00
-5.494337429772668813e+00
-5.508122701299089208e+00
-5.504236500369057872e+00
-5.467185514946492297e+00
-5.106043333512173099e+00
-5.119102250758542638e+00
-5.111255947607983074e+00
-5.124375554736991134e+00
-5.139015576609351044e+00
-5.131155184456938301e+00
-5.123212755768424387e+00
-5.124368657817913508e+00
-5.144929210633243599e+00
-5.154760011192613511e+00
-5.122535308419536193e+00
-5.392148418135477073e+00
-5.429860051524141085e+00
-5.473330402158798513e+00
-5.510363135566310078e+00
-5.057025108336939745e+00
-5.409132014409886224e+00
-5.431708858019232089e+00
-5.364562161790995987e+00
-5.324124105804090235e+00
-5.384232070462767084e+00
-5.149874678137694062e+00
-5.424813162243914633e+00
-5.441634171223846295e+00
-5.411494564632093329e+00
-5.115719566692467524e+00
-5.504828593294135430e+00
-5.551429017516947617e+00
-5.726397605898080556e+00
-5.423091985391723213e+00
-5.528533867362944498e+00
-5.701494783850175274e+00
-5.523404618784667264e+00
-5.548874941777425462e+00
-5.480623198965730580e+00
-5.533102262817273242e+00
-5.570551982387172529e+00
-5.717006219882319940e+00
-5.484718991702028923e+00
-5.472349526395006158e+00
-5.541855163785284866e+00
-5.593208835459456907e+00
-5.450876848393247265e+00
-5.482602290919268206e+00
-5.504551963161739891e+00
-5.547317233424386984e+00
-5.586950623503590840e+00
-5.667538187443015296e+00
-5.659826130223914120e+00
-5.753725025170345120e+00
-5.751401629964409068e+00
-5.652552383495136112e+00
-5.646454382922557080e+00
-5.637313956166528861e+00
-5.636455408393795885e+00
-5.647428094606053328e+00
-5.674207558121768358e+00
-5.629369232294033409e+00
-5.675906047970278756e+00
-5.631542186327488153e+00
-5.686768433354618679e+00
-5.624536634851489580e+00
-5.654230470138132958e+00
-5.756507033009316210e+00
-5.647055471711159846e+00
-5.633689617911812775e+00
-5.644447911704171261e+00
-5.658467979933277547e+00
-5.640983938227872585e+00
-5.635778467553945070e+00
-5.636965998345965012e+00
-5.628731755672915504e+00
-5.636736954464851124e+00
-5.660445951500105544e+00
-5.647288441743854470e+00
-5.664158036050266354e+00
-5.653022522748240242e+00
-5.733261843674092972e+00
-5.720397310373225963e+00
-5.738208933460747119e+00
-5.660058405976905682e+00
-5.709567189897539308e+00
-5.706682082977478920e+00
-5.718940360817459378e+00
-5.708168346945077687e+00
-5.690198883796014684e+00
-5.512437269471316625e+00
-5.578367745738622929e+00
-5.533970301972007455e+00
-5.563936662119349563e+00
-5.511955956428089110e+00
-5.546000193890833430e+00
-5.514297889041442247e+00
-5.568847396012285955e+00
-5.633872492698506207e+00
-5.518512200066547635e+00
-5.472968944819918136e+00
-5.510687824884413999e+00
-5.529409084256655227e+00
-5.501825308344568732e+00
-5.478573345731568622e+00
-5.538716448386265867e+00
-5.483185222303686324e+00
-5.542714800156919530e+00
-5.531508854748922843e+00
-5.596946918962598438e+00
-5.548272442017510464e+00
-5.542646469949596977e+00
-5.515566673054582481e+00
-5.536269417141357785e+00
-4.732157825469979429e+00
-4.656081762219040243e+00
-4.599825726160268857e+00
-4.822053887691746255e+00
-4.780383369901771040e+00
-4.740345426613707502e+00
-5.058397982991805542e+00
-5.068194349266123666e+00
-5.034465195408651894e+00
-5.094305639212231007e+00
-4.667699458403766322e+00
-4.712211376257277706e+00
-4.636291601510794891e+00
-4.690027573302894659e+00
-4.780169462685697646e+00
-4.654426529936189993e+00
-4.647098585309132446e+00
-4.623489621625657797e+00
-4.618985119123485639e+00
-4.728033902109079811e+00
-4.627916049413241417e+00
-4.614903169558613349e+00
-4.605245077453767877e+00
-4.717646579283028885e+00
-4.702517742212990903e+00
-4.730374005755167310e+00
-5.492510369340915410e+00
-5.443282831306460956e+00
-5.380887413342843928e+00
-5.508466745885313820e+00
-5.666986558529279350e+00
-5.719296312653161074e+00
-5.597510189059505592e+00
-5.143649700977454664e+00
-5.204113082740613017e+00
-5.229156426981493411e+00
-5.760978292819419977e+00
-5.776202984456305423e+00
-5.783333196412545618e+00
-5.736824007122444335e+00
-5.769686618608146134e+00
-5.538820793315673896e+00
-5.513772888049686571e+00
-5.543528636352779593e+00
-5.520462340810491142e+00
-5.538075566056553711e+00
-5.665272080716989400e+00
-5.735337218016916871e+00
-5.287979581491005554e+00
-5.226634221099442534e+00
-5.276484973537603373e+00
-5.302021660048686691e+00
-5.327791641336535378e+00
-5.510404362037056636e+00
-5.290843852943524439e+00
-5.330325271561822120e+00
-5.341414878713106162e+00
-5.333291208142065365e+00
-5.326471773776337848e+00
-5.298416003007358377e+00
-5.308978258792681260e+00
-5.296128654232324706e+00
-5.305150560700736762e+00
-4.711566582437884954e+00
-4.728716786467901834e+00
-4.708255807086256794e+00
-4.717850803653732328e+00
-4.728564084629762299e+00
-4.725243953706560696e+00
-4.707905380008600815e+00
-4.719611816087653899e+00
-4.729282257430730496e+00
-4.718184629782224526e+00
-4.727963458016515297e+00
-4.692859562663513451e+00
-4.689122335446394452e+00
-4.709922664831606376e+00
-4.688457719390911826e+00
-4.699968739673686891e+00
-4.689037376256545819e+00
-4.678794864180108704e+00
-4.690040425574752980e+00
-5.193125437683190349e+00
-5.131147369282619053e+00
-5.142307524622450998e+00
-5.133620294844881471e+00
-5.164117502889755684e+00
-5.163740181211974090e+00
-5.189149938012158181e+00
-5.154570560239132959e+00
-5.155881872074024486e+00
-5.379885454329235372e+00
-5.334760236059197247e+00
-5.320489948234847333e+00
-5.320432895229068926e+00
-5.274464454540495062e+00
-5.393296102996108843e+00
-5.380581868705906601e+00
-5.317671141846437521e+00
-5.288565228761919812e+00
-5.101329596046974224e+00
-5.259437550497490399e+00
-5.230735731065727201e+00
-5.339882331430245266e+00
-5.300727389079496810e+00
-4.880888240901330555e+00
-4.853938165263802063e+00
-4.859404796195123666e+00
-4.868080875436866961e+00
-4.870115697355190676e+00
-4.771741454407282035e+00
-4.725866127574837705e+00
-4.727676132926319497e+00
-4.878947189707976584e+00
-4.872338253406912401e+00
-4.949636646747022084e+00
-5.264596375557767161e+00
-4.912331936510807573e+00
-5.267146045702506996e+00
-5.275488143597415913e+00
-5.196891280160272686e+00
-5.150706890261798954e+00
-4.908567442693832383e+00
-5.196528528197190688e+00
-4.954971172910695110e+00
-5.336528413148528216e+00
-4.944167015194691039e+00
-4.892245651028808595e+00
-5.308580478378892131e+00
-4.935375699878333577e+00
-4.929786687480778085e+00
-4.954522050417246248e+00
-5.241160915697360423e+00
-5.229177786722040366e+00
-5.240358642835139413e+00
-5.219154928737544274e+00
-5.128132683180033347e+00
-5.240570473876653423e+00
-5.243049301685621444e+00
-5.227140976570876951e+00
-5.232487017037730226e+00
-5.113534950845873617e+00
-5.065461808009576572e+00
-5.131478414274150524e+00
-5.124323338040003506e+00
-5.147082893466862430e+00
-5.112923438349707972e+00
-5.250136185947233969e+00
-5.225936954241966248e+00
-5.099707366190814106e+00
-5.132079903061574022e+00
-5.102046128986129858e+00
-5.556296852717439450e+00
-5.555937322781823617e+00
-5.577051776079578360e+00
-5.561308454581436855e+00
-5.571953542445297280e+00
-5.566040446145207099e+00
-5.535846393384066033e+00
-5.563948364742031139e+00
-4.731236660045971654e+00
-4.743330613262952689e+00
-5.085368927924347027e+00
-4.712607713525598818e+00
-4.675679221159341203e+00
-4.734714817016923760e+00
-4.557907488833097709e+00
-4.671911003462724921e+00
-5.678236508782692482e+00
-5.647953130654660647e+00
-5.516330739193694654e+00
-5.571230402676225602e+00
-5.544917653832698079e+00
-5.513038703087066672e+00
-5.542074534020224874e+00
-5.626095459663916998e+00
-5.691505442579289031e+00
-5.672718948263721472e+00
-5.673775236194662064e+00
-5.634500269622702007e+00
-5.650945135333591551e+00
-5.635694982524624308e+00
-5.642012815344131127e+00
-4.759465102407244963e+00
-4.754307193969760093e+00
-4.725588421918152093e+00
-4.731260867418952465e+00
-4.735251609097963943e+00
-4.719772604503458702e+00
-4.731902894137684612e+00
-4.735882504676823146e+00
-4.781214215742356721e+00
-4.787139231399276440e+00
-4.810351967546695917e+00
-4.784792370270513295e+00
-4.786371109305952665e+00
-4.725827395812700615e+00
-4.743013613450198562e+00
-4.813360951644603425e+00
-4.701085103722416392e+00
-4.820397277487357357e+00
-4.840596475703652146e+00
-4.810174870854300622e+00
-4.811769760565423937e+00
-4.748668512387951957e+00
-4.778827963962427816e+00
-4.805215363035028275e+00
-4.788446733192929905e+00
-4.772536994346759265e+00
-4.791687442160405652e+00
-4.821730763618371718e+00
-4.817525291336890447e+00
-4.803617717396887699e+00
-4.814936186161022036e+00
-4.824204096764319161e+00
-4.798061461620745760e+00
-4.806614788523930315e+00
-4.825840692411897948e+00
-4.824284193051957104e+00
-4.844310164069744573e+00
-5.099492442069067266e+00
-5.102417488588208094e+00
-5.097370945633950434e+00
-5.091634567555349378e+00
-5.095905507602686235e+00
-5.103698186504517231e+00
-5.305242362305928161e+00
-5.301221443779676967e+00
-5.300161954846062784e+00
-5.297343597502643497e+00
-5.303758058577591861e+00
-5.303565541783886061e+00
-5.298474063825470814e+00
-5.300426593239124351e+00
-5.295134000625268733e+00
-5.297314950783414744e+00
