-5.426879158227256639e+00
-5.380112412450227311e+00
-5.312921437909460920e+00
-5.127989869533135625e+00
-5.455119665763656478e+00
-5.464962708029275085e+00
-5.501166781865966193e+00
-5.480780883613086019e+00
-5.500330819998463738e+00
-5.509533717246201334e+00
-5.506490648236458618e+00
-5.464682244647395493e+00
-5.106231138298980454e+00
-5.114370338682412864e+00
-5.095751585029656638e+00
-5.129553379736169205e+00
-5.128528467250412781e+00
-5.127048421957354662e+00
-5.119185554282822181e+00
-5.108939178318540719e+00
-5.141578127954829824e+00
-5.148239425097416166e+00
-5.090407779680763412e+00
-5.396776582246589626e+00
-5.431453202647226419e+00
-5.470927827508253571e+00
-5.508622454794440237e+00
-5.048326933361834357e+00
-5.393751926513551176e+00
-5.424396572112298642e+00
-5.359992862115396939e+00
-5.340605374962682284e+00
-5.383449762235080094e+00
-5.137790234974333181e+00
-5.425585880636983660e+00
-5.436571024965347831e+00
-5.402918957303517011e+00
-5.101705755869075709e+00
-5.519584643642049038e+00
-5.558202373409521613e+00
-5.727957242035182084e+00
-5.430148638558025098e+00
-5.525766718890173124e+00
-5.702052054541896453e+00
-5.531723158795376349e+00
-5.556214001685384929e+00
-5.482475746241290082e+00
-5.543673936249080114e+00
-5.571904727090456255e+00
-5.719616367994115436e+00
-5.489980363950911268e+00
-5.474035911647113117e+00
-5.547760494361146932e+00
-5.595340195742431355e+00
-5.447829977313240590e+00
-5.484632068125387505e+00
-5.509772605046098448e+00
-5.549877960204909755e+00
-5.591036025091049133e+00
-5.671579881224374731e+00
-5.667827833018317385e+00
-5.756402769744954462e+00
-5.754607211481755691e+00
-5.656909147000376947e+00
-5.649519892099688967e+00
-5.642252444248945231e+00
-5.641295303890141000e+00
-5.652324729461500219e+00
-5.679811698193690361e+00
-5.655120389463666797e+00
-5.680946764150369255e+00
-5.640498298841098546e+00
-5.693423187970090282e+00
-5.629468351426459627e+00
-5.655751394966592294e+00
-5.758589105323133062e+00
-5.652249050768880068e+00
-5.637195534813947084e+00
-5.648540449426624477e+00
-5.664084614730112044e+00
-5.646560282208921144e+00
-5.640156286407661312e+00
-5.642112837588157070e+00
-5.632395067934391264e+00
-5.646990552918893513e+00
-5.673827114093246138e+00
-5.653347574299220746e+00
-5.668605200047062809e+00
-5.659966392485472397e+00
-5.739139312508235058e+00
-5.723728343855494671e+00
-5.742321922260339662e+00
-5.665061037648762898e+00
-5.712431876056972335e+00
-5.707478844126661954e+00
-5.721082783676175509e+00
-5.710779748839896364e+00
-5.694792876241604240e+00
-5.510443444916260702e+00
-5.581822406237986200e+00
-5.531487172205359570e+00
-5.567417471553428143e+00
-5.509417495828394351e+00
-5.542961195572644328e+00
-5.514073265540309521e+00
-5.570929183798478235e+00
-5.632895665180186029e+00
-5.529527872789907761e+00
-5.480233283002085898e+00
-5.521163267722736911e+00
-5.542807380341375101e+00
-5.505922208776504512e+00
-5.483782475501545406e+00
-5.542500078579227996e+00
-5.482925151260970686e+00
-5.542447698949730217e+00
-5.534477532552836365e+00
-5.595046686703621042e+00
-5.548812807953916959e+00
-5.539482512611680676e+00
-5.524717137477968443e+00
-5.539867748130300917e+00
-4.758842359412767564e+00
-4.656128378336629403e+00
-4.655537555921121395e+00
-4.825024500531461591e+00
-4.774769861961529749e+00
-4.716488941738810503e+00
-5.032324242826721417e+00
-5.050359243781663565e+00
-5.009810400849939782e+00
-5.077192675508700681e+00
-4.924676222796315450e+00
-4.903545610785421616e+00
-4.855089914256619288e+00
-4.704995114697222647e+00
-4.776565561848420849e+00
-4.634554167021939008e+00
-4.637938166031716491e+00
-4.613211058228838368e+00
-4.623063511321594987e+00
-4.733736995587557672e+00
-4.620489903033544010e+00
-4.619680482528020882e+00
-4.616381141922755837e+00
-4.711258295941984642e+00
-4.701248443752366057e+00
-4.765966378449322249e+00
-5.492931054982809869e+00
-5.440145277491521547e+00
-5.371632726538449809e+00
-5.507729918351960130e+00
-5.676427645847961223e+00
-5.722108571082523909e+00
-5.602098855449110459e+00
-5.130277498525634527e+00
-5.201715557864371675e+00
-5.217932719493227900e+00
-5.768181742943183643e+00
-5.782191638834250469e+00
-5.784909458242315061e+00
-5.746373988269379396e+00
-5.776600477055709781e+00
-5.538873829572869667e+00
-5.514913383579377104e+00
-5.546132840174166745e+00
-5.523975895543379089e+00
-5.542447821170341626e+00
-5.673815259941208389e+00
-5.741652754600278463e+00
-5.258904408312866430e+00
-5.218716708656109482e+00
-5.249974362383038162e+00
-5.280274275312790699e+00
-5.305499541610343428e+00
-5.517878548753891721e+00
-5.274971604600066755e+00
-5.319472193019063155e+00
-5.327476266773528479e+00
-5.321349211996008854e+00
-5.316974074262977190e+00
-5.292314601398942386e+00
-5.303689924310805104e+00
-5.285174774917681617e+00
-5.294184827696875928e+00
-4.702481918126741434e+00
-4.729221607566531205e+00
-4.704708435051877302e+00
-4.712582501080643027e+00
-4.728374170362847906e+00
-4.717742041389850982e+00
-4.696403172598687448e+00
-4.721150330923596705e+00
-4.722299275146760955e+00
-4.703241213557173062e+00
-4.711739369614039497e+00
-4.685511395729958117e+00
-4.688938178230016796e+00
-4.705182897555866717e+00
-4.686171399919177638e+00
-4.684012873814682898e+00
-4.679542535712814200e+00
-4.671420172006088833e+00
-4.698314911071413746e+00
-5.175200039981082689e+00
-5.201024391559402993e+00
-5.216771333064336602e+00
-5.198519736665899060e+00
-5.215392082501709936e+00
-5.153680268163090439e+00
-5.226204083951703439e+00
-5.240158920989483882e+00
-5.144036747333378123e+00
-5.373835131399950171e+00
-5.329179768619409785e+00
-5.315797628760476456e+00
-5.311414301059610210e+00
-5.265284962721914930e+00
-5.392177606343751428e+00
-5.380485880889578354e+00
-5.309278027845294901e+00
-5.306731243158401057e+00
-5.129022955955375274e+00
-5.259664790797179634e+00
-5.236216372921533413e+00
-5.350613999394223441e+00
-5.308094285483815788e+00
-4.934850478544252184e+00
-4.904757709111581931e+00
-4.908467910014151059e+00
-4.930319966192060477e+00
-4.910422352911120392e+00
-4.892783136141607869e+00
-4.886641062819299108e+00
-4.903656247500957299e+00
-4.947852016754162641e+00
-4.937657627515029013e+00
-4.944964134786045129e+00
-5.266566234286622183e+00
-4.941395059762395015e+00
-5.274729323036362771e+00
-5.277132297670197758e+00
-5.207792252698371982e+00
-5.147874836197492421e+00
-4.921736118196452736e+00
-5.179346699238241314e+00
-4.978994965557143715e+00
-5.336829073948856639e+00
-4.933463809870639594e+00
-4.888297552999346429e+00
-5.299061404229479244e+00
-4.927719585306269856e+00
-4.924155119536434810e+00
-4.946227499372839453e+00
-5.211744226979940109e+00
-5.211239356421332403e+00
-5.228015753844915459e+00
-5.195398886041594722e+00
-5.099862952762955537e+00
-5.222056456922736345e+00
-5.227009630147670727e+00
-5.209544379852886209e+00
-5.232650569699973886e+00
-5.097648198139512310e+00
-5.082030254883100895e+00
-5.133430748851314007e+00
-5.126015379449977871e+00
-5.145494415670023081e+00
-5.102084446698897047e+00
-5.248628796122781104e+00
-5.230502931581853865e+00
-5.086717797455431622e+00
-5.119979902204904398e+00
-5.092907764022463368e+00
-5.604760031256611263e+00
-5.617679772628465074e+00
-5.588574739684454507e+00
-5.568263677555793656e+00
-5.630511861557978115e+00
-5.633049904284468390e+00
-5.618740480091756417e+00
-5.577880543809768277e+00
-4.731578403529457688e+00
-4.787897362729154338e+00
-5.061641410944034192e+00
-4.725508759926637659e+00
-4.935543998835068003e+00
-4.976855755639587819e+00
-5.170853157417195867e+00
-4.935937615806666123e+00
-5.707026720772407025e+00
-5.666880833264705153e+00
-5.508854249570127593e+00
-5.576286451518841503e+00
-5.543840172892139151e+00
-5.529654222557937260e+00
-5.551560991855945204e+00
-5.625812815986286353e+00
-5.697101655758489258e+00
-5.677099111700383283e+00
-5.678247979876918983e+00
-5.639361366562803290e+00
-5.653382070096016676e+00
-5.635762861076617725e+00
-5.670207882056972792e+00
-4.771953315164230602e+00
-4.754442544528390435e+00
-4.716569624037184383e+00
-4.723373977904099519e+00
-4.730398125599226233e+00
-4.731620800823885808e+00
-4.740175741294658351e+00
-4.723128431145936723e+00
-4.752208426848182121e+00
-4.792227340532061675e+00
-4.785732916619134691e+00
-4.767530593991277321e+00
-4.773804658356515240e+00
-4.731080522809997468e+00
-4.723799778294991647e+00
-4.806281473955717587e+00
-4.702427764097448559e+00
-4.805454288306962418e+00
-4.831372523141324926e+00
-4.787892552842662575e+00
-4.806490112135350934e+00
-4.739836757974837944e+00
-4.774129549002167572e+00
-4.819485843475435516e+00
-4.781779011654793798e+00
-4.761832094422209671e+00
-4.777530063692412732e+00
-4.797414670881049226e+00
-4.805395298951706806e+00
-4.800757464641097982e+00
-4.807981757773830189e+00
-4.820935013276635317e+00
-4.790402716000306427e+00
-4.799444564681083492e+00
-4.824753143126470079e+00
-4.800795382746056106e+00
-4.824046498544062977e+00
-5.069720100345786129e+00
-5.056376170822526106e+00
-5.045565587790790119e+00
-5.035505659536193335e+00
-5.043476479056135275e+00
-5.065527748434758948e+00
-5.235721735146901423e+00
-5.233030672552368756e+00
-5.224368239682030790e+00
-5.224811172153583705e+00
-5.229738750471244479e+00
-5.229909568412226761e+00
-5.226923822110254747e+00
-5.227239883304007684e+00
-5.226910432552976715e+00
-5.227213939824681965e+00
