-5.440549801909869032e+00
-5.394220104186033815e+00
-5.324951541869717531e+00
-5.136658688212119905e+00
-5.466002114708468085e+00
-5.468465240557136120e+00
-5.508257813909774647e+00
-5.485919023675468686e+00
-5.502171222073080514e+00
-5.515272926342726478e+00
-5.510852215024413248e+00
-5.473405133916837251e+00
-5.115040672524329146e+00
-5.131869712453704935e+00
-5.123599940599596003e+00
-5.135917972115596086e+00
-5.148276737854301288e+00
-5.143915826146577608e+00
-5.131659157932398685e+00
-5.133448784331316794e+00
-5.158813117717016894e+00
-5.161337963445181920e+00
-5.137317669106958640e+00
-5.400993902649896761e+00
-5.436028498004814580e+00
-5.480253314313851654e+00
-5.518133724236933269e+00
-5.072192160626720181e+00
-5.414988926973808070e+00
-5.436666359578574692e+00
-5.372415308662429112e+00
-5.321980970651664755e+00
-5.392907274296385722e+00
-5.163386654345933913e+00
-5.433600174027762186e+00
-5.450522533514096324e+00
-5.420300155358433791e+00
-5.124039944706390237e+00
-5.506245998671313480e+00
-5.554110034385163708e+00
-5.724684078790118313e+00
-5.424494870603788321e+00
-5.525480128282019621e+00
-5.700643521513017120e+00
-5.523791336633301796e+00
-5.547732843089142385e+00
-5.480166251455720783e+00
-5.533713603329344366e+00
-5.567504636803223939e+00
-5.715561960976781819e+00
-5.483285219964916024e+00
-5.472955393472804353e+00
-5.539637104659964173e+00
-5.590004520973831603e+00
-5.449815888711499134e+00
-5.482473662885432475e+00
-5.501444892487007188e+00
-5.545937662896522902e+00
-5.583987921202981930e+00
-5.665432295280786512e+00
-5.656556546075541370e+00
-5.749543116564930223e+00
-5.747368403265553205e+00
-5.649606546017437836e+00
-5.644574491270485161e+00
-5.633332228960649779e+00
-5.633578236121810967e+00
-5.645605532091265033e+00
-5.670816069037068807e+00
-5.617889328633631330e+00
-5.672934681069024876e+00
-5.629467630830798264e+00
-5.684035647183796947e+00
-5.622965924621906808e+00
-5.652716711344692335e+00
-5.752692753524323521e+00
-5.645081337910895058e+00
-5.631458204781885080e+00
-5.640628060995714677e+00
-5.656574034400259521e+00
-5.640012739621846016e+00
-5.634562760966399075e+00
-5.635469845207771833e+00
-5.627739227637123420e+00
-5.634983152522080374e+00
-5.656486930888901199e+00
-5.643568774605461691e+00
-5.658151857075347735e+00
-5.650359265754437033e+00
-5.730856731321406272e+00
-5.717343949993792585e+00
-5.737337667345129510e+00
-5.658121617642495771e+00
-5.707676314512590388e+00
-5.703210967509362739e+00
-5.717276682782515884e+00
-5.706903829803901651e+00
-5.688618282593874476e+00
-5.516088848337447281e+00
-5.582997438341391394e+00
-5.538414846015524695e+00
-5.567328312268754686e+00
-5.513850640308358031e+00
-5.546703654706289122e+00
-5.515241445810100451e+00
-5.571946772137043702e+00
-5.635388884771494133e+00
-5.523817002116049757e+00
-5.478920731128028798e+00
-5.518337499295963511e+00
-5.535523989200989092e+00
-5.500783702439618672e+00
-5.483415951935957544e+00
-5.540664543128134945e+00
-5.488540423154115722e+00
-5.546892477412534106e+00
-5.533601925912921438e+00
-5.599067406304892636e+00
-5.553860970492684679e+00
-5.548016521160080039e+00
-5.522131847415070460e+00
-5.543538134689556252e+00
-4.740209367663265283e+00
-4.663321042308231412e+00
-4.608283134716830709e+00
-4.824164682733630194e+00
-4.787321058284379482e+00
-4.746278287567265330e+00
-5.063451830204581228e+00
-5.067668234947999117e+00
-5.037449080541962054e+00
-5.097266281642161445e+00
-4.580901290325333441e+00
-4.688869083335819532e+00
-4.618550863147614649e+00
-4.693525039486570627e+00
-4.776142940948204796e+00
-4.655657469606537369e+00
-4.648905539142017318e+00
-4.624104835548529913e+00
-4.621503289288426686e+00
-4.735404976314820047e+00
-4.632921703860711560e+00
-4.620245967579999835e+00
-4.605270988829095025e+00
-4.720208119964741655e+00
-4.711627140737949304e+00
-4.741933393616828418e+00
-5.502868328324927560e+00
-5.453207638795925405e+00
-5.390583668467348488e+00
-5.517142193232443148e+00
-5.669100948595954037e+00
-5.719377739688036755e+00
-5.599694896322459314e+00
-5.151186345505559316e+00
-5.220514614966663025e+00
-5.242956328726679160e+00
-5.758373306528042690e+00
-5.773094535113883374e+00
-5.781497368227659805e+00
-5.735468314738604079e+00
-5.768004502018282409e+00
-5.545822705972054401e+00
-5.522266075253612350e+00
-5.551243841155986125e+00
-5.529592955395375320e+00
-5.546714913033805594e+00
-5.666149381421048403e+00
-5.732837854801657862e+00
-5.293431864007176024e+00
-5.238755024189027942e+00
-5.276436209419363088e+00
-5.307679433696582016e+00
-5.336630514032517425e+00
-5.520632682916174261e+00
-5.305639194782591161e+00
-5.349443222471325754e+00
-5.360552977606488412e+00
-5.352969640996584566e+00
-5.347163568366059216e+00
-5.312900358037631499e+00
-5.325561410996456857e+00
-5.309822022794875807e+00
-5.317868399471130658e+00
-4.716502943991026875e+00
-4.733800123768530099e+00
-4.709663183004386688e+00
-4.719900734222205685e+00
-4.731699019831943964e+00
-4.727429211523157093e+00
-4.709746939143807154e+00
-4.723382930491370146e+00
-4.735447749056725719e+00
-4.721952033424295259e+00
-4.734007806777471572e+00
-4.698212837806087450e+00
-4.691390156303253178e+00
-4.710597141819909517e+00
-4.689070862011437413e+00
-4.702342736015335589e+00
-4.686496180908148013e+00
-4.681766038224020932e+00
-4.693929323236340601e+00
-5.200628451556188026e+00
-5.128931910164281405e+00
-5.142355392493695554e+00
-5.124804537985311548e+00
-5.163010782493516970e+00
-5.174107809896410615e+00
-5.195145428425174572e+00
-5.164473675956503307e+00
-5.164374651623280243e+00
-5.391275008409365910e+00
-5.346605542458789273e+00
-5.333495789336179627e+00
-5.332781042464118215e+00
-5.293043669854824884e+00
-5.404209171702788694e+00
-5.390214159765542412e+00
-5.327736503564216797e+00
-5.295036580536690352e+00
-5.103845409703379410e+00
-5.269154351015115090e+00
-5.240042982406182048e+00
-5.348271973360372300e+00
-5.308120218941987822e+00
-4.881180662351422228e+00
-4.856435459355449957e+00
-4.860200459129636386e+00
-4.868024159056505873e+00
-4.870811054002062157e+00
-4.773652722927955061e+00
-4.711464615348249119e+00
-4.724498200928394454e+00
-4.878960093322695535e+00
-4.871191257663034513e+00
-4.952766018659895408e+00
-5.269359783094048844e+00
-4.918925871362989533e+00
-5.276481781774566393e+00
-5.282536758798887178e+00
-5.202233197751167992e+00
-5.159028073898746847e+00
-4.902141732054939638e+00
-5.206963796775236020e+00
-4.961396031884636848e+00
-5.348336421997536227e+00
-4.949530199977689726e+00
-4.898008956953826321e+00
-5.319367626301786167e+00
-4.942710054910701700e+00
-4.934787516625811499e+00
-4.960569015528946579e+00
-5.253778682795211097e+00
-5.240928220568465967e+00
-5.254782299026000913e+00
-5.228014508295370177e+00
-5.136934261695767390e+00
-5.253687786966841244e+00
-5.254435333529423602e+00
-5.238791692069933781e+00
-5.237942402028852307e+00
-5.122254073646394623e+00
-5.079032068843261527e+00
-5.137684062208594860e+00
-5.136374287504195557e+00
-5.160761200611484689e+00
-5.128331438053606917e+00
-5.264177777722609086e+00
-5.228881211211264812e+00
-5.109224155910695231e+00
-5.143893282887056273e+00
-5.118138358888462136e+00
-5.556443216779809902e+00
-5.553238725641599594e+00
-5.575504035439703188e+00
-5.564140854223101229e+00
-5.572759683849120016e+00
-5.562099265572916451e+00
-5.538019577689826001e+00
-5.563193542112158774e+00
-4.741894330922271195e+00
-4.748888105796821080e+00
-5.083672006781927877e+00
-4.718387986566309422e+00
-4.597990484111667442e+00
-4.689414245115066215e+00
-4.421769313664903223e+00
-4.632799029086367426e+00
-5.676657396153279578e+00
-5.644521369515245190e+00
-5.516258024011714944e+00
-5.564876111079922971e+00
-5.539337673499057146e+00
-5.512762729246105664e+00
-5.541292395071380383e+00
-5.625451143471937421e+00
-5.688537352910158162e+00
-5.670914629014545127e+00
-5.672047303359075698e+00
-5.633388348772299103e+00
-5.648832528822517851e+00
-5.634071596952152206e+00
-5.618518331876398264e+00
-4.761822191861748266e+00
-4.762368203634263608e+00
-4.731854356474670453e+00
-4.733747187362234321e+00
-4.736993152952431174e+00
-4.723072635621223370e+00
-4.734220237646094454e+00
-4.747564893143273679e+00
-4.785530162909829244e+00
-4.790689971045434703e+00
-4.805381652144665949e+00
-4.778741213790699049e+00
-4.786962062428416154e+00
-4.728311281681786937e+00
-4.743575336878383730e+00
-4.820486983237803003e+00
-4.700755624801552734e+00
-4.820384711550200763e+00
-4.842652603465402272e+00
-4.815951737034543712e+00
-4.815311961573263133e+00
-4.752880524341970059e+00
-4.790552867936532344e+00
-4.805240356992284134e+00
-4.791049831109569723e+00
-4.776472578651008050e+00
-4.799840924606555426e+00
-4.822281102798857688e+00
-4.821167715069153203e+00
-4.807510222840893022e+00
-4.822584910705199235e+00
-4.831253414314046424e+00
-4.799868249605207637e+00
-4.811666020703359692e+00
-4.827587591028631664e+00
-4.829476721086449764e+00
-4.852480991192400062e+00
-5.067376313880481931e+00
-5.075259633385286406e+00
-5.063042444350532634e+00
-5.055605815214376797e+00
-5.063856754470005050e+00
-5.078932139411971747e+00
-5.288945743778281638e+00
-5.285840742318113072e+00
-5.279079996565752886e+00
-5.278342952492460327e+00
-5.286152855866861344e+00
-5.285369320851250663e+00
-5.281666200070787909e+00
-5.283257496560012534e+00
-5.279129804407669546e+00
-5.279408634185454474e+00
