-5.442048315859228325e+00
-5.395312191234932442e+00
-5.325578775165060286e+00
-5.145042268847040745e+00
-5.465390132496078301e+00
-5.467118033508971742e+00
-5.507535611079412696e+00
-5.484340152036383920e+00
-5.502812239455232124e+00
-5.515096589153630546e+00
-5.510304848628898355e+00
-5.474126279198118006e+00
-5.123108088922696091e+00
-5.132568306722010476e+00
-5.123149109658266198e+00
-5.148713415825160844e+00
-5.152690768592337101e+00
-5.146058256295794386e+00
-5.133227894901402522e+00
-5.135826562843789134e+00
-5.156699864114839826e+00
-5.168563627698059548e+00
-5.135838809009594996e+00
-5.399455035267462399e+00
-5.435430480956965127e+00
-5.479071482466006060e+00
-5.515986595324657848e+00
-5.067825186201008414e+00
-5.415781726520448203e+00
-5.437761665321426463e+00
-5.369928738217400799e+00
-5.328077828132357752e+00
-5.391490277357767091e+00
-5.163354394221034482e+00
-5.431395049236630967e+00
-5.448283716205333249e+00
-5.418697847450795635e+00
-5.128258111721815560e+00
-5.507373715693081984e+00
-5.552085554138325385e+00
-5.726542436832775529e+00
-5.426897975854012124e+00
-5.525890297300170673e+00
-5.701875547477356143e+00
-5.524017052753592338e+00
-5.550128362987444497e+00
-5.481903654092953104e+00
-5.533098477277476945e+00
-5.569695864170371991e+00
-5.716840494742810641e+00
-5.485375125462341295e+00
-5.474037602019319770e+00
-5.541143612435335264e+00
-5.591984640342575474e+00
-5.452184041713344698e+00
-5.484482704096173222e+00
-5.503898160689533192e+00
-5.546702403056833930e+00
-5.585081418596518965e+00
-5.665685484466885136e+00
-5.655696154216973248e+00
-5.750976374888558951e+00
-5.748686337535274582e+00
-5.650939693199393155e+00
-5.645595244642596988e+00
-5.632827757350583830e+00
-5.632860031140218382e+00
-5.646557688891535420e+00
-5.672667550575139828e+00
-5.627631715133931678e+00
-5.673632349752833370e+00
-5.631696959820673420e+00
-5.684989895716410224e+00
-5.622897904437244243e+00
-5.654297539909873827e+00
-5.753958487009011691e+00
-5.645198239540795804e+00
-5.632579142093227631e+00
-5.641816763627484299e+00
-5.656332620705360803e+00
-5.639149656303601432e+00
-5.635270034488989666e+00
-5.636188205672339357e+00
-5.628377526006127951e+00
-5.636310870824193131e+00
-5.658699515026953897e+00
-5.645731028021486964e+00
-5.661543380340004816e+00
-5.652703044925329934e+00
-5.732088730622064254e+00
-5.718786924530222748e+00
-5.737594094900916097e+00
-5.658862480865058942e+00
-5.708443256316380499e+00
-5.704790611458618876e+00
-5.717662706118701088e+00
-5.706987056170557793e+00
-5.688966367218142750e+00
-5.516469887635716773e+00
-5.580434769772348425e+00
-5.537277926247557325e+00
-5.567180639837850720e+00
-5.515316976805627824e+00
-5.549486491120554810e+00
-5.517088396559355346e+00
-5.571587260139754250e+00
-5.634766862474217319e+00
-5.522712689176148437e+00
-5.476049289630348760e+00
-5.515148585456389974e+00
-5.532115668656960139e+00
-5.504497731439309760e+00
-5.481592714735221250e+00
-5.540633002000584284e+00
-5.486379286323664672e+00
-5.545635274620276611e+00
-5.535231712105563417e+00
-5.601040482430107659e+00
-5.551420884943835787e+00
-5.548874490759867939e+00
-5.519473095690383246e+00
-5.539713098722526929e+00
-4.744798689131495273e+00
-4.663864325193670446e+00
-4.611064839955066219e+00
-4.829474969575596965e+00
-4.794436187682774353e+00
-4.748643250963787033e+00
-5.070444609666040492e+00
-5.081011426086089244e+00
-5.047328009276058403e+00
-5.105308525847416234e+00
-4.693648911859678918e+00
-4.689068244069826363e+00
-4.612354287125778995e+00
-4.689073445967632203e+00
-4.777320546795506218e+00
-4.663241176879449057e+00
-4.653334813573320794e+00
-4.634630714100454796e+00
-4.631272523834929267e+00
-4.735642631903590249e+00
-4.639837022991818216e+00
-4.621398797906946854e+00
-4.616256987294378611e+00
-4.720971123289868565e+00
-4.718755279362349953e+00
-4.741872599729044069e+00
-5.500625959770810702e+00
-5.452196929413703153e+00
-5.392272427572296856e+00
-5.515365375308625140e+00
-5.669151294285057929e+00
-5.719968077728821321e+00
-5.599621773040219352e+00
-5.156341814419181269e+00
-5.217020270496789180e+00
-5.242332961331161556e+00
-5.759879838997902901e+00
-5.774471202123550917e+00
-5.782417407566589063e+00
-5.736036204158414087e+00
-5.768443472485942358e+00
-5.545355933019831873e+00
-5.520804839103457873e+00
-5.549453201068020647e+00
-5.527668889106464256e+00
-5.544731857225115412e+00
-5.666564812453303901e+00
-5.734487717206176782e+00
-5.298797651048756663e+00
-5.237893183295404320e+00
-5.285775954096823881e+00
-5.310071442371731898e+00
-5.336770648710477793e+00
-5.520239205037643870e+00
-5.302318954704362319e+00
-5.343714648555984326e+00
-5.354679659682240356e+00
-5.347983523128592154e+00
-5.342776945239215536e+00
-5.309846813219388117e+00
-5.320253191331885567e+00
-5.308761777740738985e+00
-5.316212005431564691e+00
-4.721146261549669987e+00
-4.741956187748506579e+00
-4.717619577706155809e+00
-4.727932448997499648e+00
-4.738497030905800322e+00
-4.731439451468933299e+00
-4.714677305186666167e+00
-4.730232288801907714e+00
-4.740288815217725826e+00
-4.726833749245972882e+00
-4.737404677818215504e+00
-4.702456657629994652e+00
-4.700716605333540521e+00
-4.718735741615985191e+00
-4.700501202716050209e+00
-4.710207996704274258e+00
-4.698922480280618430e+00
-4.693568622118016620e+00
-4.703850641566233115e+00
-5.207151790482445364e+00
-5.141943160181011052e+00
-5.153780785419356469e+00
-5.133710043008615109e+00
-5.175840055342303181e+00
-5.176890065404247565e+00
-5.203868216418974235e+00
-5.164483556186310942e+00
-5.174963241144748594e+00
-5.389686167199760014e+00
-5.343255663796828259e+00
-5.328569457405054166e+00
-5.331164121987244542e+00
-5.292246781759160967e+00
-5.401650218982537943e+00
-5.387233632153446194e+00
-5.327479491143232160e+00
-5.297699124720492314e+00
-5.116448240085802013e+00
-5.271645984235592941e+00
-5.246353639826610404e+00
-5.350648289212442954e+00
-5.310604884993985308e+00
-4.890931713729542274e+00
-4.865326421255732114e+00
-4.869962161836821402e+00
-4.878359034613611200e+00
-4.885414443759948711e+00
-4.784903609989359374e+00
-4.721141208223179397e+00
-4.737074733946545102e+00
-4.883049087574150349e+00
-4.880043033102309025e+00
-4.963323229094745770e+00
-5.277674655037222884e+00
-4.935824377877201741e+00
-5.284610557578568901e+00
-5.287804546915347181e+00
-5.223046186590107887e+00
-5.174479458873604720e+00
-4.929590507996269189e+00
-5.214989259493848728e+00
-4.969087560432133621e+00
-5.345403536562100655e+00
-4.948296995614958504e+00
-4.905731347453810898e+00
-5.319246272709515111e+00
-4.945242105585619719e+00
-4.938216763244914098e+00
-4.966894950193886160e+00
-5.255830572512527610e+00
-5.243500232057510146e+00
-5.257192112641481785e+00
-5.233883307677781538e+00
-5.151577380504686943e+00
-5.253985623217419132e+00
-5.256287674631483497e+00
-5.239980048817817426e+00
-5.243933459627067251e+00
-5.124528071942560103e+00
-5.077843883949165082e+00
-5.147855624101170591e+00
-5.145173066111748739e+00
-5.159519637358242150e+00
-5.131469420751534116e+00
-5.265615490985620539e+00
-5.236226889767177539e+00
-5.115885535599464795e+00
-5.150847941998978996e+00
-5.119033532565127942e+00
-5.558897021785968562e+00
-5.556173970929499717e+00
-5.572090846039058576e+00
-5.561336693048268387e+00
-5.572647338065625178e+00
-5.566480896823120972e+00
-5.538664344506083026e+00
-5.562785566951751193e+00
-4.743639091150260612e+00
-4.761260274219642596e+00
-5.097213687706539709e+00
-4.717440222443432418e+00
-4.685972043702556711e+00
-4.735291805091701889e+00
-4.662806594719874909e+00
-4.700751606346041278e+00
-5.679527795608502849e+00
-5.645499685179760974e+00
-5.512222730008619287e+00
-5.563585682656897013e+00
-5.541450885150831063e+00
-5.507257564557474616e+00
-5.538621405725140612e+00
-5.621547705481209967e+00
-5.690478064204460118e+00
-5.672270835192221305e+00
-5.673337343985314085e+00
-5.635849698553306197e+00
-5.652253502630474102e+00
-5.636623444737003830e+00
-5.641371146224974709e+00
-4.765559026063106884e+00
-4.761836578029753575e+00
-4.732300388599301577e+00
-4.737225792503317656e+00
-4.744704924411391467e+00
-4.726944532627793016e+00
-4.735725546836089705e+00
-4.740841092541652202e+00
-4.784035480224180681e+00
-4.791888282210532424e+00
-4.801226675896401730e+00
-4.776228637467117899e+00
-4.789288689190110304e+00
-4.735027283271417531e+00
-4.748235648657999519e+00
-4.828108551622989353e+00
-4.709040953942251306e+00
-4.827361554610598127e+00
-4.856018425506770875e+00
-4.808894474806822750e+00
-4.813357229488794076e+00
-4.752649063649469596e+00
-4.787044013088221028e+00
-4.811894097192225495e+00
-4.791048951073387130e+00
-4.770456605036908826e+00
-4.811813894399805669e+00
-4.831093862918632631e+00
-4.821282207622855864e+00
-4.810568947214046709e+00
-4.827083016953396921e+00
-4.831328897316989668e+00
-4.803816001635540012e+00
-4.810981879180051379e+00
-4.834767922996721978e+00
-4.831291185160974777e+00
-4.863605400195146089e+00
-5.109371795635748725e+00
-5.114438130327795484e+00
-5.107951483294906225e+00
-5.103140468103693372e+00
-5.105733819374264293e+00
-5.114957542283309344e+00
-5.294238130867041647e+00
-5.289538149850201876e+00
-5.288888981633388831e+00
-5.284922253894922761e+00
-5.290681649460306168e+00
-5.291167018478923012e+00
-5.286432611767154732e+00
-5.289282685720822386e+00
-5.283855561150055280e+00
-5.286028434253201347e+00
