-5.442867807178465966e+00
-5.396245103347703242e+00
-5.327497648597780966e+00
-5.142472012386731350e+00
-5.468406004141678878e+00
-5.470326277421439620e+00
-5.509163207166723808e+00
-5.489107434680002839e+00
-5.505263841866252505e+00
-5.516095801893278860e+00
-5.512724363145872886e+00
-5.476970735441595295e+00
-5.122405135793480113e+00
-5.144238833431156621e+00
-5.129027187383731423e+00
-5.138504212641546331e+00
-5.153922242898421047e+00
-5.152563330708170852e+00
-5.142580305883309499e+00
-5.140618735574094877e+00
-5.163848184323059698e+00
-5.176683392735388800e+00
-5.150303418472654826e+00
-5.401988762480677941e+00
-5.435583846739064029e+00
-5.483447005795444973e+00
-5.520293946211979552e+00
-5.081405227555827686e+00
-5.418102031023639853e+00
-5.437909690486006475e+00
-5.374920237945206125e+00
-5.334951729091811146e+00
-5.395555719296107000e+00
-5.167386790634273197e+00
-5.436147962019798996e+00
-5.454369653509962390e+00
-5.419494351055438308e+00
-5.133557092661529708e+00
-5.511901337006726465e+00
-5.558229265800451735e+00
-5.731155466595902581e+00
-5.430299967867267874e+00
-5.527093426718789893e+00
-5.706230420543216830e+00
-5.528217514009007516e+00
-5.554140649877956193e+00
-5.486527528209268922e+00
-5.538688699893160816e+00
-5.573566294581852709e+00
-5.721944020593858760e+00
-5.488519710673202212e+00
-5.479045862373789433e+00
-5.546076851429107890e+00
-5.595800464676347730e+00
-5.457083165424239546e+00
-5.489079163567510911e+00
-5.506405462244180704e+00
-5.551069032482205401e+00
-5.588967485394221946e+00
-5.667869816977792574e+00
-5.660263724734188706e+00
-5.752224285318968455e+00
-5.750160726226581254e+00
-5.653115015335237636e+00
-5.648193774899434416e+00
-5.636732803351547361e+00
-5.638295233204240198e+00
-5.648724963806865951e+00
-5.675003126374039475e+00
-5.628915060868848741e+00
-5.676957564738222217e+00
-5.630649088780246281e+00
-5.686792256999719797e+00
-5.625556712455275665e+00
-5.655797979631690175e+00
-5.755329146796770878e+00
-5.647557804237485435e+00
-5.635153236968524659e+00
-5.644097115409678622e+00
-5.659204192145399936e+00
-5.644067437940371690e+00
-5.636883083172853581e+00
-5.639416195245371632e+00
-5.630545989167015541e+00
-5.637541767576311535e+00
-5.660236081019285770e+00
-5.647591765891950999e+00
-5.666497949060102179e+00
-5.655943063155064010e+00
-5.734210819182631980e+00
-5.720814424648355434e+00
-5.740042600585793409e+00
-5.661160378370937885e+00
-5.711045261551634056e+00
-5.706571096503202156e+00
-5.720390875973491163e+00
-5.709815527939798407e+00
-5.691526059204027099e+00
-5.519445410379344885e+00
-5.587729088923712339e+00
-5.542394736024416346e+00
-5.570312578434879036e+00
-5.517150637255189949e+00
-5.551830181023174049e+00
-5.518525974288967184e+00
-5.575949318790474507e+00
-5.641738822227991612e+00
-5.527762619222708729e+00
-5.481538384537990360e+00
-5.520808978286246393e+00
-5.538767358243850580e+00
-5.508779570222922750e+00
-5.486636020511449274e+00
-5.545278099836034258e+00
-5.492428696701064261e+00
-5.550021409813838957e+00
-5.537827277714082896e+00
-5.604110643636437850e+00
-5.556901297182752941e+00
-5.551410052836476261e+00
-5.523291487857195925e+00
-5.545813671436865988e+00
-4.744666647970356088e+00
-4.675334345549363668e+00
-4.612418714599579417e+00
-4.821828463734195047e+00
-4.792145214156493083e+00
-4.752425385665407731e+00
-5.064677749197972645e+00
-5.071690351651298556e+00
-5.046769254354152245e+00
-5.102274861823249630e+00
-4.644262223370433595e+00
-4.670151904220270822e+00
-4.610902927367999560e+00
-4.699167383648234164e+00
-4.778349636636679776e+00
-4.666519374809349863e+00
-4.650215592495628769e+00
-4.632270299812489611e+00
-4.629190491508640370e+00
-4.742178142487117221e+00
-4.641050927046467933e+00
-4.627889039904173885e+00
-4.605890779575239513e+00
-4.725262303480615600e+00
-4.717180885730078543e+00
-4.742597018676269371e+00
-5.509171821619008647e+00
-5.460809110352633056e+00
-5.399904682225257879e+00
-5.521962483753305229e+00
-5.675571769525493693e+00
-5.726628545147938176e+00
-5.606686195700657294e+00
-5.159182232618835684e+00
-5.229123052548387385e+00
-5.254039338345251942e+00
-5.763072232305853859e+00
-5.777877760312859934e+00
-5.785646698704440816e+00
-5.739885376315468690e+00
-5.772623742879521735e+00
-5.549751942627970891e+00
-5.526075679905378735e+00
-5.554397675105320786e+00
-5.536208563160746721e+00
-5.550328662455978446e+00
-5.673461360610605020e+00
-5.738265976261651247e+00
-5.304140286827060180e+00
-5.250312559264301626e+00
-5.286455104386146964e+00
-5.317631003187660355e+00
-5.352478402667973256e+00
-5.527631490879631571e+00
-5.319188064974452956e+00
-5.364185954208572582e+00
-5.375474967331167697e+00
-5.366586582408468864e+00
-5.360363786331189928e+00
-5.325749793525668352e+00
-5.341381402371575327e+00
-5.324653653304860512e+00
-5.334283779727073238e+00
-4.725475069404549977e+00
-4.745527590177661459e+00
-4.721466041777176770e+00
-4.731095319242188957e+00
-4.741735899546740463e+00
-4.737343564769409099e+00
-4.717539986182363698e+00
-4.733596015117150557e+00
-4.744693474454983573e+00
-4.731964524375972481e+00
-4.742720726308184531e+00
-4.706595375677708581e+00
-4.699716508275207261e+00
-4.722061871149815460e+00
-4.702060643866045275e+00
-4.712652989443250284e+00
-4.697918563545370851e+00
-4.694649510010399318e+00
-4.699811208394054418e+00
-5.213277378453410549e+00
-5.138922886839065285e+00
-5.154415743945182982e+00
-5.140248186347881720e+00
-5.173085668232406675e+00
-5.185777716748853017e+00
-5.205596988204023390e+00
-5.168869721977326748e+00
-5.174986943992490929e+00
-5.398397352373797808e+00
-5.354142344625066663e+00
-5.341837247236781216e+00
-5.343089988909023091e+00
-5.308273909511238564e+00
-5.412959353767983650e+00
-5.397895684388598347e+00
-5.332980234132085329e+00
-5.301985076797123497e+00
-5.108532856324417004e+00
-5.277560373670460159e+00
-5.245587230424643366e+00
-5.354586500174358221e+00
-5.314100663089323717e+00
-4.880890784176548536e+00
-4.854421542572244341e+00
-4.859733236821965896e+00
-4.868014212842568966e+00
-4.871575731324582215e+00
-4.773404145230191631e+00
-4.703850481122298532e+00
-4.721387539001764999e+00
-4.874067044620032263e+00
-4.870955865452699207e+00
-4.959327398463988068e+00
-5.276898517744379014e+00
-4.926437142541677972e+00
-5.282279155694068251e+00
-5.289663065639367723e+00
-5.213406969108951294e+00
-5.168439391869618760e+00
-4.916879129495146827e+00
-5.217768691115499458e+00
-4.967927923588438155e+00
-5.355317906719114340e+00
-4.954719108738474986e+00
-4.905517773487677147e+00
-5.326329239121541548e+00
-4.951009789582224485e+00
-4.941160610217981919e+00
-4.966759070699460210e+00
-5.267200800753760070e+00
-5.257173992808978902e+00
-5.269435261750036403e+00
-5.239466324501936612e+00
-5.146905615478581275e+00
-5.254028549698841033e+00
-5.250371591902136537e+00
-5.236823293231807064e+00
-5.243121879038200817e+00
-5.129689603276848864e+00
-5.091639710953548281e+00
-5.148690967614064640e+00
-5.147176850637116274e+00
-5.171517770529746372e+00
-5.134472480902540603e+00
-5.268639294876752643e+00
-5.240994153812116529e+00
-5.118594146397733802e+00
-5.149174558560949855e+00
-5.124169412214162556e+00
-5.560611196196408201e+00
-5.556689072361055359e+00
-5.575508648930171951e+00
-5.567844632415618555e+00
-5.577004208934332574e+00
-5.558414144697515269e+00
-5.544882165170505139e+00
-5.565175087665333642e+00
-4.746255722855043047e+00
-4.744699466128773579e+00
-5.086330668693737067e+00
-4.717331142605900141e+00
-4.673275293372561201e+00
-4.696457545409682410e+00
-4.635678572068961500e+00
-4.683510721747078165e+00
-5.679946487664962795e+00
-5.646460346787129936e+00
-5.518984555591218033e+00
-5.567514049188155845e+00
-5.544400392285328216e+00
-5.514194931401355859e+00
-5.543430264124244999e+00
-5.626767653444108674e+00
-5.692195274215165135e+00
-5.675336776502312830e+00
-5.676316840298590627e+00
-5.637652992455156387e+00
-5.652649315470523739e+00
-5.638955096581558024e+00
-5.639584368358143251e+00
-4.766358691396241909e+00
-4.769552524671858862e+00
-4.739401692114322273e+00
-4.745221608877280950e+00
-4.746900600873933840e+00
-4.728019297639082907e+00
-4.742159254139021840e+00
-4.753153980986422056e+00
-4.788689830810723969e+00
-4.794522249094472777e+00
-4.811415478351528385e+00
-4.783692545532882257e+00
-4.790403297579382880e+00
-4.738032534012186048e+00
-4.751674858907656507e+00
-4.832235002755446374e+00
-4.709273796792733613e+00
-4.833418938120550123e+00
-4.851884947201078546e+00
-4.818356291024584515e+00
-4.819464926273026251e+00
-4.762179120458853276e+00
-4.805098885491037031e+00
-4.813144588479147501e+00
-4.798430286321816673e+00
-4.783344484513623485e+00
-4.809319163502827621e+00
-4.832036290403530110e+00
-4.825099439546864488e+00
-4.820520726675560752e+00
-4.833137430400276990e+00
-4.841745877625995398e+00
-4.809385213530570802e+00
-4.820745410903779060e+00
-4.837882434877326610e+00
-4.838958734414081420e+00
-4.866177021475106557e+00
-5.086319040952456128e+00
-5.093575793908704519e+00
-5.082943398101245513e+00
-5.071730981951969142e+00
-5.079586648877324251e+00
-5.098177749170970330e+00
-5.315887787736446768e+00
-5.312673448170484036e+00
-5.310470259332104703e+00
-5.305876540634992367e+00
-5.312583639316326156e+00
-5.311599845175115853e+00
-5.309327700245315640e+00
-5.310062556289761204e+00
-5.305322423850992841e+00
-5.305679670524946268e+00
