-5.435931861231044770e+00
-5.388993629260537155e+00
-5.320612785215014462e+00
-5.134431894414786868e+00
-5.460636733729457681e+00
-5.462654283943289002e+00
-5.501531768890056462e+00
-5.477686973818633120e+00
-5.497301540093650019e+00
-5.509454473580121636e+00
-5.506559352813760633e+00
-5.468341277438056203e+00
-5.110093327109574979e+00
-5.130722215308160195e+00
-5.112795194996367698e+00
-5.133498194967597072e+00
-5.144493929990219705e+00
-5.141702776565775679e+00
-5.120853510175184198e+00
-5.130853314778355490e+00
-5.150874122513255493e+00
-5.162223241130585727e+00
-5.131652320707370762e+00
-5.396249734776755069e+00
-5.429685709554114226e+00
-5.473510244453605011e+00
-5.510846861236301741e+00
-5.054642547544973219e+00
-5.410391849037431200e+00
-5.432280362061200130e+00
-5.368210566094425928e+00
-5.328866284436709400e+00
-5.388215464899737128e+00
-5.157047167692957679e+00
-5.426648542469465930e+00
-5.444759654266481341e+00
-5.413252833647777429e+00
-5.119848779429851504e+00
-5.504844903491073360e+00
-5.551380640351825768e+00
-5.724562450270597402e+00
-5.422335346961824065e+00
-5.523598891104967379e+00
-5.699420434243157807e+00
-5.522707953055407515e+00
-5.546890360390907659e+00
-5.479036613316795368e+00
-5.532376170842799645e+00
-5.567933906877410521e+00
-5.715561953877191570e+00
-5.483062823644618611e+00
-5.471993099225315405e+00
-5.538874215762485065e+00
-5.590981051450997441e+00
-5.447945633270122379e+00
-5.482181572154106952e+00
-5.498031826303513725e+00
-5.546504302056646019e+00
-5.583807539953315136e+00
-5.663673702358925865e+00
-5.656988926022568975e+00
-5.749547613428947379e+00
-5.747292497669446831e+00
-5.649886429868154814e+00
-5.643345234255247256e+00
-5.635593545510579894e+00
-5.635063541752058924e+00
-5.644901556468281179e+00
-5.671189650422790329e+00
-5.628947590087686415e+00
-5.672882344501261720e+00
-5.630244015455162732e+00
-5.683799454602578294e+00
-5.621148727216815466e+00
-5.652136220733654959e+00
-5.752034644584957057e+00
-5.642933366192870004e+00
-5.630085617747806026e+00
-5.640040918669460446e+00
-5.654025044860346405e+00
-5.637796088243961279e+00
-5.633108584848922185e+00
-5.634645276066153841e+00
-5.625250245193499588e+00
-5.634412869905931487e+00
-5.659961842618111305e+00
-5.645942556286050795e+00
-5.659923670111479233e+00
-5.650627026720495216e+00
-5.732581506935431115e+00
-5.719117109483676131e+00
-5.736557114852878669e+00
-5.659985421101719538e+00
-5.708150862779464596e+00
-5.705212219875352098e+00
-5.717703951378028115e+00
-5.706377709359061967e+00
-5.688873417365735818e+00
-5.514159020969009894e+00
-5.579468797684343784e+00
-5.536937323666072608e+00
-5.566031182639500585e+00
-5.513871300267048525e+00
-5.546748745380563506e+00
-5.515261017987705294e+00
-5.570268066717243727e+00
-5.633998082021831166e+00
-5.520028905675921749e+00
-5.471827238549220596e+00
-5.511673511374079126e+00
-5.528058923585426498e+00
-5.499383003960221394e+00
-5.478556703899920777e+00
-5.539247099053399737e+00
-5.487128830253636735e+00
-5.544200180449402104e+00
-5.534604576787273800e+00
-5.599353369665455382e+00
-5.550228105606032969e+00
-5.546200971389433576e+00
-5.518571902716212563e+00
-5.537644011905682895e+00
-4.744385880829446123e+00
-4.664352245235212635e+00
-4.611000262266601091e+00
-4.827167726880530196e+00
-4.788333051424936926e+00
-4.748739454378331892e+00
-5.067267687619672500e+00
-5.073444158403318305e+00
-5.042511466369270501e+00
-5.099479208159362287e+00
-4.689697022850755737e+00
-4.703384425398258628e+00
-4.657485689307860000e+00
-4.697929134164930964e+00
-4.782682211335504086e+00
-4.657730116963485933e+00
-4.647195238664268757e+00
-4.637554151693746185e+00
-4.626203082958634916e+00
-4.732102426318148147e+00
-4.636702379555421416e+00
-4.622411632292659611e+00
-4.615390310422472275e+00
-4.722899418629199708e+00
-4.714935418439336168e+00
-4.746572835825793923e+00
-5.496366287711424548e+00
-5.446347346534057721e+00
-5.386108119586844545e+00
-5.511889549545466060e+00
-5.668771166133737438e+00
-5.718605394084966598e+00
-5.599050297762816264e+00
-5.153777762144700070e+00
-5.213369046864984035e+00
-5.238502315744451465e+00
-5.760147444210057976e+00
-5.774994991898300789e+00
-5.781322392690452006e+00
-5.736923844747702006e+00
-5.768533658091086203e+00
-5.540643292663162356e+00
-5.515537088709514535e+00
-5.545604468235413087e+00
-5.522755265759045962e+00
-5.539943674446409005e+00
-5.664748924797310181e+00
-5.732868028942759153e+00
-5.291324077009992521e+00
-5.233729752228594378e+00
-5.279342545067655657e+00
-5.305560106401210341e+00
-5.332252563380780686e+00
-5.514841452094836782e+00
-5.295423250776405411e+00
-5.337738920467824499e+00
-5.349637990763180362e+00
-5.342953233921026168e+00
-5.335981255982704674e+00
-5.303023829231512387e+00
-5.313445387030498068e+00
-5.303027876703736432e+00
-5.309893586456003511e+00
-4.718755004657680274e+00
-4.741359467716668163e+00
-4.713857965054389254e+00
-4.722712149373044177e+00
-4.737980253510770012e+00
-4.728640143929803585e+00
-4.712425345482730066e+00
-4.725674005683499601e+00
-4.736458687197906414e+00
-4.724788019561382058e+00
-4.736322664140720562e+00
-4.701472424448994047e+00
-4.692146499021220940e+00
-4.720137628630189930e+00
-4.698787051297355077e+00
-4.708053790611909761e+00
-4.694505729908876823e+00
-4.684402715382875115e+00
-4.699191056359818930e+00
-5.197583790994421804e+00
-5.139573591498166394e+00
-5.153490329792466795e+00
-5.132955822720202121e+00
-5.172734668833063765e+00
-5.170030054058491586e+00
-5.200732739109525049e+00
-5.171571320904974733e+00
-5.162545455537003392e+00
-5.383826551537417515e+00
-5.339241571988540436e+00
-5.326950784403337913e+00
-5.326881600669623573e+00
-5.282239921803606464e+00
-5.397090129926819912e+00
-5.384128316140981418e+00
-5.323358802028037573e+00
-5.294542591595634562e+00
-5.114207703739278799e+00
-5.268040418437057504e+00
-5.242830526512854306e+00
-5.345687768066421874e+00
-5.306742526288189765e+00
-4.889269777673517225e+00
-4.865270837728956188e+00
-4.866618017446415756e+00
-4.880949823788996333e+00
-4.878109364319985986e+00
-4.785339021200709198e+00
-4.731099719929159342e+00
-4.738987778977280740e+00
-4.885067370174589030e+00
-4.876991367520587595e+00
-4.962407934373461948e+00
-5.273172587296605762e+00
-4.928850335819327633e+00
-5.278816201169432176e+00
-5.283450550771727983e+00
-5.212874361059606443e+00
-5.165340020898828932e+00
-4.919025475866313890e+00
-5.204837438864827526e+00
-4.967038428420998741e+00
-5.341403859484289640e+00
-4.952279760716638002e+00
-4.900994912806267756e+00
-5.314558663318172727e+00
-4.945828027673571547e+00
-4.939223536516484714e+00
-4.962778576792834073e+00
-5.245904932014339828e+00
-5.236348139014381786e+00
-5.251296564769535991e+00
-5.226214896003074095e+00
-5.141844728286642408e+00
-5.255144680985078587e+00
-5.256500701788148433e+00
-5.241039065188995316e+00
-5.248934867169659846e+00
-5.110350919601889252e+00
-5.075210515192495109e+00
-5.143876151218991666e+00
-5.138631506266816196e+00
-5.154699630306117442e+00
-5.125234533353675737e+00
-5.261477178051984893e+00
-5.237582355601442252e+00
-5.107203217656600458e+00
-5.142989071186192085e+00
-5.112113316076740688e+00
-5.555815597335565847e+00
-5.554462719440984131e+00
-5.574499925573875636e+00
-5.561362571200632487e+00
-5.571525755587876994e+00
-5.564151119096109710e+00
-5.538288349007554956e+00
-5.562934688451555587e+00
-4.739731301890822479e+00
-4.763238468426573391e+00
-5.089827982763659442e+00
-4.725404232006500393e+00
-4.682433053323059369e+00
-4.726302599772093771e+00
-4.566186819689466603e+00
-4.678252783243745050e+00
-5.678255999813296206e+00
-5.644616079511896700e+00
-5.512845949335152262e+00
-5.556875058163906367e+00
-5.542570145600916653e+00
-5.511133009478113465e+00
-5.540167756017184253e+00
-5.625747865393303293e+00
-5.690865684411266834e+00
-5.671209392388858461e+00
-5.672216371397063917e+00
-5.632694946433195682e+00
-5.649995493421958948e+00
-5.635319319013854411e+00
-5.642071094849136159e+00
-4.761241909450777854e+00
-4.757551887334007468e+00
-4.732236735469959044e+00
-4.735510743135599832e+00
-4.744171521467741570e+00
-4.729984988800323364e+00
-4.738416939256159921e+00
-4.744034080313166868e+00
-4.780757140381403758e+00
-4.797579121260377555e+00
-4.804326884449705126e+00
-4.786201938835578318e+00
-4.789560281256509455e+00
-4.735997192815052159e+00
-4.754705945767579323e+00
-4.821241934384030259e+00
-4.704298470999349391e+00
-4.826509049888502823e+00
-4.850407691749849981e+00
-4.815544373735054506e+00
-4.817987637087409958e+00
-4.759575276340528127e+00
-4.783140138906474270e+00
-4.810895604790523805e+00
-4.793579516214951930e+00
-4.777306785709644288e+00
-4.808787956300423438e+00
-4.829307628859521806e+00
-4.823828391435915464e+00
-4.812645204763962958e+00
-4.821157636410443814e+00
-4.830130381911038384e+00
-4.806897192522858298e+00
-4.812216335701801739e+00
-4.834369013029175655e+00
-4.836723733542635628e+00
-4.856997801842161344e+00
-5.104226172222344537e+00
-5.107218116796722107e+00
-5.102717490564660174e+00
-5.096929981232804607e+00
-5.101316508064985378e+00
-5.108893025102148044e+00
-5.297000647619141134e+00
-5.292121623447136436e+00
-5.291193740447595495e+00
-5.287700412289882301e+00
-5.293126614464641833e+00
-5.293531379065454345e+00
-5.288180048114306864e+00
-5.290473493127212379e+00
-5.285432805738547124e+00
-5.288382430363967934e+00
