-5.440688218177212931e+00
-5.394157865311510314e+00
-5.316762645301110091e+00
-5.126158047793783368e+00
-5.465544844385112455e+00
-5.466239163474107876e+00
-5.507637207406961721e+00
-5.484558912015405241e+00
-5.505005617104376192e+00
-5.514566581168737436e+00
-5.512222089545171677e+00
-5.472626339185238109e+00
-5.109378209006816718e+00
-5.120308570589738650e+00
-5.103722770774147044e+00
-5.110983693501278680e+00
-5.142994872003911588e+00
-5.136411623739910226e+00
-5.124452307115866745e+00
-5.113277282670423141e+00
-5.154665645350837266e+00
-5.154350945497294667e+00
-5.113024342470054329e+00
-5.401939255193077827e+00
-5.436602097140093015e+00
-5.479923356207415885e+00
-5.514654888049584258e+00
-5.048840449679548925e+00
-5.414212636482050200e+00
-5.440499888500031744e+00
-5.370095020318970569e+00
-5.333407755166430064e+00
-5.390813460226713261e+00
-5.158494866269085044e+00
-5.428720704732232782e+00
-5.450604106116919922e+00
-5.418918276898863517e+00
-5.116844646663236240e+00
-5.498114870447082581e+00
-5.548723452276402845e+00
-5.722502186353068510e+00
-5.417983931593941094e+00
-5.521388712348900718e+00
-5.696616008569506562e+00
-5.523989907404489585e+00
-5.547092244365600777e+00
-5.479242699242250936e+00
-5.532767021425151199e+00
-5.567799703328773830e+00
-5.714273671358161444e+00
-5.483721203277052147e+00
-5.471774301107799943e+00
-5.541991783393691584e+00
-5.591887878344080853e+00
-5.447056840866952854e+00
-5.481378435681784289e+00
-5.506511969252727567e+00
-5.545484511566387553e+00
-5.582595850828996120e+00
-5.661419643015348946e+00
-5.656138373454453472e+00
-5.748748878236450643e+00
-5.747716063108682327e+00
-5.648371752252203670e+00
-5.643595855546057471e+00
-5.633433983049870086e+00
-5.630188045425297716e+00
-5.644510338721326015e+00
-5.671062754903300807e+00
-5.632908009683537998e+00
-5.672668416308625616e+00
-5.629496526559825575e+00
-5.686640788666605495e+00
-5.620359608059679601e+00
-5.651175186514855397e+00
-5.750359442626177042e+00
-5.639743464128183170e+00
-5.628845042888977801e+00
-5.639129619511061620e+00
-5.652438899327171917e+00
-5.635758173935800031e+00
-5.631490290126253129e+00
-5.632594223525092758e+00
-5.624369841776986512e+00
-5.630582585673582052e+00
-5.658471143657414437e+00
-5.645078619621160421e+00
-5.660841119302113533e+00
-5.650553950840103923e+00
-5.733779228520644367e+00
-5.718550787712694650e+00
-5.735452059834940108e+00
-5.662309863904332552e+00
-5.708001301634444857e+00
-5.703725811809420065e+00
-5.715198808172418765e+00
-5.705142578234240425e+00
-5.688989780606037883e+00
-5.505516451302088221e+00
-5.579198640243694385e+00
-5.530828273587275135e+00
-5.564859746774398985e+00
-5.505711898016705241e+00
-5.544783945215105980e+00
-5.507225769211463451e+00
-5.569621286234460733e+00
-5.628444306768395577e+00
-5.518732187800732270e+00
-5.466521391895447834e+00
-5.510096745086919157e+00
-5.531977713615096270e+00
-5.503542640109349016e+00
-5.472335436357787408e+00
-5.541221519912558513e+00
-5.480055207628945269e+00
-5.541217789336140065e+00
-5.527613377365689473e+00
-5.598101569444959402e+00
-5.544909830338191625e+00
-5.536213439599656283e+00
-5.513259970943019894e+00
-5.531584036048184494e+00
-4.737362001843930415e+00
-4.660761689993805135e+00
-4.620369608967245689e+00
-4.823425239975647649e+00
-4.783523399091951234e+00
-4.733696970193033593e+00
-5.048298258276060935e+00
-5.062130643632920979e+00
-5.033712781403469450e+00
-5.095425958291552426e+00
-4.599604148575139995e+00
-4.623711086006769833e+00
-4.558005010185641304e+00
-4.705893922484203351e+00
-4.783271704737309449e+00
-4.641726027882705274e+00
-4.645622034274762058e+00
-4.603809867603346540e+00
-4.603893579351870713e+00
-4.722169237818551579e+00
-4.621754146485336889e+00
-4.609614893005874237e+00
-4.608053704717840482e+00
-4.705854389756336076e+00
-4.708101223425490645e+00
-4.749435432852333605e+00
-5.494017798350725457e+00
-5.443312691891631694e+00
-5.369186143530528810e+00
-5.509942258572561258e+00
-5.658293884040754840e+00
-5.713264407742304485e+00
-5.589482074384178212e+00
-5.132242609324177529e+00
-5.200769377760949830e+00
-5.222955378381469949e+00
-5.759354419958369498e+00
-5.772906986151858710e+00
-5.777118168951703936e+00
-5.737885265035496118e+00
-5.767637548033161643e+00
-5.542164651317269985e+00
-5.517168548860449384e+00
-5.547849782045576994e+00
-5.524293046734507939e+00
-5.544543537964955249e+00
-5.660152137243806614e+00
-5.731087301600573447e+00
-5.272570935746495380e+00
-5.221827660081901357e+00
-5.256879780123707491e+00
-5.288317961220754704e+00
-5.311176887283250991e+00
-5.514351328570569422e+00
-5.286498269686018325e+00
-5.320149295992732341e+00
-5.329605747587695674e+00
-5.324966382657906117e+00
-5.317363614966736485e+00
-5.290010318150049073e+00
-5.304850417651074679e+00
-5.291013598702741128e+00
-5.299311146163089070e+00
-4.707038803795721371e+00
-4.717930886232298171e+00
-4.703650510710257748e+00
-4.703824243632592328e+00
-4.714103443261565829e+00
-4.705272827571332250e+00
-4.689496007416426693e+00
-4.705991026428747226e+00
-4.714368059387391341e+00
-4.703599887903619603e+00
-4.711240052559812597e+00
-4.673433870582307748e+00
-4.689155051090741821e+00
-4.693806145038852407e+00
-4.672700427432920023e+00
-4.680767703053605011e+00
-4.667401864530251743e+00
-4.658602135445412351e+00
-4.676193330924103719e+00
-5.180522488860079378e+00
-5.172677448401623579e+00
-5.189013133653279652e+00
-5.173328219429667030e+00
-5.207898563852204177e+00
-5.154595921020828087e+00
-5.230414986605044447e+00
-5.202536380017950712e+00
-5.144123052030561638e+00
-5.375990481035758606e+00
-5.332125917014427507e+00
-5.318329643984430533e+00
-5.316707299853598911e+00
-5.264120983289223510e+00
-5.392050399468433675e+00
-5.381363861360820344e+00
-5.309834233266984782e+00
-5.314791046661490270e+00
-5.133602098861067553e+00
-5.260588474639802392e+00
-5.244884883868251357e+00
-5.351257948772770057e+00
-5.309840235081195736e+00
-4.902401891138741696e+00
-4.876559486852785064e+00
-4.877404600948563207e+00
-4.906418074273866559e+00
-4.902421926250898565e+00
-4.865505208458283271e+00
-4.792305106489893163e+00
-4.826046380538655534e+00
-4.904355401688480498e+00
-4.905333465158046913e+00
-4.983135793130204050e+00
-5.281954359845432379e+00
-4.945607543082147117e+00
-5.282284642039430267e+00
-5.278992411868804524e+00
-5.222310891434255531e+00
-5.187771437547460174e+00
-4.954735245913609809e+00
-5.212754708689955940e+00
-4.979409513087704298e+00
-5.336193864936955578e+00
-4.962279591773122611e+00
-4.908944312889688355e+00
-5.298207517384503795e+00
-4.959031595279633997e+00
-4.942609244474935437e+00
-4.979189537417364697e+00
-5.222233044658672441e+00
-5.213097571958530629e+00
-5.216405201396164593e+00
-5.196229412649564949e+00
-5.131488065598591497e+00
-5.244149264072906824e+00
-5.244650000557289360e+00
-5.231120757050522485e+00
-5.235928102546226093e+00
-5.101001588787673846e+00
-5.059260263358950738e+00
-5.136588876137412996e+00
-5.137721969472774930e+00
-5.149422471169391891e+00
-5.116052241680998591e+00
-5.243805397920487721e+00
-5.222713010650920751e+00
-5.107941983661455687e+00
-5.134460876899596293e+00
-5.103806259426539427e+00
-5.577244242723180534e+00
-5.581473660449013607e+00
-5.571657490636554577e+00
-5.553832775070333128e+00
-5.572831010889577996e+00
-5.585634358910580133e+00
-5.568740579446429528e+00
-5.559636321147398696e+00
-4.731102349614287661e+00
-4.766207443428613466e+00
-5.075815803829669903e+00
-4.707858879674254204e+00
-4.658812568782107810e+00
-4.666650790155240536e+00
-4.700279532143960104e+00
-4.647241799764373127e+00
-5.677212119381853661e+00
-5.645104511005640369e+00
-5.496387495426422021e+00
-5.567948302146387363e+00
-5.537879186526385666e+00
-5.506327450721037131e+00
-5.540316265608860924e+00
-5.616924239515304507e+00
-5.691409960150559222e+00
-5.671464184964238875e+00
-5.671996862765887215e+00
-5.631701686715335775e+00
-5.647582386354798700e+00
-5.631636499284303987e+00
-5.649177004903308763e+00
-4.747306429909802006e+00
-4.744906813789147471e+00
-4.708523151323435130e+00
-4.721257876972368983e+00
-4.722129616149801201e+00
-4.720992796986183571e+00
-4.733341153437063298e+00
-4.731370450968271690e+00
-4.772623222851585467e+00
-4.795054695908152809e+00
-4.811035677501148022e+00
-4.769190993916453181e+00
-4.784701331374240141e+00
-4.715376668678351813e+00
-4.725186759017164562e+00
-4.826251704472074522e+00
-4.677850077078343993e+00
-4.788850410053446360e+00
-4.825052951761870546e+00
-4.809278832418922178e+00
-4.816501990195055427e+00
-4.724094791748176370e+00
-4.762414386231395014e+00
-4.785743647114904853e+00
-4.784789892753351204e+00
-4.763793465473152189e+00
-4.767666326402062893e+00
-4.806039230395384720e+00
-4.821161099084585011e+00
-4.785286213855075133e+00
-4.819822882306352696e+00
-4.811796233709555892e+00
-4.785318514191192918e+00
-4.803668001254948194e+00
-4.817273222627580509e+00
-4.799181103879636368e+00
-4.861922948328722960e+00
-5.145588985656951664e+00
-5.146917785562625802e+00
-5.145248155701966475e+00
-5.137044913502990084e+00
-5.143508246534851835e+00
-5.150846259161825813e+00
-5.289692218781313571e+00
-5.287448243707968842e+00
-5.281483531361860884e+00
-5.281261776288386223e+00
-5.286029217983053030e+00
-5.287095091558052573e+00
-5.281853328118519819e+00
-5.285388929710200578e+00
-5.279335797734578506e+00
-5.282582973857301134e+00
