1.044646230015035400e+02
1.068374489159161698e+02
1.242146343094568408e+02
1.253591351338057081e+02
8.606996057048732496e+01
1.103785654933759304e+02
8.734769026124702407e+01
1.179306495308517384e+02
1.054789879249197355e+02
1.257525429841819715e+02
1.042114412281171525e+02
1.123362652343089110e+02
1.113619906535380153e+02
1.016598365004274029e+02
1.188975716387766965e+02
1.038211253344670695e+02
1.175108641384413772e+02
1.000264524270044149e+02
1.088261344978911751e+02
1.162819043007140039e+02
1.301710725299718945e+02
1.383958621574373637e+02
9.975070245665909852e+01
1.052491478582973627e+02
1.000563923245091331e+02
1.046793879501680067e+02
1.043923944869144691e+02
1.214589038239365237e+02
1.013127439986209879e+02
1.091648899971733329e+02
1.040288456583888177e+02
1.097627259704483293e+02
1.103638739679519460e+02
9.334159004336223120e+01
1.183655036789224937e+02
1.370566704436072882e+02
8.764923710559736492e+01
1.022623699065889582e+02
1.021979028083234908e+02
1.181981556433478460e+02
1.127163588910632086e+02
1.074676531438591383e+02
1.056505445267040955e+02
1.262464755130047536e+02
9.766363920453797220e+01
1.018522138609124710e+02
1.014152234270091242e+02
1.208731316956071851e+02
1.340899397512893074e+02
1.092135299214794344e+02
1.010049612101977772e+02
9.372533023595561019e+01
1.019806989326774271e+02
1.183433889040502009e+02
1.213217078703466711e+02
1.199382753320942783e+02
9.347890868388331853e+01
1.118282277287837161e+02
9.966697415032622587e+01
1.036763975995727236e+02
1.011156575734805045e+02
1.135360539130246025e+02
1.187530228879881236e+02
1.136847115094284817e+02
1.110357938488333502e+02
1.050558355952463216e+02
1.083916107783118434e+02
1.086233036026873151e+02
1.099671916425464815e+02
9.911257033743613931e+01
1.154327694712312962e+02
9.951881188394892774e+01
1.119252659589476337e+02
1.216811008479320009e+02
1.084934587157673320e+02
1.235481231115986418e+02
1.094235344058337347e+02
1.097725270884504596e+02
1.008818395996765958e+02
1.054597199577739843e+02
1.063680204806900349e+02
1.150171321957532768e+02
9.899575986294065899e+01
9.207398255408813270e+01
1.301234837054529692e+02
9.377664783607566790e+01
1.214580529689147284e+02
9.795598022603770971e+01
1.016739568477909046e+02
8.793372736055289351e+01
1.239576840553934858e+02
8.592655356696592150e+01
1.112816452507592686e+02
1.155979553550863699e+02
1.177055236149980146e+02
1.064093395189781575e+02
1.151207060346301603e+02
9.085390286847434993e+01
1.065395744843060299e+02
1.150135362556234782e+02
1.050154895255998895e+02
1.153371960574765467e+02
9.562810272612806273e+01
8.513172200289973546e+01
1.349922684763212999e+02
8.876194375087557376e+01
1.178702196628090491e+02
1.245568188673939574e+02
1.060082804186268817e+02
1.178971795583369442e+02
1.010750074823226754e+02
1.023197219299420766e+02
9.953288761554270536e+01
1.117204194637611323e+02
1.142224068651281357e+02
1.167077670753969301e+02
1.106372313729453936e+02
1.235818020422381238e+02
9.938331518393199815e+01
9.960930672244174389e+01
1.016408117197983216e+02
1.162754210398806549e+02
1.159583198991307995e+02
1.011313184720837768e+02
1.134490416822042249e+02
1.240880467146099022e+02
1.066479118111436151e+02
1.104533350402032852e+02
1.002931174369701921e+02
1.014292163675448677e+02
9.117030752629260348e+01
1.263030108590748739e+02
1.043141704583025415e+02
1.246281297924098652e+02
1.030011399432699903e+02
1.106285214478075432e+02
1.066635831986509118e+02
1.000623440686910754e+02
1.027235080345676437e+02
1.249798775710476662e+02
1.108144803110695022e+02
1.096450035427323968e+02
1.284417228382999383e+02
1.202106313239367950e+02
1.209937987715481995e+02
1.114432691787216214e+02
1.086824658366091683e+02
1.003591214873142690e+02
1.024899049253387062e+02
1.125009255475296612e+02
1.036845484747798452e+02
1.083782816242439964e+02
1.037088661099934654e+02
1.085658516317187292e+02
1.416549326362705870e+02
1.039327956134436732e+02
1.078772742167577690e+02
1.174040663995646128e+02
1.054589965327285626e+02
1.118309207917187678e+02
1.119247170505347810e+02
1.193209510107282654e+02
1.089341782852102796e+02
9.998312535336341966e+01
1.037997749357418087e+02
1.251614441460070850e+02
1.125603134179660714e+02
1.060828582898381285e+02
1.096992686366918406e+02
9.611680953647565673e+01
1.035263423646767649e+02
1.138616041523100648e+02
1.091613971261246405e+02
1.174691235846434694e+02
1.072278875371594893e+02
1.066938035533498521e+02
9.062239905192818412e+01
1.218135573059304022e+02
1.246598895533303590e+02
1.141567987634555976e+02
1.022399259161746556e+02
9.936622291092258763e+01
1.064810128547524073e+02
1.093882213284607161e+02
1.110302268229217333e+02
9.901242939501902640e+01
1.143086621609478613e+02
1.221755346225079109e+02
1.057244106548173761e+02
1.048004795562153504e+02
1.093376314620846586e+02
9.994900081677683090e+01
1.151504580797903117e+02
1.154545954369586696e+02
1.028156090678394321e+02
1.010015500042414089e+02
1.062026406444375937e+02
1.159597157749535512e+02
1.205013089951599738e+02
1.078534955476978325e+02
1.073603979344272403e+02
1.013372778291769691e+02
1.251001559530217406e+02
1.145591082287755142e+02
9.716736337840970350e+01
1.118681375449412343e+02
1.217723465316565097e+02
9.940101798213393636e+01
1.217143616027477862e+02
1.044838442967731709e+02
9.510856670349782860e+01
1.140339310337791403e+02
1.066915455080303161e+02
8.975497394931566930e+01
9.242150460646797683e+01
1.034281838977346695e+02
1.161894735279086746e+02
1.377190750540965496e+02
9.429575921299034746e+01
1.333553457514402396e+02
1.148706584268487632e+02
1.178330376904610404e+02
1.114432739697389962e+02
1.204807014555624392e+02
1.060999888843415420e+02
8.966726930680817986e+01
1.158312127311675965e+02
1.332497585933717801e+02
1.156775119957580671e+02
9.445910455689467256e+01
1.023612902136694345e+02
1.054138557083667393e+02
1.085934829567313500e+02
9.212977975877724646e+01
1.358603416625052773e+02
1.085641516193132787e+02
1.317026068031763089e+02
1.050387348108243373e+02
1.029848284235668388e+02
9.395487245965016143e+01
1.105380053846337347e+02
1.116280934512521554e+02
1.214483840641371870e+02
1.049109453699284416e+02
9.955523717378446236e+01
1.021771532229580544e+02
1.169431325062529368e+02
1.114147225022222614e+02
1.044148363442922687e+02
1.125723202348650602e+02
1.149028144812674697e+02
9.776147692155385016e+01
1.067880250984882053e+02
1.108297779991697354e+02
1.122520497996516298e+02
1.089105412552168275e+02
1.183374559482225123e+02
1.142831782286359186e+02
1.018621049515321175e+02
1.149325681563702233e+02
1.263836522386850163e+02
9.789602254466133502e+01
1.012217001820737750e+02
9.977743168649661243e+01
1.054524515883308453e+02
1.123977679585398022e+02
1.129290706495435757e+02
1.198102704888965206e+02
1.057017988214540907e+02
1.063279544702719761e+02
9.529186288673214733e+01
1.139060665961635408e+02
1.173720246567563663e+02
1.117651092468947667e+02
1.111266350064042143e+02
1.103421869861521429e+02
1.135460286172127695e+02
1.132848369197858887e+02
1.032368241324314369e+02
9.239475176758976716e+01
1.207647290504542212e+02
9.952318194297217246e+01
1.159470031430159054e+02
1.010279147342059645e+02
1.185995676718079181e+02
1.184504838309615309e+02
1.025362372653353020e+02
9.703152629628353054e+01
1.278308631919934868e+02
1.106508588155140416e+02
1.093241933257818772e+02
1.146664091224504318e+02
9.821645675808609610e+01
8.743886308649285866e+01
1.195037489284875534e+02
1.029121756953673099e+02
9.511402246054620946e+01
1.044812407878688134e+02
1.022372918014874728e+02
1.040026882603877567e+02
1.160207895156401037e+02
1.101858253370278931e+02
1.178244196822563197e+02
1.050216693132466759e+02
1.120969335314316595e+02
1.115191896120565502e+02
1.151663655662430159e+02
9.888534898846587851e+01
1.132203997167563045e+02
9.879708192897159336e+01
1.070716533667764878e+02
1.115505862133842925e+02
1.192054831466995353e+02
1.042615317495583298e+02
1.148589853191005403e+02
1.249265069296643134e+02
9.914111566980368195e+01
1.058858009256192076e+02
1.081914383070463685e+02
9.506040351049819037e+01
1.263242132183212050e+02
1.060388043312084534e+02
1.169223313582603367e+02
1.064367234955046513e+02
1.076758302703167374e+02
7.850058917964291538e+01
1.368088524343736481e+02
1.074213241381832091e+02
1.066864328516069236e+02
1.146753370154204958e+02
1.039655268880628398e+02
1.146851271621382296e+02
1.108305829721031728e+02
1.104168109387826036e+02
1.230214216997324712e+02
9.431630733658275290e+01
9.774461975397120739e+01
9.423564245755599700e+01
1.275432620457787181e+02
1.138198651333754015e+02
1.066690912098584363e+02
9.424900561922942188e+01
1.008222264669607426e+02
1.304043431147004526e+02
1.094068622626425622e+02
1.228888606484555766e+02
1.009781861004417181e+02
9.356836165378169312e+01
1.162421392055719451e+02
1.149233866960067445e+02
1.046365382615208262e+02
1.280312346409720590e+02
8.794658256580143529e+01
1.141550090294575170e+02
1.119219662712505539e+02
1.181963769792738077e+02
1.085412891868076883e+02
1.134102472200081309e+02
1.088668985268642047e+02
9.399701016755741989e+01
8.170080870692815722e+01
1.095310192679651493e+02
1.124222311827027170e+02
1.195988381680215014e+02
1.043031643345004937e+02
1.194457598896497359e+02
8.251535896976994877e+01
9.959610260605929000e+01
1.136266354440683983e+02
1.580827638012266618e+02
8.773046531093250167e+01
1.108184569260553189e+02
1.048926101578971100e+02
1.067735274134146835e+02
9.052260541170593910e+01
1.074893619365364259e+02
1.200359265944866678e+02
1.228976026671834489e+02
9.456741717290996974e+01
1.188254561015885287e+02
1.033590539201211129e+02
9.916514505572287419e+01
1.074564014364966340e+02
1.275543899459571691e+02
9.894508493301268004e+01
1.039006422315647171e+02
9.104798227825581591e+01
1.188522621578439100e+02
1.149875602964233963e+02
1.203364222681008329e+02
1.044617086369766383e+02
1.018588327516397101e+02
9.981275234698743759e+01
1.110956674097463264e+02
1.259910360741730244e+02
1.099302594471896697e+02
1.129753914594600843e+02
1.154398419171942720e+02
1.163708637881751571e+02
1.028236150699874543e+02
1.174869182139961055e+02
8.848734133444698102e+01
1.209018446176826700e+02
1.073994302043583673e+02
1.012556850036625775e+02
1.142071971477428178e+02
1.215655536847585552e+02
1.086173112979626296e+02
1.043918837721571009e+02
1.044726327240942965e+02
1.017046039355748519e+02
1.207320768869516030e+02
1.067255444538558322e+02
1.007106757910305106e+02
1.220276185679933718e+02
9.953892773835498531e+01
1.024800330435017912e+02
9.058266896791378997e+01
1.024177539143765898e+02
1.231180699350795891e+02
1.194253152680769432e+02
1.001193253664507097e+02
1.188268424069997451e+02
1.093708426438154220e+02
1.009976664599417546e+02
9.949477493799409444e+01
1.106782526425787267e+02
1.150539034574591852e+02
1.151650321542100244e+02
1.140018885105883157e+02
9.853803969030020937e+01
1.020628401067672399e+02
1.292319971332065904e+02
1.087645328456464284e+02
1.161535679063352262e+02
1.117491522714727097e+02
1.043188581280559930e+02
8.989313865356226074e+01
1.193752115303153118e+02
1.168438849787520866e+02
1.100113113491649983e+02
9.492272234303401035e+01
1.237359101005586837e+02
1.089110220812498682e+02
1.134841216489208335e+02
1.165286509060772175e+02
1.028285454690019662e+02
1.085497262588534824e+02
9.548930496623901831e+01
1.181793052159884923e+02
1.093695890211052841e+02
1.006290822452323965e+02
1.336850553331221079e+02
1.066173106876106544e+02
1.009076096434431093e+02
1.033006816749506811e+02
1.150205872766384374e+02
9.978829975890833737e+01
1.092212053134392420e+02
1.113851711801673190e+02
1.234416887234745559e+02
9.324604833073455268e+01
1.115572469632777057e+02
1.001337908792814204e+02
1.154621670632466959e+02
1.270510905121882956e+02
1.028958572576333665e+02
1.070862088112850046e+02
1.177450808505671773e+02
1.052629548854180257e+02
1.138184088265147409e+02
1.091136371092271986e+02
1.119176783630088892e+02
1.252955062784261031e+02
1.083180688021499094e+02
9.542928336868989447e+01
1.072258608233511126e+02
1.070613203771110733e+02
1.206198735963858439e+02
1.129004297738497513e+02
1.066350437969848031e+02
1.202365232279871634e+02
1.028005841574420174e+02
1.128163568551836136e+02
9.850558143204911232e+01
1.058316122331770401e+02
9.908712690653113953e+01
9.906805905840718651e+01
1.233745079935446398e+02
1.079885429005121580e+02
1.156622756954759268e+02
1.089556431998503996e+02
1.198585341559766988e+02
1.061650232347091674e+02
9.676281926943802603e+01
1.089939596478177606e+02
1.077561807984644560e+02
1.098268391219519344e+02
1.122662512125951935e+02
1.112573145712959217e+02
1.066535123593363608e+02
1.051621757254530394e+02
1.077201730640567803e+02
1.362564868952942163e+02
1.042002949206455042e+02
1.095285234681121125e+02
1.126040618651535965e+02
1.069150160895242010e+02
1.212923768340179436e+02
1.140028532904199920e+02
1.003470120570932664e+02
1.042423247612902202e+02
1.078160993601298543e+02
1.084322557149970265e+02
1.125855600517300843e+02
1.036547497567112543e+02
1.189552434509291174e+02
1.000567686781411112e+02
1.099833277137857834e+02
1.093956204329973758e+02
1.024126825713350257e+02
1.168340304512825867e+02
1.209018965481054693e+02
9.858309572568117574e+01
1.133322870462749421e+02
1.041505098455020857e+02
1.022951367497877300e+02
1.182138953338214549e+02
1.089874830653412801e+02
1.098899363097000901e+02
1.300747025663627028e+02
1.105623306376509021e+02
1.014991316690148579e+02
9.442096373871093817e+01
1.151587095149045012e+02
9.665897136605070727e+01
1.136200146073803126e+02
1.102977630881214139e+02
1.169179223796212739e+02
1.010325517668863853e+02
1.151215867497540444e+02
1.023662278743139069e+02
1.191744645141065746e+02
1.388295416161445814e+02
1.006893265545676712e+02
7.337034018134413316e+01
1.127551608900435554e+02
1.100786622192823785e+02
1.099371416916351762e+02
1.207192866316062805e+02
8.304365296743512204e+01
1.177465253848067164e+02
1.266173314512745236e+02
1.128531506895560170e+02
1.098594304714457337e+02
1.088216056103607770e+02
1.068442049672476912e+02
1.292660187552299931e+02
1.053219548147222895e+02
1.056048740228353040e+02
9.848091147265911616e+01
1.005846807062936819e+02
1.161959293476251389e+02
1.019274465974629607e+02
1.172127838479787982e+02
1.118334710241623497e+02
1.080275452145579322e+02
1.002594663228761647e+02
1.168891317976128619e+02
9.842230484700176874e+01
1.017722950071831605e+02
1.045286490943611426e+02
1.307276737428802278e+02
1.248734616828458144e+02
8.630716850195391032e+01
9.996399556239795459e+01
1.191870758975233429e+02
1.160916091080127615e+02
1.051746853101702612e+02
1.170798400317609378e+02
1.057272761457227261e+02
9.645252398415846073e+01
1.146005425401312152e+02
1.049936924819159998e+02
1.170353342867707198e+02
1.258937158989482299e+02
1.049038260296177185e+02
9.572360621278903636e+01
1.066766844524746176e+02
1.036481698918445602e+02
1.213342306955531313e+02
8.280541798523175601e+01
9.200113818986665137e+01
1.273391562614024224e+02
1.265182005099733118e+02
1.196893966741622108e+02
1.055271523305740686e+02
1.070186594229255093e+02
9.250154240693646557e+01
1.311724180097052965e+02
9.477815620766276083e+01
1.186578735477517057e+02
9.987940052236346844e+01
1.103798531378424599e+02
1.171915445094820001e+02
1.030572549557196282e+02
1.074096060353600564e+02
9.167904854419506933e+01
1.388558328955569436e+02
1.114627077665960257e+02
9.406052295303143751e+01
1.120154703537270251e+02
1.039036022106869552e+02
1.222437935557291553e+02
1.146105992919400904e+02
1.054688656188347977e+02
1.028828340304963689e+02
9.713105782802281851e+01
1.134758815833381362e+02
1.081195909248453972e+02
9.968281780796966984e+01
1.214239389255057375e+02
1.116582158796664146e+02
1.172431230879280264e+02
9.617357695402051831e+01
9.686223128578453156e+01
1.100971054513140075e+02
1.100844963134967855e+02
1.227170667146913559e+02
1.100568373390229624e+02
9.877880032142989819e+01
9.582742588233003289e+01
1.032797298508967856e+02
1.285254335598368982e+02
1.021830116506929755e+02
1.134365717662067823e+02
1.036291070382150821e+02
1.350613365386731743e+02
8.796338584814333217e+01
1.082522213280435466e+02
1.192699314331525073e+02
9.890395202378878992e+01
1.282576807496184301e+02
9.556135249495801531e+01
1.073178381364848661e+02
1.295878917276129982e+02
9.032552901124176969e+01
1.153031537971830289e+02
1.110731520440255480e+02
1.063914718926529446e+02
1.101908815122241094e+02
1.013107251182254345e+02
1.062263873015554339e+02
1.011723326893011432e+02
1.295176163938989191e+02
1.061025861653892122e+02
1.170757071522377686e+02
1.141850250647324287e+02
1.113722284898110217e+02
9.641553053467289658e+01
1.096770944636530061e+02
1.021036247861953825e+02
1.072637348781642288e+02
1.149278870542595996e+02
1.046053147655666891e+02
9.765733312756962903e+01
1.179217184423069114e+02
1.062813059893312584e+02
9.865410503290122790e+01
1.292833391749526299e+02
1.105713980774872596e+02
1.075214340733279954e+02
1.172806727266889482e+02
1.160853788461102596e+02
1.314084096242652606e+02
9.578521656190739009e+01
1.047978376162271132e+02
1.090113895580629020e+02
1.288347965025883468e+02
9.964479252024737832e+01
9.709892840031484695e+01
1.120642851873626995e+02
1.059361119520050636e+02
1.110557066749450712e+02
1.193318818652359994e+02
1.086581786985927778e+02
1.009598712046105078e+02
1.099110858117339120e+02
1.067155100095258149e+02
1.000408092595819198e+02
1.297218122525062824e+02
9.703067952529191587e+01
1.087401732320100649e+02
1.096081076690694687e+02
9.596429107146323645e+01
1.062967288995649824e+02
1.090220110991370603e+02
1.174587956040041661e+02
1.215544198434359657e+02
8.560273845750562316e+01
1.154908108502842055e+02
1.015263205215620417e+02
1.095671948478614581e+02
1.082908222400457845e+02
1.196468113311934758e+02
1.143481960746074009e+02
1.070704749811503689e+02
9.773165825764553460e+01
1.179733975191313249e+02
8.633491425044798007e+01
9.755476060625075263e+01
1.169228607951003625e+02
1.163819996500396030e+02
1.162606553294983769e+02
1.250194858399966904e+02
1.123150730324565671e+02
9.731217825205190763e+01
1.161844109929441373e+02
1.145111615094578781e+02
9.852847940905326141e+01
1.039503164810625151e+02
1.063372480769730259e+02
1.176213169555055487e+02
9.920570085167697982e+01
1.158480024406106708e+02
1.147861159770967419e+02
1.212382968562184971e+02
8.943429745882480120e+01
1.181842759272539354e+02
9.936707720122768706e+01
1.119952779791561994e+02
1.113744094337022972e+02
1.229826579747078767e+02
1.114942876820909277e+02
1.060134303743803343e+02
1.066406605027157610e+02
9.654466444152043891e+01
1.122013717306313509e+02
9.138487367626994740e+01
1.012617185589348878e+02
9.358917804068217094e+01
1.271352150557998897e+02
1.304469114567910708e+02
1.000250748106531375e+02
1.071662483258307361e+02
1.119696183924313573e+02
1.105440839290553043e+02
8.259682328651194894e+01
1.282665342816946747e+02
1.202072283603283580e+02
1.054611775151282700e+02
1.300366540687791996e+02
9.370169657133718033e+01
1.047878206634533029e+02
9.852172466278280183e+01
1.020706038768088888e+02
1.173674276872695827e+02
1.089259012217978011e+02
1.216755111030940668e+02
9.366371442661397850e+01
1.153511934833103538e+02
1.044716276998688471e+02
1.261064151861804561e+02
1.059067977779291851e+02
1.088135410591627164e+02
1.219291820894890748e+02
9.670567313833498702e+01
1.181100917726494686e+02
9.909008058680552722e+01
1.034943290833002010e+02
1.163816583760095824e+02
1.016186311376691407e+02
1.070935188735487884e+02
1.080635419783355076e+02
9.499541053377795663e+01
1.137291396389354077e+02
1.013294468497206680e+02
1.060534671632048287e+02
1.212089818478618923e+02
1.172944572876224214e+02
1.038763469882926955e+02
1.100394454378903646e+02
1.022345413267344014e+02
1.033350301822658537e+02
1.140349319185800567e+02
1.220428411805989271e+02
1.142272040769065597e+02
9.513642926855797555e+01
1.195581006797585673e+02
1.052337341192534268e+02
1.163161209474425704e+02
1.014369027761798350e+02
1.298447308399257736e+02
1.228824730542310562e+02
9.616166253924123453e+01
8.833411763238250103e+01
1.104296590071646165e+02
1.088537955947714551e+02
1.177717883262425005e+02
8.014341445130263253e+01
1.290200151659701930e+02
1.163694850137457308e+02
9.795666386340370480e+01
1.038534113664398006e+02
1.134974793438277061e+02
1.127492481746687645e+02
9.863505748957359742e+01
1.023473054037668390e+02
9.911188935138447675e+01
1.166313099737634928e+02
1.154320182025608545e+02
1.189824625279095471e+02
1.057249191112907738e+02
9.092637303119391845e+01
1.357656526450530237e+02
1.164196159399601243e+02
1.090181301202422759e+02
9.726316930984005182e+01
1.296762200094912600e+02
1.047834491336199676e+02
1.108006240416908526e+02
1.106306651247145396e+02
8.712052216511743552e+01
1.128385762513467654e+02
1.190217359818115455e+02
1.115145602694577320e+02
1.141570288523177084e+02
1.221358644046389372e+02
1.182398704219151995e+02
1.081538145803324937e+02
8.930161187742486106e+01
1.052436436006340728e+02
1.123549455104796522e+02
9.994224964234474839e+01
1.093605942504986501e+02
1.081876300141280325e+02
1.274858252127684040e+02
9.886695150477081029e+01
9.465424824204470156e+01
1.238938943817319824e+02
9.444518631752939086e+01
1.133931424892050757e+02
1.024278486746398187e+02
1.228888786185915620e+02
1.267007211006310285e+02
1.135603780527916484e+02
9.389558517553196282e+01
1.247463447705266475e+02
9.877374134953601015e+01
1.170736762610459891e+02
9.886847562567622560e+01
1.228487074338541873e+02
1.188008382963510030e+02
9.576365479528644187e+01
9.966170999708536726e+01
1.095719781561575843e+02
1.099750966172112925e+02
1.048886825189117928e+02
9.729396186388909484e+01
1.184838213047832767e+02
1.122067829797820622e+02
1.149922585031272604e+02
1.077056277206720125e+02
1.170223603324636201e+02
1.091370752503399331e+02
1.087575137640069585e+02
1.127251191160761152e+02
1.041243149486249706e+02
1.040933640650659555e+02
1.225243948911708429e+02
1.146988268020330537e+02
9.756657999614078847e+01
1.119082392841526001e+02
1.064809681001869421e+02
9.902755528638446947e+01
1.096697941301429466e+02
1.123878341763604567e+02
9.308097330545272996e+01
1.121959297298964628e+02
1.139864335041640686e+02
1.140567249579473099e+02
1.125695018637564004e+02
1.110629897233354200e+02
1.192861481499034113e+02
1.118906886516165571e+02
9.988075424283667303e+01
1.012797518038480717e+02
1.087621139965078498e+02
1.023674974600995000e+02
1.196657995031065127e+02
1.085135454402925319e+02
1.083835603285333065e+02
1.006135520668051697e+02
1.214473530178781431e+02
1.216369099506733420e+02
9.370919396614146990e+01
9.069936834903059264e+01
1.117001977397940209e+02
1.211321386102197977e+02
1.155910241245518080e+02
1.062744700105031512e+02
1.102015456004867104e+02
1.039904300510597324e+02
1.069724837997329843e+02
1.156301128846985762e+02
1.036687932241922425e+02
1.049192545301473416e+02
1.197758669027975884e+02
9.220840069842239473e+01
9.565096411532860543e+01
1.401404466856625390e+02
9.434095413664751106e+01
1.125820257335508359e+02
1.121416037263338126e+02
1.016141447210617059e+02
1.074147641116291680e+02
1.165101381761178629e+02
1.059753007884840343e+02
1.181412597677733487e+02
1.063815172127078625e+02
1.292856062789009570e+02
9.637877616528048463e+01
1.147168900219554502e+02
9.866836297217587060e+01
9.904526613330392593e+01
1.193055444656983468e+02
1.362270635842080253e+02
1.203399373892998199e+02
9.923477040255923498e+01
7.333302680977047316e+01
1.015895258680034772e+02
1.279907222344489952e+02
1.167121166099846477e+02
1.126190960371893084e+02
1.188695239458363631e+02
1.083298467332155894e+02
9.642721612285845367e+01
1.018273926597391466e+02
1.181118862289751945e+02
1.007383889009756359e+02
1.123902732866582426e+02
1.169042107090734248e+02
1.083713663881794815e+02
1.090158269165513332e+02
1.198553140927815548e+02
1.166225379088341469e+02
1.160896611819867985e+02
1.024777524499308754e+02
1.081394459665192329e+02
1.087525491782970164e+02
1.153024749617719920e+02
1.210625738034759138e+02
1.006832541120691644e+02
1.132157022268849573e+02
1.129109678636479828e+02
1.227708915437809480e+02
8.828574734124586598e+01
1.004532423189424719e+02
1.129668610267911646e+02
1.180620454272736879e+02
1.147400461051799709e+02
1.132569384750697168e+02
9.417232487555033060e+01
1.063285442171922881e+02
1.083897306769643194e+02
1.241853550034200993e+02
1.041112022218971020e+02
1.001162644349602004e+02
9.619521753265648556e+01
1.155927894534538183e+02
1.171873296109913269e+02
1.081615439061900901e+02
1.000583036566117698e+02
1.123051473923523957e+02
1.114208850958486892e+02
1.157850417577391937e+02
1.080117340968938322e+02
9.242722449768830018e+01
1.045321032247157405e+02
1.080875753060277162e+02
1.132822896675948527e+02
1.044158887078636582e+02
1.281917887620591614e+02
1.235453596268923064e+02
9.888994004200434063e+01
1.093515037934460992e+02
1.096773718257086756e+02
9.561881653151790772e+01
1.285775038354485105e+02
1.128351582843075818e+02
9.778291529601897025e+01
1.026607998890789730e+02
1.117472728595392653e+02
1.179772345228015098e+02
9.653965475292902454e+01
1.268179740798214681e+02
9.582478742072308364e+01
1.238224706824064612e+02
1.054030665360774037e+02
1.053225757501726179e+02
1.330904858123407735e+02
9.678802594889499744e+01
9.700981469018796588e+01
1.146080901870763853e+02
1.288901573939817240e+02
1.091876797292460566e+02
9.255687871082805884e+01
1.254642923584735854e+02
1.038044062717415414e+02
1.136525864600201317e+02
1.078595729208992111e+02
1.228694886153766674e+02
1.096922763678217905e+02
8.583143469014501648e+01
1.214239525327686096e+02
9.767588308751486181e+01
1.107905440344738395e+02
9.835839265690945865e+01
1.128598886306920832e+02
1.164832992070696491e+02
1.032726209266900241e+02
1.218383926570204636e+02
1.096039972736867583e+02
9.421541609279864815e+01
1.134601083527963539e+02
1.129925187717150123e+02
9.806243551100924094e+01
1.279356860688226476e+02
1.094618886166532263e+02
9.668501518534657180e+01
1.323342544642301277e+02
9.592731295800970770e+01
1.052563011155229589e+02
9.979344693239613662e+01
1.316469443785002511e+02
1.186820976281983206e+02
9.907614891663965295e+01
1.041374367785273023e+02
9.846471469703361379e+01
1.297455327692290155e+02
1.026666997075919454e+02
1.068610634952159302e+02
1.144621384753200317e+02
1.049827740459970897e+02
1.136600109674444354e+02
1.135035961715480539e+02
1.231269065665576505e+02
1.087719239691125210e+02
1.006809797765596244e+02
9.482099404438085344e+01
1.021451207908491767e+02
1.033632247622254710e+02
1.273571449020859916e+02
1.204801637582152267e+02
1.189825017547355230e+02
8.369584754130886495e+01
9.120887120079706278e+01
9.778493691527206977e+01
1.455439021133332460e+02
9.516209573869687688e+01
1.159518489161129224e+02
1.002301348298188515e+02
1.022375326164044935e+02
1.142502061603274939e+02
1.154647940662090946e+02
1.012553439322658591e+02
1.121217558087838313e+02
1.103199156715003397e+02
1.065524245348706103e+02
1.273447130978822628e+02
9.689428105122932777e+01
1.027755359510851889e+02
1.004709160045853054e+02
1.195108072133726580e+02
1.238631151388071459e+02
1.058736012833093270e+02
9.460865891800388283e+01
1.143122365521659702e+02
1.094905812191334462e+02
1.057868280242973924e+02
1.019697113569473288e+02
1.107176022446737136e+02
1.092528408675016180e+02
1.059504763676562931e+02
1.214176815425692979e+02
1.072960576372404802e+02
1.168212518017328705e+02
1.016610793049711248e+02
1.098948467593929621e+02
9.854763849699186551e+01
1.206492501950498166e+02
1.058951245752055144e+02
1.121959020047349327e+02
9.531951855450465416e+01
1.010403760105345867e+02
1.203686988495696255e+02
1.071418998654019532e+02
1.092831542520718529e+02
1.077006014083840455e+02
9.981345504903586630e+01
1.125314551241072394e+02
1.056744421056084491e+02
9.813679517273945407e+01
1.117369370118440770e+02
9.279418240810964846e+01
1.232033025265836557e+02
1.212176493727242246e+02
1.067617678774389987e+02
1.287201438418254327e+02
1.121423042695576839e+02
9.510977272106075020e+01
9.729724525899692367e+01
1.101661104906501549e+02
9.977978357672691345e+01
9.991718649819839015e+01
1.212276768409920038e+02
1.110895365063099547e+02
1.222899405761800153e+02
1.004744486444045464e+02
1.170418728549643390e+02
9.364316287381983273e+01
1.223673986475456275e+02
1.018623551417577033e+02
1.134390428156345791e+02
1.016424707357946176e+02
1.197291452510499425e+02
1.000972701919259009e+02
1.117214518115995787e+02
9.359057348611206351e+01
1.202925485027136148e+02
1.056039235778557241e+02
1.051139630514003187e+02
1.040224118278912897e+02
1.079095062429560983e+02
1.055228246836890946e+02
1.078375682764761905e+02
1.248784491347668677e+02
1.079553043832557933e+02
1.007647476634463999e+02
1.180253777102937676e+02
1.173540388935946623e+02
1.085917439609825692e+02
1.044536106923390548e+02
1.386224525357490904e+02
9.315959584550334682e+01
1.168466744940296991e+02
1.136671085700041317e+02
9.298106523743625473e+01
9.422789727436027363e+01
1.091113607584112657e+02
1.105030628706063425e+02
1.290475650485164181e+02
1.181333613908395677e+02
1.054516965005932860e+02
8.344589882475672482e+01
1.079318521453015762e+02
1.096808427989337815e+02
1.225966593029463354e+02
1.061782882717021721e+02
9.811443777688397461e+01
1.105847082473812861e+02
1.049283076494412512e+02
1.146641693379535099e+02
1.116048340596024815e+02
1.190915721875404500e+02
8.962716390960464707e+01
1.168009823420019870e+02
8.745041069605372286e+01
1.260504532104055500e+02
1.019306438483917816e+02
1.156989937445751764e+02
1.196125695754080596e+02
9.983371603544824779e+01
1.057868565301969284e+02
1.067154434580074138e+02
1.019659023434134895e+02
1.216743690909017204e+02
1.184450311379963097e+02
1.126884289625121198e+02
1.017213587187767985e+02
1.046045910016821949e+02
1.255372709076607691e+02
1.027999440023452138e+02
1.078476633703698440e+02
1.017932826955853471e+02
1.122321331696708882e+02
1.122016854556616892e+02
1.146350175459248106e+02
9.393381643286386407e+01
1.193946704918143809e+02
9.434515695251234035e+01
1.031101524102119811e+02
1.342218049059546274e+02
1.200139090096657810e+02
1.096701894964799067e+02
9.772248357153318921e+01
1.248740139981824200e+02
8.175471831174411363e+01
1.070616290800641650e+02
1.209038830462723553e+02
1.150050572281272849e+02
1.010061427188910983e+02
1.060110903330173073e+02
1.007635990994596114e+02
1.278542582826486154e+02
1.190919969365239979e+02
9.634766908688281717e+01
1.083759278506105090e+02
1.097079705868001867e+02
9.619744599161617771e+01
1.039997457045544849e+02
1.172978999028885028e+02
1.034050164208440918e+02
1.268623420894910083e+02
1.064304444677074173e+02
1.132913680417584601e+02
1.123226375409174693e+02
1.199776916264544866e+02
1.109777093057810191e+02
9.355735025051822618e+01
1.051214094738772218e+02
1.114658820400743195e+02
1.065321597850812054e+02
1.133233875241360380e+02
1.262557131621876323e+02
1.009222067079456195e+02
9.725070639795502814e+01
1.116626785888898610e+02
1.096530117281766650e+02
1.040530685346215165e+02
1.238098451147758681e+02
1.129354315644363993e+02
9.155477288162614968e+01
1.253795847574917701e+02
1.155110593912922496e+02
1.113952553641007910e+02
1.041738448480834478e+02
1.100591420501991280e+02
1.147697603701515021e+02
1.167082254657606342e+02
1.072506554100125129e+02
1.042391435215018589e+02
1.075122426129626518e+02
9.951834273691930832e+01
1.232365623144016809e+02
9.287719270590424969e+01
1.211915151879379664e+02
1.049684401745944058e+02
1.065572428803875056e+02
9.209630163481729426e+01
1.190525338117908518e+02
1.197555743056512938e+02
1.163258492569671319e+02
9.732884686575840760e+01
8.857484617973784680e+01
1.189930801471973325e+02
1.177247140067821789e+02
1.143943904271994825e+02
9.807058475875759029e+01
1.130500910878386520e+02
1.166249843554994072e+02
1.121456507606710318e+02
1.011807026994885348e+02
1.012439935316058239e+02
1.164230799468783459e+02
1.223605763427410409e+02
1.050532741124722094e+02
1.001525396178980856e+02
1.083459952117837872e+02
1.069479301239327782e+02
1.007987692856108737e+02
1.126363328446752945e+02
1.211474396828226929e+02
1.225934092233758719e+02
1.107041786344706225e+02
9.959099833546103753e+01
9.586063336603439211e+01
1.024526962998442485e+02
1.077624370896198656e+02
1.056160937107932796e+02
9.157339789235835781e+01
1.152584142756283399e+02
1.083033823694008078e+02
1.197095517291475630e+02
1.126253727782084297e+02
1.211695726094507677e+02
1.145779760767920123e+02
9.577341684692427748e+01
9.957097409679300881e+01
1.094662868562994333e+02
9.982455079862505443e+01
1.022116641367370846e+02
1.120859371015557286e+02
1.081936123416630409e+02
1.181014259039746293e+02
1.143640986802701605e+02
1.049865831444914477e+02
1.068412696181551951e+02
1.082341284029532886e+02
1.256639032527742899e+02
1.060517453540442290e+02
1.042129023333296942e+02
8.761432416020315372e+01
1.105901797724281863e+02
1.056337209732591305e+02
1.139560121365420287e+02
1.147353308200124076e+02
1.191690266349202147e+02
1.115531176400288587e+02
9.209209496404506012e+01
1.315590200821453664e+02
1.138019554295456999e+02
9.864094593839544700e+01
1.096823129664647638e+02
1.201490201253220960e+02
1.037458608870730785e+02
1.021486700597307049e+02
1.076677306205607039e+02
1.137908650087746452e+02
1.084898131914788877e+02
9.875159931529454127e+01
1.059517786873080212e+02
1.285244449310752373e+02
1.192300804711047704e+02
1.032462489498609841e+02
1.027043753552478051e+02
1.242310969629098452e+02
9.838758737191260195e+01
1.173939928036567153e+02
1.132256868642658958e+02
9.091212534588723315e+01
1.159496693731796029e+02
1.007498126587374543e+02
9.354956637157523858e+01
1.414826806871853648e+02
1.154368125004472887e+02
9.548587043013233711e+01
9.198464540847542992e+01
1.077515893363374317e+02
1.213016648698618098e+02
1.206570423436601089e+02
1.237493155740243793e+02
1.084047440041327661e+02
1.085154078449927653e+02
1.208866421742295074e+02
9.224185374718476282e+01
9.614921088996540277e+01
1.126086071455886071e+02
1.017365711259974574e+02
1.244894653207399529e+02
1.122365248667248068e+02
1.067185547887050348e+02
1.109883400514139709e+02
9.161869250453599989e+01
1.186584554503628794e+02
1.147742859305008238e+02
1.058486662712103765e+02
1.262524006543841466e+02
8.938575367157861251e+01
1.180017687784450686e+02
1.034275628885736893e+02
1.077925017304106916e+02
8.895667635499518155e+01
8.693836499224202896e+01
1.289970581806469170e+02
9.946101865081384119e+01
1.349008645852019868e+02
1.051997729906901782e+02
1.095545541080924465e+02
1.193464207934724328e+02
1.142903931730357527e+02
9.797323705983190223e+01
1.030792214246728946e+02
1.202560432535400281e+02
9.905781198888800532e+01
1.180532931365535774e+02
1.149454563556890889e+02
1.135844948807748267e+02
8.566815277919802440e+01
1.160270280593167200e+02
1.058185354840737915e+02
1.177445387716463614e+02
1.129807493491646966e+02
1.060972199710453339e+02
9.770331813221847028e+01
1.304501404673687261e+02
1.122103838925458206e+02
1.029494713685940894e+02
1.072761825133993909e+02
1.118937581365252782e+02
1.128825920478901566e+02
1.097386693042433023e+02
1.090301671046238994e+02
1.034144494192180161e+02
1.094455903377473049e+02
1.156998939477741715e+02
1.120451326899639923e+02
9.356895157748370195e+01
1.198823353226720059e+02
9.640709041800910484e+01
1.149956366474334430e+02
1.352870983832761453e+02
1.192191631072423661e+02
1.050603218332431794e+02
1.216023941552922594e+02
1.038321979422103425e+02
9.822212049088660990e+01
1.202836656097713188e+02
9.594536018892173956e+01
1.148289859625525509e+02
1.087358771340453814e+02
1.097227433422378056e+02
1.111124988590110547e+02
1.116315286037699792e+02
9.253831306043156246e+01
1.215893721822049542e+02
1.128847511167479070e+02
1.042562497137494120e+02
1.140663744548926246e+02
1.142584903298986774e+02
1.056777101557077572e+02
1.064503651136764262e+02
1.097763059311728995e+02
1.261615513550416239e+02
1.081761517414176126e+02
1.027688932173307563e+02
1.062318604004147460e+02
1.020919794381914301e+02
1.181693203247070159e+02
1.171984912060134576e+02
1.154950242906228937e+02
1.007175564817499520e+02
1.034180562630123603e+02
9.894013073082074072e+01
1.132590712259848971e+02
9.547547105894838637e+01
9.418078936901015652e+01
1.246396417121719793e+02
1.190920375814209251e+02
1.037772883495349703e+02
1.144645539116364716e+02
1.017903584850970304e+02
1.088969341688233925e+02
9.918173333603461117e+01
9.301751501621689044e+01
8.484824505527271299e+01
1.042037789325340071e+02
1.090305260703552932e+02
1.466179951351427064e+02
1.137760623722291058e+02
1.222090234930120687e+02
9.785628152355479870e+01
1.116522785387550698e+02
9.073339867738152975e+01
1.153896626502298801e+02
1.017874034532385252e+02
1.094327960555821875e+02
1.192020606873110609e+02
1.156119646057160253e+02
1.049442176968803864e+02
1.078882528314850333e+02
1.063653893382783053e+02
1.027985226404766763e+02
1.109191474616308994e+02
1.435943751558906740e+02
8.245150967144624587e+01
1.069500496344684279e+02
1.277897817879146061e+02
9.696913204238940409e+01
1.077484606672874179e+02
1.055069866275913171e+02
1.114309057523896058e+02
1.038363452555812785e+02
1.007654659003741244e+02
1.202154936975058632e+02
9.877346581185493335e+01
9.943648581100593731e+01
1.312871869512153182e+02
1.082457288260088859e+02
1.040471098539902073e+02
1.049327198064338660e+02
1.173432883726412399e+02
1.068700994391677881e+02
1.093159016226710776e+02
1.134734477070349783e+02
9.673581427482649531e+01
9.398423022463317977e+01
1.058112042903759118e+02
1.199539990695936496e+02
1.074956059588595139e+02
1.256444031926451999e+02
1.102782980375394857e+02
1.144177576364455575e+02
1.020911416572305939e+02
1.089168613320088355e+02
1.073454823179462494e+02
1.015489451550520528e+02
1.214174043549242441e+02
1.139657606381004058e+02
1.027936578769407845e+02
1.102235056507295354e+02
1.336695995249037878e+02
1.008755191679690455e+02
1.069438559207033137e+02
1.176075912570718174e+02
9.484243058953492778e+01
9.520194067244547398e+01
9.945564393954433058e+01
9.488892765957416486e+01
9.954213937560113834e+01
1.195256954031482479e+02
1.120963397069801033e+02
1.065620106215951211e+02
1.110453961431555427e+02
1.119695695886052675e+02
9.381499103845213483e+01
1.210419175421429685e+02
9.982056912578272545e+01
1.155653537828230100e+02
1.218700842535986055e+02
8.780770777576800867e+01
9.887775455061442642e+01
1.196943810014655014e+02
1.121757005729846526e+02
1.145519538738211196e+02
1.090273555801408349e+02
1.203393212283616975e+02
9.772639511629606091e+01
1.000185831374105163e+02
1.252611857024029121e+02
1.121067811671731818e+02
1.058472716136939198e+02
1.031415066927473987e+02
1.003641487392585105e+02
1.088592794222233522e+02
1.013096947073637324e+02
1.218646413060421594e+02
7.805375559444092914e+01
1.025497941389059662e+02
1.479330528974209642e+02
1.047673795892897317e+02
1.132378702087994640e+02
1.130697399919915824e+02
1.154543616591369215e+02
1.006444118451407377e+02
1.007634637594567550e+02
1.120556453176466363e+02
1.021849041049035236e+02
1.022710668341604645e+02
1.278776366313827566e+02
1.247847764373713346e+02
9.573484998302475901e+01
1.065512845887368627e+02
1.062617384092593369e+02
1.190844657531703490e+02
9.661189849179130817e+01
1.109529117283188526e+02
1.126193264188100471e+02
1.106066523334966689e+02
1.143162703529454234e+02
8.681908827175733734e+01
1.218206130406923080e+02
9.208852634570712326e+01
1.127829410335879032e+02
1.233457877484269289e+02
9.913276510357218285e+01
1.081306648323813278e+02
1.295127921986250783e+02
1.241809820581355979e+02
1.047634823875967243e+02
1.165444752548295924e+02
1.053039438866715898e+02
9.778057275396466252e+01
1.069360438356993939e+02
1.174344861878499415e+02
1.173161976202933516e+02
1.029101559863513984e+02
1.148905620535026912e+02
9.495770443677429284e+01
1.045004331767090804e+02
1.011691746072912252e+02
1.029085201521832147e+02
1.276141431991269428e+02
9.616539927856226200e+01
1.132888976351696755e+02
1.108229938484007846e+02
1.255129314153281257e+02
1.092219906114872146e+02
1.100741967699469654e+02
1.132714081284058949e+02
9.851532343852073836e+01
9.518185092208591414e+01
1.025831681129893269e+02
1.077601674524597684e+02
1.005185328009197292e+02
1.213406818572638173e+02
1.023058543336367165e+02
1.192895381483427428e+02
1.252338292892370504e+02
1.066452419965921052e+02
9.502309161144189886e+01
1.178789964599419875e+02
1.120351857726707010e+02
9.284210834056727890e+01
1.096251017772592462e+02
1.159329997746284562e+02
1.159808391254035627e+02
1.032596588520960097e+02
1.142694766132065354e+02
1.371334901418007632e+02
9.735526191187696554e+01
1.006809395325955165e+02
9.709471830589978936e+01
1.187245679982530220e+02
1.071540637376942300e+02
1.053175382575366683e+02
1.141255388258205556e+02
1.037958370145963443e+02
1.066850032392456455e+02
1.006213431709374220e+02
1.055989030706345631e+02
1.252107899010211014e+02
9.123060623316953865e+01
1.161517386789437722e+02
1.100933661680179512e+02
1.056036854712093600e+02
1.148687978903764986e+02
1.162757631306073449e+02
1.109283035892874523e+02
1.217972435612076794e+02
9.955620792964771226e+01
1.138361825816154749e+02
9.724082448047980165e+01
1.094671180389110532e+02
1.229534869562720871e+02
9.877561773858673178e+01
1.186384353312488855e+02
1.297040951042557708e+02
9.470615858108391194e+01
1.112964021797585303e+02
1.051434233984678457e+02
1.002314919750873656e+02
1.372225960476157809e+02
1.073027529935033897e+02
9.921320109565759537e+01
1.053955447176813465e+02
1.169820064673270679e+02
1.284862874100514603e+02
1.013429134240504084e+02
9.862930302699346896e+01
9.243459971662612418e+01
1.250468180707242567e+02
1.036797173221820572e+02
1.336726560329574909e+02
9.033023291934483723e+01
1.178556425840328075e+02
8.797427751400852003e+01
1.184792979864287616e+02
1.143853099655554786e+02
1.063970070625500455e+02
1.109412429982072297e+02
1.025508652918441612e+02
1.297607218759767704e+02
1.066531392250872017e+02
1.092879788467401312e+02
1.053271951058986815e+02
1.012040842413160959e+02
1.041083136031816423e+02
1.174182452402666428e+02
1.106242767520351009e+02
1.246140050791168790e+02
1.002162487899875316e+02
9.773945586603640834e+01
1.120048384500025520e+02
1.191080855416431490e+02
1.081968621601615723e+02
1.086760537153350725e+02
1.133257725050606268e+02
1.008541496345866193e+02
1.144993144832507141e+02
1.063271346419444967e+02
1.120885314554957262e+02
9.363752664770450451e+01
9.676307954401069367e+01
1.118162914647912203e+02
9.978752096526235960e+01
1.123985714862279508e+02
9.782736713174455190e+01
1.132698102355324608e+02
1.268629426517703536e+02
8.750942623290575284e+01
8.752601640412279949e+01
1.303789443795477609e+02
1.042491018908172151e+02
1.127772884839918532e+02
1.365497896482638680e+02
9.413632358737835659e+01
1.125924357799514581e+02
1.056026150741048468e+02
8.367399781653071500e+01
1.299400818878081907e+02
1.024133372636153041e+02
9.933475978745737223e+01
1.118926376637077595e+02
1.082739738564749388e+02
1.248298598232985626e+02
1.071663695382525106e+02
1.084279495873388441e+02
1.179461159821416771e+02
1.103095444459749217e+02
9.728370433587423349e+01
1.289128727485058334e+02
9.282590056676681911e+01
9.742420680362852181e+01
8.457825761039285339e+01
1.301803549501333634e+02
1.222345615010024034e+02
1.115899882640885323e+02
1.099116612911102493e+02
9.887889625561226126e+01
9.984398945420672078e+01
1.194462325130502762e+02
9.873892843360054883e+01
1.152421956774107343e+02
1.205963711768012843e+02
1.035227835841339470e+02
1.130081348089722155e+02
1.098318700671641324e+02
1.113537923872609952e+02
1.106641690007551802e+02
1.084182590800704702e+02
1.155293568610053256e+02
9.204555838265599732e+01
1.021092144932220407e+02
1.016022558575385233e+02
1.324539274085588261e+02
1.051179098654466344e+02
1.160920548225681443e+02
1.154562775572727986e+02
9.536422759665531146e+01
1.123680379079170137e+02
1.005187086143718886e+02
1.149201289695756856e+02
9.624139619078226815e+01
1.151662886643705406e+02
1.292257771931771799e+02
1.193043492353117898e+02
1.078967642071815192e+02
1.140720357985107967e+02
1.006373445464860907e+02
9.753573518906308948e+01
1.168716421665851044e+02
1.154856703812949945e+02
1.009836072472325696e+02
1.051895761395049220e+02
1.138842772201602287e+02
9.524353870056638982e+01
1.267024225833218054e+02
1.126632193046581847e+02
1.268841671742364667e+02
1.033533505993953554e+02
1.054700620214124740e+02
1.066467352535107835e+02
9.941347438370343070e+01
1.092646826519668224e+02
1.088347561868178701e+02
1.039640624988900441e+02
1.146993052185564039e+02
9.834942644703086501e+01
1.207115010911048785e+02
1.060979686124546362e+02
1.120711271241529374e+02
1.079811513131805611e+02
1.048704866898344505e+02
1.243198213748210179e+02
1.013689653466525158e+02
9.799000681600087148e+01
1.050494386651854199e+02
1.279670503582620995e+02
1.258547610336897407e+02
9.182965574700610034e+01
1.097321614533205150e+02
9.483271533283874533e+01
1.116111637718074405e+02
9.889917486162283922e+01
1.140924169571683819e+02
1.143994712559771614e+02
1.189163725518827164e+02
1.177609114549214695e+02
1.150303170116908262e+02
9.640585385738214086e+01
1.112521860758632073e+02
1.050520935943731899e+02
1.094591053906499383e+02
9.316165124917624496e+01
1.264991193851257236e+02
8.866906507021973027e+01
1.055792379831023311e+02
1.180660503335556513e+02
1.219653965601067256e+02
1.033723102026868190e+02
9.496747538208840922e+01
1.137085959428024040e+02
1.225335037632538899e+02
1.035709134441057842e+02
1.177587660060564474e+02
1.111361026844446798e+02
9.258702725377955289e+01
1.026617910695544964e+02
1.003028932652249381e+02
1.352568157862678220e+02
1.010752035898210295e+02
9.349318974211786326e+01
1.072113848272658316e+02
1.151014638338796772e+02
1.253376052168976287e+02
1.016057426600206810e+02
1.059127392827370358e+02
1.157626883234067776e+02
9.594436460286016199e+01
1.117662074151977407e+02
1.119053103837707113e+02
1.112824104277842991e+02
1.012110711026258230e+02
1.136245384774391454e+02
1.150301459285233818e+02
1.028322734946589065e+02
9.998797881956453182e+01
1.248364800862058814e+02
1.062994239742538269e+02
1.175236876251760236e+02
1.225938206081563209e+02
8.679519134755359744e+01
1.245343467561293380e+02
1.038289676163696953e+02
1.151972943916157703e+02
9.263608446611718250e+01
1.069598568751760155e+02
1.107207628121835086e+02
1.003007636614847797e+02
1.190041345739875425e+02
1.089292987145635436e+02
9.981156612986890764e+01
1.017846351309810018e+02
1.220431684235734764e+02
1.075840014429612381e+02
1.158703964130045421e+02
1.038231834493182788e+02
1.046278685113260138e+02
1.146474943687666439e+02
1.106049881409745410e+02
1.108672617904904882e+02
1.058915439415041106e+02
1.020873213758168987e+02
1.058257218793251440e+02
1.119890789318513811e+02
1.027410743625465273e+02
1.059679331868357224e+02
1.061905436521482073e+02
1.229246918999434826e+02
1.069925874501825263e+02
1.213824022099280455e+02
1.008393545860383824e+02
1.121693559838064402e+02
1.085823818962726790e+02
1.057406170469623561e+02
1.023118513576403785e+02
1.184745354436767002e+02
1.054475574563015243e+02
1.009176308270335056e+02
1.264533536669317328e+02
1.045087170342866187e+02
9.638536947321415482e+01
1.010363962119845525e+02
1.397877646511575165e+02
1.193879493397849814e+02
1.098483433274762007e+02
9.219072116248722182e+01
1.009967780783660061e+02
1.099788819500637231e+02
1.115845774070792373e+02
1.001183597415710551e+02
1.147358701320525256e+02
1.176938645827373477e+02
1.082990344110495471e+02
1.005708862736736791e+02
1.057485207370089171e+02
1.287506760288549970e+02
1.090959571734226188e+02
1.022638481237298862e+02
1.001563626908342854e+02
9.346587499489965012e+01
1.100948477481809817e+02
1.340894366076559834e+02
1.135041234116838353e+02
1.021008835732336735e+02
1.128972238483832058e+02
1.171026152405193272e+02
1.244650353928711723e+02
1.329533616001760379e+02
9.607244510465623932e+01
9.503436578148603076e+01
1.132815576401284261e+02
1.011922053746908432e+02
1.187542210627619284e+02
1.080442998983791369e+02
1.189538763947442845e+02
8.815042658875189829e+01
1.207523549776428524e+02
9.336775949637851113e+01
1.206620088613612580e+02
1.206534114863506346e+02
1.113256984848279671e+02
1.090637811278211018e+02
1.153167268556642711e+02
9.684087788778745676e+01
1.001079770699411853e+02
1.065821057398676288e+02
1.208864263396143883e+02
9.158106261701220774e+01
1.124050026876443127e+02
1.178799183762435661e+02
1.064984027317104847e+02
9.953853866966964858e+01
1.037349077206081489e+02
1.332288120722110705e+02
1.244438641389184426e+02
9.380930364942329902e+01
1.048794079008317652e+02
1.139292708490372661e+02
9.739889871441073410e+01
1.244692474098809214e+02
9.944658136531953119e+01
1.098231714673340775e+02
1.075040365043133903e+02
1.021707033355109786e+02
1.146244613240893386e+02
9.872081859455339270e+01
1.212522514782573211e+02
1.067602059594844377e+02
1.106650367460975843e+02
1.358978928765433807e+02
1.158362831911732513e+02
1.030936669587788828e+02
1.039816339138322405e+02
9.355830896061220869e+01
9.163087278367653710e+01
1.165049628360630010e+02
1.064284657074620810e+02
1.100309786275440729e+02
1.061879205213202653e+02
1.100436959784815798e+02
1.071161968828447044e+02
9.805077606124396539e+01
1.079490032482491984e+02
1.102027687761453905e+02
9.343370021427334393e+01
1.122495134744212777e+02
1.295598943200146493e+02
1.115483831398599079e+02
1.259435599328208610e+02
9.646370283034508475e+01
1.051438397525464410e+02
8.043225491637936386e+01
1.282902735981294029e+02
1.132891877397180167e+02
1.037312790970906633e+02
1.108681757019622296e+02
1.092144669996478399e+02
1.003270040407363695e+02
1.197713727553740313e+02
1.143542943131538152e+02
1.211213350000874129e+02
1.038342437824978646e+02
1.060453906929621724e+02
9.954005413537706204e+01
1.097557805621683826e+02
1.167958406278651893e+02
9.336939380345290829e+01
1.191328373387436415e+02
9.220379275644032191e+01
1.113367569977206131e+02
1.200593063134609508e+02
1.104641749556889323e+02
1.283455893708366204e+02
9.466199750368940613e+01
1.069925669511096658e+02
1.004136692494778771e+02
1.121805271231759207e+02
1.158999387286212084e+02
9.986629787210159748e+01
1.072900795154553748e+02
1.206295157975940242e+02
1.030554398314362032e+02
1.096315010094884599e+02
1.043960056535291585e+02
1.010967908595740425e+02
1.142644206491468424e+02
1.004506207347476305e+02
1.229400942696317003e+02
1.107971850564760956e+02
9.442580468828849405e+01
8.114726756368253291e+01
1.331763465421581429e+02
1.263322885405350888e+02
1.060066845836962557e+02
1.156396316416662984e+02
1.134822354510362317e+02
9.804435725958589387e+01
1.220040569929204679e+02
1.129562502615280692e+02
1.052736363483147954e+02
1.047076675736463471e+02
1.038884717144171219e+02
1.052586494847606957e+02
1.075479043645899537e+02
1.025557520677391352e+02
1.218671650471516159e+02
1.141993960074231325e+02
1.153641317524780732e+02
1.054397562007121678e+02
1.077398432031480979e+02
1.270142400964276135e+02
8.922210397707370078e+01
1.095212649572080323e+02
1.060571756534432808e+02
1.112118454989652463e+02
1.151710773037801374e+02
1.007979406666588034e+02
1.155534512455135996e+02
1.071602392614897923e+02
9.105922057565243222e+01
1.274478633239607177e+02
1.125730679189338019e+02
1.024291899610314971e+02
1.046881068789132030e+02
1.124314544408676824e+02
9.367755201670030374e+01
1.292567301992440605e+02
1.056252468502405577e+02
1.146428395957880184e+02
1.196230779518629106e+02
9.592584037745729120e+01
1.244264513905665552e+02
1.063258298459853108e+02
1.050547328825118427e+02
1.024827396175992220e+02
1.070570002478552141e+02
1.108634874366601082e+02
1.197096233575860964e+02
1.184902811047249998e+02
1.040102311382689777e+02
9.566836375340798782e+01
1.148302230013354972e+02
1.034668334820976696e+02
1.084034868050096065e+02
1.048523613995528336e+02
1.249376140918424056e+02
1.298814889655062359e+02
1.115341140982577173e+02
1.103052851150226275e+02
9.694474189422935240e+01
1.002228123707898959e+02
1.050154616057408532e+02
1.077608717461314285e+02
1.210551536797492815e+02
9.853286046524435449e+01
1.143449890918647895e+02
1.227048839904093995e+02
9.176155972196502830e+01
1.247665571259756945e+02
1.019923705734895094e+02
9.910635702386014145e+01
1.065724437731657446e+02
1.105748028147128252e+02
1.139158002944536179e+02
1.264899312938483718e+02
1.123617942984933364e+02
8.590345948313166957e+01
1.174039809262643814e+02
1.104250478548977128e+02
1.127052635232486466e+02
1.083563099078534862e+02
1.252861418884964735e+02
9.685335880675789610e+01
1.148832460530519484e+02
9.815239393535517820e+01
1.081188363917905235e+02
1.041717659107774665e+02
1.055585380235872179e+02
1.228932752591898208e+02
1.094560463795800729e+02
9.517642523799467824e+01
1.175897604568927193e+02
1.122325789702015442e+02
1.114744349259724601e+02
9.942913676170536519e+01
1.116250170240939354e+02
9.808179214592411199e+01
1.266781301039232659e+02
1.164810474788885557e+02
9.993629328736282957e+01
1.049298092329109693e+02
1.210762544466178099e+02
1.072984334905334833e+02
1.047352512783206890e+02
1.112426328713571735e+02
1.059789736982874189e+02
1.052326426386498071e+02
1.133332219767451221e+02
1.198591065678807865e+02
9.824747508086734626e+01
9.575065028025589697e+01
1.233754337809973123e+02
1.078816477152198701e+02
1.175209065906246337e+02
1.048506217919137669e+02
1.081492505511824191e+02
1.201122713453845279e+02
1.026015192607825526e+02
1.019631444218025251e+02
1.116706906274465467e+02
9.772903046250939951e+01
1.011850469091735647e+02
1.103299158285880281e+02
1.096899495936727078e+02
1.247594809546312575e+02
1.007227137406245561e+02
1.004114031125591282e+02
1.192826738233190724e+02
7.936345196502458066e+01
1.165167213251484952e+02
1.309673870856821907e+02
1.073093502494256768e+02
1.088888980790070775e+02
1.020391407396358261e+02
1.141549785102168357e+02
1.051954538095293969e+02
1.181536918190551830e+02
1.028351139503314897e+02
9.365271864777275823e+01
1.015510820392431128e+02
1.235809686548789870e+02
1.033915951349527091e+02
1.256619812560413578e+02
1.063075226160381419e+02
1.161714610140808759e+02
1.097941815344611740e+02
1.055343750070342566e+02
1.208136390333694976e+02
1.058402034457981244e+02
1.037846757303656346e+02
1.077653197752138965e+02
1.122955772333726827e+02
1.112231388675316879e+02
1.056635555808340570e+02
1.082381751197068667e+02
9.259400917800782338e+01
1.270543747313781751e+02
1.202235451472735548e+02
9.760421707424251281e+01
1.313880090132323062e+02
1.023774956848509703e+02
1.157399177036392501e+02
1.089203588671250884e+02
1.151687799725525991e+02
1.120842325613982098e+02
1.179741857694830429e+02
8.985063566924449674e+01
1.101909223602169448e+02
1.098218867184199468e+02
1.035177453382078738e+02
1.153379479149328688e+02
9.956459250575960596e+01
9.639901316052350921e+01
1.294863723657904870e+02
1.107328703410045705e+02
1.299101583419091526e+02
9.852381050328419576e+01
1.059165755877050543e+02
1.180932809973810294e+02
1.078553191448579014e+02
1.210302511024950860e+02
9.648557533715059265e+01
1.045571667147713271e+02
1.194334759986706587e+02
1.136098299887013781e+02
1.085595220199703874e+02
1.038555045321169246e+02
1.007466276244025778e+02
1.096911458019412322e+02
1.126049780037057673e+02
9.178102696870048760e+01
1.227672459907221452e+02
9.585478673682315787e+01
9.825696492240922453e+01
1.328214371274110022e+02
1.133188362915520742e+02
1.144177946523809197e+02
1.014483077230307657e+02
1.136969846434708273e+02
1.018887880214500257e+02
1.105327029260620009e+02
9.407614529226766820e+01
1.050628774037666204e+02
9.898751239733427099e+01
1.115563893866749652e+02
1.251677008756044245e+02
1.165249896384002852e+02
1.008847198356670276e+02
1.137972096215884505e+02
8.625529512725729830e+01
9.953617837891790998e+01
1.252467263896283356e+02
9.557368245507058191e+01
1.134310007864486067e+02
1.250913441027698241e+02
9.904691610233432186e+01
1.182569501607763982e+02
9.277198293590866740e+01
1.482451450657669341e+02
1.113634921047170536e+02
7.673914209968430100e+01
1.080783981168710994e+02
1.541922506814198641e+02
9.710528081223526442e+01
8.791697112881392684e+01
8.075575736058762288e+01
9.975713254691036980e+01
9.801611039861028019e+01
9.761885990474885944e+01
1.108145000371737723e+02
1.283639046734885767e+02
1.142898614940121149e+02
1.089198327793136514e+02
1.154519022575814233e+02
1.038447407394553892e+02
1.165153285226652429e+02
1.082290720923061116e+02
1.026596851151412579e+02
8.739121546157780074e+01
1.146822662974374509e+02
1.110767679547672202e+02
9.261434185369701311e+01
1.017348906231109282e+02
1.324615300621071299e+02
9.725294494104802823e+01
1.027318012403170258e+02
1.439310729251632779e+02
1.043478563719506269e+02
1.190817954658743361e+02
1.141052427553765369e+02
9.909143140307398312e+01
1.051505708093797580e+02
1.202879632562557930e+02
1.200474481422761102e+02
1.025477493521318308e+02
1.102301512242394352e+02
1.180154057973240072e+02
1.123644724494829887e+02
1.073909908196599758e+02
8.065530875466153304e+01
1.076681929979014001e+02
1.286604868556865142e+02
1.217064863372229269e+02
1.211247796556413050e+02
9.847637523704077012e+01
1.053560193709537884e+02
1.279883176861226843e+02
1.066779208635372811e+02
9.563247515029759427e+01
1.103249736786893607e+02
1.095504656596019970e+02
1.041143536162382333e+02
1.096876471561214430e+02
1.097202128222570963e+02
1.097941927473274859e+02
1.034659625625879613e+02
1.189186929668182415e+02
1.103846125213799070e+02
1.275226934071634588e+02
1.278179934789987016e+02
9.049790383892782586e+01
1.063188637756981905e+02
8.699060987724159588e+01
1.180526842880953211e+02
1.125643565735570775e+02
1.023771029766701304e+02
1.038884711937153895e+02
1.061550037482657984e+02
1.140198438490063921e+02
1.013574732406533059e+02
1.037725296215851358e+02
1.260863293325303118e+02
1.031225371765973193e+02
9.987528187705107996e+01
1.185767429327314915e+02
9.988563299968612341e+01
9.531363482401980036e+01
1.108006116786377788e+02
1.171070286400342582e+02
1.221784875311654588e+02
1.076268932524661182e+02
1.056573373588178129e+02
1.252768375686100342e+02
1.017260816715849359e+02
1.199909337221308050e+02
1.021287040293064337e+02
9.679411626133649804e+01
1.341798228845276242e+02
1.099893098140798315e+02
1.035719504267304387e+02
9.183921044597063599e+01
1.059951140420224647e+02
1.098120494887920131e+02
1.047214169569779898e+02
1.013810682982639548e+02
1.208800097736150434e+02
1.285105743891552663e+02
1.036806655705211568e+02
9.958840318216469711e+01
9.990435137941167909e+01
1.077732877706409340e+02
1.029918841197965378e+02
1.169118134123840065e+02
1.331660663080718052e+02
9.399411873857643229e+01
1.094459048024181698e+02
1.088829105519633771e+02
1.034633355841704230e+02
1.016068026202995469e+02
1.283161016942350727e+02
1.040482039201643119e+02
8.929612952841830520e+01
8.639901790141946947e+01
5.026807036492019876e+01
9.691954066014071145e+01
1.325283198413517312e+02
6.987785451156005934e+01
1.080898363500716215e+02
7.133976023889671580e+01
1.193658017636679318e+02
1.464511126967976793e+02
1.170305934206960643e+02
9.542685604768757912e+01
1.241819952064150527e+02
1.003894467775096757e+02
1.028357391485544099e+02
1.084504985374418737e+02
1.082193957091125469e+02
1.060283841198313013e+02
1.197709353931298466e+02
1.210790038854527069e+02
9.965371355339269144e+01
1.029388704954939158e+02
1.026271019439101906e+02
1.107888411010131335e+02
1.211477592985778671e+02
1.170633612192614095e+02
1.026844691523960051e+02
1.030755248442982577e+02
1.134089468955815221e+02
8.726656722312583270e+01
1.135073458239520363e+02
1.265765853673169943e+02
9.805732016997154687e+01
1.186776897986146082e+02
1.112791128915771282e+02
9.860719763898418933e+01
1.012130260311220979e+02
1.396221134235576073e+02
1.030744854768579870e+02
9.675744290962938976e+01
1.075826035091553479e+02
9.684093480597725545e+01
1.212823969178992485e+02
9.445942515797689509e+01
1.199164506864771056e+02
1.108665321200495981e+02
1.018237337692920903e+02
1.255670015162951358e+02
9.741348592591846511e+01
1.281131689333958263e+02
1.073275607395694067e+02
8.797852205714269758e+01
1.092439062969987447e+02
1.178727083394643103e+02
1.058286116726398660e+02
1.467721330554961128e+02
9.902620989853021172e+01
1.022202506716399881e+02
1.025588422699109685e+02
1.116663427221871103e+02
1.068631643745214888e+02
1.030518398330921741e+02
1.115059280254988607e+02
1.198829666981725808e+02
1.324251608512434757e+02
5.639890282530933519e+01
1.188350133169847851e+02
1.411416685711092782e+02
1.051676635269711113e+02
9.345700496930797385e+01
1.166900350753054170e+02
1.051468225792308857e+02
1.105647786187688553e+02
1.193254478687280198e+02
9.983229259923008669e+01
1.043950713871808773e+02
1.108340910205757126e+02
1.110863125083867260e+02
1.049741679813618873e+02
9.796733126081787191e+01
1.063614369208166721e+02
1.126085108089570213e+02
1.145522964010050231e+02
1.186094996074891554e+02
1.061167676413048895e+02
1.010781846047816828e+02
1.054081804044324571e+02
1.080835626201921400e+02
1.207638291417584924e+02
1.149762065953479180e+02
1.054837970955188950e+02
8.931890711489808155e+01
1.152354057948003430e+02
1.176438050186482940e+02
1.332965507563694416e+02
9.570552572355292398e+01
1.052453328372632910e+02
1.129535372803367608e+02
1.088397712929063772e+02
1.044826478603810784e+02
1.048482805311321755e+02
1.090314883816876659e+02
1.169316354677201417e+02
1.173852263161935952e+02
1.214266343496705645e+02
1.105245448929268832e+02
1.039113097723540733e+02
9.457856598133116677e+01
1.051822283957072131e+02
1.158451423614907441e+02
1.076005892897349270e+02
1.176774025233483485e+02
1.066682092508510777e+02
1.019386033433867027e+02
1.073924392576656004e+02
1.110716967556080164e+02
1.215209011466338751e+02
1.186422660318600322e+02
1.002154824248232785e+02
1.004497730789431671e+02
1.015591412608736590e+02
1.242052236963035767e+02
1.282343092415921433e+02
1.075520557403728077e+02
1.000061716727670245e+02
1.051766840510735079e+02
1.140203973556216965e+02
1.025283815381666983e+02
1.298647405055990589e+02
1.026502406308143378e+02
1.152075368883929229e+02
9.636668880720898755e+01
1.024114394464963169e+02
1.140626182001234952e+02
9.379744803055939428e+01
1.354164696244475294e+02
9.957380130606725288e+01
1.156408544847737829e+02
1.161029931382785918e+02
9.923432179294071886e+01
1.198416863871193527e+02
1.056979020358752308e+02
1.112102924993242112e+02
9.701335049979094549e+01
1.138042628391970368e+02
1.283242548658934652e+02
1.035674381501616494e+02
1.030329026291834964e+02
1.059204204160079286e+02
1.184847693103389901e+02
1.052761935555779615e+02
1.113261143300447316e+02
1.024926820930905791e+02
1.119344857761297192e+02
1.223356761459930340e+02
1.013749804857064447e+02
1.133426237206597307e+02
1.065902020541622761e+02
1.034426934482986411e+02
1.091991091488789607e+02
1.238272990914302198e+02
1.229824268534678851e+02
8.927812290216755287e+01
9.970153266514812174e+01
1.082962925087386878e+02
1.117750338304251727e+02
1.080991482146202287e+02
1.132429302043318557e+02
1.096126954280945824e+02
1.013232824761988127e+02
1.180230757820781520e+02
1.064510176004319533e+02
1.116873899398820384e+02
1.220469525835126205e+02
9.826823785757179053e+01
9.860482501118104892e+01
1.153036888295972346e+02
1.119540681111952551e+02
1.013869923055714395e+02
1.044911614071087058e+02
9.536456732051996710e+01
1.253496693027343127e+02
1.242156390067899849e+02
1.002544846529405902e+02
1.159809809663690743e+02
1.042111816993419069e+02
1.004654500489266269e+02
1.015644588911090125e+02
1.211878065614045568e+02
1.126412940075923785e+02
1.090090871603370886e+02
9.265693659840998464e+01
1.241956068006780356e+02
1.295801562186811680e+02
9.995447307815422278e+01
1.042591985168912316e+02
1.201254992184469046e+02
1.130488107964541626e+02
1.058039133015887359e+02
1.092306665786688171e+02
1.082686453914082989e+02
9.781093385693182540e+01
8.266775853885842196e+01
1.076612747714662248e+02
1.175999116090015661e+02
1.065942362134779700e+02
1.238139092150126430e+02
1.139966166564301915e+02
1.134652556422029051e+02
9.462713907469472474e+01
1.205572666289750572e+02
1.076494198567744576e+02
1.181000511450186394e+02
9.619572128339395078e+01
1.013589251850477098e+02
1.135155981245062549e+02
1.175285882157015891e+02
9.774239338617725537e+01
1.128196232976841884e+02
1.116304505536734410e+02
1.207100281432233118e+02
1.206196495507887079e+02
8.797854816343766515e+01
8.022279004859026941e+01
1.178943033392773856e+02
9.324519558617289761e+01
8.256637709565232797e+01
9.767786863903913286e+01
9.878148142859416225e+01
1.630621411466845530e+02
1.135967626778941906e+02
1.032300707172275622e+02
1.188716968633239617e+02
1.222881602262434484e+02
1.047104048144094151e+02
9.347758593951647299e+01
1.006932502256422595e+02
9.608053257411658876e+01
1.087287720855408111e+02
1.209534286335672846e+02
1.163545984931599122e+02
1.105348983476371956e+02
8.972985058545195614e+01
1.109210182461366685e+02
1.030662474046179540e+02
1.188745164353091894e+02
1.128665366546206741e+02
1.166329400213673608e+02
1.077593983612696462e+02
8.646582180752868396e+01
9.208783976569291951e+01
9.474784240920868683e+01
1.556086480602413644e+02
1.006340243105248078e+02
1.098182052071000214e+02
1.110030866323592278e+02
1.323041896114819451e+02
1.094361755247851704e+02
1.066783256572678340e+02
8.377012074826471633e+01
9.500040713614028220e+01
1.075848819407180770e+02
9.983671528184815713e+01
1.020903406247106204e+02
1.248058153465187985e+02
1.226393793231913918e+02
1.030205108932922826e+02
1.199156470040205846e+02
1.063685521054991767e+02
1.145408869154816216e+02
1.078176767362823796e+02
1.102313220355860608e+02
9.454111024892830528e+01
9.754658275612915475e+01
1.176410973202522428e+02
1.092185026387611089e+02
1.101594114151819497e+02
1.047233931887761571e+02
1.153460393004850033e+02
1.061196446115573764e+02
1.102193071038295500e+02
1.144575941575557891e+02
1.083914297239426077e+02
1.042356198544086965e+02
1.128492398369637044e+02
1.059382949750390281e+02
1.159591306772598926e+02
1.021748196159469586e+02
1.033282241311526377e+02
1.163129992456709516e+02
1.134002928964124095e+02
1.152915593033211081e+02
1.083953964792091824e+02
1.040266057894196763e+02
1.212057026496482308e+02
1.060888570626032106e+02
9.906159293198471971e+01
1.195153907396115898e+02
1.183675247773371524e+02
1.051764635317438206e+02
1.007378859254942114e+02
9.800718464858556445e+01
1.135349028035941075e+02
1.058323519389632423e+02
1.121345636289446048e+02
1.219371616396238664e+02
1.163118329800503830e+02
9.587737561245245388e+01
1.043187510627126784e+02
1.026472282411425709e+02
1.095105803050402358e+02
1.135678587541170543e+02
1.204145011987516938e+02
1.098967103169004673e+02
1.012616945779468551e+02
1.345880088991819719e+02
9.329262222182529740e+01
9.575203538625358135e+01
1.219265628840204130e+02
1.023615038376940305e+02
1.297648296076907570e+02
8.780104689000516771e+01
1.008039754512462594e+02
1.045522587768982419e+02
1.288636508284243973e+02
9.137499408110639365e+01
1.204892671470775838e+02
7.920008973376872063e+01
1.092559573014365526e+02
8.740969399299210352e+01
1.082511926783419369e+02
1.132976751635332278e+02
1.032793665416512425e+02
9.982035741539957030e+01
1.112550356443727537e+02
1.307964482938301956e+02
9.419575776896510888e+01
1.092969531296153178e+02
9.719913182111926631e+01
1.201386269950796617e+02
1.087933748309550737e+02
9.540437017375622020e+01
1.254770505734780954e+02
1.020242499721377527e+02
1.017307855442671638e+02
1.148748037886417848e+02
1.132410365373169157e+02
1.117506967037905383e+02
1.124617501051003217e+02
1.269360021304666475e+02
1.214162581370368343e+02
8.606140834176625276e+01
1.002288187572559366e+02
1.034825578942503199e+02
1.175348881339345439e+02
1.192908218031650733e+02
1.076180322334244295e+02
1.076651934393721746e+02
1.273851552728002190e+02
1.072462127679248027e+02
1.119358403380167175e+02
1.209477108563177978e+02
1.212018045572887530e+02
9.960570314712609274e+01
9.973651362293843192e+01
1.262456537213700472e+02
1.198873622717586045e+02
1.013559420134852900e+02
1.003345279336943179e+02
1.220097924712987947e+02
1.044026285540110734e+02
1.140178529578069373e+02
1.124774884015457275e+02
1.053293206623197023e+02
1.165923194851452536e+02
1.200590096210026019e+02
1.211443853869810283e+02
1.026549151075841166e+02
1.029388048217172411e+02
1.031795994059747414e+02
1.374041730631383302e+02
9.315664894365747273e+01
9.978003337846992338e+01
9.724798661221356610e+01
1.189745594041127958e+02
1.150673134552616546e+02
1.053681369215436092e+02
1.402665580186359477e+02
1.091200173791423111e+02
9.610527675211352516e+01
8.534786373656859837e+01
1.128633790756388180e+02
1.133079518034113846e+02
1.136176538316082940e+02
1.080259526640638796e+02
1.061268234232947236e+02
1.020858574775591308e+02
1.197089148937478456e+02
9.444460296491233464e+01
1.126347443688242151e+02
1.086048014343867578e+02
1.082718589930550053e+02
1.125080575303799151e+02
1.029027759098361514e+02
1.065280017216138191e+02
1.180186953016365266e+02
9.849676134588460741e+01
1.160265997059160981e+02
1.126109120406677420e+02
1.140109369412279108e+02
1.212230279371245558e+02
1.038161866807642753e+02
1.065777034049880854e+02
1.111631548654186616e+02
9.879187193371704723e+01
1.143944077749663819e+02
8.789804869017984856e+01
1.140951886254529057e+02
1.134371967730598953e+02
1.043743023140471990e+02
1.115910508208065011e+02
1.029007311259178294e+02
1.144143607974181549e+02
1.091569811221734341e+02
1.105495180250622269e+02
1.284412653719133459e+02
1.080328745632576357e+02
8.880938335866025568e+01
1.134201596339927676e+02
1.064795719252577157e+02
1.193490711692033415e+02
1.238372328877076995e+02
1.161632185635176313e+02
8.763645772672470002e+01
8.993238457611832359e+01
1.052243153136083293e+02
1.095746521045772539e+02
1.284403257890579084e+02
1.199024623742300264e+02
1.184198583740606523e+02
1.019113326492658302e+02
1.221139879831338106e+02
1.110110522166397402e+02
1.122426811541879488e+02
1.048511350823497992e+02
1.076143729430659448e+02
1.059036006217889820e+02
1.150672858703282770e+02
1.152253510659354419e+02
1.150960600253323918e+02
9.831875323703661707e+01
1.068082785600623623e+02
8.502719839604115748e+01
1.031332713385459954e+02
1.269410123814152485e+02
1.167809614160576217e+02
1.098216688958812881e+02
1.029866551831856611e+02
9.475396362467661504e+01
1.173353133128731685e+02
1.217157140330736524e+02
1.199683254926005986e+02
9.819984969411039799e+01
1.287326055195427728e+02
1.055989336981779303e+02
1.136714002406673529e+02
1.083542273452731024e+02
9.250771784611541193e+01
1.058520702151919721e+02
1.340828490622552351e+02
9.456209939589057001e+01
9.402877428997383902e+01
1.257212497988497120e+02
1.039202424675836767e+02
1.197545396688162072e+02
1.086019817342781835e+02
1.052100665285272356e+02
1.199953646547614028e+02
1.011089846915393764e+02
9.025583171405909866e+01
1.176342576166933753e+02
1.221954667496192286e+02
1.009424564485923099e+02
1.158908047019499037e+02
1.046312928917607650e+02
1.156293976844371372e+02
9.648736148254685929e+01
1.200202936913060086e+02
1.207066266459303137e+02
1.278271161720397231e+02
9.091197643683352680e+01
1.098643754708974853e+02
9.582697192302475742e+01
9.623997159882456742e+01
1.011656072066365937e+02
1.013198603504893782e+02
1.381392993514490684e+02
1.143476152375713752e+02
1.036421862459004046e+02
9.844238136531112104e+01
1.058855652509922152e+02
1.003685899386352105e+02
1.138807977802187565e+02
1.095936180404353451e+02
1.082095493332226255e+02
1.181301614218920548e+02
1.260492156001285480e+02
1.087269041607802222e+02
1.109168178616123441e+02
1.006062479491367299e+02
8.890682287222671221e+01
1.215913812025423084e+02
1.345632730423776877e+02
9.868541166335127457e+01
1.113574910920465015e+02
1.215594044494462764e+02
8.776977907181532146e+01
9.384639520882214470e+01
1.167753762066078878e+02
9.889572712349153960e+01
1.065225442458723535e+02
1.145019806073665194e+02
1.062686224159796069e+02
1.138054692541580692e+02
1.123886157609272942e+02
1.039561918334692621e+02
1.090121408985238673e+02
1.152574379498215364e+02
1.061212186599697134e+02
1.100483111227501070e+02
9.832412944156355650e+01
1.186462984580469566e+02
9.755480945065849596e+01
1.039233659835741719e+02
1.158208519393330675e+02
1.208714517665187742e+02
1.159058123622452712e+02
9.943664506277286819e+01
1.328839833726524944e+02
1.120379508982971402e+02
9.283539190407938690e+01
1.031771562481555833e+02
9.476228132135339877e+01
9.743412754758456629e+01
1.086045371148117624e+02
1.138344156052455531e+02
1.328212761840704275e+02
1.033032225953515422e+02
1.072663011212008115e+02
9.782904098348166144e+01
1.214472087568479992e+02
1.155494635999698687e+02
9.948643127791397944e+01
1.159396417980699852e+02
9.966294072645094104e+01
1.169445938631693593e+02
1.097938439059958853e+02
1.221341819611839838e+02
1.143627600094231838e+02
9.432043084978835168e+01
1.066241789856039190e+02
9.620931122173217886e+01
1.114140562017080214e+02
1.132775220197354145e+02
1.101101111206521495e+02
1.056429641445859886e+02
1.104439954624870239e+02
1.067981527272922477e+02
1.104021531381415855e+02
1.104455053463642145e+02
1.032995006634071160e+02
1.178294346486466253e+02
1.108639378503197435e+02
1.105106731378984790e+02
1.033205137809585636e+02
1.168843238185690012e+02
1.127103106545444575e+02
1.169627450069611569e+02
1.044714722486973244e+02
1.041904761571947517e+02
1.077019432396642031e+02
1.236722606696053219e+02
1.106518363969691023e+02
1.051446404869283526e+02
1.066406314391308001e+02
1.144399824849227372e+02
1.075039737260375858e+02
1.166778115493581112e+02
1.113234984751975531e+02
9.987645912184075314e+01
7.560114151901623814e+01
9.920234776625154893e+01
1.130754259962083950e+02
1.228991949306725928e+02
1.342168272233439552e+02
1.007385985040841376e+02
8.812047000980426503e+01
1.163917591599807508e+02
1.249980074116667481e+02
1.057717691893919607e+02
9.509009778697816273e+01
1.152989120059072263e+02
1.062426333307203521e+02
9.707129831142174226e+01
1.282094196029411535e+02
1.194533607889646305e+02
1.055528090857445278e+02
1.015030536002670800e+02
1.268007710783125503e+02
9.341481887220126623e+01
9.730601401224897984e+01
1.221579840565928521e+02
1.005967934363512342e+02
1.148562020632560632e+02
1.327117351840191759e+02
9.297847210844093979e+01
1.102214623613500351e+02
1.003061990611134036e+02
1.126626702796476849e+02
9.740994593754409436e+01
1.142820758455322903e+02
1.117418242374606479e+02
1.126917699147340954e+02
1.121523811740293439e+02
1.086283461188212272e+02
9.589534154631903107e+01
1.069507120980229899e+02
1.078783447565541849e+02
1.098304214735674407e+02
1.222772982798147297e+02
1.064672098265090625e+02
1.030489769421575090e+02
1.082895302353713021e+02
1.164835498897740820e+02
9.406670369989649316e+01
1.264829311173200352e+02
9.713578277019375662e+01
1.070184145127177118e+02
1.055026693950193675e+02
1.171574267829300311e+02
1.211214571747904216e+02
1.071948568901470509e+02
1.002034436093317282e+02
1.037102403797652812e+02
9.374514043541557839e+01
1.367959974197818553e+02
1.067607589743392396e+02
1.021155985455226158e+02
1.126827124815922474e+02
1.036082894806886543e+02
1.181134375688449296e+02
1.039535869918692015e+02
8.634734915942402722e+01
1.112213037613866931e+02
1.394336444589044390e+02
9.113149820671019086e+01
1.113197085389756893e+02
1.093784076392792741e+02
1.189714582341807301e+02
1.034936690338235366e+02
1.086040623615117653e+02
1.038059697143483646e+02
1.114951129828210838e+02
1.316691537272240566e+02
1.030458986178623064e+02
1.149959710239604078e+02
9.698967282494231767e+01
1.063271473262889941e+02
9.502127686629656012e+01
1.252157042053587475e+02
1.202983467503795936e+02
1.105245522370653930e+02
9.826275709753579690e+01
9.028762781059606368e+01
1.075337041716071411e+02
8.705532449419779084e+01
1.049396104194384378e+02
1.053618545658368788e+02
1.197892384742015821e+02
1.146725151767497977e+02
1.178942471773057434e+02
1.113900219235681419e+02
1.289403434695081785e+02
1.194866951669933002e+02
1.388413073374649969e+02
1.047672207763210110e+02
1.124276614513928507e+02
1.091810571817402433e+02
1.067311065220758621e+02
1.018887996332728392e+02
1.116001490651670451e+02
1.302465161375889124e+02
9.470340405976500620e+01
1.125871953397134604e+02
1.385365369074943658e+02
9.818738960522044579e+01
9.087967290533940456e+01
1.018393481070282292e+02
1.102727570901666638e+02
1.007940024239356518e+02
1.099071175114014949e+02
1.245593625102002164e+02
1.018465430880080334e+02
1.043427981827153985e+02
1.150464607613141936e+02
1.013579853973960212e+02
1.131492425095894561e+02
8.752959708394013205e+01
1.242677556172469764e+02
9.458348757807291918e+01
1.219556016220048207e+02
9.554112529601779613e+01
1.176054462783891665e+02
1.089127320334309417e+02
1.023306339640085696e+02
8.465465625866386290e+01
1.186803515431700475e+02
1.114202090035405064e+02
1.146491207392829921e+02
1.167013570194667125e+02
1.034256732330602517e+02
1.166772939159342002e+02
9.894926240996305467e+01
1.026186452141306944e+02
1.115165221280944650e+02
1.113140515421897874e+02
1.014124140329561499e+02
9.947008484529510497e+01
1.131223736089026914e+02
1.150326844040933310e+02
1.252644915926562277e+02
1.028203862809680231e+02
1.014215494686445425e+02
1.203355800428579983e+02
9.766833428538161854e+01
1.068729288570089579e+02
1.071786954684100692e+02
1.096222632351041995e+02
1.150557745793787205e+02
1.050506903108746855e+02
1.084811730504163449e+02
1.216698170656687381e+02
1.025586285370020505e+02
1.165353430197711333e+02
1.005856434149454941e+02
1.096430363494464046e+02
1.089837970932523632e+02
1.144444435518570344e+02
1.065189709322923761e+02
1.081097802115345559e+02
1.088432846182078606e+02
1.197792090136629639e+02
1.097041950344695920e+02
1.184031177828148031e+02
1.010705103988247231e+02
1.076052528524694338e+02
9.628864519873413030e+01
1.062544608378853042e+02
1.165448373628281331e+02
1.083725992663763833e+02
1.075947180276234150e+02
1.026076872337869759e+02
1.142363289401468194e+02
1.245466953426987402e+02
1.024224105504080313e+02
1.115873903307643928e+02
1.098427729147171448e+02
1.029993302890568430e+02
1.038338728977106200e+02
1.023756305672410463e+02
1.132308773650063216e+02
1.060520629552361527e+02
1.088849766577883003e+02
1.136697282244705747e+02
1.122742343159824401e+02
1.061706964107565199e+02
1.208083068343932922e+02
1.090858584024544342e+02
1.020571216345443162e+02
1.020640965544354941e+02
1.142785258210271309e+02
1.187266726407370072e+02
9.405751151426690626e+01
1.097336030761114358e+02
1.043216473351985911e+02
1.054473257877177019e+02
1.253814589229958187e+02
1.230810485092314792e+02
9.781561130376007895e+01
1.004082247073947372e+02
9.544042591469734305e+01
1.187640092798221190e+02
1.209157411485407749e+02
1.228281872824193357e+02
1.158450384097861701e+02
8.479526561486244418e+01
1.206359153055625626e+02
9.581511993542022765e+01
8.062287380634782608e+01
1.128892751478456375e+02
1.158093730036426336e+02
1.046074019629875096e+02
1.107739759311600665e+02
9.933027172777684655e+01
1.120462555435644845e+02
1.097740408295206578e+02
1.031032930860957322e+02
1.243500477187120623e+02
9.696964338009522066e+01
1.149279540955645302e+02
1.129665764553368064e+02
1.290691298773066933e+02
1.098782010718334448e+02
9.354247719726589594e+01
9.760510106689093845e+01
1.163012568051941287e+02
1.170211331282687865e+02
1.067903759721798451e+02
1.313022342236464510e+02
8.823977120091187487e+01
9.884437899262456995e+01
1.025482475300986636e+02
1.017011151725821350e+02
1.179114084940386817e+02
1.136444998886330637e+02
1.176697960264509533e+02
1.065478439168411597e+02
1.008691513458615248e+02
9.827618167534947702e+01
1.276485387446280981e+02
1.100766898266907106e+02
1.089234254756060949e+02
1.218591465492735892e+02
1.000579404636261671e+02
1.150374863826913412e+02
1.157409834580988246e+02
9.718610156919577037e+01
1.068433255740185785e+02
1.154973929235938783e+02
1.138497535568712635e+02
1.009928120458915117e+02
1.148824430558941714e+02
1.108244309603682041e+02
9.832380190800587627e+01
9.013960296583478282e+01
9.453480699863646919e+01
1.178065777142169850e+02
1.474283331526124812e+02
1.098546018203314674e+02
9.633203263822466056e+01
1.077748901537786281e+02
1.097286643835743121e+02
1.105999415181635328e+02
1.149077994936095450e+02
1.054970444317170575e+02
1.082542113113591427e+02
1.125820673711148316e+02
1.030894567550158882e+02
1.289408492267930626e+02
9.729749954441342652e+01
1.024007156195453234e+02
1.384625566157476158e+02
9.181631515090448659e+01
1.002645369960817021e+02
1.130812778803847891e+02
9.721380709470993509e+01
1.261945203513915743e+02
1.255913553968514123e+02
9.164834859236677289e+01
1.138256069221388742e+02
1.220040772453550915e+02
9.302289698040524968e+01
1.055678520879119446e+02
1.077079338126416559e+02
1.138291234781987242e+02
1.077960283982157961e+02
1.071320395870203157e+02
1.074339317864574070e+02
1.270292445425243670e+02
1.062556159567592715e+02
9.967400866868577225e+01
1.093594145698494629e+02
1.057224033335466800e+02
9.368351760005455731e+01
1.159926409098906390e+02
1.099696827544785123e+02
1.192407316059006632e+02
1.303168566200809835e+02
1.116618090457754562e+02
9.975132727741892325e+01
1.091763090480025227e+02
9.670693988536019958e+01
1.038841300366598830e+02
9.727488477922453569e+01
1.071384805372591984e+02
1.153517648295561173e+02
1.340340821148114401e+02
8.721926542260230519e+01
1.146946401202728509e+02
1.024176934824211713e+02
1.165711308877939132e+02
1.029690999104697937e+02
1.125050912073255347e+02
1.186864485480013940e+02
1.039205463036661286e+02
1.326144509617151925e+02
1.159442557194713856e+02
9.112590401941234575e+01
9.955474824460037553e+01
9.339257696450707158e+01
1.247385995710432383e+02
1.027249636862918436e+02
1.333827013994425101e+02
1.260826471847176862e+02
1.064637361876873456e+02
9.921987308794000171e+01
8.394127586794016338e+01
9.548047021396922673e+01
1.253945071670822244e+02
1.126594972576985043e+02
