-5.442451061358349662e+00
-5.396369730562283529e+00
-5.323186207939392567e+00
-5.137205509908836731e+00
-5.467463004424856443e+00
-5.470006443806317620e+00
-5.509338048330907789e+00
-5.485825197932017616e+00
-5.504144931726209222e+00
-5.517282905170564966e+00
-5.511557134896633237e+00
-5.475228078161554102e+00
-5.116490291559748549e+00
-5.130414993668557244e+00
-5.117470279337013928e+00
-5.134135286599260439e+00
-5.145518424231625865e+00
-5.142883166132225625e+00
-5.128094769885577442e+00
-5.130013858975851271e+00
-5.154813876499260594e+00
-5.163630027051707039e+00
-5.128495987712045512e+00
-5.398857697336001848e+00
-5.439671107171117903e+00
-5.481120772707199329e+00
-5.516078677164614419e+00
-5.062218798467043257e+00
-5.414332665031517777e+00
-5.439700108681128299e+00
-5.372212404245082062e+00
-5.333637162387637076e+00
-5.393319209617700949e+00
-5.156513833306093808e+00
-5.435272959556383121e+00
-5.450692460736091149e+00
-5.418431792576295258e+00
-5.123355073858738784e+00
-5.503863133285761045e+00
-5.552501846534905638e+00
-5.725201492443009244e+00
-5.424380827027305507e+00
-5.526654255519828141e+00
-5.700921533039872813e+00
-5.525309852083324813e+00
-5.550338466086184752e+00
-5.481267875826222991e+00
-5.535062537016279371e+00
-5.569388868034766737e+00
-5.715936366283950854e+00
-5.486038493770346136e+00
-5.473550729352691491e+00
-5.542982801809921867e+00
-5.593181652317789521e+00
-5.449408930221857794e+00
-5.483454632388039762e+00
-5.504059191412517649e+00
-5.547137006598251041e+00
-5.587899333467282403e+00
-5.667869918874770541e+00
-5.660300137323530656e+00
-5.753800050639188868e+00
-5.752035557783707453e+00
-5.653131656929565985e+00
-5.647428207667688937e+00
-5.637338579694786134e+00
-5.636559992236555239e+00
-5.648556541872030934e+00
-5.674852632835873933e+00
-5.631988784268207482e+00
-5.675458715428247203e+00
-5.634413434461611025e+00
-5.686838513718702082e+00
-5.625788835640516794e+00
-5.655919005716670611e+00
-5.756277633631373902e+00
-5.647681197218411775e+00
-5.633749534543434301e+00
-5.643909724712043996e+00
-5.659258079013284259e+00
-5.640668032416038535e+00
-5.637702198739027004e+00
-5.638017504383037171e+00
-5.629683737050691583e+00
-5.637535452825791715e+00
-5.661214115151063098e+00
-5.647820140169516279e+00
-5.663851451096883594e+00
-5.653872486376514850e+00
-5.733375467662764180e+00
-5.720046794149976854e+00
-5.737318703053907676e+00
-5.660373292397442135e+00
-5.709768281209639973e+00
-5.705635056720057996e+00
-5.717978304672660883e+00
-5.707612738448964329e+00
-5.690646755914595012e+00
-5.510809213495257097e+00
-5.581245643840375692e+00
-5.535375429828881977e+00
-5.564245040436713197e+00
-5.510517667144434029e+00
-5.544631241599071281e+00
-5.511655471900692049e+00
-5.569714866757270677e+00
-5.632914546484603768e+00
-5.521267825260108175e+00
-5.475168669776593333e+00
-5.515050438320833415e+00
-5.532358821781943270e+00
-5.504613221683466229e+00
-5.478998274165038929e+00
-5.540198271639082961e+00
-5.486475560114704386e+00
-5.544073326086363274e+00
-5.530450463170727637e+00
-5.596985955622299613e+00
-5.549886235240006016e+00
-5.542917181202509980e+00
-5.516924022431784813e+00
-5.538537141227815042e+00
-4.736986854037655625e+00
-4.658798795106630308e+00
-4.610438078467806733e+00
-4.827731504816899388e+00
-4.787934538291288789e+00
-4.741086501233546358e+00
-5.069450315441138777e+00
-5.076559399439827480e+00
-5.044028336288447711e+00
-5.105884620251037731e+00
-4.670056840995562730e+00
-4.661130356980220490e+00
-4.593528340622010653e+00
-4.684974188096212799e+00
-4.771581881219791654e+00
-4.656384543661198805e+00
-4.645861795552536755e+00
-4.632122047795362185e+00
-4.624609275926130358e+00
-4.728583589714199675e+00
-4.632331696263208620e+00
-4.612675971225528748e+00
-4.609745134389807930e+00
-4.715635656321593316e+00
-4.702964779460329758e+00
-4.741581242180002320e+00
-5.499122126104173169e+00
-5.450731177616982670e+00
-5.388655062105923932e+00
-5.516529377103369214e+00
-5.666445422182912139e+00
-5.717809805387043198e+00
-5.597555919647740907e+00
-5.148923789550443608e+00
-5.211259904875531035e+00
-5.236647876557139369e+00
-5.760748168850641449e+00
-5.775289808425490889e+00
-5.780520972696439941e+00
-5.737270515768974732e+00
-5.769356163240144220e+00
-5.546050058629593771e+00
-5.522206549814072218e+00
-5.550337692832465031e+00
-5.527074063729379816e+00
-5.545768933864862582e+00
-5.665290612236944412e+00
-5.736141635355594737e+00
-5.291664837587138237e+00
-5.234001916218110395e+00
-5.280230438779610402e+00
-5.307052788348574524e+00
-5.333121081253371365e+00
-5.518207103184150419e+00
-5.296787609430468002e+00
-5.339591837949456021e+00
-5.351039631676947295e+00
-5.343740302861547775e+00
-5.337511489465909698e+00
-5.303506867788651213e+00
-5.314827664143408015e+00
-5.302734916213619698e+00
-5.309348793980448455e+00
-4.715617323397197858e+00
-4.732854132947149850e+00
-4.709734809925241628e+00
-4.714684321016718194e+00
-4.728874803420070272e+00
-4.720488747414451680e+00
-4.702837853871952412e+00
-4.717005919146533444e+00
-4.728224180674380328e+00
-4.716570881519263736e+00
-4.730852960743909819e+00
-4.689892133510453753e+00
-4.693207239432216404e+00
-4.710752628675929365e+00
-4.691785068353591548e+00
-4.704156176462969796e+00
-4.691346609527053069e+00
-4.683003075643688007e+00
-4.696208062493201219e+00
-5.198100352268490099e+00
-5.133916356220636246e+00
-5.151759356038308368e+00
-5.131663963324363920e+00
-5.165225972731124493e+00
-5.169970345532365563e+00
-5.193590245197023059e+00
-5.162530211859407636e+00
-5.159136164493275167e+00
-5.385768348023048269e+00
-5.341498506787674572e+00
-5.325104916623082829e+00
-5.325941656487534814e+00
-5.281885551554130309e+00
-5.400135106063080670e+00
-5.387371669817394348e+00
-5.323571626873154550e+00
-5.295508600979531799e+00
-5.107032934366420918e+00
-5.266031146806745333e+00
-5.237091238670959825e+00
-5.346155363119031279e+00
-5.306571644857551284e+00
-4.890399770795716528e+00
-4.866983933603713730e+00
-4.866365646359719577e+00
-4.876167339489240860e+00
-4.880102140906148023e+00
-4.784640187310129633e+00
-4.745964477804957227e+00
-4.742821518756503707e+00
-4.886259764641139647e+00
-4.879695086109313351e+00
-4.955699017865882183e+00
-5.266244158218395199e+00
-4.920609496769031921e+00
-5.269221754284505899e+00
-5.276902306953129340e+00
-5.203801175701368464e+00
-5.155860931768615707e+00
-4.914599017724576413e+00
-5.199658515039325302e+00
-4.964653334261303286e+00
-5.343238346940332839e+00
-4.946657662389537968e+00
-4.901320571622721722e+00
-5.312854711042840350e+00
-4.941365044965891684e+00
-4.933813566736159117e+00
-4.959562687836313266e+00
-5.249225400755777926e+00
-5.238564443523374692e+00
-5.244433989782006478e+00
-5.223436271510318640e+00
-5.140817340098752020e+00
-5.250302487828583331e+00
-5.250632032777686753e+00
-5.237481313255337945e+00
-5.240716511266577449e+00
-5.115968269850874606e+00
-5.066627434677064556e+00
-5.143250526587578975e+00
-5.139842361325149156e+00
-5.158663255226809241e+00
-5.123452626120729825e+00
-5.259800168338709447e+00
-5.233675169267641536e+00
-5.108179249803389332e+00
-5.145487658368725903e+00
-5.115462991957092420e+00
-5.559180172885975324e+00
-5.557210856022872569e+00
-5.576090824043640204e+00
-5.561663241279781289e+00
-5.574907927454304080e+00
-5.567865646107597044e+00
-5.540881028742070669e+00
-5.563394458027472567e+00
-4.734853812268729811e+00
-4.748893949094322053e+00
-5.093386564098184799e+00
-4.710238602214342762e+00
-4.683759246213139882e+00
-4.717010837599798556e+00
-4.673975996683878087e+00
-4.681755406271771669e+00
-5.679787033463339796e+00
-5.647614565910346940e+00
-5.513758262301499791e+00
-5.567487196610132472e+00
-5.544503837412809055e+00
-5.510445754847536293e+00
-5.545476191203311700e+00
-5.620165591947695383e+00
-5.689483118473249057e+00
-5.673204062819984905e+00
-5.674022090870740165e+00
-5.637032517521873842e+00
-5.652589848084006441e+00
-5.635914780706517746e+00
-5.643527633563193646e+00
-4.755477998217468638e+00
-4.750798519295927669e+00
-4.726557688880863140e+00
-4.729912275657684795e+00
-4.734074135925641968e+00
-4.722010547092110322e+00
-4.728305122517502568e+00
-4.731624212955076736e+00
-4.772955646941039909e+00
-4.785066988101337238e+00
-4.797617841015723528e+00
-4.769432484116097548e+00
-4.780362755860479318e+00
-4.728135963467816616e+00
-4.742710138650303442e+00
-4.816215210042647854e+00
-4.700642920753950627e+00
-4.820206589367985295e+00
-4.846972572167550730e+00
-4.806414616988983646e+00
-4.807817726304165262e+00
-4.747741000363563835e+00
-4.776399948053088984e+00
-4.805645103941119878e+00
-4.788745143491666134e+00
-4.766523195070541341e+00
-4.789960385034508938e+00
-4.823122606170721305e+00
-4.815557602065101861e+00
-4.802316239686526878e+00
-4.814083530804891708e+00
-4.824946485344065117e+00
-4.795821278945170185e+00
-4.808586326220889440e+00
-4.821229523201512102e+00
-4.821205105849484696e+00
-4.848160590974178064e+00
-5.112359168608259452e+00
-5.115241825885264326e+00
-5.108964282472778784e+00
-5.103571966920515735e+00
-5.107628158435095322e+00
-5.115459978923078133e+00
-5.286152655076181262e+00
-5.281400962657468945e+00
-5.280190557713349442e+00
-5.276642753332891900e+00
-5.282266097828438589e+00
-5.283708527420963641e+00
-5.277917298732714535e+00
-5.280732519969117966e+00
-5.276033085703248915e+00
-5.278415763802542848e+00
