1.028331149141065595e+02
1.114293968055918924e+02
1.030375809730491454e+02
1.108656799608443322e+02
9.780053524934677966e+01
1.026060000430953920e+02
1.192215370407926400e+02
1.109736322450720820e+02
1.132567954284585596e+02
1.242143926829798204e+02
1.337997219718412225e+02
1.038221275996084927e+02
8.520419990952434830e+01
1.116915557080610313e+02
9.448292642901613192e+01
1.033346864652583292e+02
1.130547652053433296e+02
1.004556042695958809e+02
1.299333589938382829e+02
9.915414667670859217e+01
1.064174686610658540e+02
1.067050848592046890e+02
1.062709477571181367e+02
1.101687096827657371e+02
1.160372068144024098e+02
1.083745870745621005e+02
1.105976222720917974e+02
1.052334090485040008e+02
1.277533602204396885e+02
1.174389919916533955e+02
1.068937056399964405e+02
9.905178674459456545e+01
9.675479755041666863e+01
1.055311730266937928e+02
9.795221597205245700e+01
1.076982498765600269e+02
1.057614608540317249e+02
1.232728092590190130e+02
1.196425037169703387e+02
1.009574590132184113e+02
1.073227255448913553e+02
1.066118303375692022e+02
1.033546025009576681e+02
1.090579198266058825e+02
1.111131867892019613e+02
1.186002232408582131e+02
1.076735057319914119e+02
1.013979894399065103e+02
1.092245850156169524e+02
1.000972262454393586e+02
1.087733590661592871e+02
1.280834649288278229e+02
9.822230946270886420e+01
1.188494155182044523e+02
1.257740598545185691e+02
1.063299632331493569e+02
1.053937093789788406e+02
8.705029191294447344e+01
1.252517186924822994e+02
1.163697014395902585e+02
1.086849671527075714e+02
1.114439129671714710e+02
1.165956452583996708e+02
1.079178534482667970e+02
8.366684506688038425e+01
1.253849679422165337e+02
1.104936785748673742e+02
1.283693870289544350e+02
9.955015609193084458e+01
1.064495003479125188e+02
1.299610361713674820e+02
9.618009994829837694e+01
1.022195475159167302e+02
1.104639040259158520e+02
1.109857541764749840e+02
1.036057348430330336e+02
1.021136399695628540e+02
1.076305838303970432e+02
1.274336604510984330e+02
9.024876161354488602e+01
1.173005035670003906e+02
1.056113637251826134e+02
1.000958502452355816e+02
1.062547956273303242e+02
9.904078268416752451e+01
1.002684767074255490e+02
1.103298473288212875e+02
1.108615770448287634e+02
1.038841504854316469e+02
1.114984326552183518e+02
1.034965209951597842e+02
1.057824460219325005e+02
1.285535947563585921e+02
1.033729284215514781e+02
1.125888321965775276e+02
1.039126753548538886e+02
1.083069687902196847e+02
1.268619270161180168e+02
1.106202753719353211e+02
1.170130819882816837e+02
1.041678755695050995e+02
9.525326834562123679e+01
9.858853984577861240e+01
1.001189370478138585e+02
9.599089755219188191e+01
1.092650848683732789e+02
1.049379852350164697e+02
1.057638426642245264e+02
1.142636973719311868e+02
1.207099849555570614e+02
1.114803865376067193e+02
9.503469929729989474e+01
1.077916463059555952e+02
8.883924311233732851e+01
1.160159336712940359e+02
1.158714105256213855e+02
1.120729956485423315e+02
1.270941987811037706e+02
9.831337047737781631e+01
1.082999134087053648e+02
1.137254622394047772e+02
1.020130873812600498e+02
1.124434262435962069e+02
1.157091900487316281e+02
1.043304610087756998e+02
1.064210698953531988e+02
1.240755357962851946e+02
1.046099599741175581e+02
1.052527101029424301e+02
1.047360360396154420e+02
1.217151952963729116e+02
1.084501136349705916e+02
1.164421098313692937e+02
9.434597254706623914e+01
1.075628354811038747e+02
1.218692932283121735e+02
1.071590352501235373e+02
1.084669702750527449e+02
9.059473277739745356e+01
1.322894706179911282e+02
1.063348657434933813e+02
1.017377437941142091e+02
1.206269930955837992e+02
1.061625340752211883e+02
1.110990244246633551e+02
1.174704114387668739e+02
1.055143193783041937e+02
9.637263747847572404e+01
1.013935766740683562e+02
1.229872525396821459e+02
1.235654160357925804e+02
1.043853517421674866e+02
1.170781235665980802e+02
1.030349528912920789e+02
1.075478535933682309e+02
9.638080661368523749e+01
1.087476695808282869e+02
1.029344088941400912e+02
1.276841645603638824e+02
9.465609574203199372e+01
9.570858910801136687e+01
1.207594617498098160e+02
1.044368617498801228e+02
1.117092785096778584e+02
1.226594448878751678e+02
1.283238181366820356e+02
1.044449316066481401e+02
8.600062187975404981e+01
1.004344924795328495e+02
1.040110994610991781e+02
1.163014696936289738e+02
1.134261956483723992e+02
1.137901765804616616e+02
1.084667688688197842e+02
1.171868593389011437e+02
1.178430139679961002e+02
9.519334549958932712e+01
1.055785216821379464e+02
1.173669840387883738e+02
1.030881151406635752e+02
9.895172984289406770e+01
1.172379716401509029e+02
1.123516885156426923e+02
1.036923157184735373e+02
9.681172303850378569e+01
1.153729248671513972e+02
1.172909086949202191e+02
1.191666784391613589e+02
1.027255467264507018e+02
1.009851311402991030e+02
1.185817770369412614e+02
1.071957311291497490e+02
9.818733222946279682e+01
1.204113257753294306e+02
1.000860585585525229e+02
1.219430503193160007e+02
1.097431271760772802e+02
1.043745171677389862e+02
1.096182159141503973e+02
1.076033357015399048e+02
1.176963362976414942e+02
7.562151529453468868e+01
1.226763116622692706e+02
1.142451305734960414e+02
1.096817603337176763e+02
1.110236298990096913e+02
1.017056684464691614e+02
9.912813504725228597e+01
1.265273603581001396e+02
9.674456327502456077e+01
1.177936404758833930e+02
1.010695843757979446e+02
1.043803280957671120e+02
1.068751891562995127e+02
9.520897928101659602e+01
1.078527182528254684e+02
1.209579628774233555e+02
1.135408491274068439e+02
1.078867069891520600e+02
1.137675577058823677e+02
1.098829688764291035e+02
1.157707787671249520e+02
9.769042260640034669e+01
1.059415839817955174e+02
1.062553200790079870e+02
1.207351397909082920e+02
1.098394867452973642e+02
1.087724435476604299e+02
1.145682282682151367e+02
1.146235926168962891e+02
1.291334581618153265e+02
1.057302863291992736e+02
1.057498531426895738e+02
9.830265494710813812e+01
1.119979190842946366e+02
1.139406448670830230e+02
1.194148199734879228e+02
1.055138542965162856e+02
1.006661007967289407e+02
1.282241236466599617e+02
1.074961777410023132e+02
1.181275371306680881e+02
9.601089997936337284e+01
1.013809935601664591e+02
1.133581342894923694e+02
1.210324758545833816e+02
1.113725957157400757e+02
1.076317027195665190e+02
8.957170840416571878e+01
1.093681276199943397e+02
1.183542579562003567e+02
1.043351616330393625e+02
8.794750502683085358e+01
1.233948687630445988e+02
1.120195127507452639e+02
1.146121207399608437e+02
9.730937961167515482e+01
1.033224103777904048e+02
1.218848479907430686e+02
1.064305500219448817e+02
1.130030303333137880e+02
1.156227574137349734e+02
9.426862171725937856e+01
1.121628668759151708e+02
1.176965795575707716e+02
1.027125234566385501e+02
1.046413039223789951e+02
1.127754145783568447e+02
9.656418059914594210e+01
1.190127370554595387e+02
9.999733390358970553e+01
9.782369039631130647e+01
1.249540764193649096e+02
1.128508637909831265e+02
9.706232574983476979e+01
1.152620925016393301e+02
9.954261812850174351e+01
1.218825122927853357e+02
1.015845749574731656e+02
1.133251761183006181e+02
1.000686590693693319e+02
1.209743790006231592e+02
1.044387658270865415e+02
1.124144825319692700e+02
9.997286483098940835e+01
1.098273179200819953e+02
1.074800816651398634e+02
9.451854686868675515e+01
8.003471890331050531e+01
9.851049191952907336e+01
1.116841177707392490e+02
1.426818697880193554e+02
1.049669931378584380e+02
1.094174425556171002e+02
1.157875916938580758e+02
1.059270812422104484e+02
1.132416110591563125e+02
1.065214727900258680e+02
1.051730895855208701e+02
1.289952003528944999e+02
1.114812782657495376e+02
8.959149376903286566e+01
1.009633741883297660e+02
1.001738042021209623e+02
1.283812209644262055e+02
1.182778276511890567e+02
1.057735737241997356e+02
1.077208800675654317e+02
1.072071580772514494e+02
1.001474119051343905e+02
1.183625078536711328e+02
1.005675600436877630e+02
1.065623187419521543e+02
1.112560688030566922e+02
1.175461147554695458e+02
1.111828380027917689e+02
1.092931472293363981e+02
1.221217639511515358e+02
9.956222221445459297e+01
9.195910110437789342e+01
1.142663304865933185e+02
1.029299426322371573e+02
1.256578190687350656e+02
1.099911664092210088e+02
1.013983910012834002e+02
1.203758953217890593e+02
1.151041544296898138e+02
1.105628482044184011e+02
1.110180823326533925e+02
9.600184745509905326e+01
1.146260934331317429e+02
1.083595084441637653e+02
1.067593119463830078e+02
1.300514536324117216e+02
1.117258692566773277e+02
1.080812543265131325e+02
1.048952172938292193e+02
1.086488954501183599e+02
8.367264714134252301e+01
1.096710341772726025e+02
1.718015221415394365e+02
9.958668089631365206e+01
8.634783394728330563e+01
1.048683908797729174e+02
7.417783557471437916e+01
9.209925852423756965e+01
8.325982606597301583e+01
1.194230417696395250e+02
1.397023786235706666e+02
9.390444296437000560e+01
1.212512946403132759e+02
1.054677863718876267e+02
1.064785729719526586e+02
1.209618498772456405e+02
1.000281188969217112e+02
9.898056068689083986e+01
1.189161326033989070e+02
1.154071002898201073e+02
9.965312824138564451e+01
1.035369563195167188e+02
1.179360272175885456e+02
1.242185511121717099e+02
1.057711859883768284e+02
1.207778810988882725e+02
1.121098914294806548e+02
9.749587552813279956e+01
9.225290700704204028e+01
1.063151004607112782e+02
1.133433009300552214e+02
1.345189552903288188e+02
1.039679340336315931e+02
1.095182485358536013e+02
1.254254451334553693e+02
9.948669619832058686e+01
1.068233879697553022e+02
1.188736856212133972e+02
1.057181542465698669e+02
9.644221486500768492e+01
1.162214336622982103e+02
1.143049796641639801e+02
9.512933039470377139e+01
1.008287037112309434e+02
1.122793460572428756e+02
1.190855455009200199e+02
1.475787354828145226e+02
9.391125050945220210e+01
1.006300658473094671e+02
1.033500932935923231e+02
9.867853233470590624e+01
1.105643739581755085e+02
9.973875882767598000e+01
1.158977463783707265e+02
1.155159959183064444e+02
9.773010044656351170e+01
1.244336160094424457e+02
1.029706058377576028e+02
1.092843971005552675e+02
1.027588184002920002e+02
1.168183811925419775e+02
1.168695442687790660e+02
9.389692136526407751e+01
1.176111639700635294e+02
9.235646769985740434e+01
1.022044247492688811e+02
1.097397986890023986e+02
1.113526369536642306e+02
1.088979297083672861e+02
1.265856898945035169e+02
1.255502623701020326e+02
7.839023273808599868e+01
1.072054832872906047e+02
1.140964595570640796e+02
1.141462937389318455e+02
1.124759199483368661e+02
1.075459264162507509e+02
9.999332795717620570e+01
1.202271550362705312e+02
1.146606449514195134e+02
1.063711190056297795e+02
1.083746704855536507e+02
1.008591069430141403e+02
1.121132274167896696e+02
1.110158887070007410e+02
1.054498285623499640e+02
1.178815717435108610e+02
1.092644330165154116e+02
9.969568126151092713e+01
9.460368239573804772e+01
1.218273322162100527e+02
1.076830747829578314e+02
9.932220067636279737e+01
1.041549155005599232e+02
1.176482827502395025e+02
1.069347292838520502e+02
1.011356794933631704e+02
1.053645165727284478e+02
1.054846379215599654e+02
1.210945057402598053e+02
9.462436234930204648e+01
1.116691351780574735e+02
9.445589404760011121e+01
1.221600208305978015e+02
1.124230211973169418e+02
1.154727569765910005e+02
1.073921385575159775e+02
1.167929713383002053e+02
1.151977259239454128e+02
1.296097851878766676e+02
1.136856546316767265e+02
1.018574393077064002e+02
1.086913289058489198e+02
9.004455794415808612e+01
1.122384972670696754e+02
9.817332373718514305e+01
1.086845547461741006e+02
1.223936673490618716e+02
1.345446955817548371e+02
1.042615066833136979e+02
9.163380471960137186e+01
1.354334643928398521e+02
7.800292055353831699e+01
1.282362431451126952e+02
1.066769698071416315e+02
9.313923111238743502e+01
1.085345157322234115e+02
1.013795853370042863e+02
1.055249709888043128e+02
1.232137421431966686e+02
9.582147893913182202e+01
1.148912609913555087e+02
1.121030383390477709e+02
1.115293813269435503e+02
1.077026777711893715e+02
1.102590093074753952e+02
1.121976943287791642e+02
1.042843036811801483e+02
1.108889551574562802e+02
1.101176039288354787e+02
1.165459332641276120e+02
1.102572381557342140e+02
1.059451723844998270e+02
1.055451084523868417e+02
1.077955726914643435e+02
8.963143085026554502e+01
1.108295462633258666e+02
1.142123599468823016e+02
1.247996327915150232e+02
1.042888616936158996e+02
1.115502752232768415e+02
9.775700146266549950e+01
1.048624943094602173e+02
1.092335550563090152e+02
1.199930773642177826e+02
1.064937701517036999e+02
1.152721270400127196e+02
1.121679774971830028e+02
9.845684473096507361e+01
1.032970601496694343e+02
9.941424064147484785e+01
1.034860554118806988e+02
1.077114237127807144e+02
1.066485749246632082e+02
1.187805690801866234e+02
1.180933982054312992e+02
9.381541896249991908e+01
1.114741682322577105e+02
1.230493101704852563e+02
1.072557724599590472e+02
1.096217166293437089e+02
1.096254551481033133e+02
1.168858401081346585e+02
1.114346203679318705e+02
9.575926883264067158e+01
1.132763420002707733e+02
1.130425502153813540e+02
1.045013504013791561e+02
1.088918863932971561e+02
1.051702281723693631e+02
9.991981398066067754e+01
1.107378715937079932e+02
1.172618055484822435e+02
1.134916515977256637e+02
1.030325048517289872e+02
1.079113117707008200e+02
1.121605579717431738e+02
9.841762102422072189e+01
1.367403388980106627e+02
9.402597570411514027e+01
1.003202518611974199e+02
1.007638282447309592e+02
1.074554157168476252e+02
1.210667562327885634e+02
1.064737937450529586e+02
1.181597329816413406e+02
1.049999330471620596e+02
1.132950463367208300e+02
1.083225896106674071e+02
1.218424629615424806e+02
1.142179303804194745e+02
9.355869300568511449e+01
1.080702383932563038e+02
9.721415531118741171e+01
1.079201832606508873e+02
1.099746698671291369e+02
1.105996694487607499e+02
1.215840844653734223e+02
1.251440130326386964e+02
1.038073667413065237e+02
1.141053833835528764e+02
1.027451546902363617e+02
1.160358698256018783e+02
8.319564348959868028e+01
1.016391463250987641e+02
1.098823375045624431e+02
9.956752850103355001e+01
1.266883733992019359e+02
9.433267345108521340e+01
1.202723511437664996e+02
1.041556313656888335e+02
9.565797788701011939e+01
9.139083657273094730e+01
1.019269849458426194e+02
1.067607943603764227e+02
1.477501940455942986e+02
9.514476595766934963e+01
1.092112008359407866e+02
1.073028317153433733e+02
1.211503688834181673e+02
1.246723198309039731e+02
9.837846204122708116e+01
8.994129004892066348e+01
9.945625768035758085e+01
1.193390252366156830e+02
9.518522576895807674e+01
1.192765469921901058e+02
1.257764841132244413e+02
9.772634812045194508e+01
1.323475196451046827e+02
9.902234705295337847e+01
1.008952751134378047e+02
1.066324608848433115e+02
1.165760687445568777e+02
1.160747526450454927e+02
1.153466023832813647e+02
1.029391572114853233e+02
1.033877939277518436e+02
1.031122578308465734e+02
1.157771851989568148e+02
1.194335444376100668e+02
1.192413907692641857e+02
1.154825754250040006e+02
9.373052848534537418e+01
1.139674427329394888e+02
8.929756065248641050e+01
1.194924753530680448e+02
1.090694907750485783e+02
1.080898285223348267e+02
1.027016274338745063e+02
8.170978682300277285e+01
1.025236031136858799e+02
1.088297387034678678e+02
1.239772191323999948e+02
1.237682572265211292e+02
1.131778490572390865e+02
1.269193827342459713e+02
1.048409280675502941e+02
9.534984298211301734e+01
9.271687868404897870e+01
1.179926105210698637e+02
1.119529837933713736e+02
1.116095067191886301e+02
9.966330020443416515e+01
1.092317096471732185e+02
1.103132223051230483e+02
1.108810414438569580e+02
1.146770772085642989e+02
9.288393549050634590e+01
1.057903349873366352e+02
1.103118340131715200e+02
1.084458810921971832e+02
1.161297063824985827e+02
1.155693928822038288e+02
1.239364061323100401e+02
7.069504073214677931e+01
1.143810431398296998e+02
1.216574684328745946e+02
9.757349075067192246e+01
1.076550405851262582e+02
1.116280082384324146e+02
8.426645947983401186e+01
1.232661768560871138e+02
8.663619772120409834e+01
1.219388854504980060e+02
1.145994595670725147e+02
8.465119121761581766e+01
1.038612997978006121e+02
1.105069512543102377e+02
1.220974520954398912e+02
1.178663356041304411e+02
1.121319680609556713e+02
9.508121448180681057e+01
1.203279537027745363e+02
1.048056675962929205e+02
1.020916211028049645e+02
1.056252325352421053e+02
1.237669758391935062e+02
1.108941750514203761e+02
1.131735377976879420e+02
9.599995653437463261e+01
1.156471343515475922e+02
1.085926030986670980e+02
1.107261377453576898e+02
1.260213552074737464e+02
8.432591823235864581e+01
1.403734018153290606e+02
1.021752243254626222e+02
8.175969633231636635e+01
1.201474472329888528e+02
1.076725174838176571e+02
1.073033031393874808e+02
1.066945617870030105e+02
1.060063414225017056e+02
1.119186039760538733e+02
1.168529227356421103e+02
1.188537350167243716e+02
8.612295216890477434e+01
1.144918875960653253e+02
1.226399598070910173e+02
1.109966945270784038e+02
1.007801818290415383e+02
1.209057543566159723e+02
1.053562742834822643e+02
1.121266783182772997e+02
8.912162743944720944e+01
1.091939250581076664e+02
1.187406954471622385e+02
1.072261088341973050e+02
9.615959170060556005e+01
1.237758252847325053e+02
1.065620295303787941e+02
1.020511877878758469e+02
1.198794130758088698e+02
1.114012784300591221e+02
9.924711861929658596e+01
1.045185139359505797e+02
1.201686029141316681e+02
1.207054888782174942e+02
9.764074844767671379e+01
1.029201261792740354e+02
1.134629187738659084e+02
9.291651677556657773e+01
1.039313688399606406e+02
1.072635589947401655e+02
1.328838618497315736e+02
1.256684694629958301e+02
1.127410622730831875e+02
9.475993884461988159e+01
1.324604682314149784e+02
9.696231871647316325e+01
1.019233947296161631e+02
1.127261866336992426e+02
9.121864894238230193e+01
1.052435293038296749e+02
1.473505594952322895e+02
1.036069322317176926e+02
9.745002579725418457e+01
1.031713032097468528e+02
1.298158419731560400e+02
1.161675204854093266e+02
9.809932138291429737e+01
1.021101666661223106e+02
9.904607483327336581e+01
1.086489681794655979e+02
1.346874238263772270e+02
8.606490738240295002e+01
8.013242845930490432e+01
1.008930133460292495e+02
1.246471036102552716e+02
1.271600362320348410e+02
1.058445325544697084e+02
1.081077665244012991e+02
1.302696978492415383e+02
9.489764799778824056e+01
1.056253903169429122e+02
1.117280128809394313e+02
9.281977632683533841e+01
1.397670222722342430e+02
1.074119267433502500e+02
1.160013479457463177e+02
1.231260650045691705e+02
9.884780927044315035e+01
1.126163515569914182e+02
1.160805189348509145e+02
8.448664308671402523e+01
1.140724476166144115e+02
9.982254096195951831e+01
1.034412099326015237e+02
1.095535823448113888e+02
9.998188650535237798e+01
1.302765619217690869e+02
1.156500376635204219e+02
1.035404933012339654e+02
1.049760728585497560e+02
1.196305068989012170e+02
1.169013626255361942e+02
9.640570085186068638e+01
1.152353709016156245e+02
1.188596023235268291e+02
1.129772472618679018e+02
1.061104951499251001e+02
1.287912898128904260e+02
1.173640571523563381e+02
9.755901254221602414e+01
1.021981638519565934e+02
1.085001521274358538e+02
1.285098658274673653e+02
1.121438669316812167e+02
1.070788093505196628e+02
9.840888061969623379e+01
1.223788192085199000e+02
1.024053535075494921e+02
1.000587264465062276e+02
1.032282531790178979e+02
1.159638193583201513e+02
1.122512040978945578e+02
1.220411202088054381e+02
1.041432594347525651e+02
9.234129579003422350e+01
1.129302775910183527e+02
1.276221912231190743e+02
9.189747307210812721e+01
1.139950450976715786e+02
1.182654003598412942e+02
1.143808776920106709e+02
1.040647570997906399e+02
1.060105056323342581e+02
9.825509607533906831e+01
1.059874329063795102e+02
1.072278935208034483e+02
1.001145994092754847e+02
1.135261817488233760e+02
1.070560714111862666e+02
1.211526416007245217e+02
1.085132119025228263e+02
1.074825908724547219e+02
1.213286660567594453e+02
1.086342503072213788e+02
1.338693383601649316e+02
1.074349384970138317e+02
1.022590185725774177e+02
9.636170678257411737e+01
1.189692103643259884e+02
1.196782869199260375e+02
1.199676622458624280e+02
1.116242778314762347e+02
9.611741470329137371e+01
1.053021184280697327e+02
1.032098357023543542e+02
1.212254580599155673e+02
9.651936994776372103e+01
1.126897494853519532e+02
1.000771800184976712e+02
1.169751738482788426e+02
1.167343082830506660e+02
1.114136257936356458e+02
1.172568802323848303e+02
1.136860808832972936e+02
1.090713536183858992e+02
1.118030792180709909e+02
1.075891982135033373e+02
9.485713566640868066e+01
1.085909063779364203e+02
9.960506481442178028e+01
1.041810312290531755e+02
1.319722467593809085e+02
9.609006509071751623e+01
1.139386871756282744e+02
9.919958061088705392e+01
1.019836512582223946e+02
1.143610983364223301e+02
1.023164610276952118e+02
1.159271128632532424e+02
1.106834100071579172e+02
9.400483207129990149e+01
1.047522284602591185e+02
1.240684209956801567e+02
9.075818539690614273e+01
1.051599516025383423e+02
1.024273510689785240e+02
8.708690202891907006e+01
1.126927728220087914e+02
1.064537332889900796e+02
1.082356963295786869e+02
1.178361243730545311e+02
1.197942701559772445e+02
1.083129714388581277e+02
1.258452766253514028e+02
9.462312529826996865e+01
1.067104727955912153e+02
9.766252751285985312e+01
1.199516636808527466e+02
1.122421910579461155e+02
1.264092267910621814e+02
1.030674413105897287e+02
1.091136987820076882e+02
9.688933459183513719e+01
1.042268918100466806e+02
1.133522090772741109e+02
1.135296572927806835e+02
1.117026573022552327e+02
1.077196077494386941e+02
1.026072449810850316e+02
1.303941602032998901e+02
1.041198295413404082e+02
9.788945046863358357e+01
1.114571351852445389e+02
1.065307355687277067e+02
9.250644081659879703e+01
1.015023431050256022e+02
1.231202059850803181e+02
1.140700212562326641e+02
1.135650489182686869e+02
1.015581130689248113e+02
1.107008672779654432e+02
8.343266632630050594e+01
1.109459735985913511e+02
1.133317574197619564e+02
1.292509241078282400e+02
1.084199192061622767e+02
1.158794956079691900e+02
1.073871009886076280e+02
1.146490662840865014e+02
1.037397141725337661e+02
1.158155220253581064e+02
9.622439030159040385e+01
1.316226433073568103e+02
1.049775326976834435e+02
9.715653447710475632e+01
1.205121588669653079e+02
1.153905886016503786e+02
9.878199234996436928e+01
9.702539815857777228e+01
1.136858353528110541e+02
1.122595551401251299e+02
1.268640883025421289e+02
1.028491031006449106e+02
1.039293157559524730e+02
1.009273620086824366e+02
1.136175552447879369e+02
1.065576870728811087e+02
1.066455777567806393e+02
9.639142501609619273e+01
1.262873898019268069e+02
1.220358617967592920e+02
1.006397021414002211e+02
1.069530681917709103e+02
1.202506949467112065e+02
1.238154732035578576e+02
9.511920184221376928e+01
1.033114090874988875e+02
1.088975854651391160e+02
1.152662166674282815e+02
9.687505933219131293e+01
1.002256161469131825e+02
1.268250938034128836e+02
9.882771611162870329e+01
1.334275767018872614e+02
1.082939673647218797e+02
1.014622699184845942e+02
1.177749960151969759e+02
9.841866023494024773e+01
1.055280799062796859e+02
1.274583614397063371e+02
1.051204810920620076e+02
1.216316433376522923e+02
1.056261973122924047e+02
1.121751269251685130e+02
1.045596447599180721e+02
1.085648478791281519e+02
1.021432856710013937e+02
1.102921610888942041e+02
1.165138261833129718e+02
1.117003889995231560e+02
1.177811986936930992e+02
1.110528804284508908e+02
8.739623249532913007e+01
1.256833002867860785e+02
9.580175287132347250e+01
1.241027806172905485e+02
1.141585424716938206e+02
9.052086382043890467e+01
1.066373570106671451e+02
1.120543391834376195e+02
9.960247443411930135e+01
1.136801306405161398e+02
1.034792430378251709e+02
1.132026716314048116e+02
1.136169947833885630e+02
1.222153033439778937e+02
1.102478225332852020e+02
1.104203570035578394e+02
1.039646219564084078e+02
1.056468619833570699e+02
1.024374897936855717e+02
1.100322467029396876e+02
9.983229267625692671e+01
1.028032563095372609e+02
1.216916216248357330e+02
1.104738602911243390e+02
1.099266471847923157e+02
8.439361669638135766e+01
1.203751015500139943e+02
1.043026885708461720e+02
1.143490259531617994e+02
1.282353418827018174e+02
1.046887630181172568e+02
1.127152333563443847e+02
8.934015295049290728e+01
1.369011639223863313e+02
1.183213928000532462e+02
1.094040289814884801e+02
1.067025921678381906e+02
1.280866766377493775e+02
1.184410377788646258e+02
1.063624626159464412e+02
9.496164234713120322e+01
1.093629242351533293e+02
9.857493586492104498e+01
1.066794992377284927e+02
1.116204269595636305e+02
1.110458162560592399e+02
1.184260795910386435e+02
1.334864343119617729e+02
9.016949605336280626e+01
1.169999359053282006e+02
8.983347296974250185e+01
1.087149658308048146e+02
1.002907367343850069e+02
1.137176750645132017e+02
8.186996117841015064e+01
1.364002682417366259e+02
1.054572300029817598e+02
1.020101808486457315e+02
1.125774124457304595e+02
1.084417609429840041e+02
9.658551871843309300e+01
1.291645537206620702e+02
1.169820114212535884e+02
1.033623052833967790e+02
1.030709522879076729e+02
1.244894471123146218e+02
1.053257606575174776e+02
9.319673944729328241e+01
9.027599273960230164e+01
1.413810566629918810e+02
8.699826196750579754e+01
1.278640479447652467e+02
1.213360508686134125e+02
8.985320963957346407e+01
9.687736116495757699e+01
1.068433253648634320e+02
1.046930747547808664e+02
1.135299189394463610e+02
1.204176235584090051e+02
1.119170420751585624e+02
1.122851544909862298e+02
1.146490794687252759e+02
1.162084691287496128e+02
1.028912598686917619e+02
1.179910681079768722e+02
7.908525131033496791e+01
1.198430923471298541e+02
1.218972801839331623e+02
1.254381041588487307e+02
1.075862556944713475e+02
1.004449048143813741e+02
9.501186712768162579e+01
1.004987421863582711e+02
1.038264722661268564e+02
1.042332872375076818e+02
1.122799857024080694e+02
1.063469539746899670e+02
1.217073521523868891e+02
1.070446915305075208e+02
7.858988588835534017e+01
1.645825942798441304e+02
8.327050641957973198e+01
8.599399745344456392e+01
1.211046107773281051e+02
1.048603181565599982e+02
1.375219873077315071e+02
1.039647438021087993e+02
1.060410543963925249e+02
1.079711915214761433e+02
8.668808459355126672e+01
1.127278029684936911e+02
1.078429910452736209e+02
1.079929687943300962e+02
1.263567900357550116e+02
1.057668254075613845e+02
8.732858755409789353e+01
1.168569208008063356e+02
1.172354924008026842e+02
1.200419969439181358e+02
1.067301773273930792e+02
1.111199181706207781e+02
1.177145402211932179e+02
1.228936162440493121e+02
1.043066982720500988e+02
9.529339087397701746e+01
1.020070290047938073e+02
1.220693469508047855e+02
1.131224653969529328e+02
9.867084910016644983e+01
8.785677579725806652e+01
1.311382153808911823e+02
1.006511913198318524e+02
1.293676883147859655e+02
1.086949881326875698e+02
9.608572744936182630e+01
1.067251128659746087e+02
1.096715382631548437e+02
9.985369719161046476e+01
1.142329566666112726e+02
1.110739228989579033e+02
1.140507512800456169e+02
9.170999309229119945e+01
1.104410076177074842e+02
1.085637992334057316e+02
1.154120356079028085e+02
1.154297016054626113e+02
1.130099703019595268e+02
1.360890712131864291e+02
8.774383049587447658e+01
1.004229148808847754e+02
1.168066691269380470e+02
1.113750126889673027e+02
9.622629222414605010e+01
1.040341029755341964e+02
1.478400387185704687e+02
9.238750758089581439e+01
9.199378833124339394e+01
1.097635418999097112e+02
1.083800128737419612e+02
1.102669396319927984e+02
1.151980057138200948e+02
1.163793866209401529e+02
1.065491537289058215e+02
1.117350848690687997e+02
9.565617600364178941e+01
1.061574755128764025e+02
1.015867874264286002e+02
1.230293856677865847e+02
1.299490799877439429e+02
9.591861918503411744e+01
1.027216531020390562e+02
1.137852322603349648e+02
1.041089408867069181e+02
9.818033236457085877e+01
1.161786217409737958e+02
1.186590129285897888e+02
1.034840318180819310e+02
1.260278015502395021e+02
1.047172785109905675e+02
1.138628738810678982e+02
1.035182864284354025e+02
9.257962672649998126e+01
1.163528222819036131e+02
1.279331381114097610e+02
9.265803535151923143e+01
1.214021547217539307e+02
1.104194893545152212e+02
8.651863815608295738e+01
1.205915992051546937e+02
1.190414603098750774e+02
1.112412755026188904e+02
1.188632546296961152e+02
1.013304424224014326e+02
1.131684921867411902e+02
9.415926008487684840e+01
1.148261958693211682e+02
1.148051513766359335e+02
1.033767398518278782e+02
1.040221013309003411e+02
1.258815869575008151e+02
9.510557843919902155e+01
1.117043801164313095e+02
1.150476036144224850e+02
1.069788733008278427e+02
1.105850314904980110e+02
1.041951654581482813e+02
1.120027726585541785e+02
1.074252251052874811e+02
1.117178640346025418e+02
1.088356657070909534e+02
1.047957463816709378e+02
9.948629978188127154e+01
1.119647965333521995e+02
1.201326321431204462e+02
9.778835498853828767e+01
9.998466527771292078e+01
1.381791287182045096e+02
1.141586188303416094e+02
9.697872542474991064e+01
1.090810494266617923e+02
1.008970182655921519e+02
9.591066523695749879e+01
1.058159886215427861e+02
1.100486346511280544e+02
1.081378519699551362e+02
1.310127207907366369e+02
1.142977676347133524e+02
9.825233145984492467e+01
1.167329676277516199e+02
1.089192617055871466e+02
1.128676250797522727e+02
1.037869437620116315e+02
1.212326654474590271e+02
1.190918775203445108e+02
1.108833885969412165e+02
9.593859023352536042e+01
1.001019945138376954e+02
1.115273138227939427e+02
1.147998149590942916e+02
1.217990472065892504e+02
1.007257443665182137e+02
1.077395261050640727e+02
1.018887286291910215e+02
1.235516247779669214e+02
1.146497141939174327e+02
1.157388821967376202e+02
9.896280624487452826e+01
9.983747989562419889e+01
1.264055572082994985e+02
1.050707768811887632e+02
1.091123522607241938e+02
1.106871600359036591e+02
9.657089998203218784e+01
1.077170859608449689e+02
9.485159240464228958e+01
1.010103919800610441e+02
1.339595872516626969e+02
1.100333036430791509e+02
1.113472241962508775e+02
1.042252822134529140e+02
1.008713271704104812e+02
9.355956575547691045e+01
1.267339165282148343e+02
1.038040117386902352e+02
1.152266663452132320e+02
1.127369085657006593e+02
1.102276751369622190e+02
1.028476336594606835e+02
1.031974762074478349e+02
1.208934642861011355e+02
1.081749874755670362e+02
1.100353372193863493e+02
1.138829920103412263e+02
1.061407911087602969e+02
9.820748592024824575e+01
1.156525665337356941e+02
1.030925071112507112e+02
1.188338696493079425e+02
1.345822300735632098e+02
8.853756175756443270e+01
9.565640494574465436e+01
1.013018023034778281e+02
1.204655766316241170e+02
1.111711063205176373e+02
1.068660160194187370e+02
1.033039121701914240e+02
1.067477031146366642e+02
1.047180282357281271e+02
1.188942846975449044e+02
1.149964285504185000e+02
9.565477710625194163e+01
1.230144432726804951e+02
9.564725532597181257e+01
1.012475160565210075e+02
1.063807551246189433e+02
1.136997965010119742e+02
1.161539130680841794e+02
1.047847748982730849e+02
1.071958226886553263e+02
1.080693076032712270e+02
1.265149396595863607e+02
1.192658785266459915e+02
8.954532178403391640e+01
1.171297968293682032e+02
8.528958483606577090e+01
1.110027281115461193e+02
1.115015127261860926e+02
1.239336958811500864e+02
1.104174495216557972e+02
1.098573283858322611e+02
9.655897221528776697e+01
9.771516857928335753e+01
8.190670750294501090e+01
1.143750860799136433e+02
9.924490915056787799e+01
1.244752003195718686e+02
1.301087236865247121e+02
1.006450760992629085e+02
1.063680370332339464e+02
1.227243178731253295e+02
1.059370069419761649e+02
1.165166469073333957e+02
1.027869573766494256e+02
9.455517053187841725e+01
1.057268921790450804e+02
1.239710896300049683e+02
1.113805734718561240e+02
8.339755008841741812e+01
1.105979461520651341e+02
1.260053210836682780e+02
1.182351922500109822e+02
1.091871887523490159e+02
1.082195442264836913e+02
1.039992918077712432e+02
1.153019681902169964e+02
9.348505970557006606e+01
1.072780719913995000e+02
1.249728792250151344e+02
1.112268882527445015e+02
1.177710828720573346e+02
1.027322126301502436e+02
1.045724897109876395e+02
1.085222971276528483e+02
1.021955482836055751e+02
1.219779984394756838e+02
8.913434970997469975e+01
9.741433989104143620e+01
9.549750887029298951e+01
9.057098309225045796e+01
1.521388732359990854e+02
1.158933941793118123e+02
8.802569268571751593e+01
1.003218357144359771e+02
1.271656362019355555e+02
1.142419841028151808e+02
1.245672500874365625e+02
1.009655911351454733e+02
1.125884381138991870e+02
9.316389153381609844e+01
1.031889610538596145e+02
1.064193788094580242e+02
1.103179432473614696e+02
1.052741024836562644e+02
1.084377082128092695e+02
1.042123935026473305e+02
1.192849581672876269e+02
1.042872187002294311e+02
1.117540227350797721e+02
1.223394508702841392e+02
1.001163870914953975e+02
1.055345855666534760e+02
1.099961262479174735e+02
1.066654277942003262e+02
1.129053995425602324e+02
9.610812394493737543e+01
1.223005388718167410e+02
9.313720812769622626e+01
1.011012781670949181e+02
1.088047799606787152e+02
1.281509867680108243e+02
9.435276454067162888e+01
1.022439321130737397e+02
1.347377162370210897e+02
1.048046660390100158e+02
9.597733400034755391e+01
1.095509137892884581e+02
1.074383712357129639e+02
1.120128927968113715e+02
8.397225518215266504e+01
1.013802747374868858e+02
1.105895388753200308e+02
1.143383796104087509e+02
1.282554981215967587e+02
1.109597301877408739e+02
1.205589129914768591e+02
1.049171866335921237e+02
1.194274713330701587e+02
9.810060910534355116e+01
9.740773951524417384e+01
1.085820150196041851e+02
1.169432318846535992e+02
1.038779332786666174e+02
1.039915402474327237e+02
1.139062036987011766e+02
1.098878964910317961e+02
1.034222305407901956e+02
1.056024133440979256e+02
1.221949490189492735e+02
1.143090163684085496e+02
1.107508115555689443e+02
1.009240346539786088e+02
8.743084241737737727e+01
1.113419498218319177e+02
1.120374932813823818e+02
1.122883753928928030e+02
1.070354036217973857e+02
1.214550018132895701e+02
1.104111783230356423e+02
1.215697480726420281e+02
1.177958687613565445e+02
9.918025195848574072e+01
8.860900540870284203e+01
1.119274944546028649e+02
1.131977265772857066e+02
1.171231366990729725e+02
1.106316725553899971e+02
1.113933059644658385e+02
9.651310276254420728e+01
1.057410229716590351e+02
1.146413660839851474e+02
9.124554893077942097e+01
1.245993950948328575e+02
1.047889491245781812e+02
9.927976477708996583e+01
1.218052184029604490e+02
9.651926437378460832e+01
8.975390365780462787e+01
1.231276399125381147e+02
1.074344033708779165e+02
1.267122415974246366e+02
1.268953013764282218e+02
1.145141083014847112e+02
1.067977804287575623e+02
9.897015922390001208e+01
1.058832827765901072e+02
1.006191182827802066e+02
1.054892558894934353e+02
1.179751742721533105e+02
1.128378752631736006e+02
1.204096573667649324e+02
1.126287390059087983e+02
8.665292434826602630e+01
7.874586426201346967e+01
1.304624381053129412e+02
1.231246547784657253e+02
1.121507316309810989e+02
9.262106998959843907e+01
1.050592329874911144e+02
1.164444492341551012e+02
1.067689673477355825e+02
1.072006226379064913e+02
1.087251692182385767e+02
1.243063657530242381e+02
8.876138973677254285e+01
8.801930367078949757e+01
1.026497321136636316e+02
9.364792785741309444e+01
1.042000291350186387e+02
1.097818664828233182e+02
1.082015698875214724e+02
1.197851372897550846e+02
1.132638112144344262e+02
1.013124936429223766e+02
1.062289005703709392e+02
1.093108055452298117e+02
1.009484241414738079e+02
1.124894719978929061e+02
1.134330381225830564e+02
1.134539760311290877e+02
1.309308274713555136e+02
1.025532609980778460e+02
8.961091934677308757e+01
1.044944283488202643e+02
1.205650248745893549e+02
1.056696696157786874e+02
1.184482008408627252e+02
9.460267211832427847e+01
1.291132438572809917e+02
1.010874318887078260e+02
1.028063165553546696e+02
1.058933776544601812e+02
1.110262196528888836e+02
1.385186771111314954e+02
1.087433512868532546e+02
9.497669441227904485e+01
9.127711008732264020e+01
1.021238601518726057e+02
1.216351862025889545e+02
1.132684022163131345e+02
9.191851264483429418e+01
9.905910369890118261e+01
1.140499296877294029e+02
1.184619503457652598e+02
1.073235175888233641e+02
9.287184863935466694e+01
1.013940461708930769e+02
1.217253066696028156e+02
1.162347000926957463e+02
1.119642875937491908e+02
1.113714668026303372e+02
9.391746877647270253e+01
9.057355990694242109e+01
1.107944116079497689e+02
1.269344671802184905e+02
1.152718370786259214e+02
9.988320093952836487e+01
1.198248525194515963e+02
1.124370260834021309e+02
9.611336836309084219e+01
1.210812882761171352e+02
1.072359870174053356e+02
8.833015794420667532e+01
8.473089357783878484e+01
1.208103199686916440e+02
1.105983481047147450e+02
1.042516575279419868e+02
1.182629582880903598e+02
1.086317204135640111e+02
1.050809599700804426e+02
1.098032178941343631e+02
1.211198888319064508e+02
1.100885713822992358e+02
1.140637221137565405e+02
1.005503942528304577e+02
1.091271359925170685e+02
1.058232472875507852e+02
1.141994277252239698e+02
1.153142727161314980e+02
1.108123363288207912e+02
1.180610906488679603e+02
1.173395172220208309e+02
9.701824758776818669e+01
1.074419281039136251e+02
1.217555596420534414e+02
9.298897862167565620e+01
1.025701445318676406e+02
1.067702812908747774e+02
1.098692231232441401e+02
1.095940634605449446e+02
1.086930762720405141e+02
1.182075945328566462e+02
1.256760778295748509e+02
9.973001495803117677e+01
1.178802258350782068e+02
1.186395666453494471e+02
8.117504973271515212e+01
1.142754881443478894e+02
1.195458404991528312e+02
1.037775866782242247e+02
1.223660686623887557e+02
1.161588660978142116e+02
1.117450060767761926e+02
1.001458006576520319e+02
1.007112476787602162e+02
9.195817461249988867e+01
1.030379913182471654e+02
9.755050607676653840e+01
1.130021564865610770e+02
1.244964378822185154e+02
1.175707702709761975e+02
1.105615844679836499e+02
1.115085033183362242e+02
1.082001629461403240e+02
1.039090926009022695e+02
1.074252054701676684e+02
1.150870452419919019e+02
1.036615752157172068e+02
1.087171798872303867e+02
1.156563159123175950e+02
9.525905304886798319e+01
1.119134744377369799e+02
1.188013488669728019e+02
9.735424590435749792e+01
1.194180253621707806e+02
9.603892434242868603e+01
1.160151386928652784e+02
1.200342649862587194e+02
1.069903983600507331e+02
1.014523449402774560e+02
1.051174800800420854e+02
1.034108931653765211e+02
9.448978396626831966e+01
9.981976152445997741e+01
1.446877157334635342e+02
1.023276553496269941e+02
1.172825532260273178e+02
1.248142171196412562e+02
1.018466309761116975e+02
9.598885917505171506e+01
1.088104934844215137e+02
1.102232043948229290e+02
1.187423127345155649e+02
1.033116765108604227e+02
1.346602069903897529e+02
1.216616770035290926e+02
1.026308270113661791e+02
9.602966387295450090e+01
1.075287356566542485e+02
1.077295999156623196e+02
9.385528664042247726e+01
1.280115098841858696e+02
1.201698471183517398e+02
9.454636415861853038e+01
1.252847807614500653e+02
1.182789879825727439e+02
1.087116171217979996e+02
1.053777126686046159e+02
1.025368743294103240e+02
9.041599510541355755e+01
7.837465015384212563e+01
1.313520000489518225e+02
1.261355514481832358e+02
1.080364519466774169e+02
1.188169826929980388e+02
1.295361263399215659e+02
1.136717426566500393e+02
1.052293058337193656e+02
9.998036328737292422e+01
1.280285827831646657e+02
9.715661762683667746e+01
1.119972140329256263e+02
8.440591390686005013e+01
1.248899811963016333e+02
1.156205551674531620e+02
1.115599216575181742e+02
1.117611961450647442e+02
1.165267486477451655e+02
1.056094299166178416e+02
9.999226456509121874e+01
1.105081174283608476e+02
9.551151993898717762e+01
1.290786758290663840e+02
1.107348434747498658e+02
9.362082012313706514e+01
1.138873083711636127e+02
1.164984179455921236e+02
1.014189605234322045e+02
1.210098322943609475e+02
1.112341807756704668e+02
1.134043208232110089e+02
1.025612694683889003e+02
9.676554486637232344e+01
1.148644177383806948e+02
1.184377064530355312e+02
9.659517283174987767e+01
1.069914866134840992e+02
1.201509293320933267e+02
1.049858058880704732e+02
1.034371196473053800e+02
1.205314055826511179e+02
1.169817681309581303e+02
1.010344624538775378e+02
1.188757810422540757e+02
1.099669128068623820e+02
1.062875305068854743e+02
1.321721308902614851e+02
1.047967603219555741e+02
1.200238311499890216e+02
1.091501732633554980e+02
1.030221144806013456e+02
1.026125490717406734e+02
1.135888471269485933e+02
1.258622876021917136e+02
1.049467749830292149e+02
1.070176957417065466e+02
1.179522051970074585e+02
1.104619047431865653e+02
9.516056499437034688e+01
1.248076271634042627e+02
9.932484621639356703e+01
1.011946883622617435e+02
1.096570119992372412e+02
1.327377997854555360e+02
1.123657796442869738e+02
1.019844240967229183e+02
1.206802948907326254e+02
1.088061890973561816e+02
1.134730182924395194e+02
1.044086537621210766e+02
1.048835837125961348e+02
1.028342460112864956e+02
1.160006011794555434e+02
1.025165732428671248e+02
1.032803255264379345e+02
1.138285734244372520e+02
1.074697436643736808e+02
1.134014474371697219e+02
1.074043798117829880e+02
1.167734351288530092e+02
1.079626694870222252e+02
1.147085570063028257e+02
1.035705010429722535e+02
1.053984545526868004e+02
9.043478579397634576e+01
1.147452064127304396e+02
1.068725478108082854e+02
1.047729279047981095e+02
1.266779272316431388e+02
1.119104334844889195e+02
1.015522677330142471e+02
1.285830966610757287e+02
1.026171328262933145e+02
8.831996659999504118e+01
1.090994743375258764e+02
1.216286240408674786e+02
1.318820356960876836e+02
1.004242877776305676e+02
1.020799561833521381e+02
1.129362833021704375e+02
1.033681725679039403e+02
1.023444415716256231e+02
1.185026149681806231e+02
7.977428002684827391e+01
1.370424087673382303e+02
1.015414896282760537e+02
1.015335989336226987e+02
1.082359275066397117e+02
1.064633449507041689e+02
1.142941172506268543e+02
1.123258587026983406e+02
9.023224255374080371e+01
1.172100587944334364e+02
1.144219841694971649e+02
1.044942072838908160e+02
1.164430770704723983e+02
1.048076867009587119e+02
1.167716828504049573e+02
9.687828908193368704e+01
1.149870250907295315e+02
8.915619298466532427e+01
1.189619203314610303e+02
1.182597247792106572e+02
1.089142597986845971e+02
1.003604529411391297e+02
1.148487481417339495e+02
1.050022323633848487e+02
1.000666987808265844e+02
9.712751201934892720e+01
1.280186583961432234e+02
1.079261840511570938e+02
1.132080090618913886e+02
1.084906939073345598e+02
1.136626027317165892e+02
1.077751833199670131e+02
1.075126444580279639e+02
1.054642555353879771e+02
1.135235160457068275e+02
1.154303318676369514e+02
1.076593111591101177e+02
1.046199501834245922e+02
1.055854636001043758e+02
1.191715618510905159e+02
1.032751015326681312e+02
9.151694036304634494e+01
1.168798599476743476e+02
9.236776665044220636e+01
1.261293668002448101e+02
1.220630482623203221e+02
1.025816923122440585e+02
1.122067689475029084e+02
7.701510349282257550e+01
1.021725221038487206e+02
1.137607238906210512e+02
1.146427088205824418e+02
1.274663395365175234e+02
1.040375067093615371e+02
1.017608228343323589e+02
1.083109117352307749e+02
1.154246399127101341e+02
1.041118996791825850e+02
1.287222033097333735e+02
1.021928341124750403e+02
1.001998228728808016e+02
1.028005900970570679e+02
1.057727780915601556e+02
1.164965881714677778e+02
1.196152407169947054e+02
1.128757004663823409e+02
1.109290081071684000e+02
9.092737199612882648e+01
1.036497506877287975e+02
1.022121376947067546e+02
1.254034880811174588e+02
1.209600518026762614e+02
1.191137482176753934e+02
1.154525641313440190e+02
9.386315178089650146e+01
1.036486143528114781e+02
9.979588068296166625e+01
1.176386225091234365e+02
1.074847180667593136e+02
1.133487544655592671e+02
1.072625576906451528e+02
1.197758398229436807e+02
1.016235324188198632e+02
1.060551634019127789e+02
1.154235376845428362e+02
1.044582747591400249e+02
1.255641856826560172e+02
9.538447224213474840e+01
1.184034867102569279e+02
1.072949640220347476e+02
1.107402323300583760e+02
1.078947971572897728e+02
1.150525597090496888e+02
1.056862316213102133e+02
1.134799428152479805e+02
1.062935157532925246e+02
9.981671995946766174e+01
1.098620314889808611e+02
1.206451056496844814e+02
1.093307991100303553e+02
9.563143398348651658e+01
9.550847763224945197e+01
1.253064651425614073e+02
9.066266170398581892e+01
8.579061218103309727e+01
1.266115705504934681e+02
1.124580293250422471e+02
1.099575020134921175e+02
1.024715979120359890e+02
1.094650956336166985e+02
1.088363092812919461e+02
1.149586167217651251e+02
1.020918953651583791e+02
1.177492699612896132e+02
1.218363413513019253e+02
1.081556024455970828e+02
1.096016338020042298e+02
1.081199254415781468e+02
1.118114532638798551e+02
9.349877276902189749e+01
1.163840793518747745e+02
1.232880907655507485e+02
9.917350660579829480e+01
9.740013951507414447e+01
1.197174517242823839e+02
1.014768232982976173e+02
1.250338406557517601e+02
9.784340202201966008e+01
1.174014753411738781e+02
1.087721755784301365e+02
1.111866229457892530e+02
8.733190847438930859e+01
1.182038021235946275e+02
9.551771068580350743e+01
1.000294369705121085e+02
1.082399192350736428e+02
1.119945554938399113e+02
1.222100134767634927e+02
9.755261641508617743e+01
1.091849770534348067e+02
1.090657673842678008e+02
1.109662971554407420e+02
1.248228237626474595e+02
1.045617953852371045e+02
1.288447258898687267e+02
1.087730954951133668e+02
1.082078182334689274e+02
1.050021321643219068e+02
1.144184659209805659e+02
1.035199731718154368e+02
1.199580590675878824e+02
1.180519597750189291e+02
9.501457366885900058e+01
9.747674574274913084e+01
1.211529751947925888e+02
1.133695612410277533e+02
1.007955100545131302e+02
1.020414747465994481e+02
1.164548107075180496e+02
1.163594340735727855e+02
1.048197024615034820e+02
1.228543706895647318e+02
1.041611199301262474e+02
8.953462802548793320e+01
1.029367872647863180e+02
1.059075952059368007e+02
1.001251944033105730e+02
1.133501127427308148e+02
1.081453180500664075e+02
1.121563983456393601e+02
1.151861955846820535e+02
9.406639591331500583e+01
1.209308052648357688e+02
1.180036301385689654e+02
9.868603527439982770e+01
1.136979709799303890e+02
1.086075167902276917e+02
1.199250056523609373e+02
1.005339369153497273e+02
1.116592235913615241e+02
1.024077491519973506e+02
1.209228308730556734e+02
9.422534069460697026e+01
9.614579116473559850e+01
9.561281069943996158e+01
9.210749546223084394e+01
1.183284730997675211e+02
1.350785156485723348e+02
1.045778066795914185e+02
1.133151567632899059e+02
1.027769171536130273e+02
1.238792515326093735e+02
9.363798927754830004e+01
1.159638087273987708e+02
9.927630824756447225e+01
1.055356836447003843e+02
1.259176968909873153e+02
9.903339956287805990e+01
1.109887693480902868e+02
1.046144858479329685e+02
1.083970390519930760e+02
1.152687866295100747e+02
1.164113822370867695e+02
1.102009352907197979e+02
1.057194201495906469e+02
1.049512105682385936e+02
1.030170522131106878e+02
1.145220611476858181e+02
1.061049306501287219e+02
1.017092199479526755e+02
9.794799446407212429e+01
1.135528597702787721e+02
1.234762638551923857e+02
1.195661809872278951e+02
1.075061565158734709e+02
1.229768025302763164e+02
1.236401919894120311e+02
8.833367693585546476e+01
9.091167371215624371e+01
9.928070410858259720e+01
1.123266599430337607e+02
1.108655222273721677e+02
1.024889999624244012e+02
1.046130653638465020e+02
1.235092022451483729e+02
1.010094613466944224e+02
1.194704364080216976e+02
1.222729450559975248e+02
1.154724881081181564e+02
1.189105430825009364e+02
8.314462880651301191e+01
1.228364179415014092e+02
1.223284061709559865e+02
9.352486860944590319e+01
1.193026314115966358e+02
1.133788664453566071e+02
9.956237031948575122e+01
1.079150261125964647e+02
1.048460176534900938e+02
1.067785083899893834e+02
9.161591497146964969e+01
7.713584662204901576e+01
1.080383002483627308e+02
1.157027311930942943e+02
1.033400581929942064e+02
1.022646708480574063e+02
1.248382081827485024e+02
1.033070674470269523e+02
1.015587590543539989e+02
1.029072962559367994e+02
1.135822187328070356e+02
1.008949365132647529e+02
1.099967102986647376e+02
9.342888010091937190e+01
1.267128398643698404e+02
1.096905420778280131e+02
1.105323051501314495e+02
1.029004224420000497e+02
1.118601497105812825e+02
9.895509897689336754e+01
1.086312870079052857e+02
1.212055980516889946e+02
1.123306878437152534e+02
1.026092252035064547e+02
1.210530556007364709e+02
9.753677034490657149e+01
1.030374870868541848e+02
1.130490337922473287e+02
1.188663489338525352e+02
8.836261592627590744e+01
1.048750402356221088e+02
1.060791740475984852e+02
9.245136930910538808e+01
1.216964359529236077e+02
1.225267065587280371e+02
1.040766430300280518e+02
9.962511218650386979e+01
1.271174478375321968e+02
1.037711583137680265e+02
1.117675602706647027e+02
1.343065114088254006e+02
7.784308178409533241e+01
1.120490446890258340e+02
9.023164475189629741e+01
1.141552794066278267e+02
9.872302247474351589e+01
1.047717954759361874e+02
1.331825871513763389e+02
8.870497805889864651e+01
1.091076536694567807e+02
1.108242518901787292e+02
1.193614427095484274e+02
1.095104743888983592e+02
1.142533891841523115e+02
1.129222147181478988e+02
1.088981825051415768e+02
8.752932735918939500e+01
1.146102592542533642e+02
1.039686665977726676e+02
1.128570070428477266e+02
9.880311727449102932e+01
1.134931249423813711e+02
1.117768660896914241e+02
1.422740661904297212e+02
1.079500823946743253e+02
1.028570292179529844e+02
1.128276925511998883e+02
1.062684466691642200e+02
9.209865760582650296e+01
1.322844064512973716e+02
9.198121123326016857e+01
1.113376679337735879e+02
1.091013852338824535e+02
1.286272048924778630e+02
1.046516165696333331e+02
1.091945600954472013e+02
1.133897242422960829e+02
1.143106013128943488e+02
1.091558436849302325e+02
9.329406740526069086e+01
1.152129779287501634e+02
1.108514697215697566e+02
1.077080356574218740e+02
1.056842638095012177e+02
1.182876980499974593e+02
1.023469114226209911e+02
1.187993704263731161e+02
1.016509160066771358e+02
1.110478231535613389e+02
1.040657799154383270e+02
1.129496013638893430e+02
9.678417900004767205e+01
1.001268416300734003e+02
1.297764952467650517e+02
1.143866471960167956e+02
1.055305808104735519e+02
9.981614086285289034e+01
1.273634801851996627e+02
1.005191997648726385e+02
1.050770254610087591e+02
1.084043670011939753e+02
1.203646400591335492e+02
1.087471163890707260e+02
1.034009752476502939e+02
1.126998274520376953e+02
1.032134684319842393e+02
1.020051903312554771e+02
1.120865450651535298e+02
9.368578806004947523e+01
9.974018086557586571e+01
1.278586350180916895e+02
1.196963287873002031e+02
9.715537555412664972e+01
1.123317255572509197e+02
1.088316485739654382e+02
1.072062112677792527e+02
1.098285214883449754e+02
1.192013055793802323e+02
1.041957613709386266e+02
1.116868726874004665e+02
1.217822049925841696e+02
1.180112671788526058e+02
1.378412000962948127e+02
1.003778473921852026e+02
9.318055575359699105e+01
1.079269238379490190e+02
1.050295282506250913e+02
1.104004182984559179e+02
1.032025775776605201e+02
1.158081043964785692e+02
1.005953273033066040e+02
1.172728769682142627e+02
1.032578468366526465e+02
1.220670150331973502e+02
1.254513188421386758e+02
1.036366354596783168e+02
1.008371429631597493e+02
1.186318194187052768e+02
1.114890684009448307e+02
8.981370083709640539e+01
1.233333314465089359e+02
1.111634476628756545e+02
1.234906238979738617e+02
1.093961693516326363e+02
9.525810094406033102e+01
8.828217332660970840e+01
9.285399676629957355e+01
1.041044802338511630e+02
1.423547049958073103e+02
1.251215514061632206e+02
1.104236184287933327e+02
1.051275552509394373e+02
1.045639503077780006e+02
1.073569271473248676e+02
1.019460912546744424e+02
1.142540246832874544e+02
1.043396138654387784e+02
1.116778546119610667e+02
1.218100881621137859e+02
1.023104801731887648e+02
1.017152113009165504e+02
1.123311111514183125e+02
1.077736596482030791e+02
1.078420575206264402e+02
1.023584200722636837e+02
9.731045827522267189e+01
1.283248578581205663e+02
1.223128306159612748e+02
1.001032414974601465e+02
1.309996338874599644e+02
1.078932888105809837e+02
9.711722911363820288e+01
9.306210291079372610e+01
1.265297132101706978e+02
1.057878273135055451e+02
9.587694591170594549e+01
1.184338697191888485e+02
1.049716343408422006e+02
9.875686354080202989e+01
1.018540528487678785e+02
1.189544279259880994e+02
1.282266519352406249e+02
1.015719244156174739e+02
1.088567406339733310e+02
9.465685882822735664e+01
9.483876063053399719e+01
1.417606268500338729e+02
9.953233493057268788e+01
9.762758879845918614e+01
1.294453916932324375e+02
9.998931109896753355e+01
1.050028050263120747e+02
9.349946836589586496e+01
1.093764114845693740e+02
1.243860738845284288e+02
1.075834506692296770e+02
1.147406519866934929e+02
1.037474220163294092e+02
1.047499052651698008e+02
1.118880089378438925e+02
1.112991372176080063e+02
1.214170317225500355e+02
1.027614268497962797e+02
9.285632781877265529e+01
1.117334320991631671e+02
1.273748315483996691e+02
1.053903190131491812e+02
1.185601265445835963e+02
1.145954766044101660e+02
1.113350633363395445e+02
1.103627516829371586e+02
9.267222289046034689e+01
1.066489888235852277e+02
9.853916967747369426e+01
1.054303268993973717e+02
1.145561206597730859e+02
9.518455559606007910e+01
9.542068588218810987e+01
1.363930626111878155e+02
1.053928739333567677e+02
1.456902324991594355e+02
9.898247680919388358e+01
9.992298307181160055e+01
1.060911673330884639e+02
9.577553375157171445e+01
9.823732214920451611e+01
9.595638331742610205e+01
9.836017337410991956e+01
1.127513244500918290e+02
1.132471217199745297e+02
9.813357395379978243e+01
1.105694326989384564e+02
1.166330097299038044e+02
1.015583608784288430e+02
1.237289687378159755e+02
9.973949923603460377e+01
9.911596313137692960e+01
1.256136191529542003e+02
8.911001602839698421e+01
1.285563526683252746e+02
9.061086534104812529e+01
1.046869048534719724e+02
1.014853172176359379e+02
1.160381697337387976e+02
1.085564378231928089e+02
1.024096586404877200e+02
1.141507176701025230e+02
1.130351739379686364e+02
1.010226195343519464e+02
1.142009899466269474e+02
9.466555405310586480e+01
1.016529789870589155e+02
1.197765121763305984e+02
1.204755606464213855e+02
1.017296461420330331e+02
1.006593943589475657e+02
1.235709038297718081e+02
1.252918150257456489e+02
1.038824587380549787e+02
1.023801812935877535e+02
9.763198094287808715e+01
1.157523255612959048e+02
1.254398634106344161e+02
9.726481614138423026e+01
1.085701845407710380e+02
1.112567175633985954e+02
9.474024463010658792e+01
1.044605919071002376e+02
1.143837708949434671e+02
1.012716388583121869e+02
1.088515431010462322e+02
1.115105440948007498e+02
1.156982837723512745e+02
1.132449186535837100e+02
1.190221531622136411e+02
1.010589341817380671e+02
1.152102831772154730e+02
9.488033203670141802e+01
1.092522677698504197e+02
1.321538773425046429e+02
1.086533032815374895e+02
1.109044807492060016e+02
9.637033469899661497e+01
1.029604662537958717e+02
1.011632589680381074e+02
1.076880903040993331e+02
1.110660066110688007e+02
1.232094305976295345e+02
1.152503835409302297e+02
1.104362596770002938e+02
9.534014123689742348e+01
1.201160141670162744e+02
1.134447276256540107e+02
9.815994199646964091e+01
1.000613064515297879e+02
1.120021910533559861e+02
1.064415654063803771e+02
1.108739300625584860e+02
1.315265757120318710e+02
1.216475979489142389e+02
9.338342251137797234e+01
9.834522234632343896e+01
9.371790673026492868e+01
1.165220593088294265e+02
1.033652257672815011e+02
1.018100052568380534e+02
1.173388889706136524e+02
1.066415716444214610e+02
1.100611858689001821e+02
9.714070295708437186e+01
1.224255367517034188e+02
1.200856299611433968e+02
9.077320296097923347e+01
1.168553733426796413e+02
1.057631515106726567e+02
9.184477937596285813e+01
1.129714647673487207e+02
1.143208208148344482e+02
1.024446331296241226e+02
1.080213122594454518e+02
1.217170311671256115e+02
1.184869826271495157e+02
1.062513554686450874e+02
8.856950757780825256e+01
1.134765807169374199e+02
9.238139765854445784e+01
1.019903270131994475e+02
1.168881238697725422e+02
1.194114080323440561e+02
1.049457437218596851e+02
1.073182965504774700e+02
1.029629070348924813e+02
1.116188831601096183e+02
1.101067746375189387e+02
1.285114931204385300e+02
1.096450731310287239e+02
1.199094696770614519e+02
9.972294451521554493e+01
8.894497898734945807e+01
1.065168365306127640e+02
1.054320772123455896e+02
1.082608087371840071e+02
1.157942608887150158e+02
9.885000415075529645e+01
1.076487785287801415e+02
1.112145898397349555e+02
1.171923270294840478e+02
1.167911179198836891e+02
1.048363214705915567e+02
1.165792640229535237e+02
1.100160076517220773e+02
8.048739756008306756e+01
1.211481489425882927e+02
9.172969687158800411e+01
1.306362640545721376e+02
1.223864634361957968e+02
9.673689761184853353e+01
1.135146928434914599e+02
1.120158506711735242e+02
9.653155890463945354e+01
1.079567870464577908e+02
1.141720475394480729e+02
1.092531938036355825e+02
1.161943079632477804e+02
1.237988740038612860e+02
9.591429897517785719e+01
1.024574713351545512e+02
1.059070694653717197e+02
1.104407420889948952e+02
1.185874638056500174e+02
1.263440801021002926e+02
9.472206638822565594e+01
9.109263254324181958e+01
1.101874190185224478e+02
1.061250061989876485e+02
1.292970417033339174e+02
1.201304868742686836e+02
9.924156217388367907e+01
1.105649451093643876e+02
9.845238148953013990e+01
1.125869446399168083e+02
1.145815777265631112e+02
1.057755736705626362e+02
1.060931515692111020e+02
1.111030110647666334e+02
1.083315460788600717e+02
9.646144094005717307e+01
1.269961642359008351e+02
1.092309862507468665e+02
1.044662667748678331e+02
1.219780987705514832e+02
9.328745084802856979e+01
1.052970416245003520e+02
1.149642386101116927e+02
1.158883847299950247e+02
1.174715079061272576e+02
1.086839834455517888e+02
1.098709905304885837e+02
1.109696030285974331e+02
1.076681104784233014e+02
1.033846414813802710e+02
1.009634406744471562e+02
1.229564497163543422e+02
1.102360917276501198e+02
1.015116444897050059e+02
1.055549943672657776e+02
1.096309756967180249e+02
1.080742506061127699e+02
1.213105383429879112e+02
1.159104705451557180e+02
1.240796374421832127e+02
1.084320110494435312e+02
9.706455586296421245e+01
1.154029924914071756e+02
1.238436908822832407e+02
1.035764399663792261e+02
1.225194863550211153e+02
1.063681502665369294e+02
1.104707343546096325e+02
1.115601434766050630e+02
9.763072599993078882e+01
1.073039161043981551e+02
1.203319659181256327e+02
1.114224522756267106e+02
9.547996958771199161e+01
1.024166243331883948e+02
1.033062167127558695e+02
1.252038320141357985e+02
1.128490819717243028e+02
1.072344567261125547e+02
1.073488626416314844e+02
1.110392173173937209e+02
1.052330422456713279e+02
1.131848364300389989e+02
1.081630912669327245e+02
1.290743710161497688e+02
1.132466886159123760e+02
1.096856265761099820e+02
1.007655748022569355e+02
9.165414961210449007e+01
1.034995954519602748e+02
1.265334695786823005e+02
1.073942596297735719e+02
1.069533357971820777e+02
1.074214856446861290e+02
1.039417268573553628e+02
1.087599833844017496e+02
1.089448569927976394e+02
1.283674049224611053e+02
1.107088712499531624e+02
9.724086533388856424e+01
1.018167373347923075e+02
1.059079012703058140e+02
1.198063616715178483e+02
1.275641652355488134e+02
8.296989697411785869e+01
1.141334784986208319e+02
9.798150368430719936e+01
1.113398855826649481e+02
1.155262736806488135e+02
1.067703669326073026e+02
9.428762364262401263e+01
9.865771382438578030e+01
1.270994202394091133e+02
1.236214599279827127e+02
1.046549974645565015e+02
1.165847703460144373e+02
9.458852699867320268e+01
1.139277603513573354e+02
9.451294567936757574e+01
1.184130963129771033e+02
9.667600066308951057e+01
9.711744960748053757e+01
1.100673298676742178e+02
1.191823989328319868e+02
1.128239950528079731e+02
1.186092385618410816e+02
9.807444203293735541e+01
1.001415494346420729e+02
1.116722669645793076e+02
1.163285038690904543e+02
1.076178570318944452e+02
1.114134403934748292e+02
9.791063367311829779e+01
1.102573690118904182e+02
9.769800722601137011e+01
1.189734087923049941e+02
8.234635017820556868e+01
1.352864034700080822e+02
1.000447849449446949e+02
1.088744070027977671e+02
1.336600364966797656e+02
1.066774468492414201e+02
9.708346506025097256e+01
1.113680470862889251e+02
1.003385146746503693e+02
1.013299539768335507e+02
1.107156668247370845e+02
9.618039566377852623e+01
1.045843233044459026e+02
1.101641906538611551e+02
1.205381348809477231e+02
1.117504526831452552e+02
1.111282963760139211e+02
1.224751725762143053e+02
1.023342110337874402e+02
1.116963275047930608e+02
9.388217962258002558e+01
1.110930449725888707e+02
1.152157321153564027e+02
1.112823476930019240e+02
1.091558884225397179e+02
1.018866967280674061e+02
1.141414245315218494e+02
1.086086367725671096e+02
1.069528719658082991e+02
1.003888009030972199e+02
1.219587616374489869e+02
1.140246369240316255e+02
1.007447444399515604e+02
1.194435055781220143e+02
1.123115799606563598e+02
1.020410094337081262e+02
1.085125541183746662e+02
1.033303430138317651e+02
1.188166128929741348e+02
9.380809164339727602e+01
1.080817474689595343e+02
1.198237853243845024e+02
1.085286125392827472e+02
9.281644117374696634e+01
1.357308790199646467e+02
1.062908830209805728e+02
1.028239246655425063e+02
1.244988015583464573e+02
9.835855410886563277e+01
1.080251619068829285e+02
1.230342274369808422e+02
1.201940876370840954e+02
9.574587662076858408e+01
1.126048895338880840e+02
9.456486970887515042e+01
1.094609531643323379e+02
1.281956749446871413e+02
1.083875570959974226e+02
1.040302761649968630e+02
1.041596522898218495e+02
1.000790063496922073e+02
9.768948208302565206e+01
1.220033645813997083e+02
9.723234654389757736e+01
1.115630448513155955e+02
1.288668154650592612e+02
1.009512982863699051e+02
1.132364876593235579e+02
1.098034713349101992e+02
8.601012614568440995e+01
1.003503150532089450e+02
1.125724816593548923e+02
9.968731172154863884e+01
1.062746767975278601e+02
1.125127061727088034e+02
1.231299622567858023e+02
1.271110445376044567e+02
1.003927456103357798e+02
1.011757945755808379e+02
1.019702528669107977e+02
1.151552296265371353e+02
1.094073144296566795e+02
1.167878479878175852e+02
1.059452424043866046e+02
1.016402394679094243e+02
1.218658265424044345e+02
9.839436756390145433e+01
1.099192769406266592e+02
1.049972045483255698e+02
9.571925768738829277e+01
1.008979869691537345e+02
1.111682014499536990e+02
1.240741616602984010e+02
1.144636857234644651e+02
1.242394890241881455e+02
1.134272636438582538e+02
1.057319845617613510e+02
1.015416111706572053e+02
1.035109679281445381e+02
1.070486841394750712e+02
1.160612146983687722e+02
1.140977716120572865e+02
1.138529035827803426e+02
1.065605744606923935e+02
1.237812041146250976e+02
9.838954264807753702e+01
9.454260075040100730e+01
9.251251646442931076e+01
1.178887604365763764e+02
9.782107257909375164e+01
1.091470899929815630e+02
1.184988885046668372e+02
1.180251447875711364e+02
8.914139880077381406e+01
1.178306873745786305e+02
1.215601410181890998e+02
9.945050846923751919e+01
1.175814520352563477e+02
1.081146647638535114e+02
1.146106472155192222e+02
1.162417593065777481e+02
1.071808769626090481e+02
1.052747860062265346e+02
1.100832803240537459e+02
1.027740664485649091e+02
1.107337599017670016e+02
9.754653897362467774e+01
1.101647142721313912e+02
1.058077765083278763e+02
1.112475154054753261e+02
1.069200475730183229e+02
1.157202701013269461e+02
9.023610139661190033e+01
1.241182285769298801e+02
1.186746300835494594e+02
1.125037138982312541e+02
1.034158565814097841e+02
1.006774158572268192e+02
1.004789386083420197e+02
1.007300170900859086e+02
1.089550648644195547e+02
9.871162618534991395e+01
1.279203658322016963e+02
9.772859721623106566e+01
1.020011647503370824e+02
1.176221340906079433e+02
1.092427174896564992e+02
1.008356018497313471e+02
1.235568419779882561e+02
9.214017733217045247e+01
1.081089948822628486e+02
1.183833073649890224e+02
1.011093506952872616e+02
1.369250091444938278e+02
9.372188827913737441e+01
1.313299857905592773e+02
9.341885562343472316e+01
1.221715568439642112e+02
9.879783592016885052e+01
9.635540180041046199e+01
1.117768344317935743e+02
1.323047875225353209e+02
1.033920291425897489e+02
8.589266486408996570e+01
1.152572114028943986e+02
1.071441233122076966e+02
1.068938148282250182e+02
8.806083458448705414e+01
1.051792094986126074e+02
1.319743603978871249e+02
1.044825616747799302e+02
1.117212891840844549e+02
1.107956784506921508e+02
1.211297689312664261e+02
1.141215698913005099e+02
9.727180083738906546e+01
1.048126063263554641e+02
1.101427391721271363e+02
1.088352223822059557e+02
1.023204206675014234e+02
1.010143191455833858e+02
1.180894162423224856e+02
9.744677069216136545e+01
1.005844389166198596e+02
1.315951988325388697e+02
1.112321958577219760e+02
9.565502477134349135e+01
1.199247680331252468e+02
1.157208538665445587e+02
1.178767252942580512e+02
9.253678215599225609e+01
1.294004564614008075e+02
1.105867304801092672e+02
9.937529265439005144e+01
9.854016940444964234e+01
1.080001142590399468e+02
1.106364987397196842e+02
1.071300994067926808e+02
1.264099060700956159e+02
1.175674846426377229e+02
9.346958055252495967e+01
1.174507407654853068e+02
9.303927619634455937e+01
1.151055064147855518e+02
1.244981936933198199e+02
1.039768798746532354e+02
9.596534774223901820e+01
1.092480436350376181e+02
1.074357095933946198e+02
1.107754671795676131e+02
9.921912846493110294e+01
9.821908400974335507e+01
1.258003850008422688e+02
1.137460442938648839e+02
1.048472469060471326e+02
1.150366679664074923e+02
1.129028068319231295e+02
1.105783856986306830e+02
1.139893774348298336e+02
1.002036055389474001e+02
1.315531193548118267e+02
1.146105185296813858e+02
1.049706791986218946e+02
8.807077144332977525e+01
9.731212809372165395e+01
1.027829656084411596e+02
1.127036187951348012e+02
9.262381714266834365e+01
1.184947385061364855e+02
1.275103133522733998e+02
1.133066321684838016e+02
1.103982483399238959e+02
1.013461663637229293e+02
1.065738367683323276e+02
1.050205139785430362e+02
1.202963623540266695e+02
1.229649918094210648e+02
1.232454821231808921e+02
8.423477079252002397e+01
1.170617463082233058e+02
1.119977508012584337e+02
1.034551816983787944e+02
1.177990516049783025e+02
1.012892923618576759e+02
1.042449756460345469e+02
1.333536818519968961e+02
1.030126419703806846e+02
9.831240331704630364e+01
1.280625564664667309e+02
1.057341895280666080e+02
1.102913894928031482e+02
1.091401302990593507e+02
1.052666091732480140e+02
9.330446771224048064e+01
1.323399665752642136e+02
9.815092207092504850e+01
1.200414448165235939e+02
9.415513915624104868e+01
9.521227536094828281e+01
1.056635036577535089e+02
1.189381292787570317e+02
1.230434282517928324e+02
1.120944771914923450e+02
1.028148998473790101e+02
1.128978806064705225e+02
1.036009597362651675e+02
1.016472301166705563e+02
1.305036236772671998e+02
9.657065349097503315e+01
1.078190910255014785e+02
1.248959620885384822e+02
1.049616203140594735e+02
1.098251208210891292e+02
1.013193636114864233e+02
1.089924307098508223e+02
1.046086695304934864e+02
1.269776653284330195e+02
1.199382042458679365e+02
1.106270965890327744e+02
9.845563334933768829e+01
1.142699661448497181e+02
9.811877401436802870e+01
1.217845782446464824e+02
9.784893131858129323e+01
1.215710348047330172e+02
9.890828648401830492e+01
1.070436982069290224e+02
1.162397624722029263e+02
1.033620743572738121e+02
1.057013906257691076e+02
1.221364551690369495e+02
1.132744151523773581e+02
1.350292977069768767e+02
8.526194429060471691e+01
9.426277283031039644e+01
1.128732857184184581e+02
1.169451765864437647e+02
1.076120675897204109e+02
1.191361820923401922e+02
1.123984501108500780e+02
8.395828239150877437e+01
1.065687659729155428e+02
9.689748638783314050e+01
1.220417181967252134e+02
1.386063543513202205e+02
9.751366553658138514e+01
1.274234864739539717e+02
9.544713862141892946e+01
8.860788999372265096e+01
1.008357527065842731e+02
1.092783956316669673e+02
1.112941603144050191e+02
1.069041937750194649e+02
1.054658057701297054e+02
1.213429700974705696e+02
1.209525348539001328e+02
9.747299912720438897e+01
1.147644246596456838e+02
1.126206999933661450e+02
1.095224816198566486e+02
9.854268695233142239e+01
1.069324109252004149e+02
1.115909036508451919e+02
1.231222630711144461e+02
1.287127605372039909e+02
1.017753892675975464e+02
8.436967121015352689e+01
1.060749301600002212e+02
1.167004322884506564e+02
9.480684963984899127e+01
1.251544119999297635e+02
9.771004169811934048e+01
1.105502106185869025e+02
1.026274615249771642e+02
1.188025995140980768e+02
1.114637206914149203e+02
1.162864128857399493e+02
1.080625080885762372e+02
9.946071622875744822e+01
1.160658883412835962e+02
1.208986022709557631e+02
1.004417524945070568e+02
1.014796876365146545e+02
1.009799811283833435e+02
1.158047582110368126e+02
9.636647272389004115e+01
1.159314677026307692e+02
1.036648419615618906e+02
1.208680841361387337e+02
1.202467943825964198e+02
9.942461681794394224e+01
1.125361532353324634e+02
1.171264977708525237e+02
8.944548262643191094e+01
1.050771794141052169e+02
1.039883552177101222e+02
1.277926290120563948e+02
1.118700211669600577e+02
1.176448001138537620e+02
1.162018004443783639e+02
1.027130656382856841e+02
1.073375506435325377e+02
9.948126195709519948e+01
1.117899775413652605e+02
1.191658212280817253e+02
1.173022273509761817e+02
1.142945401540991099e+02
9.265288857356864582e+01
1.119051345707650995e+02
1.018154793861890539e+02
1.145412626060213910e+02
1.196184965437538068e+02
1.110389819053721965e+02
1.135401198163538083e+02
1.047454371863918396e+02
9.486518953228150508e+01
1.274914591042551706e+02
1.047369435334528731e+02
1.041985259542161089e+02
1.070500956498363365e+02
1.252116303948481288e+02
1.321394074369870282e+02
9.348455460268607453e+01
9.705061168014700002e+01
1.055683933955936311e+02
1.073231637097334215e+02
1.116758470770594300e+02
1.141736854436090738e+02
9.646425072442394821e+01
1.205386623217063971e+02
1.012626670860806684e+02
9.552255290574692026e+01
1.427812037497882898e+02
1.161498077797451174e+02
9.121830142566145128e+01
1.102395041498995738e+02
1.092767778929938203e+02
1.022848169604185955e+02
1.058409160831653395e+02
1.172867546047071272e+02
1.028024937670045489e+02
1.187120104117251458e+02
1.047929737105104948e+02
1.054599275542355059e+02
9.723464370728555650e+01
1.351648250159501572e+02
9.896970333191090674e+01
1.091092070410460195e+02
9.895067620064691027e+01
8.969232051269734995e+01
1.085931883629039305e+02
9.777730076795216974e+01
1.299372262006978076e+02
1.226404317543655651e+02
1.100507251477116739e+02
1.014047715762314823e+02
1.172615923811460590e+02
1.144743225627904621e+02
1.015338901379934100e+02
1.126782738560345649e+02
9.687474587737352749e+01
1.110813983142409000e+02
1.143982135699234703e+02
1.197956995780535152e+02
1.073410245000556387e+02
1.073663603338265489e+02
9.316866277270398200e+01
1.278157591267294748e+02
1.051830073131974359e+02
1.034745948739354020e+02
1.384465963048932338e+02
1.095721874281757522e+02
9.264414386097188014e+01
1.136048920850151092e+02
9.796926472735005120e+01
1.047473402532650368e+02
1.102391988380485941e+02
1.017383405030832080e+02
1.193404199909951444e+02
1.240970674203995259e+02
9.522907338864963833e+01
1.133049952543517662e+02
1.061050154090609112e+02
1.198442183057938877e+02
1.033513299517113353e+02
1.015361600639646014e+02
1.116049048035037146e+02
1.139157985817433882e+02
1.189233699825060881e+02
9.253456063327766401e+01
1.155463375399876043e+02
1.276136613402171207e+02
8.431418809895363609e+01
1.213441145636949869e+02
1.159056950860403816e+02
9.905130283914343181e+01
1.013063069905985145e+02
1.116158525362550762e+02
1.072674753422273710e+02
1.091623841461068594e+02
1.019123250241391645e+02
1.092624439099060538e+02
1.151827132137762817e+02
1.089658992655816974e+02
1.120303030488170890e+02
9.578075913642391015e+01
9.057646774035067949e+01
1.530681761722334500e+02
9.851828814098435316e+01
1.037921373744020883e+02
1.043843293440689877e+02
1.235396726724735572e+02
1.071901477402782490e+02
1.045787695800081138e+02
1.043193053457514026e+02
1.022388143117930213e+02
1.155513691754233747e+02
1.062687602834667615e+02
1.214851458504049191e+02
1.085109917140590596e+02
1.089028568132958554e+02
1.053432091259378325e+02
1.052900880054060195e+02
9.718800126798109318e+01
1.274267033157822624e+02
1.031559655208781692e+02
1.110806639436689096e+02
1.056062615206631250e+02
1.055908660038564193e+02
1.204408603715926347e+02
9.802064260242055127e+01
1.152960347926934332e+02
8.992623964288748084e+01
9.558090570204656444e+01
1.262626640827419067e+02
1.031469208747801787e+02
1.354672071486172342e+02
9.845932287613190681e+01
1.208412864940504505e+02
1.199353304231106421e+02
1.043156733633031479e+02
1.091561067745624740e+02
9.164028811451476031e+01
1.053482234427240627e+02
1.141977602894429538e+02
1.103769890860419594e+02
1.051327147890999498e+02
1.147055171762908117e+02
1.147094898655781918e+02
1.119137648700425842e+02
1.127601667063339761e+02
8.615891779540358186e+01
1.134258931874784508e+02
1.036476014753519053e+02
1.157486038144394769e+02
1.145463786221241946e+02
1.040710790026317341e+02
1.121394436434606661e+02
1.062956264090665996e+02
