-5.437445950323894550e+00
-5.389924816808856711e+00
-5.323842175724785797e+00
-5.138159360801558329e+00
-5.463582966514353600e+00
-5.466258817855354835e+00
-5.505818433829934300e+00
-5.483328397130978971e+00
-5.498397048065375436e+00
-5.511931348865338087e+00
-5.510000074390313252e+00
-5.473367913242986660e+00
-5.113064655288114047e+00
-5.134761218602970523e+00
-5.125043711873246366e+00
-5.133401999856211262e+00
-5.147237333302506102e+00
-5.140337706191347777e+00
-5.129829910049140906e+00
-5.134045211141216924e+00
-5.155213186686679272e+00
-5.161211482901503445e+00
-5.138074867728168904e+00
-5.397474781750837280e+00
-5.432043277289818839e+00
-5.477551093127329018e+00
-5.514927812788997130e+00
-5.070138517681855639e+00
-5.412005234802797382e+00
-5.431800318370359371e+00
-5.369199793743269389e+00
-5.327773464200064701e+00
-5.389437222486956891e+00
-5.158019856514786561e+00
-5.429044747922242564e+00
-5.448420880416360745e+00
-5.415425882038078953e+00
-5.121894304921321250e+00
-5.505582943492331793e+00
-5.554957936288595910e+00
-5.725679253543584757e+00
-5.423096375353792631e+00
-5.526256320214420370e+00
-5.700172824564182505e+00
-5.523132605644332394e+00
-5.547980777213554759e+00
-5.478638850481623024e+00
-5.533633181500865028e+00
-5.568302788541763526e+00
-5.716775125539926172e+00
-5.482410183748280375e+00
-5.472745617800451434e+00
-5.539606863281348659e+00
-5.590957979734617389e+00
-5.450187681910191984e+00
-5.482041257178503990e+00
-5.500568999665683911e+00
-5.546204555390461088e+00
-5.584323215058343060e+00
-5.663632661579373284e+00
-5.657543223560094425e+00
-5.749257078525814357e+00
-5.747506830581468940e+00
-5.649495998381115491e+00
-5.644906100608126920e+00
-5.635038546316813779e+00
-5.634987849865138010e+00
-5.646240947300101176e+00
-5.670832798796090479e+00
-5.626756183989966686e+00
-5.672999712051518983e+00
-5.628974013534069343e+00
-5.684079538839159618e+00
-5.622430840179579725e+00
-5.653464986418322624e+00
-5.751920900599274411e+00
-5.642982446897612192e+00
-5.630863658056791010e+00
-5.640003014485060362e+00
-5.654200107844359557e+00
-5.639726951979189273e+00
-5.633362046623833663e+00
-5.636191073218183689e+00
-5.626290807840238273e+00
-5.634328119040005411e+00
-5.657405909442127623e+00
-5.642841352187340398e+00
-5.661087676458979701e+00
-5.651317622989188827e+00
-5.731965962515348068e+00
-5.718650889979411289e+00
-5.737271341413259229e+00
-5.659732600341776276e+00
-5.708905579971868427e+00
-5.704554240135189858e+00
-5.717943028915390968e+00
-5.707428627420202183e+00
-5.689536743782966255e+00
-5.512788472538023399e+00
-5.582753993065815656e+00
-5.535082750764273918e+00
-5.564368100652826499e+00
-5.511628146845796827e+00
-5.545856777045201191e+00
-5.513179341827861180e+00
-5.569620545524715638e+00
-5.635988244591913165e+00
-5.520821531370945223e+00
-5.473967244928749309e+00
-5.515343270781214891e+00
-5.530987489768026677e+00
-5.498811243379921443e+00
-5.479426665028597654e+00
-5.538608577479705808e+00
-5.485329544842640459e+00
-5.542050227039696964e+00
-5.531108455049190908e+00
-5.596892501479192816e+00
-5.549975070031538671e+00
-5.545553644391969073e+00
-5.516836015512206259e+00
-5.538857123304813612e+00
-4.740206869682943136e+00
-4.662986785042003923e+00
-4.610766932800322238e+00
-4.819655290884178989e+00
-4.787532402391708075e+00
-4.747939927992266718e+00
-5.062628992397613104e+00
-5.067353807317427794e+00
-5.034845379738268178e+00
-5.092938695477125854e+00
-4.678609138253658983e+00
-4.699397516764837412e+00
-4.624518990660902773e+00
-4.691250341318037087e+00
-4.771692905656190753e+00
-4.659283770033280980e+00
-4.652337824519828580e+00
-4.629983018206135448e+00
-4.625776323104314969e+00
-4.737993039905502357e+00
-4.635053908982605719e+00
-4.624083369611758698e+00
-4.605411553664803037e+00
-4.720105715852945139e+00
-4.714314780585548981e+00
-4.737983514918848726e+00
-5.501030995419083247e+00
-5.450955266544814215e+00
-5.389893907989828925e+00
-5.516370473194684543e+00
-5.668917326144288005e+00
-5.719847090717434135e+00
-5.598755376659438454e+00
-5.151259188633638963e+00
-5.219972561952674006e+00
-5.242685775277617921e+00
-5.760133297065982205e+00
-5.774557259060526526e+00
-5.781588018563775577e+00
-5.737117215328414233e+00
-5.769049808645665856e+00
-5.544148691323668388e+00
-5.519842912309211869e+00
-5.549276084627148720e+00
-5.527761680273060918e+00
-5.544265030106916292e+00
-5.665558262743902063e+00
-5.733417487972701565e+00
-5.291807069653496676e+00
-5.238496326419819660e+00
-5.271807947083780199e+00
-5.304607609113160649e+00
-5.333290683750175454e+00
-5.520082233266564664e+00
-5.302736323213697922e+00
-5.347709029140394144e+00
-5.358164470488407716e+00
-5.350749522773968536e+00
-5.344869583443236927e+00
-5.310112835576175527e+00
-5.322739469495182618e+00
-5.308259468378869528e+00
-5.318272103628238767e+00
-4.717938661958754665e+00
-4.736285489145075189e+00
-4.711196120403617904e+00
-4.722731778639122524e+00
-4.733767741162944631e+00
-4.725867399001068669e+00
-4.706260338575137148e+00
-4.722981191233705189e+00
-4.736745169164914060e+00
-4.723538092550392697e+00
-4.735340611739621508e+00
-4.697756516180668029e+00
-4.690226861381876944e+00
-4.710288122100688035e+00
-4.689581138912489955e+00
-4.704317261292276342e+00
-4.690263029932847161e+00
-4.684614077237865715e+00
-4.695796381853162949e+00
-5.196922456454137418e+00
-5.115312176301518576e+00
-5.127472953589651716e+00
-5.112483654084510221e+00
-5.147370237026934525e+00
-5.171464552625833377e+00
-5.183331260321022427e+00
-5.143951854032456694e+00
-5.160806635279581833e+00
-5.388067382730014288e+00
-5.344622174093206723e+00
-5.331435926325830188e+00
-5.332759610006819528e+00
-5.290807082677526196e+00
-5.402603520166891826e+00
-5.388695231321088741e+00
-5.325254578471201761e+00
-5.289775089958011378e+00
-5.098696070788244050e+00
-5.264904770243598264e+00
-5.233873601750436144e+00
-5.344680943522418737e+00
-5.303489671601767874e+00
-4.875619514347915739e+00
-4.851371095461042948e+00
-4.854006982530086667e+00
-4.866786969588160261e+00
-4.866856550601933229e+00
-4.763344774886519417e+00
-4.693346910645612269e+00
-4.715194013539136364e+00
-4.873968870011304411e+00
-4.868432005838721821e+00
-4.950021121412126135e+00
-5.268576256589735607e+00
-4.922971662305219986e+00
-5.273900933033821126e+00
-5.280601518757510604e+00
-5.202308418271442747e+00
-5.154971068156609881e+00
-4.903792347513101113e+00
-5.202963414773218886e+00
-4.964488651475837067e+00
-5.347440391796481229e+00
-4.945492507164999552e+00
-4.898360949081740578e+00
-5.318627271731989126e+00
-4.940615518026330477e+00
-4.932848632133485012e+00
-4.958926651322093981e+00
-5.250385623026698312e+00
-5.238117423567453912e+00
-5.253891154885653059e+00
-5.227074206845070847e+00
-5.136354695474927290e+00
-5.255139960228932594e+00
-5.250740159484323044e+00
-5.237028369191477850e+00
-5.242568902522341645e+00
-5.122998058336246885e+00
-5.081898757897242547e+00
-5.141099247712437759e+00
-5.137444107076267308e+00
-5.162048406244092114e+00
-5.122845177464628641e+00
-5.267828780137606692e+00
-5.238838878886046047e+00
-5.106528536203165380e+00
-5.145074754320400956e+00
-5.118163885096725707e+00
-5.554021717436764760e+00
-5.551877067293972345e+00
-5.574874035770543301e+00
-5.564109720138339377e+00
-5.572321943356771001e+00
-5.541874637337038223e+00
-5.534215982150736401e+00
-5.564281110842992817e+00
-4.740328049225695395e+00
-4.741680348484327290e+00
-5.078830821999041234e+00
-4.720178443552018877e+00
-4.686063707675164558e+00
-4.717387607087349721e+00
-4.607703339807479814e+00
-4.708139147494859955e+00
-5.676844627199336912e+00
-5.644724653508016665e+00
-5.518230572376119802e+00
-5.561185063686036045e+00
-5.538330835902368854e+00
-5.513928165741680765e+00
-5.538604803553832667e+00
-5.624578520279382765e+00
-5.690214040950005270e+00
-5.671745360760723109e+00
-5.672841222864223987e+00
-5.634661778354636219e+00
-5.650291261410488985e+00
-5.637388996299178778e+00
-5.632903233063666804e+00
-4.764032601114586818e+00
-4.761170732912326287e+00
-4.734415096900245423e+00
-4.735979670087323790e+00
-4.736213825286683665e+00
-4.722430130533679993e+00
-4.732933844183184746e+00
-4.745110557211518199e+00
-4.785617150060106795e+00
-4.793569445108741611e+00
-4.805186098483808621e+00
-4.776764544444104921e+00
-4.791829723088440574e+00
-4.732664244221520988e+00
-4.746014551871287068e+00
-4.821920323740262582e+00
-4.700386748708575979e+00
-4.819711122533450798e+00
-4.841959802551159875e+00
-4.813440596717700970e+00
-4.814559728707049402e+00
-4.755066469859182909e+00
-4.788474184850509019e+00
-4.806208192080275943e+00
-4.788854758374728959e+00
-4.774785636252866006e+00
-4.801608613249247703e+00
-4.825219375095308294e+00
-4.818573022052539123e+00
-4.808465921586392966e+00
-4.820979457599110951e+00
-4.832173698059086142e+00
-4.800599464679734751e+00
-4.807447323259337324e+00
-4.831683228958522314e+00
-4.829382012330627028e+00
-4.854293303509376045e+00
-5.062778902528942027e+00
-5.072394272703794726e+00
-5.060357916824534286e+00
-5.049804078301109556e+00
-5.057260034280924188e+00
-5.082063839377481074e+00
-5.289001137650600981e+00
-5.285976526427351274e+00
-5.283139618209816035e+00
-5.279281902055037889e+00
-5.286751705610488017e+00
-5.285465349553208902e+00
-5.282070453198003612e+00
-5.283085951975567518e+00
-5.279893487550497255e+00
-5.278789907462162034e+00
