-5.438027355881899894e+00
-5.392026698889474723e+00
-5.317627972983300921e+00
-5.126787442813415474e+00
-5.463687856771549889e+00
-5.467637804770731691e+00
-5.506746655230561949e+00
-5.482371276715633179e+00
-5.500459239526000133e+00
-5.514499976610320431e+00
-5.509572489268382611e+00
-5.471925761397109511e+00
-5.112448963443135597e+00
-5.120311358105313460e+00
-5.106539446809985172e+00
-5.126241238411215484e+00
-5.144172417969745226e+00
-5.136122082513987941e+00
-5.120593532765171041e+00
-5.123583864364992024e+00
-5.143795376752681392e+00
-5.156600159291682139e+00
-5.122237027382825048e+00
-5.394274151312050236e+00
-5.435359257101159081e+00
-5.478182838439336955e+00
-5.509127202258652822e+00
-5.047957829493448401e+00
-5.407926552130151165e+00
-5.436292021735776636e+00
-5.367190632067329048e+00
-5.323276567597144293e+00
-5.385820893100846440e+00
-5.152288899807128786e+00
-5.431378902150244770e+00
-5.444865049904580978e+00
-5.412025408754910671e+00
-5.115304888419624163e+00
-5.500257743870616167e+00
-5.546105620098582101e+00
-5.723168604069691412e+00
-5.418642083000903220e+00
-5.521398031160948960e+00
-5.698634212452541981e+00
-5.519773038679246291e+00
-5.545631938016133411e+00
-5.475486659529198441e+00
-5.528785437719196061e+00
-5.565731611623149888e+00
-5.714001385833972435e+00
-5.482788675331899064e+00
-5.468066077628104260e+00
-5.541726925163140471e+00
-5.590864785562148498e+00
-5.443918087186388810e+00
-5.480158685354704851e+00
-5.499625470799358595e+00
-5.544211295274235063e+00
-5.583421540877151479e+00
-5.662975244508682060e+00
-5.652373079833384217e+00
-5.748743814911830619e+00
-5.746866809956149957e+00
-5.647572724726821924e+00
-5.642341631592969087e+00
-5.630794153726085938e+00
-5.626736896724229275e+00
-5.643050620895290415e+00
-5.670337831794746819e+00
-5.626475208231563663e+00
-5.670906564267633065e+00
-5.623188252553934952e+00
-5.681783920786533493e+00
-5.619806774292070983e+00
-5.650543563888011711e+00
-5.751452388543002670e+00
-5.642687209715861130e+00
-5.627779676824751220e+00
-5.638580706214187721e+00
-5.654536821384049006e+00
-5.634814357510717464e+00
-5.632010845434476387e+00
-5.630291342737791638e+00
-5.624678798634374921e+00
-5.631536810326794651e+00
-5.654545914345127322e+00
-5.641777912485425261e+00
-5.657463904007323130e+00
-5.646759976222676336e+00
-5.729155076580334516e+00
-5.715801390436586971e+00
-5.733288430214375175e+00
-5.657661015987243580e+00
-5.705435815677742717e+00
-5.701752643765824580e+00
-5.713765097594589726e+00
-5.703525661866408747e+00
-5.686604349245524048e+00
-5.507584749529814694e+00
-5.575662981572877541e+00
-5.531747797439415137e+00
-5.560204114248220364e+00
-5.507330742357844144e+00
-5.543002895931104845e+00
-5.508463419366558256e+00
-5.565714628670701103e+00
-5.630862274925473088e+00
-5.517136192794285243e+00
-5.469519232132366682e+00
-5.510158233409234718e+00
-5.527582771556488694e+00
-5.501651193581694521e+00
-5.473512959857215421e+00
-5.535561940733329855e+00
-5.480541503500984568e+00
-5.540789145050628584e+00
-5.528255474324454966e+00
-5.594573702198821330e+00
-5.545851985952790386e+00
-5.538117582899651836e+00
-5.512562764075142674e+00
-5.533451479000350837e+00
-4.726475823483155203e+00
-4.654234699306317502e+00
-4.583168227219346136e+00
-4.822151418656864585e+00
-4.780221930644502848e+00
-4.735018567422652147e+00
-5.060948273209919357e+00
-5.072726600519293250e+00
-5.041993873725491682e+00
-5.106453743042902893e+00
-4.727753396070603742e+00
-4.707061395340475407e+00
-4.621685419186264632e+00
-4.680416873810534284e+00
-4.760053768141334629e+00
-4.654787937512609552e+00
-4.641922996952248859e+00
-4.631540414364681446e+00
-4.620050930126698319e+00
-4.721845439588916449e+00
-4.629294250963512880e+00
-4.607727152773611223e+00
-4.602086371028747180e+00
-4.712090234621468809e+00
-4.698915142238119458e+00
-4.737149559413149191e+00
-5.493485330647662757e+00
-5.446006191085581705e+00
-5.381776979188735766e+00
-5.512318061565458116e+00
-5.662520970739887360e+00
-5.714247610214126638e+00
-5.593399187344968659e+00
-5.144033791049920978e+00
-5.203641020890390934e+00
-5.226809084374409942e+00
-5.757591479345796515e+00
-5.771648229701430211e+00
-5.778291008368923620e+00
-5.734616873404874582e+00
-5.765751859327711060e+00
-5.543157280884908999e+00
-5.519305492912848443e+00
-5.547927454399114389e+00
-5.523327347318465641e+00
-5.544104373616201009e+00
-5.662286461526129244e+00
-5.729943374455830352e+00
-5.292106607614762481e+00
-5.225615292357897346e+00
-5.279173860681060759e+00
-5.304866117404573700e+00
-5.329377224421141257e+00
-5.516702312534849106e+00
-5.293701127622483682e+00
-5.333321743998485687e+00
-5.344648682239714788e+00
-5.337564204398821843e+00
-5.331797603322661949e+00
-5.301348216704699468e+00
-5.311854683353958606e+00
-5.297961433687190080e+00
-5.305196460032691519e+00
-4.712925755844888265e+00
-4.729952646943483607e+00
-4.708883729225163073e+00
-4.712303399941541571e+00
-4.727398938570301468e+00
-4.717985035347560085e+00
-4.703648044089546509e+00
-4.718099547497773827e+00
-4.725933195208900983e+00
-4.713952682266804750e+00
-4.726716719801395961e+00
-4.691439952855748885e+00
-4.691714917592630485e+00
-4.715890485096013052e+00
-4.696533531344612378e+00
-4.710685119372214125e+00
-4.692040544785928802e+00
-4.685771435602627655e+00
-4.697200849654068477e+00
-5.195593326544063473e+00
-5.128357232271787858e+00
-5.146867407081115786e+00
-5.124355564887299153e+00
-5.163320169209219657e+00
-5.166070575066862958e+00
-5.195217349692509146e+00
-5.157425956114177978e+00
-5.158707374788873423e+00
-5.380957244703704845e+00
-5.335610402879185088e+00
-5.318756635959579704e+00
-5.318622077920036162e+00
-5.279453045237696429e+00
-5.395124433924699758e+00
-5.382806059822766720e+00
-5.318320033959575532e+00
-5.290390632719650377e+00
-5.104239945455055327e+00
-5.262329706603591895e+00
-5.234382656942588419e+00
-5.345671836512768671e+00
-5.304544596792320377e+00
-4.885664598445979223e+00
-4.857084256553251045e+00
-4.860520026898653256e+00
-4.870843809870830654e+00
-4.874115155094076890e+00
-4.769078409892989256e+00
-4.720908119025902572e+00
-4.734442694527020379e+00
-4.880428414106135371e+00
-4.876480625137832092e+00
-4.954643801999243813e+00
-5.267084728884569245e+00
-4.924947735912758695e+00
-5.268785774369668218e+00
-5.275334394236335100e+00
-5.199601001084246832e+00
-5.155060284111986135e+00
-4.912100522434625027e+00
-5.192592613203910190e+00
-4.964422923021214018e+00
-5.337691051151545629e+00
-4.940134362496377385e+00
-4.896121826503375907e+00
-5.307084288243697934e+00
-4.934066558893747789e+00
-4.927746806469385454e+00
-4.956026423889348997e+00
-5.244552742940792989e+00
-5.234214053130574307e+00
-5.242471403628110593e+00
-5.219557086704543991e+00
-5.136774385191390735e+00
-5.246975846467918814e+00
-5.245681635310309510e+00
-5.232437079409581138e+00
-5.231064397253055276e+00
-5.109269604573284163e+00
-5.059489667864414564e+00
-5.136517531802385683e+00
-5.133676312615408577e+00
-5.148920475567315691e+00
-5.112584258589678576e+00
-5.252283630581159990e+00
-5.225469961263244478e+00
-5.106021666376141077e+00
-5.140029566568440345e+00
-5.105854487485437687e+00
-5.550147886334205083e+00
-5.549735931085337803e+00
-5.569706542021228834e+00
-5.555657199505881216e+00
-5.568695847919397757e+00
-5.556033176001323071e+00
-5.529014078187292291e+00
-5.557296163178770954e+00
-4.727458656292605532e+00
-4.750469826271390694e+00
-5.094575472755913381e+00
-4.709935918278564948e+00
-4.717841311138208482e+00
-4.748428392818321520e+00
-4.740434762669671898e+00
-4.729566789600488264e+00
-5.673208956595478192e+00
-5.643667666389135640e+00
-5.503746956543500879e+00
-5.559110588539772024e+00
-5.539401651725596842e+00
-5.505765227667881234e+00
-5.540404478068509775e+00
-5.616140346064874223e+00
-5.683917743718752469e+00
-5.666604208880558602e+00
-5.667849314177263231e+00
-5.631128557843324778e+00
-5.646842694753532399e+00
-5.631123169170778375e+00
-5.637324025713161824e+00
-4.751756323225135858e+00
-4.747929405751855292e+00
-4.723066640518450932e+00
-4.728920261066765107e+00
-4.734878006877959677e+00
-4.715748572533597027e+00
-4.724997610326758135e+00
-4.730967367011920111e+00
-4.768994168813287082e+00
-4.778927234024596515e+00
-4.793726272875387551e+00
-4.759149258135226823e+00
-4.776987510733063047e+00
-4.727152575692698200e+00
-4.736594341093712579e+00
-4.802549718305551885e+00
-4.699667775903177080e+00
-4.816310737399785324e+00
-4.842979019424947573e+00
-4.800498105285530670e+00
-4.803395641208559219e+00
-4.744119968067551874e+00
-4.775922099568955304e+00
-4.797778474621503975e+00
-4.780703208857928210e+00
-4.759202201649733510e+00
-4.791077166451212399e+00
-4.818566083601126593e+00
-4.811332025917718802e+00
-4.799949650090769460e+00
-4.806862991290484111e+00
-4.820679317178499623e+00
-4.795412832334013942e+00
-4.799770590656603275e+00
-4.821224536192694643e+00
-4.815078375501208541e+00
-4.838333380427433106e+00
-5.094330693130108223e+00
-5.099600473088164776e+00
-5.093135088363241358e+00
-5.088414173510368066e+00
-5.090966291602437188e+00
-5.098776112652008585e+00
-5.285462082241758175e+00
-5.281211862568931714e+00
-5.281135898337563361e+00
-5.276679144132035759e+00
-5.281951675524727996e+00
-5.282495081743843635e+00
-5.277430614163495903e+00
-5.279835810842542720e+00
-5.274158838061324239e+00
-5.278064742294016121e+00
