-5.436479716331163559e+00
-5.390475717917911247e+00
-5.319617573645882835e+00
-5.141447604042737929e+00
-5.463293165798456918e+00
-5.464044474970982890e+00
-5.503870568562946097e+00
-5.481774974961194147e+00
-5.499999400473546629e+00
-5.511150179334763699e+00
-5.508428384934132893e+00
-5.470895672030828827e+00
-5.111419693472086578e+00
-5.133044634265150563e+00
-5.125722155880540143e+00
-5.131353202863940588e+00
-5.145678261102734297e+00
-5.139514499194191011e+00
-5.148351918526121729e+00
-5.128387297267671840e+00
-5.154350510021000531e+00
-5.159665606277626715e+00
-5.127212853241667645e+00
-5.398595322477715008e+00
-5.431035820585647045e+00
-5.477934049878317779e+00
-5.515041611604228677e+00
-5.078825679502434021e+00
-5.410688941040667999e+00
-5.433138095073002383e+00
-5.368201654496361108e+00
-5.322837779786508072e+00
-5.387604718743911114e+00
-5.158380935576867721e+00
-5.427922103215362171e+00
-5.447437686262700751e+00
-5.416592821801955893e+00
-5.125323206954376154e+00
-5.510208822086133829e+00
-5.557469490222218589e+00
-5.726995459990368964e+00
-5.427650208696495504e+00
-5.529607557201122958e+00
-5.703140436119599421e+00
-5.526516364049795627e+00
-5.550749155735751117e+00
-5.482725875187212772e+00
-5.535978020812039269e+00
-5.570422874229453036e+00
-5.718041240102140321e+00
-5.485886755641121049e+00
-5.473635709290888940e+00
-5.542543622450584628e+00
-5.593182807826804215e+00
-5.455585977144244758e+00
-5.484932017650881342e+00
-5.508943316391173184e+00
-5.549418439922490620e+00
-5.586964322161683150e+00
-5.665663434762422845e+00
-5.655968704365252009e+00
-5.749211484090446689e+00
-5.747496949034740510e+00
-5.650877432263755829e+00
-5.645567441275555431e+00
-5.638285559888708498e+00
-5.636511872942451262e+00
-5.647026479911255059e+00
-5.673119434021757890e+00
-5.637495836388652037e+00
-5.674511253749925821e+00
-5.631685102787204578e+00
-5.685265221468229768e+00
-5.624435426248865610e+00
-5.653626141879624534e+00
-5.752063770172541446e+00
-5.644435673208736404e+00
-5.632789127679703078e+00
-5.642917603472473509e+00
-5.656278019617884567e+00
-5.640292585451928353e+00
-5.635086997554464183e+00
-5.638619007210685652e+00
-5.628335841519861660e+00
-5.635783183518256578e+00
-5.660258945084180482e+00
-5.645444062943460573e+00
-5.664508456490067623e+00
-5.654152986666709957e+00
-5.735942258070827471e+00
-5.720076718000094651e+00
-5.738582423839398317e+00
-5.663091765734904470e+00
-5.709508114853935723e+00
-5.704553931192610783e+00
-5.718390357018509285e+00
-5.707916480563258510e+00
-5.690641521855599017e+00
-5.521518141059734930e+00
-5.586943866062430430e+00
-5.543339323985300382e+00
-5.573061640638416137e+00
-5.521366999513625196e+00
-5.554668642812302437e+00
-5.522736479479081417e+00
-5.578413120304539063e+00
-5.636963768327651891e+00
-5.529236872270870684e+00
-5.484964954678099858e+00
-5.522652405590164015e+00
-5.540344493897811695e+00
-5.501358423007280507e+00
-5.488177390673098621e+00
-5.547485757002713846e+00
-5.493746431137110697e+00
-5.552437398160642523e+00
-5.540769740356493500e+00
-5.605602473098574734e+00
-5.558215507655848597e+00
-5.552642764526973806e+00
-5.528500919967593852e+00
-5.546789241575961427e+00
-4.734910237040501180e+00
-4.657996558287543110e+00
-4.611624967608527470e+00
-4.815913240223127723e+00
-4.777318453386403263e+00
-4.737803022563490174e+00
-5.061199908900041677e+00
-5.068438911679890246e+00
-5.036319235187999510e+00
-5.094340820880077558e+00
-4.743802002452806477e+00
-4.739779239853074699e+00
-4.682835497467113584e+00
-4.692434626456818414e+00
-4.776621380046693233e+00
-4.651127541422069633e+00
-4.652534674342690302e+00
-4.615684617100054510e+00
-4.620217495394173923e+00
-4.732687509699824879e+00
-4.631120687712731332e+00
-4.616450129623869358e+00
-4.606532455792308411e+00
-4.714922290969007612e+00
-4.706417697670182143e+00
-4.735114623545086943e+00
-5.497678126776382790e+00
-5.448713104931535156e+00
-5.387517893783879686e+00
-5.513584808553468442e+00
-5.670081020473270783e+00
-5.721114412174172159e+00
-5.600772933225272254e+00
-5.145764654439573427e+00
-5.215475878923565567e+00
-5.238374502647491049e+00
-5.762054075053065105e+00
-5.775079883144476511e+00
-5.781806262258458062e+00
-5.741162923101628124e+00
-5.769692980334829358e+00
-5.542636588332189973e+00
-5.518700209319960415e+00
-5.547463774709280315e+00
-5.525654534441118315e+00
-5.544168637354906615e+00
-5.666834004790736401e+00
-5.733880046360191329e+00
-5.291414802493532576e+00
-5.235416609713745117e+00
-5.277888556525153874e+00
-5.303770204530917631e+00
-5.332198325639044612e+00
-5.516463075683139650e+00
-5.299191175799156994e+00
-5.340162617975396486e+00
-5.350058831273880600e+00
-5.342528842972983583e+00
-5.337982423689248357e+00
-5.307597193923994539e+00
-5.320319829888349616e+00
-5.305929303799950425e+00
-5.314654187932958962e+00
-4.717918808896396143e+00
-4.732395537498643279e+00
-4.711124286433790331e+00
-4.717995623545828465e+00
-4.729768463553100766e+00
-4.720489722289562096e+00
-4.706491147759652272e+00
-4.721492949345449830e+00
-4.732367449888520206e+00
-4.717195263308496145e+00
-4.727611668721609206e+00
-4.693907408173636497e+00
-4.683360229144505560e+00
-4.709525306852317073e+00
-4.690305717146668663e+00
-4.695006828269773891e+00
-4.687548286243904627e+00
-4.675918668537105027e+00
-4.692123005184954287e+00
-5.199055118516639595e+00
-5.151093900733588526e+00
-5.163329353966809698e+00
-5.150305923530001273e+00
-5.180456492797415713e+00
-5.170788460801306385e+00
-5.202688071957237703e+00
-5.176060425983084023e+00
-5.164254516313153687e+00
-5.385151356747104323e+00
-5.341003840744064313e+00
-5.328559937875628982e+00
-5.328398369976760307e+00
-5.284413913778052141e+00
-5.399583945282230957e+00
-5.387106702587873386e+00
-5.324903424010630104e+00
-5.298074861470482233e+00
-5.106094857695303801e+00
-5.267402896385737776e+00
-5.239617271048052416e+00
-5.345717459736794019e+00
-5.304853709454131483e+00
-4.877595868187950323e+00
-4.853079778086938134e+00
-4.853994777776988734e+00
-4.873010592891793280e+00
-4.871151954589000077e+00
-4.787713178894934529e+00
-4.723957775309484575e+00
-4.745188838117384122e+00
-4.882333838107048685e+00
-4.879628312527385603e+00
-4.955173759435636427e+00
-5.266200859688717983e+00
-4.920165740814267608e+00
-5.274890083364962123e+00
-5.281539740162847885e+00
-5.209043176664646779e+00
-5.156094546289929248e+00
-4.910440547860887683e+00
-5.205867389311390703e+00
-4.960865457351698815e+00
-5.343217921573108597e+00
-4.943896791361979126e+00
-4.895981062642970727e+00
-5.314196038649432019e+00
-4.937715653246946168e+00
-4.932109952790062479e+00
-4.957227508897999790e+00
-5.250229716258377977e+00
-5.237706473885439529e+00
-5.249640223109587112e+00
-5.226348989973199188e+00
-5.136887024238905752e+00
-5.255015188551285021e+00
-5.251750130646512638e+00
-5.234220785423050692e+00
-5.246255122099166890e+00
-5.126216397284509618e+00
-5.089106998018225525e+00
-5.137629423071620849e+00
-5.137252263522518625e+00
-5.153786537688919367e+00
-5.121093432899815667e+00
-5.257943242057841360e+00
-5.238286134744246425e+00
-5.108879338794768188e+00
-5.138652248126972744e+00
-5.113908143154060504e+00
-5.567366508083155807e+00
-5.566914276828871522e+00
-5.580123483295368558e+00
-5.565071117841410064e+00
-5.583497095504124985e+00
-5.574271404533729601e+00
-5.549740273821218040e+00
-5.573645179072701517e+00
-4.731829432048970219e+00
-4.749799028881602325e+00
-5.089007104550032246e+00
-4.717665293253683778e+00
-4.738071094432012131e+00
-4.767394118683435877e+00
-4.747586539527956617e+00
-4.759620497687431673e+00
-5.684063509999009334e+00
-5.649134612844949999e+00
-5.516152445025225504e+00
-5.581193088564677218e+00
-5.544391088773844345e+00
-5.519094824633827834e+00
-5.551293385628729204e+00
-5.628703997923198088e+00
-5.691751419198715745e+00
-5.671206571633172544e+00
-5.672306829268242367e+00
-5.633584385410717488e+00
-5.648146931867922937e+00
-5.635132933524561238e+00
-5.648880577140412917e+00
-4.762289768676264856e+00
-4.756664361104008698e+00
-4.727213762213158255e+00
-4.733341916763403212e+00
-4.731367086448842407e+00
-4.722507417975763566e+00
-4.730210993839961908e+00
-4.736829421138700980e+00
-4.779119695999046513e+00
-4.791428173533962998e+00
-4.800130843346242848e+00
-4.785368951899555690e+00
-4.788229868775858655e+00
-4.728748061202396435e+00
-4.743692276856729784e+00
-4.826131541004935244e+00
-4.701798277916025448e+00
-4.814753934201910113e+00
-4.838896674448129431e+00
-4.807043037786425721e+00
-4.813288756362235965e+00
-4.746861218777444158e+00
-4.781036420975887324e+00
-4.804769278478830508e+00
-4.790545436511998822e+00
-4.769317931572164326e+00
-4.798062222191791903e+00
-4.817716116568200313e+00
-4.823398222929053958e+00
-4.805614274140818765e+00
-4.818520589856946756e+00
-4.825579303843056778e+00
-4.794851595773933717e+00
-4.804487989795135583e+00
-4.820922101829809847e+00
-4.823046897211813899e+00
-4.851750836578563764e+00
-5.090337017645997442e+00
-5.096886145846487359e+00
-5.088888770676600615e+00
-5.082441685294937450e+00
-5.089034382201290008e+00
-5.096688590408863462e+00
-5.294798766890718156e+00
-5.292011447265255519e+00
-5.285204478396236638e+00
-5.282532099509740675e+00
-5.289807120096354787e+00
-5.291372352720162375e+00
-5.285964937747682946e+00
-5.288230958087564382e+00
-5.283996013776567580e+00
-5.283872275146528352e+00
