-5.436731932409010426e+00
-5.390289025442784876e+00
-5.319894221100920362e+00
-5.133280496919317315e+00
-5.460035079044441630e+00
-5.464408938429831331e+00
-5.501826652921787186e+00
-5.478665672434247291e+00
-5.497043855893879893e+00
-5.510656827232246258e+00
-5.507741911230212395e+00
-5.467087458500954789e+00
-5.116050572178327371e+00
-5.129540162588462238e+00
-5.118475037792556748e+00
-5.134180941168897228e+00
-5.146811276985067352e+00
-5.139238306148238955e+00
-5.128621643226969340e+00
-5.129330104416952807e+00
-5.153395936721961945e+00
-5.158871473624303761e+00
-5.129933600328972609e+00
-5.396268176215758494e+00
-5.433139150467329870e+00
-5.475081780174429369e+00
-5.511065670028440167e+00
-5.055592296989020795e+00
-5.409291625055345776e+00
-5.434423269583802174e+00
-5.366870915196575886e+00
-5.325772347798507944e+00
-5.387396798508896190e+00
-5.159005233339618357e+00
-5.426045245963237562e+00
-5.444923751841477255e+00
-5.413426618889634945e+00
-5.121515715957818848e+00
-5.499934001946420459e+00
-5.548144106007824483e+00
-5.721302564490637899e+00
-5.420411409716662909e+00
-5.522486220937927293e+00
-5.698110520582416072e+00
-5.520788548815056984e+00
-5.545831360763144424e+00
-5.477380974216189635e+00
-5.529482392376574573e+00
-5.566305667012320768e+00
-5.711192632980490735e+00
-5.480915954524166800e+00
-5.469556537916503203e+00
-5.538238136850496929e+00
-5.588074472970433249e+00
-5.443862185109695773e+00
-5.480040188881306840e+00
-5.497596233268545518e+00
-5.542632678829633619e+00
-5.582123126201617325e+00
-5.664758667217320465e+00
-5.653144647002920742e+00
-5.749046940501515657e+00
-5.746224217177432259e+00
-5.649596831803036956e+00
-5.643203023638854177e+00
-5.631568730501355091e+00
-5.629582410309063256e+00
-5.643277606313121808e+00
-5.670425245503441403e+00
-5.624356685687492252e+00
-5.672788878626738196e+00
-5.627677969262573576e+00
-5.681717626927622611e+00
-5.621885504665466549e+00
-5.651300727364896304e+00
-5.753189435954563002e+00
-5.644655531819191552e+00
-5.631022367700879272e+00
-5.640995794317018586e+00
-5.655648703543234568e+00
-5.638660589498208253e+00
-5.633408382268958903e+00
-5.633687026931934128e+00
-5.626525134721665822e+00
-5.634547668430887946e+00
-5.654124539785930104e+00
-5.643334334852568190e+00
-5.659334309053539513e+00
-5.648113229018362880e+00
-5.729350276121725649e+00
-5.716281414672766736e+00
-5.737818165356442179e+00
-5.655950514560675657e+00
-5.705293142712519305e+00
-5.702455693679845616e+00
-5.715662395990684708e+00
-5.704976857561990577e+00
-5.686424270425597172e+00
-5.510990677293293061e+00
-5.576503196416823904e+00
-5.533833216436626401e+00
-5.561024984651479208e+00
-5.508554057176177743e+00
-5.542080011834591424e+00
-5.510507320696765632e+00
-5.568181698411456715e+00
-5.628938837650370175e+00
-5.516763061668744861e+00
-5.471740119187428419e+00
-5.508281637558365418e+00
-5.528300376847177233e+00
-5.498378994809038467e+00
-5.476508224484185838e+00
-5.537386113943121302e+00
-5.484517206543405798e+00
-5.542120996991942050e+00
-5.529434019826328317e+00
-5.595313482727098275e+00
-5.548357396682907172e+00
-5.540647279442549866e+00
-5.513249458929576186e+00
-5.536782384241653254e+00
-4.732539133896803918e+00
-4.656205115020402019e+00
-4.606613709198050799e+00
-4.824119192177146687e+00
-4.782389164583722874e+00
-4.736625009220300164e+00
-5.067900449915816452e+00
-5.075426769001169625e+00
-5.042768047306097401e+00
-5.100794998271414471e+00
-4.741021559656069861e+00
-4.734058694015526036e+00
-4.664980832192763494e+00
-4.687734451329743202e+00
-4.770041959628226635e+00
-4.651278146105539690e+00
-4.644538680769637828e+00
-4.626666827385553127e+00
-4.618684972745321637e+00
-4.732929979268173604e+00
-4.630969599436323136e+00
-4.614311040990050294e+00
-4.602745209655012992e+00
-4.713475071673367545e+00
-4.702116078659629217e+00
-4.740279704828544105e+00
-5.494333585106904394e+00
-5.445862956232939922e+00
-5.384701356320523935e+00
-5.510176524454552194e+00
-5.663657338001364394e+00
-5.714377399825418813e+00
-5.595513023136601483e+00
-5.147148708829383246e+00
-5.208093667775594682e+00
-5.232089993604491340e+00
-5.755908391070656549e+00
-5.770939587393644210e+00
-5.781751069175489199e+00
-5.732100666378348031e+00
-5.764365131446787416e+00
-5.540823016349305519e+00
-5.516398617037203245e+00
-5.544735267054059058e+00
-5.520836247271574848e+00
-5.540745454821291105e+00
-5.660878688605626152e+00
-5.730884262602884860e+00
-5.290930291617604198e+00
-5.229547150683304224e+00
-5.279543765048686055e+00
-5.306738266421207051e+00
-5.331691318461214912e+00
-5.511621684735996674e+00
-5.295814580068884503e+00
-5.336128044806531356e+00
-5.346995592069804459e+00
-5.339258703686959429e+00
-5.333969608083433123e+00
-5.305915890846721439e+00
-5.315523812503516687e+00
-5.303528249873892264e+00
-5.308204540755230738e+00
-4.719690121750017120e+00
-4.732138959112318410e+00
-4.710381488943554906e+00
-4.718860340306323842e+00
-4.730996978807237241e+00
-4.720542757051277682e+00
-4.703523544318782612e+00
-4.728356157416231831e+00
-4.731055865261819093e+00
-4.717892008613815413e+00
-4.730347491051006159e+00
-4.692752738989058869e+00
-4.692171175822189788e+00
-4.708800572213463376e+00
-4.688582868147667781e+00
-4.702996427710615102e+00
-4.686972700971571371e+00
-4.679613259759704214e+00
-4.690373832864740855e+00
-5.198645340088706490e+00
-5.136713225057921939e+00
-5.157762303125913661e+00
-5.137020404503228832e+00
-5.173923211459609206e+00
-5.171631030821358443e+00
-5.199525647812223816e+00
-5.172523122078822588e+00
-5.164688113435807360e+00
-5.382529923764006519e+00
-5.338202898142227149e+00
-5.321895027839237180e+00
-5.323360755796139543e+00
-5.279722074214763694e+00
-5.395538617915088153e+00
-5.383112875835447397e+00
-5.320299430554054965e+00
-5.293622283643985682e+00
-5.105300501064920837e+00
-5.260254244022732451e+00
-5.230674984372877034e+00
-5.342415563764619790e+00
-5.302714193592318992e+00
-4.886266897420290967e+00
-4.859635761011431576e+00
-4.865583325193744813e+00
-4.872739852686567730e+00
-4.876400120760228774e+00
-4.779209105923373002e+00
-4.727049331574773916e+00
-4.736984386239949885e+00
-4.885819421808930585e+00
-4.880933432332118294e+00
-4.949559448134709605e+00
-5.264101691014712259e+00
-4.918176017793506105e+00
-5.267841900332816074e+00
-5.274845124680058284e+00
-5.199518465869896744e+00
-5.152281296238907515e+00
-4.905474839134717158e+00
-5.198327200175374863e+00
-4.957927734701740974e+00
-5.337986800975888180e+00
-4.944318687872998552e+00
-4.896037444564173668e+00
-5.309991314321120370e+00
-4.936640888502492608e+00
-4.928155324067854615e+00
-4.956189915997972761e+00
-5.246096946888621382e+00
-5.232607016467821559e+00
-5.244224980552671944e+00
-5.222187660244887120e+00
-5.141313498296087303e+00
-5.252231128222753398e+00
-5.254897800570672572e+00
-5.236841036466454824e+00
-5.241571814369407001e+00
-5.112042715116140279e+00
-5.068984613198819211e+00
-5.140731863809952173e+00
-5.136335498177235337e+00
-5.154412582723066016e+00
-5.120595630397487774e+00
-5.260472237617777935e+00
-5.237181702993374266e+00
-5.106610465495940332e+00
-5.139417203725489713e+00
-5.108755365373962576e+00
-5.551481865982135666e+00
-5.549457342896642942e+00
-5.570894029835169903e+00
-5.555338914567484743e+00
-5.565686147653843285e+00
-5.561637935912727038e+00
-5.526834803324381262e+00
-5.558427139818726381e+00
-4.729860355431791952e+00
-4.747411077626311204e+00
-5.092590399084141239e+00
-4.705810837262720980e+00
-4.725802645785631029e+00
-4.788623969608281072e+00
-4.675948964261806395e+00
-4.739454295078999735e+00
-5.674027369756537098e+00
-5.643080053504331950e+00
-5.507649383786700881e+00
-5.563205537914685195e+00
-5.538490985105767095e+00
-5.508453421993404930e+00
-5.540155401203093355e+00
-5.621015530608340249e+00
-5.687300929327234300e+00
-5.669194812183785182e+00
-5.670200052315030881e+00
-5.632962193506965143e+00
-5.648369953298919555e+00
-5.633501727237344880e+00
-5.635596392791788922e+00
-4.753389787424760371e+00
-4.752412649329934347e+00
-4.725013045219291996e+00
-4.732872354113063729e+00
-4.735419137360027619e+00
-4.717691308538501715e+00
-4.728307356479645840e+00
-4.737013024743936818e+00
-4.783522676494822434e+00
-4.787069808376610780e+00
-4.799756796988828178e+00
-4.782500595827368528e+00
-4.783017698181374122e+00
-4.724203150248223793e+00
-4.739903710807534587e+00
-4.810711623663570080e+00
-4.697389449501549130e+00
-4.818936995829542269e+00
-4.841714109470365734e+00
-4.811483887996926612e+00
-4.809189930092283127e+00
-4.743394556862832623e+00
-4.777354068810478971e+00
-4.797831999334812636e+00
-4.785289428987399063e+00
-4.765047739591338427e+00
-4.794817012557058611e+00
-4.823792871739654764e+00
-4.818939620303983595e+00
-4.796925047255308883e+00
-4.814494142361818163e+00
-4.826768936615363437e+00
-4.796650636369468756e+00
-4.806616516765576108e+00
-4.824114123944585941e+00
-4.822381468618893052e+00
-4.844602051408406496e+00
-5.106200238619314824e+00
-5.110350272837886898e+00
-5.104981581406109470e+00
-5.099274451283907439e+00
-5.102446616831941562e+00
-5.110293249999672049e+00
-5.292342881555617495e+00
-5.287808028018757156e+00
-5.284662507348244276e+00
-5.282489332946161298e+00
-5.287656984970155349e+00
-5.288782875430587893e+00
-5.283306803677376706e+00
-5.286717535898471709e+00
-5.281199074131365911e+00
-5.283643127099105996e+00
