-5.438059052971469853e+00
-5.393117515064379752e+00
-5.322483808405356065e+00
-5.128946102721386957e+00
-5.462286169764214883e+00
-5.464765455014648055e+00
-5.504180019882413788e+00
-5.481920651121199306e+00
-5.499477617334976642e+00
-5.512140222629255959e+00
-5.508687957528814572e+00
-5.469877484920760757e+00
-5.111993255584867946e+00
-5.128453402193981603e+00
-5.116083671744443784e+00
-5.126999804345812706e+00
-5.144382861591539680e+00
-5.136646667540488487e+00
-5.130313849857325081e+00
-5.126222655487653768e+00
-5.152877241409837161e+00
-5.159878207624663204e+00
-5.129418810775828064e+00
-5.397933479597132767e+00
-5.435344803466604091e+00
-5.478197524079355674e+00
-5.513544041670896512e+00
-5.062208694082579896e+00
-5.412723048417059424e+00
-5.435623009065073674e+00
-5.367832894018476075e+00
-5.329767612871462390e+00
-5.388939607955126831e+00
-5.159135346341773065e+00
-5.430327872408531320e+00
-5.447601301999046797e+00
-5.415338875429819510e+00
-5.120123294199713904e+00
-5.503758068661596781e+00
-5.551499530240512570e+00
-5.723088774116035005e+00
-5.422764084524588135e+00
-5.524534072586513744e+00
-5.699739710902238521e+00
-5.523297025556895612e+00
-5.547760241312907681e+00
-5.479768461561237203e+00
-5.533445420087970135e+00
-5.566236448202682041e+00
-5.712926224746893489e+00
-5.482494128613928375e+00
-5.470758102467645045e+00
-5.539708021808593230e+00
-5.589036918050223512e+00
-5.447647506390686623e+00
-5.482097022413555898e+00
-5.500535915036427248e+00
-5.544403781081531868e+00
-5.583747827310372003e+00
-5.666007230519869431e+00
-5.656064246647660276e+00
-5.752008080950938407e+00
-5.749213436487723428e+00
-5.651285074511277706e+00
-5.644427646502052198e+00
-5.633716271603419479e+00
-5.632755696113506794e+00
-5.645867366042350177e+00
-5.672304919257279643e+00
-5.626212100078016753e+00
-5.675109696898646305e+00
-5.630460691525205341e+00
-5.684627554490782053e+00
-5.623771588316912151e+00
-5.652594006485697875e+00
-5.755640061224687187e+00
-5.646524811762200002e+00
-5.633806312699928043e+00
-5.643854208668598993e+00
-5.657377947633979609e+00
-5.639822934773247809e+00
-5.634487397436499734e+00
-5.636825154226469792e+00
-5.629135297413673911e+00
-5.637410300156833642e+00
-5.658060024574432134e+00
-5.645149212005576622e+00
-5.661795720232836615e+00
-5.651090136826813826e+00
-5.729537926068757336e+00
-5.717211222354358746e+00
-5.738012912571915258e+00
-5.655030451251419343e+00
-5.706327747782089510e+00
-5.703268437774856814e+00
-5.717100696792561720e+00
-5.706665695366744728e+00
-5.688182306374478081e+00
-5.514251800253287428e+00
-5.579727211934382147e+00
-5.535264514001879022e+00
-5.566147410632642512e+00
-5.510767747775206615e+00
-5.544771779910520948e+00
-5.513327805825370298e+00
-5.570583188425307419e+00
-5.630391324732261005e+00
-5.522177365967377405e+00
-5.477016727972697119e+00
-5.515801646330608321e+00
-5.533805295422384418e+00
-5.501963150693999438e+00
-5.481346121566827101e+00
-5.540598357549847641e+00
-5.485728697967339862e+00
-5.544774011523969648e+00
-5.531517071741248515e+00
-5.597135305588918364e+00
-5.550776062029663116e+00
-5.544522126787231109e+00
-5.519142729438815564e+00
-5.540284264327574704e+00
-4.739727951835645214e+00
-4.659572399958319622e+00
-4.611578994391839714e+00
-4.821523552285917447e+00
-4.783559412486585671e+00
-4.740827355622062811e+00
-5.060509424193656791e+00
-5.069608666885367931e+00
-5.036496703666878183e+00
-5.096372633749415293e+00
-4.728674051973573711e+00
-4.743824145695712424e+00
-4.641345227079595404e+00
-4.688928355390036273e+00
-4.777210276829574553e+00
-4.657722528111314375e+00
-4.649798630954617096e+00
-4.633663064365363127e+00
-4.622338878962501063e+00
-4.724737428797754824e+00
-4.629495703429896025e+00
-4.619143186116089872e+00
-4.610103740516796833e+00
-4.716953126398427010e+00
-4.706145823963261421e+00
-4.738357428746643230e+00
-5.495903208738813106e+00
-5.447457999506462478e+00
-5.385132685500749083e+00
-5.511013165323929819e+00
-5.664355168140791541e+00
-5.715187713628333555e+00
-5.595318605064579565e+00
-5.141335634847931324e+00
-5.207595939729426249e+00
-5.232247205205248441e+00
-5.755421710862898443e+00
-5.771352093264910721e+00
-5.781101293194426560e+00
-5.730575009118907381e+00
-5.765403620043496602e+00
-5.541265782982319976e+00
-5.517475795776817904e+00
-5.546782388337681446e+00
-5.522489654178525775e+00
-5.542261385938561880e+00
-5.661732878511927858e+00
-5.731665585414831732e+00
-5.288922119158411483e+00
-5.233935189106602159e+00
-5.279205604959222420e+00
-5.303309726037685579e+00
-5.328255900759274688e+00
-5.513183380252830723e+00
-5.298001354543275809e+00
-5.334513163400054658e+00
-5.345633601271068791e+00
-5.338657674101659367e+00
-5.333082606053950236e+00
-5.305129449251065665e+00
-5.316572939104492690e+00
-5.302399452855426354e+00
-5.310533802749056065e+00
-4.715940757367511615e+00
-4.733480389094301799e+00
-4.709123582223115889e+00
-4.716571740179883676e+00
-4.731556450472350406e+00
-4.724223035483297473e+00
-4.707566744697984085e+00
-4.728339034346309866e+00
-4.733875051390523225e+00
-4.718807040620968785e+00
-4.733742975865080638e+00
-4.693419756862556191e+00
-4.691947912053666236e+00
-4.714840155349884654e+00
-4.694045746375616446e+00
-4.704015914669199105e+00
-4.688045092328584573e+00
-4.679208218533947417e+00
-4.692800130664128488e+00
-5.197514330583301145e+00
-5.134919912446611612e+00
-5.150273001129756167e+00
-5.131231094800758896e+00
-5.166815222692838105e+00
-5.169956957392495056e+00
-5.196306856627011861e+00
-5.165084797278134410e+00
-5.163671188202680895e+00
-5.383898521980604812e+00
-5.339352949888875877e+00
-5.324521463057779513e+00
-5.326153588196189226e+00
-5.277405545028567069e+00
-5.396823503258176835e+00
-5.383070777967813747e+00
-5.322114582044629394e+00
-5.291895543894993281e+00
-5.102756577948035499e+00
-5.260868279700400052e+00
-5.232052830708253666e+00
-5.342355458483543984e+00
-5.302738690455836235e+00
-4.879235568867929196e+00
-4.857527916599793549e+00
-4.857752092824189738e+00
-4.869487089901444854e+00
-4.872890457349178028e+00
-4.781321972702788692e+00
-4.713980417311926630e+00
-4.728759998805158737e+00
-4.877453834237429398e+00
-4.873881327274214748e+00
-4.954037195803569382e+00
-5.265380807693039067e+00
-4.918283802760753609e+00
-5.272397136288175190e+00
-5.278428914391313675e+00
-5.201488316192836692e+00
-5.159120742158273210e+00
-4.909060209279387799e+00
-5.201944027538750071e+00
-4.960435115688660801e+00
-5.340543108753459833e+00
-4.949299547726307758e+00
-4.899125462049242152e+00
-5.312308268040023762e+00
-4.939728137606691050e+00
-4.933825922412454545e+00
-4.960783527286592332e+00
-5.246865528478176444e+00
-5.235341946606316910e+00
-5.244472707116366372e+00
-5.223873072828974173e+00
-5.138455865446548643e+00
-5.249544607802271834e+00
-5.251729736287379602e+00
-5.234551605540746166e+00
-5.236391562729757254e+00
-5.113225745872238548e+00
-5.074701620167471283e+00
-5.138455827558277456e+00
-5.136211892616436181e+00
-5.152617662151753208e+00
-5.122494574887434204e+00
-5.259248195396382108e+00
-5.231531041689544637e+00
-5.106882565698658283e+00
-5.135448377156363264e+00
-5.109801956778671439e+00
-5.557034930128981642e+00
-5.553644398877809252e+00
-5.573240083763411512e+00
-5.558890941969210076e+00
-5.570056308234206277e+00
-5.567153631923841495e+00
-5.534139614791227402e+00
-5.563167379507583554e+00
-4.736514463942585351e+00
-4.751886160295715200e+00
-5.087414804526392942e+00
-4.719842888120600932e+00
-4.697225178066108953e+00
-4.786395480441900219e+00
-4.607348077211667281e+00
-4.715469053938655009e+00
-5.677285603155145743e+00
-5.644984744725479509e+00
-5.513262530439331677e+00
-5.564439264388769679e+00
-5.540911237937067746e+00
-5.508944183249443682e+00
-5.540627405934182015e+00
-5.625409415156821247e+00
-5.689989147894432442e+00
-5.671510930428462771e+00
-5.672302005357308552e+00
-5.633969802391337822e+00
-5.648677902173831811e+00
-5.635664775407907001e+00
-5.635492477447486159e+00
-4.759895045176095074e+00
-4.763076980892683387e+00
-4.726626142793654672e+00
-4.735717315796045490e+00
-4.737040551105272002e+00
-4.723215421720353469e+00
-4.736284440288324404e+00
-4.746859462175497590e+00
-4.785281838141812294e+00
-4.793919378869376580e+00
-4.806800979984685362e+00
-4.784846358829339508e+00
-4.789906247510058002e+00
-4.730018557800033108e+00
-4.746518137586825503e+00
-4.818891882049239683e+00
-4.704917134227356357e+00
-4.824655293557080782e+00
-4.842015039912445751e+00
-4.813488685879892870e+00
-4.816511760409573739e+00
-4.749856578811725960e+00
-4.778504828181421971e+00
-4.805362513709781958e+00
-4.793274392659109040e+00
-4.773611429379341686e+00
-4.796596252835406027e+00
-4.824765649388257138e+00
-4.823937591391983304e+00
-4.806388793183293373e+00
-4.818524836179640225e+00
-4.829955355805879869e+00
-4.800219066970046633e+00
-4.813638142285230792e+00
-4.829628339869888265e+00
-4.826092287843540163e+00
-4.849689077603694720e+00
-5.107657785096429315e+00
-5.113436047336921142e+00
-5.107494741976072561e+00
-5.102382947854605000e+00
-5.105758267192436861e+00
-5.112684965507169998e+00
-5.293572874909673764e+00
-5.289325166161515490e+00
-5.284827044812376862e+00
-5.283397152478700676e+00
-5.288627292770359034e+00
-5.288679394486453411e+00
-5.284337619160645261e+00
-5.287543530620461674e+00
-5.282024743128863165e+00
-5.285573119482600113e+00
