-5.328868274222283929e+00
-5.288404213891918282e+00
-5.212780478261064943e+00
-5.009561687659360274e+00
-5.361769287637948800e+00
-5.360264160065224992e+00
-5.396001868074863594e+00
-5.373857551106090646e+00
-5.393164884485521782e+00
-5.401971960258214800e+00
-5.397816859299464198e+00
-5.352388897298018477e+00
-4.993368366337436193e+00
-5.004228206813431612e+00
-4.952042511962037707e+00
-5.005363122259236519e+00
-5.022738502831073149e+00
-5.027675197432211363e+00
-4.995138085991515098e+00
-5.011730699981273851e+00
-5.059906056799587049e+00
-5.053364631885993496e+00
-4.975893764809829811e+00
-5.284525917168723552e+00
-5.323841009266366164e+00
-5.362722571329482157e+00
-5.394792349048315394e+00
-4.901702947311314063e+00
-5.293068648698227463e+00
-5.322898830944131632e+00
-5.256310422450774844e+00
-5.191060475851489997e+00
-5.278776315428270749e+00
-5.042230215408221028e+00
-5.321373885563913220e+00
-5.333897071433787218e+00
-5.302855928879431247e+00
-4.996467704803837506e+00
-5.414520897366948304e+00
-5.444975918605214460e+00
-5.632398950786318359e+00
-5.334284254468087738e+00
-5.411280246811712047e+00
-5.615834091452051702e+00
-5.430302520544799449e+00
-5.455025895950375237e+00
-5.389930957926914346e+00
-5.431873815248391857e+00
-5.464781935989768691e+00
-5.615955897785203099e+00
-5.384294308540553686e+00
-5.369594159312056192e+00
-5.442565853593348102e+00
-5.482444013855599430e+00
-5.341975760178256927e+00
-5.390203553779662649e+00
-5.400586090979028420e+00
-5.443085422787524941e+00
-5.480220112490903794e+00
-5.573041197271138891e+00
-5.553053550068240085e+00
-5.663742440490396213e+00
-5.654727799606607874e+00
-5.550329695140197472e+00
-5.544453315126895099e+00
-5.522197497058114912e+00
-5.534702573688179861e+00
-5.544981044269065684e+00
-5.573055735050307824e+00
-5.519218119027411440e+00
-5.577498427285751070e+00
-5.534311636787606403e+00
-5.573878425695991901e+00
-5.528772107908116240e+00
-5.552475707325966958e+00
-5.672165713981950574e+00
-5.559112406350801727e+00
-5.542700545575897308e+00
-5.555760040414485346e+00
-5.566666144740135103e+00
-5.545762509671420482e+00
-5.542948962585749761e+00
-5.548843759721657776e+00
-5.536814702551097866e+00
-5.553471739447378930e+00
-5.544988706982657334e+00
-5.549694128210248323e+00
-5.560176190169801025e+00
-5.552656785337589440e+00
-5.616422254400483816e+00
-5.609922677687674053e+00
-5.640480916797415034e+00
-5.531846219087708683e+00
-5.596627497880048985e+00
-5.593804770214878985e+00
-5.616787794547492219e+00
-5.607106008807257957e+00
-5.579464202013221907e+00
-5.446728264425417798e+00
-5.507909531175540607e+00
-5.458905309469118450e+00
-5.493095925832379045e+00
-5.440800594016338643e+00
-5.468424704578994877e+00
-5.450160267875713060e+00
-5.499490547587311262e+00
-5.538934782618892605e+00
-5.438944953007786687e+00
-5.397673941865999581e+00
-5.422477398229884393e+00
-5.447203289051063102e+00
-5.419869846495168453e+00
-5.413722761147660378e+00
-5.469967189081076597e+00
-5.406272438974486505e+00
-5.477871537601227914e+00
-5.469000848293767092e+00
-5.527691580102534807e+00
-5.489883761697027964e+00
-5.473599500375201821e+00
-5.451815665715100678e+00
-5.477741669871481811e+00
-4.669215524962116781e+00
-4.587561965843638845e+00
-4.537230124733329539e+00
-4.736594264295740153e+00
-4.703550615773044008e+00
-4.644522739228158059e+00
-4.961196459202524167e+00
-4.971539857190212075e+00
-4.928471658738147632e+00
-5.004810935378855241e+00
-5.095983368899021926e+00
-5.027154236049088176e+00
-4.980663732878406691e+00
-4.645469945218533958e+00
-4.706819586189988414e+00
-4.693491778635283218e+00
-4.659002520384010637e+00
-4.676843899408723360e+00
-4.613642765261053214e+00
-4.648204360833006810e+00
-4.564959159518290122e+00
-4.608389706518202011e+00
-4.560558370633575720e+00
-4.629687159048776479e+00
-4.624064499608322443e+00
-4.645183875400112683e+00
-5.389637889031113183e+00
-5.337200242298647979e+00
-5.273231609277409859e+00
-5.406505933724480073e+00
-5.588026134201801831e+00
-5.627491170199365733e+00
-5.524169523300516360e+00
-5.037081239691652002e+00
-5.084110204926276744e+00
-5.111033670305526577e+00
-5.647045636900774213e+00
-5.671712547578212416e+00
-5.686953545310371005e+00
-5.613390107870365853e+00
-5.665000067683203078e+00
-5.426543331203843579e+00
-5.411363199363649734e+00
-5.434712848919440731e+00
-5.414931383990799318e+00
-5.431022364466993935e+00
-5.593853561711033429e+00
-5.645315696607232425e+00
-5.164078787657768288e+00
-5.121809621324023176e+00
-5.146208923004208735e+00
-5.198586615046896675e+00
-5.239256745649602642e+00
-5.400490639849150121e+00
-5.189036824176742613e+00
-5.232147883860667648e+00
-5.233410249303415362e+00
-5.230963167576494044e+00
-5.234347152415178783e+00
-5.186738702343252960e+00
-5.197535775705878436e+00
-5.195477888371922148e+00
-5.200084643867930900e+00
-4.720188020508143900e+00
-4.714366112658432861e+00
-4.680503951863660639e+00
-4.731226996294436660e+00
-4.703673115349805478e+00
-4.690516535569246415e+00
-4.676721154845567163e+00
-4.712967577964763066e+00
-4.702325016151549519e+00
-4.678089020341288595e+00
-4.660185950978132041e+00
-4.654676374818608409e+00
-4.731807279885512862e+00
-4.726863895204960642e+00
-4.678288179039636674e+00
-4.773221131359325575e+00
-4.689552998274928441e+00
-4.718721153265597934e+00
-4.741672277216857800e+00
-5.083456672570099144e+00
-5.152359416753586885e+00
-5.197379529244439134e+00
-5.187213118614588225e+00
-5.199137258535904138e+00
-5.066522913026164865e+00
-5.169465613056797970e+00
-5.193724735188556707e+00
-5.055139386253667766e+00
-5.273938728506812446e+00
-5.227155376886028826e+00
-5.212444365552985737e+00
-5.215855586651438891e+00
-5.154043532112030590e+00
-5.287533607195178398e+00
-5.275570076027197075e+00
-5.210658520897364809e+00
-5.219075124675102373e+00
-5.058058964620453679e+00
-5.161391595252720954e+00
-5.154237171039273591e+00
-5.241928495094204443e+00
-5.198297865565284503e+00
-4.939302510404800728e+00
-4.902624724227062636e+00
-4.899696663547724818e+00
-4.915060635693285995e+00
-4.875698782230186268e+00
-4.928443496152753234e+00
-4.958010548393050776e+00
-4.933979915524121296e+00
-4.954090349247035618e+00
-4.915079348093086331e+00
-4.891723092129788952e+00
-5.143399734244985311e+00
-4.871825318422552620e+00
-5.151119062021960460e+00
-5.162131225742489171e+00
-5.113701023258559353e+00
-5.032864640711738780e+00
-4.872814006895626271e+00
-5.077634146552667538e+00
-4.899706704014477943e+00
-5.220612118483635378e+00
-4.880254468976087168e+00
-4.870794247371325270e+00
-5.190599027879519767e+00
-4.899677036204539426e+00
-4.866762449725843709e+00
-4.926909314987541144e+00
-5.134809364353595029e+00
-5.134965194783691622e+00
-5.078203046291744016e+00
-5.097970246771977187e+00
-5.011326104622132682e+00
-5.185662537702436126e+00
-5.197727761429533189e+00
-5.178788391665465340e+00
-5.121791015621198540e+00
-4.998410869433630666e+00
-4.946848302135590458e+00
-5.034287509594703280e+00
-5.002231682306221394e+00
-5.035774361796338638e+00
-4.993818514265037756e+00
-5.169997442394247855e+00
-5.112981537029409829e+00
-4.984974520551384458e+00
-5.016588223881380593e+00
-5.002220100218095489e+00
-5.488694987086609522e+00
-5.493972148999539229e+00
-5.453804229298900630e+00
-5.447078052388288683e+00
-5.492645818434167992e+00
-5.494259910033781225e+00
-5.486717707552712930e+00
-5.460662401601228844e+00
-4.649058813887777752e+00
-4.682337664198863436e+00
-4.980116215341884534e+00
-4.655069663007676439e+00
-5.119438428012649034e+00
-5.118609402883714132e+00
-5.153160761791911071e+00
-5.095643034997848098e+00
-5.594474809250326253e+00
-5.537113406160984574e+00
-5.406387288742011243e+00
-5.457297226589065353e+00
-5.443064637466308753e+00
-5.417319264201444717e+00
-5.443392241132253950e+00
-5.529655904981837011e+00
-5.582083532452494445e+00
-5.571709596449740509e+00
-5.572175246379441838e+00
-5.534761162491896869e+00
-5.546736824944663802e+00
-5.528803873133607105e+00
-5.542521407306791659e+00
-4.700323963395899973e+00
-4.723802672239872713e+00
-4.670078022400819151e+00
-4.698743314432270779e+00
-4.714703393379533480e+00
-4.666972423252591540e+00
-4.700678509502006719e+00
-4.714603027417891390e+00
-4.743936391718965417e+00
-4.788922030879560587e+00
-4.790039674442081896e+00
-4.727236445771759499e+00
-4.804456304199199224e+00
-4.675072749931667104e+00
-4.697164795783835167e+00
-4.740252332467947305e+00
-4.662862310972379021e+00
-4.788624411493873190e+00
-4.834725228712717815e+00
-4.709804907938906382e+00
-4.764060704163971316e+00
-4.706286942286631358e+00
-4.731760387061264339e+00
-4.812157835879940393e+00
-4.725103736198063231e+00
-4.715324047830055321e+00
-4.702507399290789536e+00
-4.737143707216685762e+00
-4.785898939397161378e+00
-4.788827092392668128e+00
-4.821144200817633951e+00
-4.772833118992482859e+00
-4.724765861831036418e+00
-4.727728913952968348e+00
-4.749071049340249928e+00
-4.783071925355854681e+00
-4.793368236899091528e+00
-5.022095574036636201e+00
-5.029314359005439883e+00
-5.018869963472196716e+00
-5.022249393079950330e+00
-5.022182510149367118e+00
-5.025446309195644723e+00
-5.179045899725229773e+00
-5.168852654964131155e+00
-5.178957470021938292e+00
-5.170473291503913771e+00
-5.180410894511665809e+00
-5.185352472293193848e+00
-5.172160077284845947e+00
-5.173382749908576272e+00
-5.172881283632985827e+00
-5.173812924059960849e+00
