-5.432457292941552218e+00
-5.385613856090376572e+00
-5.319204860078826869e+00
-5.136481609896716982e+00
-5.460677365664896143e+00
-5.462346196440821089e+00
-5.501303560699905226e+00
-5.480888661921039073e+00
-5.497094912317231241e+00
-5.509262067415618525e+00
-5.506779873274846082e+00
-5.469316389567138614e+00
-5.113960736910920346e+00
-5.137251762247291964e+00
-5.117213417666906849e+00
-5.129528108343680337e+00
-5.147012879150619113e+00
-5.138486089411610003e+00
-5.128244419854528502e+00
-5.130196674677834245e+00
-5.155199555105159703e+00
-5.161687139736205410e+00
-5.134477276579689331e+00
-5.392619236159115204e+00
-5.426676840462433482e+00
-5.475505015124884522e+00
-5.513202502535349048e+00
-5.069011997150393967e+00
-5.408435116703292245e+00
-5.427208592316039137e+00
-5.366083928053061669e+00
-5.324617579909758369e+00
-5.386089847117078833e+00
-5.153950413295440569e+00
-5.426353948813447126e+00
-5.444644632736530099e+00
-5.410287288391580240e+00
-5.120195826311777942e+00
-5.506852312937575711e+00
-5.554926401844189954e+00
-5.726143370002659161e+00
-5.421076050223895493e+00
-5.523117187057565047e+00
-5.700212186329013164e+00
-5.520916646461142996e+00
-5.546732838629765183e+00
-5.476663889715051248e+00
-5.532453245307969780e+00
-5.567346102652582118e+00
-5.717695019709406523e+00
-5.481995004262577353e+00
-5.471137019723541606e+00
-5.538248739272241927e+00
-5.591173758875258137e+00
-5.447884955484301628e+00
-5.479935423954503726e+00
-5.500417988137193959e+00
-5.546482793628705110e+00
-5.584129482804038425e+00
-5.663153096332093739e+00
-5.653910442781816315e+00
-5.748730551589983584e+00
-5.747351648762501597e+00
-5.648473859222455928e+00
-5.644220830543566159e+00
-5.634379351270096592e+00
-5.634617330670745439e+00
-5.644534036388164644e+00
-5.671151122483694351e+00
-5.628208581808420874e+00
-5.672384580829767486e+00
-5.628600031173568219e+00
-5.683498733066175035e+00
-5.620909886987369042e+00
-5.652317113831232476e+00
-5.750982569887906237e+00
-5.641409778800216657e+00
-5.629053853213201286e+00
-5.637707897783938549e+00
-5.653066267919682808e+00
-5.639473681226569113e+00
-5.632314496494585931e+00
-5.633291069709704502e+00
-5.624668333107737617e+00
-5.632426035974971157e+00
-5.657121210148856605e+00
-5.642818678465190807e+00
-5.660692268729015986e+00
-5.651282482986514921e+00
-5.735047886797058680e+00
-5.720599082855890138e+00
-5.737737567553740980e+00
-5.662011232872950828e+00
-5.710563454969465269e+00
-5.705654767736964672e+00
-5.718404808708791087e+00
-5.707726165989457812e+00
-5.690026827084579075e+00
-5.512578643073992701e+00
-5.582500759305442095e+00
-5.534948623475623108e+00
-5.564038852834180204e+00
-5.510977264455140912e+00
-5.545797322830094522e+00
-5.511399695515162733e+00
-5.569672213434381014e+00
-5.635012070852431165e+00
-5.524426965755225183e+00
-5.476340906700423616e+00
-5.518438277065381037e+00
-5.533930236533292302e+00
-5.496127809813435405e+00
-5.479908555901476852e+00
-5.538810055270914745e+00
-5.486018427191353908e+00
-5.541840743982231920e+00
-5.530586705105799084e+00
-5.597230182824008082e+00
-5.549735566457409952e+00
-5.544893627503471478e+00
-5.517057478339563836e+00
-5.537908494317826502e+00
-4.735467018903518621e+00
-4.669596752508220483e+00
-4.615667206065151795e+00
-4.818102199816520326e+00
-4.785544133587160687e+00
-4.748056875850513947e+00
-5.062660582198485137e+00
-5.071376395117262348e+00
-5.036985266287453911e+00
-5.095454650466638036e+00
-4.678312826282863490e+00
-4.692008884878277719e+00
-4.631619870684627216e+00
-4.694421995830743377e+00
-4.771561018301445856e+00
-4.666061834645177875e+00
-4.654006270438107329e+00
-4.629135197162574045e+00
-4.632224399373111368e+00
-4.740815623751574392e+00
-4.639253572704170381e+00
-4.626506138719803651e+00
-4.612942499856629297e+00
-4.721390210768166007e+00
-4.712252333970092799e+00
-4.734364956528834156e+00
-5.497947141284702965e+00
-5.448708579706495136e+00
-5.385921829194292521e+00
-5.513111100594610292e+00
-5.669694716026684844e+00
-5.720816864723543560e+00
-5.596393682001465919e+00
-5.141731250818370569e+00
-5.216535883556979947e+00
-5.235039642764181878e+00
-5.763270163516687639e+00
-5.776882902833793132e+00
-5.782334808604735699e+00
-5.740600655593397050e+00
-5.771315088873389065e+00
-5.541682610388527941e+00
-5.517644432863741955e+00
-5.546598994244568814e+00
-5.526419955016283581e+00
-5.543801626038202812e+00
-5.664353609124780142e+00
-5.733541069695048620e+00
-5.293195445734133031e+00
-5.237160419363807051e+00
-5.278001171924881163e+00
-5.309306538032363854e+00
-5.338146804180772698e+00
-5.518497972936572182e+00
-5.307248306326867393e+00
-5.350404528120061620e+00
-5.360780478189400178e+00
-5.352588864848736527e+00
-5.348817472752051216e+00
-5.310989009491147606e+00
-5.325709729428249162e+00
-5.311336481034873991e+00
-5.320085712437888859e+00
-4.719368702042626040e+00
-4.738085806187447346e+00
-4.715012393017626202e+00
-4.724384394726047098e+00
-4.730525019024696576e+00
-4.728517394157301545e+00
-4.714510964785203484e+00
-4.728151329667593217e+00
-4.739047166599847039e+00
-4.728251730991341439e+00
-4.735577643239740731e+00
-4.701798483145883445e+00
-4.692430341450966047e+00
-4.716739942705145516e+00
-4.694520482799197758e+00
-4.708263623001872844e+00
-4.693373066111186098e+00
-4.691307603729583775e+00
-4.695763508389718233e+00
-5.202061798171827789e+00
-5.125269139507303784e+00
-5.139430424746111115e+00
-5.131724340821476993e+00
-5.159625536121901668e+00
-5.174404318303849948e+00
-5.193876727322327191e+00
-5.156672843326182587e+00
-5.166184942024413473e+00
-5.386293180849228257e+00
-5.343110252851418274e+00
-5.330750702984316192e+00
-5.330773319466625360e+00
-5.290978869307718213e+00
-5.401149844831350855e+00
-5.387365192472178599e+00
-5.325186716524481056e+00
-5.292046820331151480e+00
-5.096582928646064659e+00
-5.264557955940129652e+00
-5.235612091024149706e+00
-5.345405759581160154e+00
-5.304148456409584433e+00
-4.880577490264970564e+00
-4.851516978968819949e+00
-4.856382112591832723e+00
-4.864535719876869280e+00
-4.869275452886379973e+00
-4.781523305152846071e+00
-4.725467942673218680e+00
-4.738972943468004573e+00
-4.876949831615832842e+00
-4.874261154864555579e+00
-4.950859822089029194e+00
-5.265655670911210784e+00
-4.918110899650740997e+00
-5.273067554576058136e+00
-5.280509939180277890e+00
-5.205652545780918850e+00
-5.161500466113356111e+00
-4.906670258910469151e+00
-5.207681907933202403e+00
-4.958426836371070401e+00
-5.344116074803380911e+00
-4.945261624971501568e+00
-4.895182440296935944e+00
-5.316201914847322740e+00
-4.937510392679730131e+00
-4.928171039453452806e+00
-4.956133407222046650e+00
-5.256682263641490493e+00
-5.243785584299307523e+00
-5.256941324921547753e+00
-5.230480485377686506e+00
-5.136283706524108261e+00
-5.246139360023144960e+00
-5.241112635261001351e+00
-5.225605876716107545e+00
-5.239943032917476096e+00
-5.117315102190856280e+00
-5.078414072822534209e+00
-5.141992016672352506e+00
-5.138439716179829198e+00
-5.161090593705936591e+00
-5.127044290578625763e+00
-5.260709182079880364e+00
-5.233653980553634177e+00
-5.104597468826333362e+00
-5.143001450074270231e+00
-5.118408211225923488e+00
-5.559472208789069114e+00
-5.559254766993380947e+00
-5.574866357167397979e+00
-5.564188082955575432e+00
-5.579748643268831465e+00
-5.561419182820144691e+00
-5.544824628446423098e+00
-5.567937383309021548e+00
-4.738267027947115295e+00
-4.746390473806950006e+00
-5.080128894440290921e+00
-4.721915939742420854e+00
-4.691344296282821347e+00
-4.728375486982018927e+00
-4.666532644733778490e+00
-4.706346752090351693e+00
-5.680938988945240631e+00
-5.648142166089130889e+00
-5.512695864518258659e+00
-5.562047328791809520e+00
-5.537550325916333449e+00
-5.507828502883440613e+00
-5.541059994065731686e+00
-5.625578221322466987e+00
-5.689440443317040241e+00
-5.670156308962299718e+00
-5.671150292388563052e+00
-5.633067785613629752e+00
-5.649224027409687210e+00
-5.635470901479706640e+00
-5.634103873772776438e+00
-4.768260852745729750e+00
-4.764455325369912231e+00
-4.734142046667596304e+00
-4.738118066862817557e+00
-4.739019760434173278e+00
-4.724759668254257861e+00
-4.737350941617430422e+00
-4.744048884866950644e+00
-4.792316427871795348e+00
-4.790693457606410632e+00
-4.806452070417107869e+00
-4.776051871173291552e+00
-4.793413191996656053e+00
-4.735517469541085767e+00
-4.746769882879548597e+00
-4.822115780984152167e+00
-4.705078663057436827e+00
-4.823252910850242436e+00
-4.840366516286836784e+00
-4.813047056657079992e+00
-4.815002429297990716e+00
-4.757635936768304319e+00
-4.791826751601139023e+00
-4.802433997453780634e+00
-4.794832110857369933e+00
-4.776072653128070833e+00
-4.798050014420058851e+00
-4.821630522635754090e+00
-4.820316570826122415e+00
-4.807232075470529331e+00
-4.822650643483729738e+00
-4.829291157471472751e+00
-4.798421121982590520e+00
-4.812755082838877208e+00
-4.827239379116980977e+00
-4.831436041036082152e+00
-4.855801066412168687e+00
-5.089556168790778656e+00
-5.093728599310574978e+00
-5.088066584659751257e+00
-5.082484493933049130e+00
-5.086980126653935841e+00
-5.094560914230673809e+00
-5.297832154284936479e+00
-5.294206087022742757e+00
-5.288282383004069942e+00
-5.286393638204282652e+00
-5.292691898596949329e+00
-5.293434842016347730e+00
-5.288206282275801584e+00
-5.291354820433802786e+00
-5.286798789774675988e+00
-5.288116462187784528e+00
