-5.182769500066203072e+00
-5.194110229201603701e+00
-5.802724690736223323e+00
-5.391354821453541390e+00
-5.386688650783479027e+00
-5.310288133753389594e+00
-5.470327079372840906e+00
-5.208160834279441431e+00
-5.232601040210251853e+00
-5.264418510875947810e+00
-5.474358690046662979e+00
-5.342016028837823782e+00
-5.323321066957666936e+00
-5.462470226079184421e+00
-5.268690623420908992e+00
-5.294759518684905686e+00
-5.522675416958114702e+00
-5.442385171133938826e+00
-5.444091963303613113e+00
-5.460311431465746601e+00
-5.346745817035820636e+00
-5.335361071498106789e+00
-5.283586426269127223e+00
-5.364393665724845661e+00
-5.487721577554087737e+00
-5.436304442977625051e+00
-5.695431529541767013e+00
-5.470742935968865517e+00
-5.488381322785595984e+00
-5.275776291926193906e+00
-5.259451182681281978e+00
-5.330909246138678448e+00
-5.486177496249434959e+00
-5.469225991762797001e+00
-5.410189052238141727e+00
-5.256455374848284734e+00
-5.259574957808933249e+00
-5.609547580106920783e+00
-5.561384280191131069e+00
-5.650931468429246429e+00
-5.211147933957890110e+00
-5.279422370801883702e+00
-5.767310306416250754e+00
-5.586231308554737929e+00
-5.108852360671868098e+00
-5.225713649534676541e+00
-5.740162930825027487e+00
-5.186522330781566659e+00
-5.570961854521775614e+00
-5.140422947622455219e+00
-5.563135469896524299e+00
-5.596534362471564883e+00
-5.258773449266342048e+00
-5.636687466093171395e+00
-5.056064132734335637e+00
-5.520410578370666066e+00
-5.506681866459826047e+00
-5.583207046636283977e+00
-5.515479232862447567e+00
-5.533558189933769356e+00
-5.542563745570370237e+00
-5.778092656286604623e+00
-5.779645486632289497e+00
-5.784302495524245913e+00
-5.527871187095731997e+00
-5.614582772604514993e+00
-5.586141217975034934e+00
-5.593113416857888431e+00
-5.781880932413685947e+00
-5.599525664919188905e+00
-5.546419340444783685e+00
-5.576291754751721008e+00
-5.579116701119520627e+00
-5.654363912821427363e+00
-5.545557577999841392e+00
-5.561539850699149135e+00
-5.590632625205437023e+00
-5.596834598340774569e+00
-5.584517914987675802e+00
-5.139597006196564344e+00
-5.527275717947459199e+00
-5.590291767772807674e+00
-5.573464577002579468e+00
-5.629901180624865553e+00
-5.585555381778475770e+00
-5.656995065718541049e+00
-5.085656132625824277e+00
-5.602757132020973252e+00
-5.618467053851737170e+00
-5.091653107691201718e+00
-5.615171837034937496e+00
-5.557722909915979059e+00
-5.544713643538234926e+00
-5.589163569183724256e+00
-5.087129720060305615e+00
-4.921753376157239401e+00
-5.782378981723883982e+00
-5.599695236146830624e+00
-5.591842146741112352e+00
-5.522608403317695647e+00
-5.567466234284491833e+00
-5.177094411713425437e+00
-5.614204991097787811e+00
-5.541358497084138968e+00
-5.624252449151582844e+00
-5.784163686787187508e+00
-5.589176643894186114e+00
-5.564626936903271037e+00
-5.613920030708787756e+00
-5.652563147238653052e+00
-5.595138874330707779e+00
-5.548712302564548615e+00
-5.602892765733795244e+00
-5.774381111980289027e+00
-5.658576277162871371e+00
-5.544249101515450029e+00
-5.785327754221960106e+00
-5.561780047974651531e+00
-5.584419716871695805e+00
-5.634355469915961478e+00
-5.551274500521080846e+00
-5.557945720148290469e+00
-5.577151499268024892e+00
-5.763366520045378749e+00
-5.778141239612165414e+00
-5.532566848533958748e+00
-5.589656785497610691e+00
-5.516800595787810124e+00
-5.573954334493941509e+00
-5.430773917600435041e+00
-5.442205681388086802e+00
-5.529586075862631844e+00
-5.672649141289754837e+00
-5.651636199259426618e+00
-5.595901687660234991e+00
-5.592249396901714853e+00
-5.696114890689297106e+00
-5.587706046595200426e+00
-5.374738904617339941e+00
-5.533009995568996864e+00
-5.543200759650067866e+00
-5.613526386443249194e+00
-5.699074443827931269e+00
-5.543370266283282000e+00
-5.594760640885693803e+00
-5.542901831077998942e+00
-5.696183218967903805e+00
-5.782478304202761876e+00
-5.540806863201479970e+00
-5.546298166343754055e+00
-5.601516607832627059e+00
-5.580407949894187425e+00
-5.557610849805294073e+00
-5.593810861159735026e+00
-5.335292256791160703e+00
-5.252472848280492101e+00
-5.537987945280298696e+00
-5.599379867736313798e+00
-5.300762009737660208e+00
-5.269048289497609616e+00
-5.522778091319302973e+00
-5.693162449716851370e+00
-5.559325592325508936e+00
-5.638212256542863621e+00
-5.564669202538278903e+00
-5.352206145581035024e+00
-5.583735470389776800e+00
-5.110364674416751463e+00
-5.539128224649678245e+00
-5.108260720250656917e+00
-5.329090683355044433e+00
-5.553424989240309806e+00
-5.619990785523624410e+00
-5.593516481538775231e+00
-5.577199073134199381e+00
-5.130346570179172616e+00
-5.772669385297262146e+00
-5.573114562980375553e+00
-5.203226909396319044e+00
-5.686305196595039746e+00
-5.551488117036937453e+00
-5.573833964527814544e+00
-5.616796029586478944e+00
-5.564013517246192642e+00
-5.754808581051970684e+00
-5.525240090944791405e+00
-5.245232480244312434e+00
-5.094349100664251395e+00
-5.588159619439911907e+00
-5.548076068064313304e+00
-5.571526166285145187e+00
-5.513486541397603524e+00
-5.555142713187032122e+00
-5.563024405375132986e+00
-5.708098928445905607e+00
-5.790233273197497255e+00
-5.593207346146607861e+00
-5.611608253698538107e+00
-5.569143298765090400e+00
-5.694697467099692823e+00
-5.602741774716066381e+00
-5.799046201994005223e+00
-5.232626074614566747e+00
-5.613550784150015183e+00
-5.260016994739061147e+00
-5.572076347285873865e+00
-5.592566659969940623e+00
-5.585143151105557813e+00
-5.592332313417244904e+00
-5.609292399072732138e+00
-5.371754524415995213e+00
-5.598349579810182775e+00
-5.769579608742462007e+00
-5.598754947380158775e+00
-5.566001214586813184e+00
-5.435445207928912836e+00
-5.608797849565553051e+00
-5.566055439063952726e+00
-5.525731079711046156e+00
-5.540966648835152775e+00
-5.295195688274168866e+00
-5.552819830034629867e+00
-5.597019553240106582e+00
-5.709832016895064477e+00
-5.251791430035075869e+00
-5.552912357365569207e+00
-5.699295829687776482e+00
-5.568436785479113027e+00
-5.568791624036708576e+00
-5.305838929561542905e+00
-5.603823131548428371e+00
-5.576388040738087248e+00
-5.713352452887299648e+00
-5.613573569736323599e+00
-5.608465649204935843e+00
-5.683865759331411027e+00
-5.607961122124522468e+00
-5.569340200046561939e+00
-5.061930448851775566e+00
-5.793660704604550737e+00
-5.513850545274541659e+00
-5.551003966450687166e+00
-5.310714133913077006e+00
-5.553188068725813942e+00
-5.589867751641112825e+00
-4.991244325215211219e+00
-5.566974724672620667e+00
-5.557313516868362058e+00
-5.579829180259154420e+00
-5.573968202771037106e+00
-5.596600704697852535e+00
-5.613506039695383976e+00
-5.526134992922181688e+00
-5.782082580951808382e+00
-5.628519587996026807e+00
-5.652081120962692218e+00
-5.598008564826023381e+00
-5.611377527459055159e+00
-5.126884027417757395e+00
-5.144168663962531696e+00
-5.610360850583049341e+00
-5.581367729777204190e+00
-5.749324576470239201e+00
-5.556083411086412127e+00
-5.522818334985491795e+00
-5.675258075137283420e+00
-5.778337338221574804e+00
-5.047441398085194209e+00
-5.692887423096219202e+00
-5.587530900775611542e+00
-5.537314564179644627e+00
-5.538909332122242013e+00
-5.574303156501826173e+00
-5.134072615307133880e+00
-5.093452292352442790e+00
-5.634351646318773277e+00
-5.560892193077986434e+00
-5.712458137425143079e+00
-5.609906892635853737e+00
-5.772869255493128904e+00
-5.598987006792618182e+00
-5.105425137651055323e+00
-5.562279394205442706e+00
-5.719349034202386939e+00
-5.549856528228837682e+00
-5.514235724833345564e+00
-5.608619108350988647e+00
-5.589437685332849348e+00
-5.581594837063038383e+00
-5.677042635667652881e+00
-5.169299174669082397e+00
-5.575907337550601639e+00
-5.593803667686082726e+00
-5.273848894742201310e+00
-5.790094062029151445e+00
-5.689904014003096755e+00
-5.615923896254287229e+00
-5.584004481324456037e+00
-5.069093584003102393e+00
-5.763671662824850550e+00
-5.593227376861277023e+00
-5.562507709907233533e+00
-5.536326016708305708e+00
-5.519384375696574807e+00
-5.569658430647923986e+00
-5.588512886773349564e+00
-5.582341930996403079e+00
-5.259653743534952852e+00
-5.555290049211670578e+00
-5.648265738432130867e+00
-5.570240562057100497e+00
-5.592888910201957664e+00
-5.124636816449804400e+00
-5.782160711048592638e+00
-5.679799170553983423e+00
-5.613467687675312234e+00
-5.694059775960058190e+00
-5.061786112135035154e+00
-5.609557183793737245e+00
-5.777247576704218623e+00
-5.592602002887404389e+00
-5.294681383336087954e+00
-5.561426732171044662e+00
-5.605661701454160095e+00
-5.778857926083242447e+00
-5.303126198709240846e+00
-5.600244292299885629e+00
-5.665191349708750046e+00
-5.611262690352858407e+00
-5.776052188435685686e+00
-5.230440109619572731e+00
-4.963417556978408030e+00
-5.581416300488277749e+00
-5.545440238509465658e+00
-5.542599348739724263e+00
-5.777438366037092266e+00
-5.671742070049436535e+00
-5.324347518807204693e+00
-5.602490049928921856e+00
-5.605365566648948139e+00
-5.226410980770046955e+00
-5.568134829587499723e+00
-5.666776055238740284e+00
-5.562328120365373607e+00
-5.613312664343373726e+00
-5.777143264818541901e+00
-5.768393789226381685e+00
-5.565512287532802027e+00
-5.601192584437027833e+00
-5.054618108312391556e+00
-5.596404553213401023e+00
-5.038443113600431289e+00
-5.103955284197801312e+00
-5.681684580680342656e+00
-5.575930439491635582e+00
-5.581350526865604955e+00
-5.606446520117524202e+00
-5.594244005952392129e+00
-5.690770711496014655e+00
-5.220297723037815807e+00
-5.625377102094674342e+00
-5.163667261856670798e+00
-5.622233422690576354e+00
-5.594489815661703780e+00
-5.535108031626654324e+00
-5.589157644007502590e+00
-5.578947015360103734e+00
-5.574260799163881508e+00
-5.606030939692279169e+00
-5.627105302095270822e+00
-5.640403673648887839e+00
-5.598474796472310722e+00
-5.781583991726837901e+00
-5.590522426567815728e+00
-5.002128200269850389e+00
-5.265764989216173753e+00
-5.262276170086800597e+00
-5.337530107416291081e+00
-5.657719553818291836e+00
-5.211595539276023814e+00
-5.696270928099693265e+00
-5.693710500519898687e+00
-5.556195090613936571e+00
-5.570102286177360362e+00
-5.205595904148671238e+00
-5.252108957556630209e+00
-5.621312830619374701e+00
-5.570100621362916726e+00
-5.189313592157509092e+00
-5.528691984700553341e+00
-5.431348739484135102e+00
-5.548376007685267730e+00
-5.758738788863501767e+00
-5.618981103486932582e+00
-5.598001983305037399e+00
-5.633187757848213018e+00
-5.561962824028832131e+00
-5.187723404841356967e+00
-5.603517739153331512e+00
-5.759997594754393546e+00
-5.570894601360918408e+00
-5.558015874626479835e+00
-5.639322070751964233e+00
-5.612905789753735775e+00
-5.597857671657472167e+00
-5.552687726006277025e+00
-5.542102254776794190e+00
-5.364389759702433480e+00
-5.138775738014910388e+00
-5.167196841244498628e+00
-5.053759627102544449e+00
-5.577321317393563405e+00
-5.625900087126153082e+00
-5.565311415508471526e+00
-5.629946078059301584e+00
-5.155344273803290633e+00
-5.612076744167664444e+00
-5.115204099680044081e+00
-5.585395663668761834e+00
-5.569276083378679409e+00
-5.660220414547584511e+00
-5.385245464390061798e+00
-5.659966677759216580e+00
-5.659400111138684686e+00
-5.299965605126008228e+00
-5.610287202263348760e+00
-5.527329712204924306e+00
-5.318929925734148689e+00
-5.585826961003993674e+00
-5.586641613720847666e+00
-5.601171408154890230e+00
-5.684813653855797178e+00
-5.601880723521800221e+00
-5.328543016120757869e+00
-5.672973574107753159e+00
-5.750951243089613030e+00
-5.621559688753061224e+00
-5.594137810942048539e+00
-5.765120436946964411e+00
-5.328959896567929455e+00
-5.174933711856829710e+00
-5.091312799956821067e+00
-5.569825409954633599e+00
-5.620695935235811902e+00
-5.577662202747793785e+00
-5.596696759952254574e+00
-5.220439257181161530e+00
-5.192110707751182552e+00
-5.399335876942443768e+00
-5.832011525176941547e+00
-5.422237349285836672e+00
-5.438064957043700076e+00
-5.213957957652136876e+00
-5.186981409659535025e+00
-5.309494921184459315e+00
-5.165954353512902664e+00
-5.206519120712288284e+00
-5.201714829186613542e+00
-5.153327410826292976e+00
-5.229392046485084933e+00
-5.345559080074980152e+00
-5.758418384222126818e+00
-5.085334962997696273e+00
-5.435140633939003152e+00
-5.437614304913600982e+00
-5.344782851029810544e+00
-5.318373641946151587e+00
-5.438049700540589448e+00
-5.334994175150397311e+00
-5.187436051702649209e+00
-5.394116079340101955e+00
-5.860356232270103050e+00
-5.206520016175341325e+00
-5.616139989015666245e+00
-4.955881824123462565e+00
-5.164156218187264891e+00
-5.364041686327804648e+00
-5.311156543134597285e+00
-5.378674630341564900e+00
-5.277428056428034253e+00
-5.521934790063610876e+00
-5.192290345335336177e+00
-5.004408928526829392e+00
-5.333845345695802820e+00
-5.311193477087603476e+00
-5.860369785868171810e+00
-5.310374508686987127e+00
-5.788922578254830142e+00
-5.311195962654504221e+00
-5.428651091918688998e+00
-4.567511717571569818e+00
-5.297624195472834252e+00
-5.414091899072179359e+00
-5.153327988243637137e+00
-5.178353503488988707e+00
-5.837927382909842144e+00
-5.773317899689359045e+00
-4.670222864706288668e+00
-5.147316973750952762e+00
-5.196736504484349872e+00
-5.310153688548205686e+00
-5.478203741654463776e+00
-4.978187310409762034e+00
-5.378676073732543195e+00
-5.194601149125238848e+00
-5.187435753300317920e+00
-5.192708243945811653e+00
-5.304507691676894510e+00
-4.779886654684033509e+00
-5.378673901042964722e+00
-5.705041273513358213e+00
-5.005224487930932220e+00
-5.317818087078292066e+00
-5.355062050207984647e+00
-5.302124522173528476e+00
-5.205690059303679895e+00
-5.296482002776096820e+00
-5.309022866818832398e+00
-5.297626311347555017e+00
-5.394079184710197872e+00
-5.478107357305932901e+00
-5.187092750472743319e+00
-5.413270709715675366e+00
-4.995855471617365318e+00
-5.400728276469795475e+00
-5.206520672849906717e+00
-5.837927135115789312e+00
-5.085336103795787821e+00
-5.300681428750363189e+00
-5.071168012813685344e+00
-5.073640115448256438e+00
-4.670219153806682399e+00
-5.331940430276435272e+00
-5.365840196853623567e+00
-5.059266195799668964e+00
-5.177535528995705683e+00
-4.444094275439984365e+00
-5.286843970501676537e+00
-5.409123606430177311e+00
-4.814760748572965099e+00
-5.083217945440141605e+00
-5.177533818269083099e+00
-5.165953872598273655e+00
-5.165953984886702877e+00
-5.194266844662514870e+00
-5.368784480372526424e+00
-5.363655040643029892e+00
-5.072826741533626560e+00
-4.702614281429947418e+00
-5.186536117392149592e+00
-5.183583340601349398e+00
-5.773294658104471289e+00
-5.309167641920337743e+00
-5.318526976574356802e+00
-5.187435192460101874e+00
-5.413262299615849038e+00
-5.673182936283089006e+00
-5.302124111540589269e+00
-5.192707466738061939e+00
-5.319367832222576808e+00
-5.760367233139048082e+00
-5.383170954207216141e+00
-5.199743442961566764e+00
-5.104578976630805620e+00
-5.760375454598135825e+00
-5.395372230375021338e+00
-5.348864308444223781e+00
-5.192111597631783759e+00
-5.758420631934929368e+00
-5.070336425927508550e+00
-4.962700517687598456e+00
-5.186986358093049532e+00
-5.365581088906865581e+00
-5.194600500460366810e+00
-4.824302823048311595e+00
-5.377427813730310646e+00
-4.840915938503643545e+00
-5.275140809543777287e+00
-5.235944341441420846e+00
-5.438021734116662564e+00
-5.281830556725037873e+00
-4.589273668779907389e+00
-5.400727546778808730e+00
-4.731596802446513372e+00
-5.310169115797719108e+00
-4.974585855625009323e+00
-5.369127836279075083e+00
-5.350962651675091664e+00
-5.046046782470119396e+00
-5.273355535055892496e+00
-5.187433916113565857e+00
-5.409098417590437080e+00
-5.344810050647298638e+00
-4.884813524299412180e+00
-5.165954674966424243e+00
-5.348866487879091025e+00
-5.043174138590619471e+00
-5.401030277106714017e+00
-5.212184392306518532e+00
-5.153331363672880805e+00
-5.194267458582054964e+00
-5.167245968196914951e+00
-5.243216769067491789e+00
-5.094167125431756205e+00
-4.455351934319107698e+00
-5.040519838759049520e+00
-5.837928651501588462e+00
-5.300683476459014720e+00
-5.194267055255194165e+00
-5.186543708037182121e+00
-5.212184309396508120e+00
-5.192290512275000935e+00
-5.422291152240534373e+00
-5.387900402825565926e+00
-5.345329429373533614e+00
-5.350961513071337272e+00
-5.705046300312014651e+00
-5.187094381524992137e+00
-5.355863898333229400e+00
-5.187436154859407011e+00
-5.331457422563330439e+00
-5.788675066692718474e+00
-5.438086380795577490e+00
-5.288976920805184001e+00
-5.341746459156109239e+00
-5.385868393057072545e+00
-5.319354571917993546e+00
-5.830519756150087218e+00
-4.496724959105420361e+00
-5.035367631680748524e+00
-5.334140924424908725e+00
-5.183192145329591938e+00
-5.178349962136445939e+00
-5.207494807459700503e+00
-5.177533129178685023e+00
-5.780495523536687941e+00
-5.300680225933780854e+00
-5.413270824187273789e+00
-5.149520874880847643e+00
-5.370951961737365110e+00
-5.303428045444054106e+00
-5.354081720781229237e+00
-5.149514972427824411e+00
-5.161400696976359725e+00
-5.089666229131175612e+00
-4.970463719552158821e+00
-5.364982141926350145e+00
-5.387928879206247856e+00
-5.345221474386398164e+00
-5.730324553195577764e+00
-5.157801236131231981e+00
-5.398540525988391181e+00
-5.294598326802613997e+00
-5.350962743565027324e+00
-5.306799253504690839e+00
-4.878368185230833376e+00
-5.616138960265435465e+00
-5.187093992477307403e+00
-5.186987982258023600e+00
-5.213964942685582749e+00
-4.575439954088815320e+00
-5.268609400253991382e+00
-5.330121158019941241e+00
-5.297629434742520793e+00
-5.288980059289827729e+00
-5.390702033876419996e+00
-5.251063284802667042e+00
-5.192706385724970453e+00
-5.105540994065182581e+00
-4.930657275313043542e+00
-5.146166765191867221e+00
-5.288739577091543076e+00
-5.190407536599948024e+00
-5.206519897016943510e+00
-5.395367582274151808e+00
-5.773319586158082828e+00
-5.383170638820808485e+00
-5.365483350810199781e+00
-5.080816911810664749e+00
-4.945617527591442020e+00
-5.237782397409417534e+00
-4.996609119972716506e+00
-5.139628397916998992e+00
-5.190902905712902360e+00
-5.157754960645895004e+00
-5.088137030989582144e+00
-5.071167947544575227e+00
-5.137258188184771868e+00
-5.337624636778152798e+00
-5.317817025287792099e+00
-5.269912332839742142e+00
-5.144507338489311188e+00
-5.132555511989567165e+00
-5.760366292522872911e+00
-5.167035877042406078e+00
-5.153505528608248731e+00
-5.247346282156965636e+00
-5.409111874210495330e+00
-5.286026600816053467e+00
-5.130166246539560326e+00
-5.348865837584357408e+00
-4.501586880652066469e+00
-5.446761366787912451e+00
-5.034780736353451580e+00
-5.760363497581565184e+00
-5.187434666676165484e+00
-5.187093453937187348e+00
-5.406647038082304846e+00
-5.340278913586981702e+00
-5.860375452805065777e+00
-5.043995803863097649e+00
-5.213958964573925492e+00
-5.300681329130471298e+00
-5.065355887270830415e+00
-5.194528443467397061e+00
-4.875452369569704736e+00
-5.213426069563439569e+00
-5.213426978345411911e+00
-5.185369100493971040e+00
-5.243996969714988410e+00
-5.347732345242809160e+00
-5.398673755952162701e+00
-5.355855858326146191e+00
-5.186990095609784746e+00
-5.201046044896453502e+00
-5.378678125819560840e+00
-5.199743281781623594e+00
-5.301765583439897789e+00
-5.331910456024955280e+00
-5.413726480271865427e+00
-5.066096733608798530e+00
-5.330569578287478905e+00
-5.350964035230856730e+00
-4.590256843144334020e+00
-5.282409508073704352e+00
-5.324955790546574086e+00
-5.350961329287310164e+00
-5.310118323952409902e+00
-5.368237269807712764e+00
-5.173990224961893425e+00
-5.319369144508101499e+00
-5.341744217698894737e+00
-5.350579376775360885e+00
-5.110121208802429038e+00
-4.819922371102253855e+00
-5.051605034926893723e+00
-5.071456014208167495e+00
-4.963603062908363839e+00
-4.863866201069615869e+00
-4.806650964823867334e+00
-5.047760258002250922e+00
-5.261816023002999998e+00
-5.055236186681554500e+00
-5.261343035037458371e+00
-4.799819177111137591e+00
-5.027781787108658307e+00
-4.886883732748191989e+00
-5.081597747968364942e+00
-4.854539253177359903e+00
-4.906059492938587674e+00
-5.156015833327188602e+00
-4.858921428385749586e+00
-4.966700996476850705e+00
-4.994452083533086117e+00
-5.268258475528744711e+00
-5.040122902699280871e+00
-4.867651391755415169e+00
-5.335869852251236445e+00
-4.946759997012710741e+00
-4.925990382867543538e+00
-5.074258530212497398e+00
-4.853987364638746804e+00
-4.913228643266777773e+00
-4.734057437536463908e+00
-5.133748350943240446e+00
-5.156612382571651665e+00
-5.205357984028348817e+00
-5.080512639093359262e+00
-5.158259329908711166e+00
-5.154815773738413931e+00
-5.249802923091118956e+00
-4.826863816315046130e+00
-5.012861780596787220e+00
-4.958968221874857640e+00
-5.053554153381801584e+00
-4.936406679015810539e+00
-5.106988306137049349e+00
-5.235533178321571945e+00
-5.121928291187791693e+00
-4.858000523951052863e+00
-4.862587039213714490e+00
-4.984174250295875019e+00
-5.142751019316889938e+00
-5.078986541705121205e+00
-5.080566484930439053e+00
-4.980788157363164714e+00
-5.157642113211335477e+00
-5.013380204515102356e+00
-4.865129347861218534e+00
-5.054288874557165911e+00
-5.298991101097239920e+00
-4.490088616940904664e+00
-5.645028618325107495e+00
-5.675184735164058303e+00
-5.300239448545029930e+00
-5.840881470363527228e+00
-5.595535124096137736e+00
-5.840880199875694068e+00
-5.638614493758251633e+00
-5.670608886758225609e+00
-5.638675051842177766e+00
-4.758203772538966980e+00
-5.638638653684058255e+00
-5.628118192662695307e+00
-5.837604971720710800e+00
-5.736070717410175490e+00
-5.300397294793122605e+00
-5.637334969326949441e+00
-5.641936190030945930e+00
-5.297670532267691357e+00
-5.633786607824393222e+00
-4.943708517954441106e+00
-5.736086898201475215e+00
-5.639032877769125207e+00
-5.645044163525340331e+00
-5.242506926157033398e+00
-5.675227783119900948e+00
-5.843436193963739811e+00
-5.212671313961890540e+00
-5.595195265268530171e+00
-5.732488343001435283e+00
-5.332332011810803962e+00
-5.355307318600905475e+00
-5.641688701021259078e+00
-5.643102544129747322e+00
-5.646181644975144742e+00
-5.637474654818784181e+00
-5.420598231663444899e+00
-4.569673929973091298e+00
-5.636243676708027728e+00
-5.732554605457944596e+00
-5.675196550303637899e+00
-5.675195508622615570e+00
-5.669612568590971513e+00
-5.573837281709651315e+00
-5.731640996781902864e+00
-5.670866016333055981e+00
-4.256810601239672920e+00
-4.436979357172607052e+00
-4.759035537136035998e+00
-5.484064818894449189e+00
-5.355309950201407432e+00
-4.757189896094809356e+00
-5.266380185391216884e+00
-5.832836086269380438e+00
-5.549588136272594951e+00
-5.645050538323581613e+00
-4.988097126082340793e+00
-5.332324349442277622e+00
-5.272086727600724387e+00
-5.616267069548245949e+00
-5.337803279367591358e+00
-5.639018152842242948e+00
-5.298944645314052515e+00
-5.639150044482571289e+00
-5.741432506208830056e+00
-5.261416510105312305e+00
-5.639005755806162590e+00
-5.675233615046948898e+00
-5.731670643683656863e+00
-5.670588275428058544e+00
-4.459931757089564464e+00
-5.643088971396772457e+00
-5.646177173799663329e+00
-5.736041931791554305e+00
-5.339456306191195267e+00
-5.836700294687545032e+00
-5.519648403742206000e+00
-5.646187866383118426e+00
-5.843407932916074188e+00
-5.837497494365040396e+00
-5.519918064373731781e+00
-5.823324707131124711e+00
-5.842860970226224637e+00
-5.316630756878940822e+00
-5.357314062601524540e+00
-5.675218654087407444e+00
-5.355314754867610993e+00
-5.675170340593536977e+00
-5.677577600899443411e+00
-5.734593237254394182e+00
-5.340887463238273902e+00
-5.029835704237343386e+00
-5.636997058713689057e+00
-5.833152578707025526e+00
-5.670648607448975476e+00
-5.150206265326264798e+00
-5.636845575533302899e+00
-5.734159229589672613e+00
-5.646163795183015921e+00
-5.306975595536577828e+00
-5.633842048853544782e+00
-5.098225856008139267e+00
-5.731640470228917650e+00
-5.737039997517587864e+00
-5.832849679630148998e+00
-5.614638013069507494e+00
-5.670568804290285314e+00
-5.842767975868040864e+00
-5.553530827469620235e+00
-5.734627940197236207e+00
-5.677631161726594655e+00
-5.670554117171788810e+00
-5.638592287513201740e+00
-5.340310131271022165e+00
-5.636824593127825800e+00
-5.836754376659885502e+00
-5.636135600739507368e+00
-5.840890864416991235e+00
-5.272804424268360712e+00
-5.736026736934481285e+00
-5.375368208266444014e+00
-5.633748122378711365e+00
-5.638957991137078629e+00
-5.737071032493397560e+00
-5.843523301621348587e+00
-5.355593451702937102e+00
-5.332365755699538745e+00
-5.837442122930728949e+00
-5.737435415874252875e+00
-5.839192954265566726e+00
-5.616049092202129778e+00
-5.638541865070064496e+00
-5.340901141118480133e+00
-5.627191672028981628e+00
-4.153332353771979513e+00
-5.675197277951788521e+00
-5.641946505493902642e+00
-5.841568925561663406e+00
-5.332386357091188245e+00
-5.734242708906574393e+00
-5.638983121332949544e+00
-5.627225454254369374e+00
-5.242311793121579022e+00
-4.151038300492834843e+00
-5.712974126835645983e+00
-5.643074638405384924e+00
-5.731657740452740235e+00
-5.650225876465865049e+00
-5.737515743872744878e+00
-5.180813259072461818e+00
-5.643084840857071960e+00
-5.639012563375323417e+00
-5.645025671885009366e+00
-5.669551130783628601e+00
-5.298894648292486131e+00
-5.841597270611442738e+00
-5.300317699382111947e+00
-5.026795381102419746e+00
-5.627114026732057184e+00
-4.303927286800131924e+00
-5.631584266147314999e+00
-5.641099221581663770e+00
-5.340901378527242116e+00
-5.233866580614396469e+00
-5.841607745267940466e+00
-5.332355859965262290e+00
-5.627347834202777399e+00
-5.316682109777202569e+00
-5.675142264699953643e+00
-5.736022637688297898e+00
-5.646130067322951973e+00
-5.670860882861660457e+00
-5.305243577196291582e+00
-3.994085506913827466e+00
-3.752457664587499409e+00
-3.350887668150824172e+00
-3.752457664587499409e+00
-2.591042899278739764e+00
-3.808602628210465468e+00
-3.752457664587499409e+00
-3.997710231737355180e+00
-3.318031410559608929e+00
-3.361833459533315693e+00
-3.297784524553370566e+00
-4.043126138551620841e+00
-4.012300192777763286e+00
-3.827783925647557428e+00
-4.036879126538454265e+00
-3.980007634348532886e+00
-3.077122558608760272e+00
-3.752457664587499409e+00
-3.161240688677099619e+00
-3.987291045945583257e+00
-3.326267134319381480e+00
-3.752457664587499409e+00
-3.653417193369203453e+00
-4.148402035010502864e+00
-3.752457664587499409e+00
-4.039733876277630031e+00
-3.858847526755831758e+00
-4.182332541982710872e+00
-3.836172807772728621e+00
-3.918891154744462479e+00
-4.033159116573091119e+00
-4.036160428999377103e+00
-3.667336139539027595e+00
-3.674768360753977170e+00
-3.469624021263367997e+00
-4.894729959214954462e+00
-5.003939057530842227e+00
-5.198318841904710830e+00
-4.997760679956402718e+00
-4.761690855604626904e+00
-5.039894475603471591e+00
-4.855965131945883861e+00
-5.234611072932760401e+00
-4.724452761951400959e+00
-4.946247711421632332e+00
-4.886023252083760759e+00
-5.248071345857525216e+00
-5.000868518968535348e+00
-4.869501214711934090e+00
-4.897426058972031093e+00
-5.145900033170799581e+00
-5.236008824259386962e+00
-5.290455129313921034e+00
-5.040067287475782365e+00
-4.920526503316626332e+00
-5.083957704728716998e+00
-5.129542076471701684e+00
-5.143566721118813412e+00
-5.261920768255659908e+00
-5.079910708801248731e+00
-4.759509632919227684e+00
-5.243882730997988517e+00
-5.203834618116905730e+00
-5.225778244947876239e+00
-5.486639045553225458e+00
-5.230273263941612960e+00
-4.958413587201288664e+00
-4.995156340034353271e+00
-5.439528402014023989e+00
-5.550458633223857241e+00
-5.176320146484775009e+00
-4.860315146331868341e+00
-5.303882428182626008e+00
-5.038968439166792379e+00
-5.178979107066349563e+00
-5.046602918610582300e+00
-5.213158816681087160e+00
-5.004372710901316523e+00
-4.902379400888756678e+00
-5.607748002635550399e+00
-4.994543795081649584e+00
-4.724374306229287335e+00
-5.396243048648791785e+00
-5.384544646867301054e+00
-5.227071830387939322e+00
-5.269969076899532645e+00
-4.764158105741524096e+00
-4.821372620333936432e+00
-4.566071587231133044e+00
-4.817681031834760041e+00
-4.565942221353556540e+00
-4.678273895411475536e+00
-5.200029554337054272e+00
-4.746097741076607868e+00
-4.743658145830216277e+00
-4.823916542670408703e+00
-4.879027251218932548e+00
-2.997913190941813966e+00
-3.968939136354440400e+00
-2.358933736598391562e+00
-1.588662721850964576e+00
-2.767970329640694782e+00
-2.715737574025844925e+00
-9.059318994987077822e-01
-1.473948439542202893e+00
-3.449260707189712338e+00
-1.965912552113001643e+00
-2.522325012832646873e+00
-2.365650653096295741e+00
-3.749861904318836370e+00
-2.805591834194219647e+00
-3.203044071888708100e+00
-2.788687507664099119e+00
-3.648873457779117313e+00
-2.137213873221556870e+00
-2.093646705118334950e+00
-3.761019498741458467e+00
-1.677354642405654017e+00
-4.061089528107024726e+00
-2.080147305263980062e+00
-2.432777169421612484e+00
-3.442830030428818855e+00
-3.679496369760587804e+00
-3.054952165738826775e+00
-2.639221594488815104e+00
-2.443903413168558636e+00
-3.310827150605335500e+00
-2.917250166164073288e+00
-2.669086855595786290e+00
-3.575509547687461875e+00
-2.868017642667411327e+00
-2.903475108055169063e+00
-2.881488776812828778e+00
-3.020938616230993023e+00
-2.505937642807295695e+00
-3.462074999960591093e+00
-2.814961428497037677e+00
-3.813303855237528683e+00
-3.568914484069003912e+00
-3.291109612052900868e+00
-2.026749960251674754e+00
-3.168552043149564401e+00
-3.439015576623573711e+00
-3.287134209139447982e+00
-3.178755824720091550e+00
-3.062723683892136783e+00
-1.247895989758785795e+00
-2.673313037825355565e+00
-2.894296712864599552e+00
-2.714657509991666551e+00
-3.649963098720911958e+00
-3.051969315292496265e+00
-3.344152147211750581e+00
-3.874851356434461103e+00
-2.884520782256848825e+00
-3.622133914535209609e+00
-2.617660057946132657e+00
-3.508744216829982054e+00
-2.308267089387206816e+00
-1.621465013087010298e+00
-4.522791985223878264e+00
-2.227607719421080823e+00
-3.384849744809371064e+00
-1.327068958163491352e+00
-3.620866325438019562e+00
-3.527108144282299573e+00
-2.781381575328128797e+00
-3.357972199002196234e+00
-3.638242752807925307e+00
-2.748000169281307858e+00
-4.149025703477614790e+00
-4.688112972240095822e+00
-4.418409395178724886e+00
-4.060128712291607656e+00
-4.754443483500825351e+00
-4.180736246066754980e+00
-4.116904855542663277e+00
-3.986960295884917294e+00
-4.410623634535799198e+00
-4.272357192041538632e+00
-4.896826067740457589e+00
-4.476185239978062391e+00
-4.435754849368862551e+00
-4.497122561053746637e+00
-4.150529809361900746e+00
-4.362466365668799639e+00
-4.807239854510998001e+00
-4.292903861997979575e+00
-4.424062932975226126e+00
-4.237690905192184943e+00
-4.495269090106256193e+00
-4.128085720786046409e+00
-4.817519017596994857e+00
-5.031639014795505460e+00
-4.134008716094058400e+00
-4.627156110196238181e+00
-4.776951262358283934e+00
-4.987564117782608442e+00
-4.354503449624854028e+00
-4.840005198957263666e+00
-4.517510323665452354e+00
-4.122731083338432079e+00
-4.161521256406881086e+00
-4.210443233787666273e+00
-4.536817154074217484e+00
-4.484520499455364906e+00
-4.445876017152866844e+00
-4.265228506508571549e+00
-4.194288498363766493e+00
-4.256068023548879253e+00
-4.546496566800871442e+00
-4.230734911069362170e+00
-4.767106773348007032e+00
-4.789324074155696387e+00
-4.631952268560253216e+00
-4.275303415752092384e+00
-4.799619879982093273e+00
-4.880836113598061132e+00
-4.195390927481636112e+00
-4.750166498906755130e+00
-4.254247182118314541e+00
-4.207617343010563893e+00
-4.764369662708267228e+00
-4.460046706016016493e+00
-4.914440527226621391e+00
-4.751728758320157731e+00
-4.469918428445778247e+00
-4.229473606705996147e+00
-4.540902990759497548e+00
-4.252745120860367045e+00
-4.508270412887728007e+00
-4.363769646845598871e+00
-4.540591379425301000e+00
-4.426281981797953513e+00
-4.425319848315209192e+00
-4.092298561503116439e+00
-4.258620315335199358e+00
-4.329347084136838220e+00
-4.304596230629867293e+00
-4.236918823601987683e+00
-5.139541991671374710e+00
-4.436961847004101678e+00
-4.126144289875172788e+00
-4.313367679009558309e+00
-3.582115173343575876e+00
-3.557718086499928045e+00
-3.422504321870148303e+00
-3.991755776394347421e+00
-3.632803739981522284e+00
-2.957049839661258783e+00
-2.827163867066319725e+00
-3.530925138093006233e+00
-4.062449736178248116e+00
-4.022751810094121971e+00
-3.033075633498998780e+00
-3.790263637168215460e+00
-3.669065872699061259e+00
-3.647721777157276080e+00
-3.018338381147885219e+00
-5.030292901287016782e+00
-4.364531991021296520e+00
-4.394741109306922411e+00
-4.802795551847409250e+00
-4.733525222676973954e+00
-4.583247973023117261e+00
-3.001287353464706875e+00
-3.791233499456965639e+00
-3.350448059229129694e+00
-3.354806814676122517e+00
-3.645615258931309111e+00
-3.526245396180573533e+00
-3.699587964972662402e+00
-3.511084504972104448e+00
-3.036893193906405219e+00
-3.585760769619959820e+00
-3.563022628640502010e+00
-3.742546181885063383e+00
-3.184772589057307091e+00
-2.897358028005030839e+00
-2.973783436201435482e+00
-3.268491345524720426e+00
-2.957449321951606702e+00
-3.174821398633917990e+00
-3.811891264688424652e+00
-3.534505247620888024e+00
-3.192586279460690069e+00
-3.422144189232173783e+00
-2.600110930754337524e+00
-2.882479460273259964e+00
-2.926647738258341569e+00
-3.522019079248353446e+00
-3.734002575022031145e+00
-3.162555129281709565e+00
-3.026288492766016525e+00
-3.505239239149452235e+00
-2.741620761649371296e+00
-3.191235515427724767e+00
-3.411598300614917090e+00
-3.537663438757060685e+00
-2.946324368181449049e+00
-3.343500966163954757e+00
-3.549342330018188996e+00
-3.542535987002931375e+00
-2.839536718337237975e+00
-3.152151811694041239e+00
-2.930371654868541675e+00
-3.647548278288807122e+00
-3.592091437935603260e+00
-3.697935707741832889e+00
-3.476327730483635303e+00
-2.947359244001851231e+00
-3.261509575959173457e+00
-3.190802770179160142e+00
-3.772919683705521443e+00
-3.546869771617052969e+00
-2.816938464636163264e+00
-3.716304581624780834e+00
-3.335669415099637991e+00
-2.847262066809537640e+00
-3.455855541034118072e+00
-2.994178165056137431e+00
-3.043702781901714616e+00
-3.619661124259308860e+00
-3.615373924459514665e+00
-2.994728893752694798e+00
-3.565250906914343432e+00
-3.367243103894051792e+00
-3.038841732087744330e+00
-3.438965128692871964e+00
-3.498500339612373278e+00
-3.687156674695501568e+00
-2.964656147238703632e+00
-3.416884925909731585e+00
-3.385561145280365558e+00
-3.752518399959769990e+00
-3.023479162225261252e+00
-3.771409677616812228e+00
-3.398555964843144483e+00
-3.288660203577323138e+00
-3.356833975921673652e+00
-2.910900129340396436e+00
-4.700748246962017873e+00
-4.517170520422465252e+00
-3.969183360348211842e+00
-4.129606195927948420e+00
-4.337530617993555992e+00
-4.075912975330806987e+00
-4.563988643342325346e+00
-4.700401824332074874e+00
-4.370955722790086817e+00
-4.214705262334286218e+00
-4.722261186218131179e+00
-4.508023429150482819e+00
-4.127069767951748069e+00
-4.447797620054664058e+00
-4.485426005422737283e+00
-3.971046639221653685e+00
-3.387473944157858963e+00
-4.142482685092122807e+00
-4.521405926143247100e+00
-4.627379654291423172e+00
-4.553756257781677697e+00
-4.502418325385493247e+00
-4.093294050432800368e+00
-4.824356018654128775e+00
-4.343858854910463307e+00
-4.204706332899403876e+00
-4.445289407465907949e+00
-4.151114359554402888e+00
-4.685134877403880793e+00
-4.161206795850381113e+00
-4.210335469187363344e+00
-4.080809201697459976e+00
-3.901247279908639953e+00
-4.655862223969462477e+00
-4.560145577018228202e+00
-4.622606435101221045e+00
-4.535939133402439261e+00
-4.660305412598528818e+00
-4.401148711548743542e+00
-4.721030794553125354e+00
-4.229267263043168690e+00
-4.438352255559601112e+00
-4.362069867419813285e+00
-4.291840550039686342e+00
-4.428682618182538278e+00
-4.255245037952687603e+00
-4.386475235288409102e+00
-4.586251797876666814e+00
-4.406833854343223500e+00
-4.508143041128767514e+00
-4.545245705410486003e+00
-4.411898096985142459e+00
-4.682748955514338896e+00
-4.662976061205307055e+00
-4.702103487736470910e+00
-4.486130692456086422e+00
-4.547755842316409058e+00
-4.657412988212488614e+00
-4.404198604797920247e+00
-4.520189288267222771e+00
-4.590626220457352247e+00
-4.208621092876816405e+00
-4.563035773220605940e+00
-4.351706822431149924e+00
-4.451727926885641118e+00
-4.501170643204153166e+00
-4.602675466221541889e+00
-4.818298314613519651e+00
-4.475788562064264120e+00
-4.646056626545574275e+00
-4.492399597814666912e+00
-4.419434596432060047e+00
-4.520086640736063366e+00
-4.452295374694972274e+00
-4.413881474231514446e+00
-2.574660154201959816e+00
-2.580678981452376064e+00
-9.835528577341523526e-01
-1.527691191150103656e+00
-3.960067619043117215e+00
-2.710842798805718878e+00
