-5.436316376984096976e+00
-5.388875682389714150e+00
-5.321150266321044597e+00
-5.135180853661566402e+00
-5.460752954766574518e+00
-5.463771807877196629e+00
-5.503544985732684580e+00
-5.479719206319785485e+00
-5.498055162410400598e+00
-5.510959809921200936e+00
-5.506966749207543366e+00
-5.470518793940073898e+00
-5.107782371722072057e+00
-5.128111751900962467e+00
-5.118489756489860376e+00
-5.127181640199326651e+00
-5.141384586300286053e+00
-5.138477479911645496e+00
-5.117886249946811184e+00
-5.127594400521864770e+00
-5.154528477124826757e+00
-5.158300908744385183e+00
-5.126902651540437894e+00
-5.395618070708477099e+00
-5.431756417004846682e+00
-5.474027614362936056e+00
-5.513188793718881264e+00
-5.052365469670051290e+00
-5.411423478215650285e+00
-5.433706838504923198e+00
-5.368408335824638833e+00
-5.329260690163926562e+00
-5.388270183414552328e+00
-5.153629831267092953e+00
-5.427264362589311553e+00
-5.444553361109702116e+00
-5.414423163113946558e+00
-5.119780954279648633e+00
-5.500447895761538142e+00
-5.548074768944535329e+00
-5.723781575996650162e+00
-5.418630374532642513e+00
-5.520834062860592972e+00
-5.698825819739711918e+00
-5.521305746030171768e+00
-5.546764818804073904e+00
-5.476969802825080613e+00
-5.530175226778150765e+00
-5.565941605838035322e+00
-5.714353551643832851e+00
-5.481748442245612196e+00
-5.470190883522517034e+00
-5.538465748110752429e+00
-5.589901992077654924e+00
-5.444412336925237739e+00
-5.480147301959653383e+00
-5.498590687528092324e+00
-5.544192716324503500e+00
-5.583376688159292556e+00
-5.664442105633987978e+00
-5.657514240089186686e+00
-5.751005822238601795e+00
-5.748782230068888666e+00
-5.650441525211799210e+00
-5.644142777279810730e+00
-5.633717278547940133e+00
-5.635241761526670778e+00
-5.645424409713885261e+00
-5.672039078922148647e+00
-5.627081656634885576e+00
-5.673195398718347882e+00
-5.630189354463269957e+00
-5.684397182397374237e+00
-5.622582098943142093e+00
-5.652137207079418246e+00
-5.753620190512493515e+00
-5.643931024071947355e+00
-5.630541118602729433e+00
-5.641033471892266782e+00
-5.655306269901918981e+00
-5.639173446223695763e+00
-5.634038018337709453e+00
-5.635978425023965066e+00
-5.625552268799816069e+00
-5.634885465064973786e+00
-5.658520358227167257e+00
-5.645261635017584823e+00
-5.660621715334542614e+00
-5.651034201050229910e+00
-5.730932650995934630e+00
-5.717207720715741459e+00
-5.734140389191488829e+00
-5.658467844334983177e+00
-5.706777598677128971e+00
-5.702998506640265752e+00
-5.715464700855608093e+00
-5.704819084349997738e+00
-5.687415836098464794e+00
-5.507021178944746964e+00
-5.577090744968174363e+00
-5.533081768879591245e+00
-5.561079256953318506e+00
-5.506254170542419502e+00
-5.541239147016968403e+00
-5.508932919279838636e+00
-5.565936831182773936e+00
-5.631869446603669616e+00
-5.512925420508322460e+00
-5.467431730371290932e+00
-5.504148753640302871e+00
-5.522312762666762964e+00
-5.500254309361419125e+00
-5.472644481919623161e+00
-5.534965882374361712e+00
-5.482459029647229976e+00
-5.540365232712907151e+00
-5.528181061122348083e+00
-5.594646479580270615e+00
-5.546895623297269040e+00
-5.539648017762488053e+00
-5.510129670865485885e+00
-5.534898775853579700e+00
-4.739545592491676729e+00
-4.659795070754949364e+00
-4.607101265263041867e+00
-4.827796508244727391e+00
-4.786988750680128746e+00
-4.743317267274475668e+00
-5.062387361562284305e+00
-5.068763777090130596e+00
-5.036740176542894964e+00
-5.096035273919233610e+00
-4.702617199210297194e+00
-4.727693720994722071e+00
-4.648474402186590915e+00
-4.693340849327003461e+00
-4.783396515706422214e+00
-4.654375652652313455e+00
-4.646024910033585087e+00
-4.628012942762548931e+00
-4.617810342293958037e+00
-4.730273709010456962e+00
-4.635161468202324109e+00
-4.619094065136467364e+00
-4.608991799544415180e+00
-4.716564045793428583e+00
-4.705380142121668108e+00
-4.741405327194549990e+00
-5.495950027956721051e+00
-5.446917858140771784e+00
-5.384167077564601556e+00
-5.510919347656852096e+00
-5.663468967020961919e+00
-5.715472397690287032e+00
-5.594180622700139160e+00
-5.148150226058052503e+00
-5.212780794104978632e+00
-5.237198207386955850e+00
-5.758376781553737445e+00
-5.772967256900098931e+00
-5.778993380723872697e+00
-5.735483627471847257e+00
-5.766748004229919289e+00
-5.540180996956485693e+00
-5.516833685206521842e+00
-5.545760990390462553e+00
-5.522707752324635955e+00
-5.539755267389300464e+00
-5.662278039088572967e+00
-5.733104064480764706e+00
-5.289067253655307610e+00
-5.232058580531266934e+00
-5.276866877691964497e+00
-5.301785906236048618e+00
-5.327965190461413592e+00
-5.513941538529267383e+00
-5.294405904655565820e+00
-5.335658568870626617e+00
-5.346233289536289846e+00
-5.340211112734809973e+00
-5.333162708452831247e+00
-5.300889561839494668e+00
-5.313287493030949271e+00
-5.300404404555971283e+00
-5.306965891469889840e+00
-4.716456214915398348e+00
-4.733634182244497168e+00
-4.708114429433385872e+00
-4.717786061818384447e+00
-4.731129057682736949e+00
-4.725243713865846296e+00
-4.706005826364526357e+00
-4.719735429070968991e+00
-4.732292409473831007e+00
-4.718587512182970123e+00
-4.733625945602227603e+00
-4.695598075405110094e+00
-4.690776789408236169e+00
-4.711472933341173785e+00
-4.690143681844697099e+00
-4.700960983096444501e+00
-4.688396156514483160e+00
-4.680644541897097000e+00
-4.690330737481938073e+00
-5.195696353370362175e+00
-5.141391169963601904e+00
-5.153427438714153652e+00
-5.139464720062909109e+00
-5.174662136215038899e+00
-5.167228380564377055e+00
-5.195463193971792570e+00
-5.169217284043346794e+00
-5.156775974222805203e+00
-5.381972160688478724e+00
-5.338970697336546500e+00
-5.323652237564945544e+00
-5.324724478425158836e+00
-5.276891013977948575e+00
-5.395279556968407775e+00
-5.382944454999283757e+00
-5.319979583451122096e+00
-5.292724350197739902e+00
-5.106166972543033644e+00
-5.261731812662617358e+00
-5.236894610610204559e+00
-5.343242664468417225e+00
-5.303349344884995098e+00
-4.881834964697098656e+00
-4.853124770946572575e+00
-4.859211600952119348e+00
-4.877102938821972877e+00
-4.878264758410495894e+00
-4.780407013939222516e+00
-4.734157201241059987e+00
-4.735689370202958770e+00
-4.879579775823740029e+00
-4.874650830119144906e+00
-4.954259468124666554e+00
-5.269019149819412107e+00
-4.922309518248223270e+00
-5.271569601957269313e+00
-5.277452141380465811e+00
-5.202470574792098290e+00
-5.156025135494175515e+00
-4.914123314556432476e+00
-5.197291806014519899e+00
-4.963338126481350976e+00
-5.340092326266064227e+00
-4.943925087660968387e+00
-4.896285622084008970e+00
-5.311182041076008886e+00
-4.937029458263712201e+00
-4.931422287253532488e+00
-4.956506256477872796e+00
-5.243280070033943474e+00
-5.232241522982230109e+00
-5.244379328358096615e+00
-5.217912798732999846e+00
-5.137297277950496621e+00
-5.254081418624569011e+00
-5.256649758576057430e+00
-5.240239003179422816e+00
-5.243313083918577533e+00
-5.109786406414379201e+00
-5.066288943566328307e+00
-5.139093992782684417e+00
-5.135035157257661353e+00
-5.153704165834777307e+00
-5.121008107320204061e+00
-5.257806551707393972e+00
-5.235090087349355770e+00
-5.104272783004751624e+00
-5.139294397054889885e+00
-5.108795992737768188e+00
-5.551746952647318878e+00
-5.549283702416802910e+00
-5.572671473013127041e+00
-5.557526374830123572e+00
-5.567645926084050956e+00
-5.556323187087647497e+00
-5.531600227813432191e+00
-5.561723517115335191e+00
-4.734802688807137727e+00
-4.749410607687746477e+00
-5.086632746128133320e+00
-4.715088323240199664e+00
-4.700396816600332706e+00
-4.748299853582708785e+00
-4.607652128142042613e+00
-4.707059243654025948e+00
-5.673039573936728530e+00
-5.642264240809141462e+00
-5.508704474514869887e+00
-5.556485666177239935e+00
-5.539525680850031719e+00
-5.507852570532569381e+00
-5.539607183315349737e+00
-5.622078556908931546e+00
-5.689105715678223874e+00
-5.671015731916466684e+00
-5.672164551944010924e+00
-5.632824693355896528e+00
-5.649734211554090280e+00
-5.634486693786525002e+00
-5.641610130676536272e+00
-4.759932409542879661e+00
-4.752936567723626382e+00
-4.727252988145940193e+00
-4.728536198653845446e+00
-4.734998743455139270e+00
-4.719945637322252807e+00
-4.730764244650608852e+00
-4.739780158548092537e+00
-4.787159780703371226e+00
-4.792424875240926418e+00
-4.810017900600089824e+00
-4.780082004224427195e+00
-4.789430477613728421e+00
-4.732331436787378109e+00
-4.744824196376427494e+00
-4.814724957160787966e+00
-4.701322080430885286e+00
-4.820594960865231648e+00
-4.846386962268188547e+00
-4.813881624341218135e+00
-4.810229134488988478e+00
-4.751067098509182074e+00
-4.780644245191190578e+00
-4.806221843786067538e+00
-4.791361192876586905e+00
-4.773171658972441556e+00
-4.794199560606148935e+00
-4.825367246898061069e+00
-4.824483618998144152e+00
-4.800317278991556691e+00
-4.813651369392093926e+00
-4.826206563671513017e+00
-4.798946642993075606e+00
-4.811332664777592250e+00
-4.829067286965165628e+00
-4.827129145107323716e+00
-4.849998833142325161e+00
-5.100441281697952967e+00
-5.104080048819087168e+00
-5.097512051849405701e+00
-5.091350374964297210e+00
-5.097214229367858174e+00
-5.105656548921625237e+00
-5.292767878335896903e+00
-5.288202352150621621e+00
-5.287704185250152733e+00
-5.283590232423031274e+00
-5.288813930645009265e+00
-5.289814213640648077e+00
-5.284024929980053464e+00
-5.286862883076051567e+00
-5.281328935938629066e+00
-5.283967185610384476e+00
