-5.435276828922354753e+00
-5.389214978505505016e+00
-5.318426718939775810e+00
-5.131598418162202080e+00
-5.456923463773883931e+00
-5.463910672486835374e+00
-5.501314435601631025e+00
-5.477102774377180516e+00
-5.496537911235962248e+00
-5.510141872062795265e+00
-5.505841492001912307e+00
-5.467958099991640175e+00
-5.112569573454096350e+00
-5.126693539503484942e+00
-5.112620010662805470e+00
-5.128470548383498695e+00
-5.145356122271100396e+00
-5.134644581400541696e+00
-5.121396864595684661e+00
-5.124270628859999732e+00
-5.148926658600825768e+00
-5.155741314338016856e+00
-5.125061504889811381e+00
-5.393896260768655360e+00
-5.432958593795706115e+00
-5.474414368091427896e+00
-5.511036202283316143e+00
-5.045260400417884483e+00
-5.408542379630855379e+00
-5.432985167214489763e+00
-5.364148349073603050e+00
-5.324955944889221193e+00
-5.384607244899488165e+00
-5.151359170072757898e+00
-5.427168362281310721e+00
-5.444668063377739564e+00
-5.412447021487824195e+00
-5.115878506817184146e+00
-5.500047409649781116e+00
-5.549074162172878744e+00
-5.721557468339931951e+00
-5.419952978229011009e+00
-5.521124404372685035e+00
-5.697103764043363938e+00
-5.520224006915360526e+00
-5.545804616709491874e+00
-5.475929610251607293e+00
-5.529598685651089696e+00
-5.566581060720168672e+00
-5.712038785445451516e+00
-5.480780486972455456e+00
-5.468646100579102054e+00
-5.539192144168373133e+00
-5.588844669294866563e+00
-5.443838401704551799e+00
-5.479574379283208785e+00
-5.498096312717343004e+00
-5.543287431162099210e+00
-5.583692038617780184e+00
-5.665534295185248759e+00
-5.652966774419769358e+00
-5.751116379833606906e+00
-5.748597828418104072e+00
-5.650511993717931780e+00
-5.643995054948361734e+00
-5.631929895090029170e+00
-5.630169439629156614e+00
-5.644734429614695514e+00
-5.671800479892693758e+00
-5.624834208296950244e+00
-5.673182108665826284e+00
-5.628311539564552213e+00
-5.682869255686733290e+00
-5.622593760361300319e+00
-5.652149676212203211e+00
-5.754654827750409929e+00
-5.645553726136435024e+00
-5.632390439177946462e+00
-5.642242192004305323e+00
-5.656530186371216296e+00
-5.640238567755216259e+00
-5.633947714032470522e+00
-5.633235963922246903e+00
-5.626880258748560237e+00
-5.635141491417313908e+00
-5.656226868000373997e+00
-5.644008408957447820e+00
-5.660150804362963584e+00
-5.648873995527514680e+00
-5.729005268469716583e+00
-5.716312922031801413e+00
-5.736833430818382595e+00
-5.655721633440479401e+00
-5.705593622457768355e+00
-5.702417328486496295e+00
-5.715429692631514236e+00
-5.705051516584325633e+00
-5.686576277523322176e+00
-5.507410723373239669e+00
-5.574031764440737113e+00
-5.530203846279086122e+00
-5.559354477873527323e+00
-5.506104867911842504e+00
-5.541176394561388996e+00
-5.508440522970607489e+00
-5.564575303530341799e+00
-5.627521920407434486e+00
-5.515788299901279501e+00
-5.469838539591560966e+00
-5.507532772519009079e+00
-5.525382746086137331e+00
-5.499393676800940156e+00
-5.474583306615708800e+00
-5.535114319345589173e+00
-5.481032639768926629e+00
-5.538640704207194787e+00
-5.527294189359773569e+00
-5.592306763450745954e+00
-5.543917941630063240e+00
-5.537758523688284029e+00
-5.511044278996340751e+00
-5.532928414252430649e+00
-4.730388420592752219e+00
-4.653980978717672023e+00
-4.598430137195268941e+00
-4.818454013842862871e+00
-4.779784825647790392e+00
-4.734699247479266404e+00
-5.066064279606326437e+00
-5.072596816965650568e+00
-5.038495090130094667e+00
-5.100187767883572754e+00
-4.708413187071730732e+00
-4.694243840920242938e+00
-4.614414070133305401e+00
-4.681713355962599188e+00
-4.770471925458881657e+00
-4.653791150869876603e+00
-4.639272627067327015e+00
-4.624893354535736911e+00
-4.625412653181593114e+00
-4.731083748189661264e+00
-4.626239354972630835e+00
-4.608196970567568052e+00
-4.602165668091506845e+00
-4.714103697593604814e+00
-4.702844042560069049e+00
-4.732418174883078699e+00
-5.493985148573052868e+00
-5.445404239390935430e+00
-5.383123357451112589e+00
-5.510260974405464474e+00
-5.663557543583112697e+00
-5.715735384611202008e+00
-5.594215175786653838e+00
-5.142000094065100058e+00
-5.206956999521949569e+00
-5.230297904147786170e+00
-5.757200807078836746e+00
-5.772455413953315073e+00
-5.780617761645748587e+00
-5.733222673310752526e+00
-5.766312851287231034e+00
-5.541223036243858147e+00
-5.515752865703732688e+00
-5.544333063711870402e+00
-5.521430070713769567e+00
-5.540908777024982967e+00
-5.661644991110172498e+00
-5.731618973650255633e+00
-5.293964298451016681e+00
-5.226428306714313798e+00
-5.278627052644567996e+00
-5.305117507693201340e+00
-5.327658376472041546e+00
-5.512729599727378194e+00
-5.294120350952196574e+00
-5.334357399342728456e+00
-5.346434256197217572e+00
-5.338956388580393231e+00
-5.332883440782988593e+00
-5.303137547815930830e+00
-5.314201782919951711e+00
-5.300648540126467800e+00
-5.306906362242214570e+00
-4.714710100788185088e+00
-4.730398646533225282e+00
-4.706053613402691127e+00
-4.716148246747192019e+00
-4.728677812961906035e+00
-4.721912600487615741e+00
-4.703977650666141486e+00
-4.724104057187124894e+00
-4.731733463723848843e+00
-4.717731856497677789e+00
-4.731667299942639460e+00
-4.691593087584845279e+00
-4.688863825319345757e+00
-4.711865319849048106e+00
-4.689093726361385883e+00
-4.703309125403137614e+00
-4.687466140566944439e+00
-4.678059373673513655e+00
-4.690650195126359279e+00
-5.193844391039841746e+00
-5.121099279345417976e+00
-5.139301176814167427e+00
-5.120010834849457737e+00
-5.154706791337767768e+00
-5.169330416465389710e+00
-5.190236524429754361e+00
-5.154929031690782537e+00
-5.163967140107252440e+00
-5.380923812541569262e+00
-5.336482169856467728e+00
-5.321340956100418573e+00
-5.322769013680852090e+00
-5.278977988774286700e+00
-5.394033296091032881e+00
-5.381995985985906117e+00
-5.318948522853672145e+00
-5.290978105358005834e+00
-5.100217799440512678e+00
-5.260199194869449535e+00
-5.229118707200994365e+00
-5.340403791372918541e+00
-5.302835215824707404e+00
-4.882506452803088592e+00
-4.858258907956622963e+00
-4.860055507381448869e+00
-4.867540926043759875e+00
-4.872767526883088784e+00
-4.768134101145327541e+00
-4.705163753389504322e+00
-4.728030182725105668e+00
-4.878387612213856528e+00
-4.873168710047560026e+00
-4.950839404542450417e+00
-5.262139381195194865e+00
-4.915569454150375606e+00
-5.267679393112999264e+00
-5.275249205067582992e+00
-5.198199148809921510e+00
-5.151293567908562743e+00
-4.906983960593851890e+00
-5.197304404610878947e+00
-4.958841948794067811e+00
-5.337345915200125468e+00
-4.946647497921416559e+00
-4.895658571626565703e+00
-5.309011646774883353e+00
-4.937855585501599975e+00
-4.929998452611253690e+00
-4.956117237571854517e+00
-5.247186897968713737e+00
-5.234946067623667432e+00
-5.243295082509520810e+00
-5.221518412665731468e+00
-5.137031586073628198e+00
-5.247633053069627351e+00
-5.249518530392156990e+00
-5.234187942379280756e+00
-5.236812857891005812e+00
-5.102044864834564208e+00
-5.059813458386676288e+00
-5.131868759145572056e+00
-5.131913341912064830e+00
-5.148299348490840366e+00
-5.115147341549334037e+00
-5.256178103119889755e+00
-5.229093065647616001e+00
-5.104662150248119090e+00
-5.135845553495915539e+00
-5.105476069992969990e+00
-5.552389401189067542e+00
-5.552732144259573843e+00
-5.569783263232316095e+00
-5.556550050195173007e+00
-5.569877182080570144e+00
-5.553664353869161907e+00
-5.534626262676448860e+00
-5.558758608768720855e+00
-4.728223856163306316e+00
-4.737028341344115212e+00
-5.087915404914756579e+00
-4.706727141760264743e+00
-4.684756434729527186e+00
-4.743588195893097215e+00
-4.593435642154085841e+00
-4.703849335170009027e+00
-5.675960481502452915e+00
-5.643492178321686481e+00
-5.504690404360319533e+00
-5.559443436633335622e+00
-5.537886202180573925e+00
-5.503053265407841899e+00
-5.537240154967607353e+00
-5.622055151874937096e+00
-5.687659956399366834e+00
-5.669958258456079037e+00
-5.670962723204782563e+00
-5.633504921251671682e+00
-5.649650984308132173e+00
-5.634569405374323381e+00
-5.639676882612260300e+00
-4.758079154372917507e+00
-4.751164696792657516e+00
-4.725410302711693156e+00
-4.729410790501680673e+00
-4.731118856452906307e+00
-4.716807657757750682e+00
-4.730313713447271695e+00
-4.737758362206290208e+00
-4.785329099319859836e+00
-4.788135237293484892e+00
-4.798982854589042724e+00
-4.784044127072256458e+00
-4.785016690001611117e+00
-4.720389270271907911e+00
-4.737400039748947300e+00
-4.806615145329755201e+00
-4.700110183459333513e+00
-4.820661633673783975e+00
-4.841637590831429527e+00
-4.810558300506756702e+00
-4.810627903371364589e+00
-4.746657909992423541e+00
-4.777698636018588907e+00
-4.801842301397538648e+00
-4.784324675114419279e+00
-4.766296955019711845e+00
-4.790090658302348814e+00
-4.820932766264041547e+00
-4.811090349793615495e+00
-4.792350954362669668e+00
-4.809855205709447468e+00
-4.823131306975355415e+00
-4.799066158373429758e+00
-4.803696376209149577e+00
-4.824199801277946342e+00
-4.817641070787300528e+00
-4.842123983869509374e+00
-5.103143515867878399e+00
-5.108454449167495248e+00
-5.101811416747537464e+00
-5.097143609524569463e+00
-5.100609285266116899e+00
-5.107689976112565589e+00
-5.299148635887524605e+00
-5.295070012697173034e+00
-5.292839337283000489e+00
-5.288765076941597698e+00
-5.294471280953096937e+00
-5.295675012077420973e+00
-5.290912515314353470e+00
-5.293412439536756331e+00
-5.288694796684600519e+00
-5.290688482196632236e+00
