1.065439035483103822e+02
1.147280746050894606e+02
1.142587997039860568e+02
9.831607357314528883e+01
1.015686210770828524e+02
1.051802600528900342e+02
1.231747650075143383e+02
1.062513863179689793e+02
9.808228102765400536e+01
1.168343209073968296e+02
1.054885941349476752e+02
9.520387207622248127e+01
1.323300306477462414e+02
1.102752703537644123e+02
9.993115467856559064e+01
1.157176268833198804e+02
9.623652104896150661e+01
1.213410632691790312e+02
1.086552669985644570e+02
1.295362253884982806e+02
9.799993304336224753e+01
9.984739758439134505e+01
1.118449869225200928e+02
1.001870464255624711e+02
1.159968606064205972e+02
1.110638911693066007e+02
1.081085858314219905e+02
1.094483590857979038e+02
1.137378561665140069e+02
1.164783342353407960e+02
1.034446036278941818e+02
1.349748529030974851e+02
1.159808977751401216e+02
9.347403965735007603e+01
9.311274123162266392e+01
1.051992725016168180e+02
1.145376135804872035e+02
1.110589832267669124e+02
1.151310545288050662e+02
9.236873631691894104e+01
1.206532477336381532e+02
1.105285783604194307e+02
1.027618350975513266e+02
1.191043475303551560e+02
9.387842958593775222e+01
8.875583045016476547e+01
1.036795214191849368e+02
9.053433398027686962e+01
9.168984765579340035e+01
1.371294033838048847e+02
1.751990917870089675e+02
8.365268129339678183e+01
9.182883526475724523e+01
1.214872864958155247e+02
9.286552068165430285e+01
1.125509072194515028e+02
1.017380012242922049e+02
1.191665373424399235e+02
1.013457407472617007e+02
1.007518794511984623e+02
8.120608238231469045e+01
1.143513356537176264e+02
1.089731388198031823e+02
1.244692776234504095e+02
1.175123519099833374e+02
9.822347393619348566e+01
1.375269037912874523e+02
1.059357207509448671e+02
1.001924169627746011e+02
1.109821581860376227e+02
1.025690482510070893e+02
1.231949675453013100e+02
9.884809934045736668e+01
1.108583494422596516e+02
1.045832418453105390e+02
1.040668985851502413e+02
1.230497252363071397e+02
1.041807291702294407e+02
1.099266490879519580e+02
1.117586662623190250e+02
1.177005703511099313e+02
1.218155066337419328e+02
9.116983182193533253e+01
9.935397429644952183e+01
1.044606136125635629e+02
1.209166706547937622e+02
1.142151633002882392e+02
1.184903801752218584e+02
9.926976008096129078e+01
1.135458995995545450e+02
1.170851000582782291e+02
1.061815377428716829e+02
1.020137357289474807e+02
1.109416785797572800e+02
1.069401508414487552e+02
1.036150816663903527e+02
1.097698297330508979e+02
1.125670357710354068e+02
1.065604464739385264e+02
1.089081947341910563e+02
1.146539588959633136e+02
1.143403761605738254e+02
1.133258971596833220e+02
1.049593162836602716e+02
1.138302542089319758e+02
1.175725221915858327e+02
9.445039201274518348e+01
1.126314677908914490e+02
1.013191920099612560e+02
1.052683910176142490e+02
9.873753697261504669e+01
1.243558120938054969e+02
1.122533303601533561e+02
1.072550598610266235e+02
1.146609224553637034e+02
1.126914882814027408e+02
1.008222758712878999e+02
1.100707835078317203e+02
1.105771679421512914e+02
1.159475214210093981e+02
1.060577509846058604e+02
9.921395114743000931e+01
1.240651816212699572e+02
1.001625306510061080e+02
1.079845259138502627e+02
1.035477912127730775e+02
1.052977960021180479e+02
1.033056238038703327e+02
1.155759010631569765e+02
1.064480473035648913e+02
1.162763642095840169e+02
9.903869948126980205e+01
1.074335156333609547e+02
1.106813222196136479e+02
1.033651782965765733e+02
1.203498598281266112e+02
1.055781699211162845e+02
1.124035472720167519e+02
9.940541299158117283e+01
1.132855852663568328e+02
1.148379188890457101e+02
1.138976836046263088e+02
1.253515518458278706e+02
8.206846758599746749e+01
1.148595894056402642e+02
9.401862074524598256e+01
1.148426772549229611e+02
1.048231540023520552e+02
1.089344209308861764e+02
1.054844816646201622e+02
1.149608022734891506e+02
1.069291036731289779e+02
1.207975732439860366e+02
1.023781096522616139e+02
1.120663678456744208e+02
1.023397157143495093e+02
1.065925761693680585e+02
1.122050692379861658e+02
1.164496677177354798e+02
1.137303477733177175e+02
1.051746219893314702e+02
1.091391386019977432e+02
1.043643538958456105e+02
1.070515032467331764e+02
1.072643340611543579e+02
1.041130234731747208e+02
1.061630958265161837e+02
1.141941171602595375e+02
1.231797697562277421e+02
1.002030942959640925e+02
1.030141039089246249e+02
1.122748803346266868e+02
1.200829551332050045e+02
1.225301036106264831e+02
1.144338723867660121e+02
8.520403709505178824e+01
1.227800223060077371e+02
1.187375897275838241e+02
9.039943880718416835e+01
1.095710808553528750e+02
1.016764815253653467e+02
1.089319323322351920e+02
1.033808191217971313e+02
1.325543582957809008e+02
9.096998310880645988e+01
1.128197430878187077e+02
1.057017225538382093e+02
1.044857786707172380e+02
1.134284641340723425e+02
9.369995170200860457e+01
1.263152110317338384e+02
1.228981362296004676e+02
1.015538046612647491e+02
1.161113793884659628e+02
1.124747947067142348e+02
1.113721745429131431e+02
1.146897026232749681e+02
1.013479992430631427e+02
1.105786435832799981e+02
1.067295934851073866e+02
1.115227663940876965e+02
1.219820749852701454e+02
1.024046355403598625e+02
1.230919641980259485e+02
1.062412841911823591e+02
1.019547420386841310e+02
1.149853018174595150e+02
1.084446045661940587e+02
1.171862767990521945e+02
1.139260404813310856e+02
1.038939366201329619e+02
9.810864797118716751e+01
1.192934446984022685e+02
1.039430164990649246e+02
1.001503831261474602e+02
1.125080894232594488e+02
1.081713478648073590e+02
1.010100589926638861e+02
1.291147771239580209e+02
1.014155027129933728e+02
1.175189178233260350e+02
1.102191366721793315e+02
1.155656092018289911e+02
1.033256618743430693e+02
1.127629849474344041e+02
9.394023519799426936e+01
9.687297852633746231e+01
1.081439626409907788e+02
9.674032731001453556e+01
1.274205261293498808e+02
1.082768709513775320e+02
1.134973989025566112e+02
1.111082781591377682e+02
1.181378954015638101e+02
1.065661834472672211e+02
1.098335790900904811e+02
1.027166462770272801e+02
1.072065760026544297e+02
9.334713220067767736e+01
9.784202992134167687e+01
1.206198849451220099e+02
1.227501768082001519e+02
1.168572425082832922e+02
1.046287776252786870e+02
1.194056766927736675e+02
1.111012783406416418e+02
1.019903616609626482e+02
1.051479707288326466e+02
1.039690408866482016e+02
1.154984846777648499e+02
1.280099860014587705e+02
1.138761550437424148e+02
1.014867487369068186e+02
1.046234050788653178e+02
1.025024381668919631e+02
1.028915504949628428e+02
1.036614449322014622e+02
9.351971164998201402e+01
1.101662481143196572e+02
1.294755955947979942e+02
1.025275949853037218e+02
1.154872104145878495e+02
1.023121986587054693e+02
1.335646493705483238e+02
1.041341193012663950e+02
9.415528143120074844e+01
1.131298902631249064e+02
1.098624225858590364e+02
1.068818567607478229e+02
1.228491481084604828e+02
1.093163660135777633e+02
1.054786152376839965e+02
9.964516757185103302e+01
1.290413548688777894e+02
1.054762212178444400e+02
9.760252355738366248e+01
1.171461324388784249e+02
1.164055320961196287e+02
1.074378962361755043e+02
1.011927415924255058e+02
1.082912690253891839e+02
1.151630550148746437e+02
1.077698430989018732e+02
1.014610257569743368e+02
1.120868167051404498e+02
1.090179030632738915e+02
1.324926206647357958e+02
9.470584660969419133e+01
1.044929694903268569e+02
8.560695395073604175e+01
7.505590826275084737e+01
1.639606890522628646e+02
9.349344575975203497e+01
1.381587480587533037e+02
1.032295769708280773e+02
1.068723725102069011e+02
8.967407593174782221e+01
1.109664984376334758e+02
9.660890594140388998e+01
1.053355397865455956e+02
1.144917465498434126e+02
9.739816676764819192e+01
1.181838850838199022e+02
1.199013542762953506e+02
1.000481822136918737e+02
1.160019770525610454e+02
1.043758998921793477e+02
9.200389334174387557e+01
1.118747013307033171e+02
1.325216194564498267e+02
9.542386335773419148e+01
1.079900007076875710e+02
1.051092415179576705e+02
9.288410036772675937e+01
1.236351041140081577e+02
1.019780798013530045e+02
1.205319152943552723e+02
9.849319751407807644e+01
7.605791985240972508e+01
1.187017608438380876e+02
1.157209030919625690e+02
1.273983971993074817e+02
1.088028815571965140e+02
1.122039152194088558e+02
1.005612837136795861e+02
1.075216363385724634e+02
1.143947445308184712e+02
1.015546875898999986e+02
1.207384391326789768e+02
1.005735413379343726e+02
1.289130377698749328e+02
1.291690814659520754e+02
8.279063074914725462e+01
1.137515932617915553e+02
9.740137857769231289e+01
1.183100481424279451e+02
1.252031346803217673e+02
1.115188792352014957e+02
1.128758229328560247e+02
1.054177189446380112e+02
1.168942217528163638e+02
1.182976236758551636e+02
1.075004866224759894e+02
1.163096932024861729e+02
1.011192432839563367e+02
1.106642472929049319e+02
9.993047618633228524e+01
1.057942998711975093e+02
1.179170267160557444e+02
1.172730187491819009e+02
1.112386985695842014e+02
1.051435098904906198e+02
9.887653676971875427e+01
1.139504587261643280e+02
9.143895678043918451e+01
1.239177389155858577e+02
1.108091666040277943e+02
9.726025153637435494e+01
1.203024171705137491e+02
1.039343324350618474e+02
1.056593565574392244e+02
1.240574629039056020e+02
1.288628110566760938e+02
7.727559504843191007e+01
1.163789278906678391e+02
9.988091639188608895e+01
1.196473867328308245e+02
1.053188402264682821e+02
1.059240180602826200e+02
1.232976679623778864e+02
1.013665612130592990e+02
9.966814615839830083e+01
1.185072047513129831e+02
1.092818577501635104e+02
1.133351394864065043e+02
1.165924243296865939e+02
9.760320496638551901e+01
1.014502413262297296e+02
1.196749571590451353e+02
1.090403792369667855e+02
1.278205425308513838e+02
1.074196877697779371e+02
1.159278538433818539e+02
8.519898281827248354e+01
9.672964843455648065e+01
1.286099967537455768e+02
1.265359983199682006e+02
1.091005344625907441e+02
1.104892630627807506e+02
1.186099473398998470e+02
9.701890960003649411e+01
1.305335141461272883e+02
9.444289230742441532e+01
9.301593379885935065e+01
1.187494168618380854e+02
9.445726056350004285e+01
1.033690711936094431e+02
1.309861036080392012e+02
1.115621582045126843e+02
8.983771053731226175e+01
1.073311875989732869e+02
1.204785002805499232e+02
8.804080972693392937e+01
1.131398973789714972e+02
1.084020622092220520e+02
1.114727411904707282e+02
1.038322196415672352e+02
1.081360209335098972e+02
1.104516837042912414e+02
1.111799055825625118e+02
1.121481195733468326e+02
1.108128120628406919e+02
1.040517258080021605e+02
1.086247114684980772e+02
1.179494177732032512e+02
1.218287425593713920e+02
1.026499735540521954e+02
1.025467203687361462e+02
1.088117020338306560e+02
9.820986552480054854e+01
1.250418100601035860e+02
1.023525394710679279e+02
1.259234145316987821e+02
1.134612318929162456e+02
9.518624863781313650e+01
1.099131774315450230e+02
1.069632040998409792e+02
1.082492146499706394e+02
1.143011910281421137e+02
1.194452885884321063e+02
1.184466476751962460e+02
1.247707275223812502e+02
1.055491846521031221e+02
1.223653690485385823e+02
9.675163000850037065e+01
1.015597563143294479e+02
1.165910814714808197e+02
1.134774075933830915e+02
1.030399936974572910e+02
1.223480557805773685e+02
1.069340225416784449e+02
1.174863121688208025e+02
1.065709926849763178e+02
1.004562137079034159e+02
1.280133985392827753e+02
9.145752736251994008e+01
9.995884358588868679e+01
1.181351511636260483e+02
1.190121542430986921e+02
1.095651349900118987e+02
1.216615063102872654e+02
1.123983247398693237e+02
9.972946177804691104e+01
1.029218738801490076e+02
1.082898046977514355e+02
8.721670374457787034e+01
1.083673531335249010e+02
1.235630824184513727e+02
9.701644468193218529e+01
1.127400665698679347e+02
1.345102833656875987e+02
1.023679611561957614e+02
9.721063122291518255e+01
1.059370497132713496e+02
1.082203258052649915e+02
9.497513446593238484e+01
9.842921321472212526e+01
1.092404747320217808e+02
1.127839303393292028e+02
1.174722414408285971e+02
8.990147861277858965e+01
1.217593746536704771e+02
1.015601322057035532e+02
9.707423365109609392e+01
1.317466671855299296e+02
1.119870637807797777e+02
1.105053524356752916e+02
1.059586212429548482e+02
9.782570998981888977e+01
1.207215540681120984e+02
9.147275008144760022e+01
1.158046001713693158e+02
1.147425949379260999e+02
1.030042630788163933e+02
1.112520390930043419e+02
1.054725767692098657e+02
1.270708199320822729e+02
1.116044552173582645e+02
1.003190198745618602e+02
1.176963625905668351e+02
9.514356914727328274e+01
1.257961379127978176e+02
1.058365314588519226e+02
9.671260480763245937e+01
1.130887261823844483e+02
1.088336130529958439e+02
1.301054608006420779e+02
1.174670698982715464e+02
1.109756079373278510e+02
1.202259852760813317e+02
1.100266426127023323e+02
9.001886244899984035e+01
1.090887726225131047e+02
9.723278690221127363e+01
1.304150258176003092e+02
1.150591450728192058e+02
1.030199249004162425e+02
1.027573533964994255e+02
9.113487303202320788e+01
1.132224506854678339e+02
1.059783890597578733e+02
9.256940124437630857e+01
1.290423864849296649e+02
1.213224247018159332e+02
1.029920264701082573e+02
1.052816010694342879e+02
1.141391700029398208e+02
1.176335285298036126e+02
1.175917349444976736e+02
9.907716428383301377e+01
1.238429222060566133e+02
1.110143965623877165e+02
1.157521688494353356e+02
1.077144080580854251e+02
8.772504105374267169e+01
1.081516219290616903e+02
1.223641601961767975e+02
8.848601027405213415e+01
9.878668635805011888e+01
1.038500659131861141e+02
1.277564329944352863e+02
1.082928138478855260e+02
1.086210990889667585e+02
1.241148372400815845e+02
1.026024408006029063e+02
1.146533265780940667e+02
1.071725635220585104e+02
9.677327728029561626e+01
1.054256879662924717e+02
1.193328872847524877e+02
1.302159041522899656e+02
9.035261218608937384e+01
1.046662678927932291e+02
9.907204558438300523e+01
1.212086191442808740e+02
8.365469414149519878e+01
1.102590890085363071e+02
1.205619203438628801e+02
1.027084013187836717e+02
1.185060952294926295e+02
1.068288454953388538e+02
1.115849489893191731e+02
1.307713764056060768e+02
1.047711298270807703e+02
1.023106427401427680e+02
1.240600753978854129e+02
1.138982054383750864e+02
1.058646264540078192e+02
1.082275326336078649e+02
1.016143367951591898e+02
1.022484214192141962e+02
9.875527475984560510e+01
1.183348771099259693e+02
1.036374253435092498e+02
9.616347468500067919e+01
1.328662749171548967e+02
1.104363234551003927e+02
1.198741356391165453e+02
9.897975121409069743e+01
1.039578594974158250e+02
1.236120712821627023e+02
1.082888045242774098e+02
9.880206937807915324e+01
9.722042913322191282e+01
1.086275861930758566e+02
1.194104220938392018e+02
1.080265437428084851e+02
1.067566814671198614e+02
1.147987817147283920e+02
1.096525514169122886e+02
8.752417362649944721e+01
1.132242726765141612e+02
1.108005293928202235e+02
1.214924454667956297e+02
1.089575948891396848e+02
1.018759054783851496e+02
1.381402570696676264e+02
9.632406456106775750e+01
9.276446014942825968e+01
1.019167627923115305e+02
1.037743686732628845e+02
9.990861502937605110e+01
1.251622236582441445e+02
9.059177440763593836e+01
1.304615775230246300e+02
1.223200829357500226e+02
1.088070181200424997e+02
8.701879937980477564e+01
1.144602630494456008e+02
1.148720878033274602e+02
1.052667556938704081e+02
1.081076669504986825e+02
1.061762322512370957e+02
1.070264773208578362e+02
1.077728417182639618e+02
1.162225380550599851e+02
1.000113653225412946e+02
1.059331783481229223e+02
1.051005692095117894e+02
1.208210927516643096e+02
1.021892635730944505e+02
1.039393224162103166e+02
1.112013868966202921e+02
1.268763062633997123e+02
9.798819699236561576e+01
1.040239972517810401e+02
1.140234640569911875e+02
1.003328428298326855e+02
1.137386471456013339e+02
1.194826658301678464e+02
1.085845566737004049e+02
1.152481794916596129e+02
1.041985863866578939e+02
1.101585178651892107e+02
9.580747694264687198e+01
1.105682991487675793e+02
8.709296956322131678e+01
1.175459570422893734e+02
1.229483442673438987e+02
1.164312394308163903e+02
9.906870080268144818e+01
1.110440807779140897e+02
1.106784357562982706e+02
1.175276918633779957e+02
1.118315609406719062e+02
1.072573386924453445e+02
9.785441216855669211e+01
1.207720848124130981e+02
1.198547720104009642e+02
1.074129218413111602e+02
1.136131597711585073e+02
1.089374345696334530e+02
1.227306609734718279e+02
1.063598386578188268e+02
1.006589204313023203e+02
1.095466415790940431e+02
1.081495189907000309e+02
1.197161028388349564e+02
1.155184540115516825e+02
1.074727592877636795e+02
1.125963081781116415e+02
1.032401645998722870e+02
9.447675944873816434e+01
1.031253509703008859e+02
1.149258633303672923e+02
1.206419083939780421e+02
1.147876092694445020e+02
9.872465721921980730e+01
9.873987634921131473e+01
1.218932572920489861e+02
9.859377327560547144e+01
1.285099483047650892e+02
1.043043597897734429e+02
1.123282078052208135e+02
1.108509334921823779e+02
1.016039440713826991e+02
1.119552236475485500e+02
1.000894186568035309e+02
1.165595188157411570e+02
1.133683677710424149e+02
9.802080128491826372e+01
1.175556547975510853e+02
1.149462725534590533e+02
1.239627047330828020e+02
1.163105225745738949e+02
9.940894296258440477e+01
1.042997664029907128e+02
9.427482074741000417e+01
1.044161508499967255e+02
9.879266431784644453e+01
1.003780184306688170e+02
1.074476196042751184e+02
1.125294664903501882e+02
1.291109827761502800e+02
1.185007722500610896e+02
9.761737050432741114e+01
1.089571444774673807e+02
1.192501552421867643e+02
1.057895410090550854e+02
1.058963814951760014e+02
1.248495182468400202e+02
1.130142586431333740e+02
9.955189379856030030e+01
9.961275240087174154e+01
1.085554906461783133e+02
1.113391046777384048e+02
1.015045188354170733e+02
1.111505277781612193e+02
9.633126807174517126e+01
1.301566961295957583e+02
1.075567657327883921e+02
1.051227846573481486e+02
1.209450692093967348e+02
1.050805012373605649e+02
1.147712748830479086e+02
1.015020954208784332e+02
9.796924745734004603e+01
1.164520168961737880e+02
9.596938330591915189e+01
9.633906885393849961e+01
9.381120075074255737e+01
1.085241934694145272e+02
1.164210336269103294e+02
1.324385944780458999e+02
9.855852059340267601e+01
1.377054037632467498e+02
1.021224627517518968e+02
8.772746770206387623e+01
1.054349928640083220e+02
1.172399383472638164e+02
1.319352823999466295e+02
1.151603502247312178e+02
1.129034625695961154e+02
1.026808913010714690e+02
1.123458307832792258e+02
9.596126327173988102e+01
1.207842341148053009e+02
1.238317989700795039e+02
9.988254429663351175e+01
9.688335427164672353e+01
9.846279863187217529e+01
1.150242916979306500e+02
9.037507822405220281e+01
1.080185766476688798e+02
1.210242128380529749e+02
9.711501567840088001e+01
1.156732299800165862e+02
1.146716962915830038e+02
9.948122032885203225e+01
9.606160878895558142e+01
1.244930701392864876e+02
9.948958015428249269e+01
1.365729719099696524e+02
1.215225286831301901e+02
1.255096999895768590e+02
1.072981628892276404e+02
9.311404529824349652e+01
1.068154834499256083e+02
1.120124675754023542e+02
1.113749465032842210e+02
1.113794786018809333e+02
1.060544280725792987e+02
1.090134087908646165e+02
1.082852500576328509e+02
1.160866639955072941e+02
1.053859982674473059e+02
1.069367018087816774e+02
1.021675372178779497e+02
1.176509983373356505e+02
1.160034172706666595e+02
1.184428797725155533e+02
9.429255812807602410e+01
1.108454565165749699e+02
8.580059230696446093e+01
1.363079063951096543e+02
1.268656327051842112e+02
1.044983906298325280e+02
9.313689113354621441e+01
1.090924549857686259e+02
9.795217912511654390e+01
1.180584753355575884e+02
1.042125418965106292e+02
1.092223891479410582e+02
1.170500601848091122e+02
1.108865631303383310e+02
1.123606353766148374e+02
1.198697422315419061e+02
9.947473457519150486e+01
1.130297667344786561e+02
1.059863956026495799e+02
1.036771039429743411e+02
1.003055064921781252e+02
1.116739371350306271e+02
1.007788651471990562e+02
9.548331774121066928e+01
1.340172020644573649e+02
1.135771151219779114e+02
9.724142458706836578e+01
1.155734145777843764e+02
1.215414032937329267e+02
1.123363489354280489e+02
1.013091548242860540e+02
1.149731779777977181e+02
9.226238526461399658e+01
1.051571770524136866e+02
1.084410327758718040e+02
1.045842184140903441e+02
8.308276703594535206e+01
1.315421983369487862e+02
9.533481944982742107e+01
1.137789628428855053e+02
1.199329446175401159e+02
1.229134514318509304e+02
1.070570990130941453e+02
1.034023270497692835e+02
1.039158485250958250e+02
9.087498174260574046e+01
1.302448286587460871e+02
1.210062786162766315e+02
1.146042132289072839e+02
1.189198524610011845e+02
9.763622736066763252e+01
1.035421477360332716e+02
9.660688226635507192e+01
1.015426078038958764e+02
1.272743756929300929e+02
1.297679827514394901e+02
1.270056436685678989e+02
1.124733827662774388e+02
8.085534896918751713e+01
9.747212634727276281e+01
1.072163123741599406e+02
1.358728755318089156e+02
1.159049646133013027e+02
1.101213525130814332e+02
1.083652865520997608e+02
1.077422317523833755e+02
1.204270927923771239e+02
9.126958902838646281e+01
1.067001554212246788e+02
1.037615763291931614e+02
9.504494605396925522e+01
1.119718496268559420e+02
1.011281750532396728e+02
1.346120195788896581e+02
1.161841975962993274e+02
1.088098947910200849e+02
1.292639446718596332e+02
1.200166035316777453e+02
1.154390986125805512e+02
1.192212256141492333e+02
1.238314908231256624e+02
1.136314732447653455e+02
1.030477379147703232e+02
1.112537881074883046e+02
9.690686176178797950e+01
1.041035667435966729e+02
1.062272409765863870e+02
1.201265243927264805e+02
1.093721039599710139e+02
1.015998824308375390e+02
1.112496061799098896e+02
1.108716179188401725e+02
9.697112505247383751e+01
1.163161059291076924e+02
1.037911981392024785e+02
1.158651633350407053e+02
1.033275766926902008e+02
9.777516059761535416e+01
1.293297943566210790e+02
1.020246499665708626e+02
1.144215977564130071e+02
1.056192421786375775e+02
1.249711086973180585e+02
1.186919761925288412e+02
1.021445056080270035e+02
9.456854841400701162e+01
9.242674702834028722e+01
1.228974282721662945e+02
1.213396786778380658e+02
1.048833561343560916e+02
1.046657431525697888e+02
1.155406805136333048e+02
1.002708741338378076e+02
1.033235157303632974e+02
1.145609022721152002e+02
8.983831404165870538e+01
1.099802498323693385e+02
1.077941596268692876e+02
1.182655102361494954e+02
1.128827619460432032e+02
1.123350913297103091e+02
9.686273722812354947e+01
1.160419256990204104e+02
9.882296914144845346e+01
1.087185857978592338e+02
1.226377252280536823e+02
9.527587376585350398e+01
9.081207579228347981e+01
1.097442460522812553e+02
1.021749966196519921e+02
1.094721388168339047e+02
1.398505589050095352e+02
1.131780752112329509e+02
1.120741857973819293e+02
8.592696084915618826e+01
1.068350927368100827e+02
1.219269080543745645e+02
1.155765786688187404e+02
1.099544664855058755e+02
1.007321159101574892e+02
1.238074603030586900e+02
1.103339943031939328e+02
8.765427966290050676e+01
1.230061486034310292e+02
1.089389947440927671e+02
1.005122311918018596e+02
1.184268151420024111e+02
1.093072773380922911e+02
1.090053271440854274e+02
1.088864047700623274e+02
1.010399281499611419e+02
1.056663141240574078e+02
1.221354870736797409e+02
1.078269610247784982e+02
9.795866601174923005e+01
1.109705127681771017e+02
1.098583475629976505e+02
8.953194427173926329e+01
1.383836740460475312e+02
1.094966620853889765e+02
1.133491209936205735e+02
1.064789466985963600e+02
1.225282708089555257e+02
9.861756571528692916e+01
1.135902198431707859e+02
1.044824658387235274e+02
9.770135233733307700e+01
1.202970473411698293e+02
1.204538634019429963e+02
1.135903737295034261e+02
1.236191034229254200e+02
1.095267507552804176e+02
1.135776820903321322e+02
1.040939390653265519e+02
8.686637749873332837e+01
9.566414886795251959e+01
1.119251331609589357e+02
1.049615056777893329e+02
1.133862587614680564e+02
1.123545177899138992e+02
1.162962837613188469e+02
9.951367257108188369e+01
1.141685256697594468e+02
1.024236712710295194e+02
1.167685166671471961e+02
1.114101649791121673e+02
1.111641754603670762e+02
1.175376082961655158e+02
1.118718293118763256e+02
1.227935490324996834e+02
1.004773341852736479e+02
9.282405714985304712e+01
1.079426169713501764e+02
1.022873841534936332e+02
1.131107000844837955e+02
1.104348397129276407e+02
1.089430601879326161e+02
1.049028114002906449e+02
1.159127542092154073e+02
1.078838068519929578e+02
1.231035970300355302e+02
1.015943865601880987e+02
1.265727545105015537e+02
1.017532594228816976e+02
9.149581599020399381e+01
1.088417112252767680e+02
9.847783403486353393e+01
1.195772589207009844e+02
9.846626338028133318e+01
1.095142769728933416e+02
1.195562345270614060e+02
8.747520253098346643e+01
1.088723141185057131e+02
1.238869152586683668e+02
1.215684114083603760e+02
1.081139423724265214e+02
1.071350993585835027e+02
1.150263222746803393e+02
1.018280129995940939e+02
1.004879437262107302e+02
1.042865702739433260e+02
1.169723209690585719e+02
1.102961575528238996e+02
1.019331173422124550e+02
1.138837145565377966e+02
1.092865486747308381e+02
1.169024616020121812e+02
9.225214579997616227e+01
1.122961999476004706e+02
1.021955508217775588e+02
1.051632616052482945e+02
1.212673902039420710e+02
9.325461519496361973e+01
1.095727023591242926e+02
1.041137572720894866e+02
1.156344116838698142e+02
8.861408740361336811e+01
1.281905703638089165e+02
8.816125962496622037e+01
1.087842175155991100e+02
1.187728051941996199e+02
9.512674496650943468e+01
1.126215595610217548e+02
1.089876007923633807e+02
1.135507321386028963e+02
1.316827047333160863e+02
9.524255275847608004e+01
9.438179288514263021e+01
1.265779122959589671e+02
1.208647595479399115e+02
9.094353224894510390e+01
1.199997689870472470e+02
1.012087236074103771e+02
1.173169874087953986e+02
1.021380737134822141e+02
1.210499215021061019e+02
1.066830240393457956e+02
1.054552924784024555e+02
1.021753219560499701e+02
1.019348275186990662e+02
1.111026023491849912e+02
9.229180495644440896e+01
1.004361624249831237e+02
9.581804000908182672e+01
1.185780815075543444e+02
1.057125156382316362e+02
9.542575762148615581e+01
1.091091156843352081e+02
1.128192004805834472e+02
1.147220940357798185e+02
9.648449639782624843e+01
1.136832232015507884e+02
1.112704620956548780e+02
1.251452111490735604e+02
9.749506022715613085e+01
1.110645118534878009e+02
1.028835676370685945e+02
1.052803520226835019e+02
1.086559270311790328e+02
1.079658716245577210e+02
1.111058162558882145e+02
1.012304100533684021e+02
1.302439121830657598e+02
1.046731058310450635e+02
9.673502817230091466e+01
1.187945897774439175e+02
1.074610726798361355e+02
9.904767801019700357e+01
1.197641649562046382e+02
9.952355718934519757e+01
1.094098648709967989e+02
1.110770748032773554e+02
1.133103161657526528e+02
1.007790726018868810e+02
1.013056332351157351e+02
1.279692180736637681e+02
1.023615610201602522e+02
1.305650622485800909e+02
1.029208531333746066e+02
1.057541198964785281e+02
1.102676959039640536e+02
9.487960577467821111e+01
1.117845472360240109e+02
1.189557737601926561e+02
1.071851609139168033e+02
1.305882466070146677e+02
1.043014340896846477e+02
1.037120900614594916e+02
9.556921996518755691e+01
1.100260856427420464e+02
1.402399890577420081e+02
9.268324985883309353e+01
9.551425409314892079e+01
1.125091108606683576e+02
1.066926307821230608e+02
1.041300523128885516e+02
1.324375190171109864e+02
1.135004153392520720e+02
9.963743909795402942e+01
1.003542173238711683e+02
9.876219862502492219e+01
1.101680113752412495e+02
1.114809886184317236e+02
1.177017996207777344e+02
8.613072447493733819e+01
1.109877551859862166e+02
1.070424270826282935e+02
1.222006385957070336e+02
1.053648889665706747e+02
1.016977966050369133e+02
1.330175779691521996e+02
1.090625519767742162e+02
9.702829612655949632e+01
1.191546810496443101e+02
9.820082697303766395e+01
1.083180949386124041e+02
1.082309104278582907e+02
1.195716000523185301e+02
1.301011527395058920e+02
9.467071301631581548e+01
9.572913913867014912e+01
1.075647414454162458e+02
1.051799677477876998e+02
8.739033902908724372e+01
1.262004757574880642e+02
1.062451890345207914e+02
1.167970243714273835e+02
1.017840662316254452e+02
1.165009582016726455e+02
9.642258286702360692e+01
1.137249244036199514e+02
1.089588771819212241e+02
1.172113711432857599e+02
9.627687195652910646e+01
1.014473611384275813e+02
1.230893115053482632e+02
1.226550505228801597e+02
1.061867714418693964e+02
1.082177650399987385e+02
1.069923665309418226e+02
9.596205687909782966e+01
1.208578755452804927e+02
9.310861049413205137e+01
1.182618526515151700e+02
1.124712715579953084e+02
1.119960996491083876e+02
1.089559330631680751e+02
1.106293058294387208e+02
1.006034186960388155e+02
1.266938094584102714e+02
1.132492034821669193e+02
1.104086661745838995e+02
1.128331876153670237e+02
9.348219096883453005e+01
1.306210320444010620e+02
1.089187644053192372e+02
1.019142900329677275e+02
1.052722401304977069e+02
9.045742556029159687e+01
1.055845505436946183e+02
1.183830663333682338e+02
1.234678234731355957e+02
1.015112687013731687e+02
1.004992476531728443e+02
1.138502490816666324e+02
9.768515960396602793e+01
1.133495820174449449e+02
1.041608444238126623e+02
1.123000952887341413e+02
1.003835920204952998e+02
1.118948554866467902e+02
1.139907453826062209e+02
9.961548792425590193e+01
1.082550038561726211e+02
1.049511602339353971e+02
9.903948304259868962e+01
1.126305068817692643e+02
1.093175003224144035e+02
1.015447932128319195e+02
1.197718328121908655e+02
1.136384727644193902e+02
1.070250519173777519e+02
1.049426720436773337e+02
9.435336648693822781e+01
1.228316185483210177e+02
1.105424009468026441e+02
1.128067033710784983e+02
9.902653758577488929e+01
1.074102032109607450e+02
9.456377011629430740e+01
1.135850448105221773e+02
1.203143088567237129e+02
1.083167838153081988e+02
1.174392390065135316e+02
1.094443035788598735e+02
1.151140081292569448e+02
1.035276427970051287e+02
1.008013030748264214e+02
1.174705431070212143e+02
1.214514876356457904e+02
7.447543754426747853e+01
9.742094650210988505e+01
9.643122244385281761e+01
1.249009780417097346e+02
1.331480761286587438e+02
1.239333810948831314e+02
1.115377291005885354e+02
1.214694594968110408e+02
1.321607109961353501e+02
1.013969079168088285e+02
1.002955317180913255e+02
9.966983711563378279e+01
1.188235088673448558e+02
9.752021628652302354e+01
1.051582475913503032e+02
1.017784245943119572e+02
1.095274071408994132e+02
9.524810181062072445e+01
1.121453204276391062e+02
1.300586715807970108e+02
1.068744370165547508e+02
1.206977745266613908e+02
1.015739717071403163e+02
1.123241783141202177e+02
9.351385589306919144e+01
9.452705957894143296e+01
1.089268840690910309e+02
1.274484241223584462e+02
1.136716938798242182e+02
1.064104102392697655e+02
1.154145485762474976e+02
9.956389716669107770e+01
9.389149228756116372e+01
1.223122207315303740e+02
1.196550015460290695e+02
1.243793883387554615e+02
1.116259809929091915e+02
1.015886222046824656e+02
9.698360908231845201e+01
1.282986352437275457e+02
9.963299623383437620e+01
1.069436093629052209e+02
1.000585791291102709e+02
1.195111649935418683e+02
9.214780598857706195e+01
1.077820325519095093e+02
9.963698830889117630e+01
1.152053445690903146e+02
1.070395873185797058e+02
9.994353287163042410e+01
1.035694228557859162e+02
1.052126683875823261e+02
1.265361517373294049e+02
8.896490392049416585e+01
1.066497016095889592e+02
1.187879187870602635e+02
1.339479876043455420e+02
9.194819909712624906e+01
1.153308351582973756e+02
9.539512708315544387e+01
1.077399868014497741e+02
1.157515910624281616e+02
9.458566451104429973e+01
1.183157572322552795e+02
1.205767488750812220e+02
1.020070852764340827e+02
1.157647942998690240e+02
9.203181066137116773e+01
1.340066595953187516e+02
1.078406099899736148e+02
9.651824681498868586e+01
9.664010655517513726e+01
1.230110980278001591e+02
9.245534021986054540e+01
1.123836113428486669e+02
1.079184500613844762e+02
1.205914230237493570e+02
1.201193522471762094e+02
1.046779292396694103e+02
9.005821187075869716e+01
1.129628031010737317e+02
1.207882420650281148e+02
1.049578496265944381e+02
9.555062355932007279e+01
1.050890374832587071e+02
1.059070999321380242e+02
1.062132138079696801e+02
1.181364349612169775e+02
1.016454668024796888e+02
1.186295271107297964e+02
1.005331565059365175e+02
1.062124681262734924e+02
1.279842150687660620e+02
1.116975055147130576e+02
1.057936952083761639e+02
1.044098033663807144e+02
9.881437517268616944e+01
1.001871096729431372e+02
1.114810420280944356e+02
1.367741186384434116e+02
1.027855768730301378e+02
1.056740033384202491e+02
1.050664388630283099e+02
1.249352488838645741e+02
1.131112893259783476e+02
1.055412151529467053e+02
1.167161331731578144e+02
9.178078351208131380e+01
9.695698963828438366e+01
9.972000109323701622e+01
1.365585849628266715e+02
1.087981115919152018e+02
1.004705427301029204e+02
1.115174520604761454e+02
9.716023202702032791e+01
1.294970396306318321e+02
1.087843261816012728e+02
1.055117371010362461e+02
1.186716687247667323e+02
9.889163301288262176e+01
1.092182018084278496e+02
1.104993813169996741e+02
1.019264259870716387e+02
1.169702315410430060e+02
1.013885870273283132e+02
1.154981898024947071e+02
9.482302277784737043e+01
1.147687904847177833e+02
1.083849508553534662e+02
1.109260212022625893e+02
1.193955669934268116e+02
1.082590562275443489e+02
9.333465545836223498e+01
1.078651206598262746e+02
1.219325739473233909e+02
9.323839487612133325e+01
1.366687566329090089e+02
1.173171158875454836e+02
1.031644690296609213e+02
1.089671644677954419e+02
9.496623181985968642e+01
1.049541880959411060e+02
1.171060497594503431e+02
1.118012700529291408e+02
1.336685127754617497e+02
1.108208581391774743e+02
1.069747640173613519e+02
1.060320947244029668e+02
9.529162041785305348e+01
9.679264752409947903e+01
1.112644958367795880e+02
1.016726012125691483e+02
1.064592358793448739e+02
9.864354610027270098e+01
1.222612264371418149e+02
1.147022122999215270e+02
9.766727211219541971e+01
1.249137798479464863e+02
1.112052911761123681e+02
9.302338220072245178e+01
1.294992967837622473e+02
1.021315387480820220e+02
1.177646445972388847e+02
1.015406331430121298e+02
1.016249728526807417e+02
1.112517521709882260e+02
1.045264093799547993e+02
1.205436003575743342e+02
1.125818995527266395e+02
1.051621139557096427e+02
1.196296939989488948e+02
1.169414128762336986e+02
1.087364487503373596e+02
9.262968334788308766e+01
9.356292724044477893e+01
1.033956213967779405e+02
1.191161264467085914e+02
1.126946211376999400e+02
1.199787128376559338e+02
1.068143974543650927e+02
1.255645119571595814e+02
1.072376527190022557e+02
1.044479264256002295e+02
9.682653165390776451e+01
1.015893558507547567e+02
1.229624766828606965e+02
9.749227005568532434e+01
9.976590367042390994e+01
1.157706788776081765e+02
1.274400845171064276e+02
1.142662182782042493e+02
1.017912403784691406e+02
1.141878454524459414e+02
1.002660854915577602e+02
1.279831316566024526e+02
1.078122164200869690e+02
1.045407280045498624e+02
9.940019955441817956e+01
1.151949014588823843e+02
1.155048258285785465e+02
1.038160267979432660e+02
1.145873022504286780e+02
1.028776331587951773e+02
1.022879158323965783e+02
1.036364313159095758e+02
1.126215014825304195e+02
1.079293077980905906e+02
1.089947994076781441e+02
1.093964713325037081e+02
1.137532254380813299e+02
1.100965650096322008e+02
1.224717387804182920e+02
1.024549360978211610e+02
9.741705795151220570e+01
1.232759369271998509e+02
1.025970795289625386e+02
1.203887932745900855e+02
1.037904813897916512e+02
1.118173567147839833e+02
9.132268477269289519e+01
1.384833400095636478e+02
1.065602040816017819e+02
1.132601425919950202e+02
1.041841199874659765e+02
1.096231879304360319e+02
1.182943067113210560e+02
1.035869004669465028e+02
1.076898984114552462e+02
1.195955805453839815e+02
1.009260783518592319e+02
1.000975726056593516e+02
9.795311186635619549e+01
1.185070843152329161e+02
1.195885296560581281e+02
1.012253770738097671e+02
1.131271265497946530e+02
1.181127972350104471e+02
1.002971055401580003e+02
1.050391531492081754e+02
1.156431537883555478e+02
1.348013340140982166e+02
9.468444700220706522e+01
9.944159153162621578e+01
1.059554695656177898e+02
1.007374654551390307e+02
1.247603648072392417e+02
9.305588686883221783e+01
1.250729665662844639e+02
1.052584246398180596e+02
1.193335394313060647e+02
1.067711921773815078e+02
1.055885679141571671e+02
1.132292256591691313e+02
1.000658030180105840e+02
1.032888476005737886e+02
1.194202916034769970e+02
1.013498917884276125e+02
1.187989568177975883e+02
9.391483381905300121e+01
9.563467460416191557e+01
1.166921017319344429e+02
9.325633735679873837e+01
1.115618279706212803e+02
1.040210549814189847e+02
1.027374802365531394e+02
1.252112223300940599e+02
1.017729424483198670e+02
1.094960253476955074e+02
1.035623116735404352e+02
1.133705733439092000e+02
1.193736673505300274e+02
1.167737949959143151e+02
1.024992773661047494e+02
1.014603178093940983e+02
1.279689282668209955e+02
1.075077608473093278e+02
9.696940630270223949e+01
1.054103872666644008e+02
1.183653946062204341e+02
9.596077853482023556e+01
1.041685050751803487e+02
1.199197159797488865e+02
1.202478859648212506e+02
9.806676761916321539e+01
1.141077620467635967e+02
1.026887528400356189e+02
9.567315246845102195e+01
1.115006892896645070e+02
1.079680053652992058e+02
1.158622104455719466e+02
8.631199440494168584e+01
1.315850739728861356e+02
1.315447767493520530e+02
1.071015575233871999e+02
1.159809304676652459e+02
9.199038159886229948e+01
9.468395782114582460e+01
1.133499652057781049e+02
1.091390570817252552e+02
1.176174759481231007e+02
9.753480012431809598e+01
1.112123898095654084e+02
9.959290402341353854e+01
1.196298430410673745e+02
1.194938732019550116e+02
1.054734666036790571e+02
1.123644977993519802e+02
1.075451114172975906e+02
1.104560700534396886e+02
1.084875610059715996e+02
1.122073593213974760e+02
9.476775373307695816e+01
1.106055006055006373e+02
1.266412952504232550e+02
1.086389212986956068e+02
1.055248345304868565e+02
1.085358087057698668e+02
1.157305803942793005e+02
1.183758208961219935e+02
1.043890287407495805e+02
9.835355340001302693e+01
1.041927940215365851e+02
1.153031477232154458e+02
9.762124165974552170e+01
1.225707387313694881e+02
1.050045758036680752e+02
1.076876668240287671e+02
9.516598553545141215e+01
1.222895508526857213e+02
1.062813665891706449e+02
1.221846022892186880e+02
1.205705862005378748e+02
9.747512260370186254e+01
1.140540896294832720e+02
9.417674499885498562e+01
1.050855029563272325e+02
1.010795184188222322e+02
1.287690515432995824e+02
1.118114650287469374e+02
9.777660072264687585e+01
1.119590520038487824e+02
9.178367067024727532e+01
8.780658694376060680e+01
1.385104792995391279e+02
1.171926353560807001e+02
9.483011879197455585e+01
1.200754758055972360e+02
9.401912972534127277e+01
1.013379750992637298e+02
1.441738314572371280e+02
1.128363389368109324e+02
1.044239912436237887e+02
9.936391586181682101e+01
1.222588373742855197e+02
8.976879992428399646e+01
8.407074016913803405e+01
1.055388464648946467e+02
1.122606330515514799e+02
1.386631745449537902e+02
1.315216669274076935e+02
1.030704831136102229e+02
1.059363967261676294e+02
1.030162713255959233e+02
9.954598244921913874e+01
1.141023423012070594e+02
1.015388462239944829e+02
1.160099293426610814e+02
1.105773135828185758e+02
1.107245906441742704e+02
1.138499204454015228e+02
1.045027720894539272e+02
1.062788891363944686e+02
1.198290874325736581e+02
1.025491324055555111e+02
1.155964726134052114e+02
1.093851844582193138e+02
1.110811352681511153e+02
1.102955521045311116e+02
1.081027822368845364e+02
1.014516320417124433e+02
1.207481254395800221e+02
1.024831149698356398e+02
9.035907072915054528e+01
1.070317510212586285e+02
1.062786507884626559e+02
1.306905900062264152e+02
1.103528875843187222e+02
1.142986556092905062e+02
1.050275766730302252e+02
1.041128027194925352e+02
1.192785793046432872e+02
1.039793824690063246e+02
1.119028068233202333e+02
1.086633691345045918e+02
1.008853211409635264e+02
1.091642913805870592e+02
1.045830741681439235e+02
1.213959067714228013e+02
1.083273921436236691e+02
9.181932147876335648e+01
1.105650182730292812e+02
1.082882154933948158e+02
1.232338397303281141e+02
1.100594484699970366e+02
1.321583474446078128e+02
1.081393205834069704e+02
8.590455920479992358e+01
1.118194766161772691e+02
1.000585905344016027e+02
1.146524448496722641e+02
9.218698074724747471e+01
1.091915840885568230e+02
1.191659018184637375e+02
1.075486611706933928e+02
1.027510632424412620e+02
1.208230719926113466e+02
9.951047646894919296e+01
1.207766165823165352e+02
1.150496847169488746e+02
1.062684558521497280e+02
1.163590036339287650e+02
9.951865419057229190e+01
1.034783863229826011e+02
1.025807326266959478e+02
1.373481395891739396e+02
9.944416247645271767e+01
1.103311031031188350e+02
9.682780973440408445e+01
1.075650546832744681e+02
1.099883697354146506e+02
1.039710372164479111e+02
1.098020451142636063e+02
1.335527569554058971e+02
8.983270541697382328e+01
1.103658059246375274e+02
1.162489515795150226e+02
1.025004969520418712e+02
1.218706917461689017e+02
8.767229948269995532e+01
1.129060834580307073e+02
9.991390339195571357e+01
1.027216788202434685e+02
1.262385279917885867e+02
1.212624079437290874e+02
1.079904438033252205e+02
1.110784981604728472e+02
1.029627180168771332e+02
1.005496701181414068e+02
1.193088640502328843e+02
9.498147868274531902e+01
1.011656497989112609e+02
1.195723148019025786e+02
1.286701149429951556e+02
8.391247501094696304e+01
1.259592742582975404e+02
1.143732346659450911e+02
1.085202616559616615e+02
1.206579854966770000e+02
1.049354611037174863e+02
1.203011516361138575e+02
7.852027118978838871e+01
1.053408450641968415e+02
1.186114664171901154e+02
9.366571534575865599e+01
1.230946021128980163e+02
1.004587174471334663e+02
1.102622995175602369e+02
1.096796298269251082e+02
1.078236751362747015e+02
9.919838649560632859e+01
1.310775905894796551e+02
1.078585161407270760e+02
9.579904929838539829e+01
1.044410278053398713e+02
1.137431235596913410e+02
1.126486580337936516e+02
1.164391045456190739e+02
1.037695619403934018e+02
1.055505826444879887e+02
1.157065893924811917e+02
1.099907635317201198e+02
9.706735501199688088e+01
1.159027281508127345e+02
1.270141039271573646e+02
1.219905069626029217e+02
9.462388620402047934e+01
1.108645808014985903e+02
7.909853194511038055e+01
1.234205036531827915e+02
1.069146321315818966e+02
1.018282177450816306e+02
1.143198848519445789e+02
1.082664863825772272e+02
1.147076852336966510e+02
1.091945153006128066e+02
1.077363032883298075e+02
1.018021832569107232e+02
1.422755018689217934e+02
1.033900277096271481e+02
9.248217895370036956e+01
1.112805682663271085e+02
1.031908606850059300e+02
8.749679634228546377e+01
1.030936174641548604e+02
1.098141288014523980e+02
9.361058452993093226e+01
1.190815730551999394e+02
1.200170374098817518e+02
1.075788351121308040e+02
1.079173421121152643e+02
1.257527130533999724e+02
1.031545793908064752e+02
1.175622281404494203e+02
1.002393614136927482e+02
9.652510589131138374e+01
1.108959894650359956e+02
1.105716606771325843e+02
1.020092342634709439e+02
1.047750385974406839e+02
9.958326784020611910e+01
1.281339173585894571e+02
1.273091579694285542e+02
1.121990176482600674e+02
9.899786471662345377e+01
9.773797329310554005e+01
1.124620326514397846e+02
1.073818247122323726e+02
1.219126159689915596e+02
1.076019248846702681e+02
8.771458486948957045e+01
1.172153957336271759e+02
1.059998969694129869e+02
1.124261850814559267e+02
9.772167038490817959e+01
1.001780725067697801e+02
9.552206877968107790e+01
1.111416368955237033e+02
1.044973439794737118e+02
1.236575068070719823e+02
1.170801812504213757e+02
1.051479271037860883e+02
1.270767725822755949e+02
9.903091358711061787e+01
9.711545360346940470e+01
1.099183082751594469e+02
1.175640429530342743e+02
1.022888843407899913e+02
1.230708899396102112e+02
1.031577211676031141e+02
1.097611571982077265e+02
1.160860098940384972e+02
9.869235154099621354e+01
1.046483100070208110e+02
1.166531974174643551e+02
1.110534450043039953e+02
1.002128166700093743e+02
1.361598527203475442e+02
1.029390191549319837e+02
9.224190518291048591e+01
1.019334085446727158e+02
1.165755761138368030e+02
1.026574880066330735e+02
1.232204693660763866e+02
1.120744896748325203e+02
1.191543081325326483e+02
1.039256114903435133e+02
1.193221605017865130e+02
1.082417150077851602e+02
1.159642533959022330e+02
9.752766341509301640e+01
1.094933346386710440e+02
1.227149291523632542e+02
1.101267099436799697e+02
9.851497885946770339e+01
1.135990308764617822e+02
1.077846326814551645e+02
1.004481324984137842e+02
1.225039767190613134e+02
1.198360755463934737e+02
9.743511260155925413e+01
1.106849493870083592e+02
1.203682671538974347e+02
1.018455681612290533e+02
1.089197974292883941e+02
1.061752467559076933e+02
1.081466332787892242e+02
1.280789736668694445e+02
1.013672164308289609e+02
1.026131786997988371e+02
1.223701175039122546e+02
1.055837437818748867e+02
1.145282865759793935e+02
1.042705382846696409e+02
1.048408779569074767e+02
1.032015880769205864e+02
9.578555559527585217e+01
9.545731438091101495e+01
1.301328640622897410e+02
1.111788156649001422e+02
1.148196960297806299e+02
1.075136623746446105e+02
1.139370347742343057e+02
9.561936248490211199e+01
1.227363977287824071e+02
1.247977008065525553e+02
9.901358136078631844e+01
1.023312003567366588e+02
1.135947090994139330e+02
9.079662731080574645e+01
1.378426569838361218e+02
1.069498708525485995e+02
1.017056814492411831e+02
1.005578441946353649e+02
1.287266273870297368e+02
1.168989453839115100e+02
1.042576911580373178e+02
1.101080654746163390e+02
9.177430545218116720e+01
9.353378394507602422e+01
1.030435643050006860e+02
1.155001182787357266e+02
1.294804423273048428e+02
9.670082360122400189e+01
1.146838660246677506e+02
9.284713408668662282e+01
1.148548369157986997e+02
1.146272228274835641e+02
1.150324892293227350e+02
1.006141373040922389e+02
1.016317211657871695e+02
1.084052095196914252e+02
9.275209390576834778e+01
1.181178527176938786e+02
1.211082490063722190e+02
1.172378914282598288e+02
1.118970961714148586e+02
9.720520873054482536e+01
1.123254518167753133e+02
8.408084846849823180e+01
1.268645811509800296e+02
1.093783834310096807e+02
9.424648183660195855e+01
1.303485198727010186e+02
1.084426606465616203e+02
1.008990674857132888e+02
1.147329936772671033e+02
7.962150870712193296e+01
1.350230061003427409e+02
1.033661030737386568e+02
9.405783886188959286e+01
1.263680440358868111e+02
1.115008218312656822e+02
1.131101181609086836e+02
1.095257036307489642e+02
1.115519883469589786e+02
1.084992131200180836e+02
1.091434712536630514e+02
1.045054697021340786e+02
1.133449448308060852e+02
1.212872717019585309e+02
9.262826146324209731e+01
9.366815354325107990e+01
1.112977201424755833e+02
1.038451966558641288e+02
1.115661197802949545e+02
1.207776142061219247e+02
1.001962764958721408e+02
1.092644012220846435e+02
1.067299998600834243e+02
1.029503823298925056e+02
1.057998930186007271e+02
1.190055929123616494e+02
1.160048374774646618e+02
1.048908070027627275e+02
1.021541685700229891e+02
9.884879555558605091e+01
1.247310292758280781e+02
1.083654839831413312e+02
1.155435098321598701e+02
1.052641829201512707e+02
9.892175008437806127e+01
9.603565198654804647e+01
1.151927727338699157e+02
1.113655324999616596e+02
1.096920329214145227e+02
1.225876410561747178e+02
1.104590108361206688e+02
1.166402381625063214e+02
9.621628415476419605e+01
1.074123531583710331e+02
1.031386966202995978e+02
1.218838603879532911e+02
1.243567260156078049e+02
1.118302599850264869e+02
1.095752716833011391e+02
8.914032092756590941e+01
1.011632628325823902e+02
1.201608298440471287e+02
1.139471848742554698e+02
1.262355235261812112e+02
1.084279519184371878e+02
9.103889112011438556e+01
1.059708990285438972e+02
1.088429108335288333e+02
1.025585650725871147e+02
1.013046512541941695e+02
1.122597271295148431e+02
1.082335213629411186e+02
1.186542674116871297e+02
1.120754089180193347e+02
8.992142078360687663e+01
1.074960899169891917e+02
1.088475314886024421e+02
1.049632982491279165e+02
9.741280750648458309e+01
9.810855999408943262e+01
1.162129133610400658e+02
1.071096797196093178e+02
1.091679730484866724e+02
1.030206901905365982e+02
1.158059434729468364e+02
1.042387347903236332e+02
1.159363479730455140e+02
1.301609149350997541e+02
8.333301452742342974e+01
9.775624764529067079e+01
1.108614110375591650e+02
1.189744775437177537e+02
1.046172168086640681e+02
1.194170181523046637e+02
1.065488777680797199e+02
1.072791091739328380e+02
1.109975695073907502e+02
1.079112284050719524e+02
1.064003425870406971e+02
1.052415535579569195e+02
1.190249888254375747e+02
9.629333237513181132e+01
1.133247782852266283e+02
1.138600762448201351e+02
9.857073334087193928e+01
1.305002248075486477e+02
1.051506697140993367e+02
1.162292100877629366e+02
9.911264541196614175e+01
1.028546515701882669e+02
1.071629771372037538e+02
9.737905712205014197e+01
1.070106258967075661e+02
1.163554059303653645e+02
9.275184838377604990e+01
1.204844884008399077e+02
1.186998210646930119e+02
1.053412629278779349e+02
1.174158980454099606e+02
1.069303605847839265e+02
1.156126273862672633e+02
1.122711791658556280e+02
9.971273492545657291e+01
1.021717621694131424e+02
1.101167434209601907e+02
1.176325390628854137e+02
1.106279138778885880e+02
1.080903177958075787e+02
1.245712424660693642e+02
1.132310975308903238e+02
1.247759691094102550e+02
1.008965852287360718e+02
1.013125076913803042e+02
1.266380739506569313e+02
9.026615133709206873e+01
1.028250496332066319e+02
1.191393553414817177e+02
9.908613601248879377e+01
1.060049624332821736e+02
1.022855493590600133e+02
1.006910305660805847e+02
9.446555412206241442e+01
1.222981917685396951e+02
1.282764828462017306e+02
1.037449504739444137e+02
9.910785197047569284e+01
1.163560122056838679e+02
9.404899685752714333e+01
1.187785686466597639e+02
1.207698418650707026e+02
1.061819206416395218e+02
1.045854990337119830e+02
1.256364715985676810e+02
1.082867381430585425e+02
1.080440863248492178e+02
1.011524331790924691e+02
1.194397532561941802e+02
1.105565806559291246e+02
1.077919548566027856e+02
9.913485133147796091e+01
1.202538582540387040e+02
9.227829818683260044e+01
1.190653782742886335e+02
1.177410678393332120e+02
1.058620732188658025e+02
1.028555873440829060e+02
9.356890041554660797e+01
1.403437206111374849e+02
1.173139553979092398e+02
1.076304927422729349e+02
1.198802836762935016e+02
9.220363151700838955e+01
1.138166249502616552e+02
1.262281565476015714e+02
1.180203699495161800e+02
1.136898252036588701e+02
9.497170852571858291e+01
1.132534490238046203e+02
8.475639327197609418e+01
1.073567887250212038e+02
1.144809401413478156e+02
1.131559468073397881e+02
1.201019654371909695e+02
9.898667547165007363e+01
1.107728465852227799e+02
1.097220620695272970e+02
1.067381068524235275e+02
1.049777639191163416e+02
1.227328567315923067e+02
1.097653152064472550e+02
1.213519420208444615e+02
1.052914010909587574e+02
8.985742999089686123e+01
1.185545124381628455e+02
1.123157022859764851e+02
8.904441071591780599e+01
1.214605861149847641e+02
9.851095940030545250e+01
1.086976886112940122e+02
1.119382094352905881e+02
1.223275928161229729e+02
1.295721611783680771e+02
1.053256313378733466e+02
1.036230980517709241e+02
9.708054940803374677e+01
1.148973374750472516e+02
1.024455565874987997e+02
1.324363451378039542e+02
1.032647163953848093e+02
1.139342257259459785e+02
1.066449102672770977e+02
9.291279189555814355e+01
1.050326610866054438e+02
1.021315775556438155e+02
1.220395183517874358e+02
1.081167242206577583e+02
1.163337226795131869e+02
1.221885986298932494e+02
1.206978012079387668e+02
1.079178622781664956e+02
9.550343153381781747e+01
9.703692686834554593e+01
1.108314810410823270e+02
1.060674024218028251e+02
1.031228978075247511e+02
1.051966252266773836e+02
1.274313961135900541e+02
1.041507023193414909e+02
1.090404374405332248e+02
1.065917075678603538e+02
9.967874021239046556e+01
1.174664373214448005e+02
9.521869472938530521e+01
9.988859154215553815e+01
1.332141005327962944e+02
1.123834919242128620e+02
1.160900270765159092e+02
1.077649593407985265e+02
1.119504839427194014e+02
9.607734270499072693e+01
1.106654198179535769e+02
1.034312266293268010e+02
9.913514434168045852e+01
1.323520090750021723e+02
1.050147612348494590e+02
1.128703093872028091e+02
1.000763880657542302e+02
1.023459036044840076e+02
9.855533645803231479e+01
1.123558220445605258e+02
1.190420147501921662e+02
1.122056335590018818e+02
1.110776110613045091e+02
1.168784977210809757e+02
1.097021401936213323e+02
9.891869150970126157e+01
1.164980590649541483e+02
1.081937151641455870e+02
9.678018374226287790e+01
1.091034579215101132e+02
1.160617992007044421e+02
1.094655662002470677e+02
1.097953843218165559e+02
1.128669983045780043e+02
1.024237367284799802e+02
1.003069921514781271e+02
1.214412984268481210e+02
1.103953227564284703e+02
1.131314016376259275e+02
1.150145258178178267e+02
1.032264038775192745e+02
1.055154158872104517e+02
9.645671784976583751e+01
1.046007352603404286e+02
1.151120548028089701e+02
1.097395367023068644e+02
1.223832172853775546e+02
9.652252769267887800e+01
1.235343149371858402e+02
1.107395160536571410e+02
1.181602598969098352e+02
1.080220547390842398e+02
9.958653354876921071e+01
1.077730575544154163e+02
1.079854223554118136e+02
9.637108847817708579e+01
1.105572990580562873e+02
1.325187802226948293e+02
9.930309444424005960e+01
1.118710619884395356e+02
1.008600666665360421e+02
1.172766237500387945e+02
1.134017182381386561e+02
9.680535482881526832e+01
9.743586806660650268e+01
1.234536616817295140e+02
1.216686402413307206e+02
9.861934189696067676e+01
1.280904479090215489e+02
1.005781022834279526e+02
9.747241139322049719e+01
9.454877554467456946e+01
1.061397943995291229e+02
1.347026797849186721e+02
1.018157138667790775e+02
1.151939783004454370e+02
9.314775797510202437e+01
1.157421080499027113e+02
1.061120687002292158e+02
1.211407288636602289e+02
1.261577820191425872e+02
1.031278121242157511e+02
1.049821635540738356e+02
1.046924704132576096e+02
9.173531091845693197e+01
1.118617266595358473e+02
1.184797201613103965e+02
1.208574722354383653e+02
1.053897022958839784e+02
9.859852867304122981e+01
1.109118778336901556e+02
1.022689357954013474e+02
1.021018156963158674e+02
1.462474524282016546e+02
1.018389940228704944e+02
8.818455756755780328e+01
1.234100912782755159e+02
9.876649003598392085e+01
1.369766920966319219e+02
1.011531677420925490e+02
1.152828829667226813e+02
1.018627478599279215e+02
8.835012501341114444e+01
1.123317629628960503e+02
1.103805538546562417e+02
9.580362320279935773e+01
1.207390666460765232e+02
9.375490866275553969e+01
1.167246966573503073e+02
1.141622644205125994e+02
1.175855669851804919e+02
9.739317143376108277e+01
9.888704970208540601e+01
1.153622288081536027e+02
1.189485034385140239e+02
1.053663352054160640e+02
1.174422245322792975e+02
1.015663523131875792e+02
1.112354168608184608e+02
1.079465440250001080e+02
1.107262701035464829e+02
1.069901555809692582e+02
9.492741722754189482e+01
1.057007302151588846e+02
1.240548094079062622e+02
1.137767943067398733e+02
1.032621480552624433e+02
1.137090156483904622e+02
1.175988209065119037e+02
1.153013662727626780e+02
1.044496521819276467e+02
1.035452405892592793e+02
9.992718068039363288e+01
1.219504606549448198e+02
1.104681805550254836e+02
9.730434792525073817e+01
1.210067483913621800e+02
1.102760091651231988e+02
1.110533459334413351e+02
1.194611125843673562e+02
9.917647679006680050e+01
1.061005973654403931e+02
1.149418770589921621e+02
9.997648402675278589e+01
1.263187799163000022e+02
1.171948751722862738e+02
1.203075075505556271e+02
1.066944253931388005e+02
9.953901913366699716e+01
1.003475239408857220e+02
1.110204592248496454e+02
1.079194787403526021e+02
1.011315185255648714e+02
1.159756091149077122e+02
8.413483224245160841e+01
8.906010034716739199e+01
1.422182291838988419e+02
1.139140315228762148e+02
1.041900375720249627e+02
1.189186035836737432e+02
1.053637666188749336e+02
8.816342853154652914e+01
1.310399630372135960e+02
1.179393541356667896e+02
1.019001819208901054e+02
1.134329802724313367e+02
8.878068444290302352e+01
8.843656754485242288e+01
1.454258315722179589e+02
1.227119720142082855e+02
1.063557623034770216e+02
1.075583892329767650e+02
1.173247816427912227e+02
1.245862474216352211e+02
9.876779566570525049e+01
1.176845588625433123e+02
8.653852856352702361e+01
9.061296916213571251e+01
1.062640224443870238e+02
1.135866159405836413e+02
1.077067008680759415e+02
1.125301822673662286e+02
1.100342129452832580e+02
1.066311962984120925e+02
1.179831022358707457e+02
1.121305184568841185e+02
9.539956803852140865e+01
9.104629393851324437e+01
1.150903979836031112e+02
1.272663593184260975e+02
1.040660463403546174e+02
1.116641188600624162e+02
1.037058524700285744e+02
1.206144175931512024e+02
9.922169482637391980e+01
1.154908933655315906e+02
1.096352648576547608e+02
9.958330096248909058e+01
1.121347331318414433e+02
1.091542897738258944e+02
1.142220869289941305e+02
1.111204795133157432e+02
1.082727283014131814e+02
1.186993676086947715e+02
1.130805399926779984e+02
1.015381416496840075e+02
1.032642033880728150e+02
9.359079138935886988e+01
1.286170239128690298e+02
1.010759195522764458e+02
1.212502194053577114e+02
9.923898161374867755e+01
1.055051682001663522e+02
1.127803874213386308e+02
1.082389083050379668e+02
1.219195802248162721e+02
1.078918039924896703e+02
1.315896780878421168e+02
9.892513387614479825e+01
1.010929278513473406e+02
1.096339193114960011e+02
9.409614838213049381e+01
1.243594735922003025e+02
9.337484089932995346e+01
1.084456595332354709e+02
1.012249026513259480e+02
1.031334516115582289e+02
1.210709365481941120e+02
1.244203163894196535e+02
1.109278727975052163e+02
1.124219012162648568e+02
1.222830769498779233e+02
1.035742492865030187e+02
1.198271091819574110e+02
1.000465836847616998e+02
1.076767760672653651e+02
1.312287805165668146e+02
9.613346917218575527e+01
9.841088235710373056e+01
1.102055048767037135e+02
1.176342441787647743e+02
1.103455875480144783e+02
1.113982912471225006e+02
1.084729139930652764e+02
1.243126848301463241e+02
1.101683220693545593e+02
1.065341336956202412e+02
9.918788567201778505e+01
1.021888525425606247e+02
1.145845963494790709e+02
1.057438649895973271e+02
1.004906385475354824e+02
1.130246689214757225e+02
1.158451370441391362e+02
1.030936381764173717e+02
1.172346326752147689e+02
1.066062599944408333e+02
1.031989874800288760e+02
1.067767063870745261e+02
1.251852076113858203e+02
1.207988201695627879e+02
9.087901956503790757e+01
1.103346259923668953e+02
1.121319584426769609e+02
1.167177708439360941e+02
1.078447508390144662e+02
1.161545317781253033e+02
1.044914911732881677e+02
9.716589582462729879e+01
1.157590354848525891e+02
1.242602466740759581e+02
9.663082873938215300e+01
1.149660906124448445e+02
9.774799256737057362e+01
9.805160097395210528e+01
1.230560543742795545e+02
1.105489044407151766e+02
1.058781350725819692e+02
1.039108839966710747e+02
1.032561937093533118e+02
1.095848348682927877e+02
1.047485102105451062e+02
9.124210720520447637e+01
1.158680569248483465e+02
1.121958376291806161e+02
1.137672958014920397e+02
1.164979046856960991e+02
7.996434280616853130e+01
1.033797150329862546e+02
1.252441121645645978e+02
1.140725084110309240e+02
1.011606174834525689e+02
1.240564444164200495e+02
1.029974626929562049e+02
1.202890516935190419e+02
1.215845457014189464e+02
9.778259068831496847e+01
1.238633441541404920e+02
8.815657859087637860e+01
1.374218396817740029e+02
1.101824089113706435e+02
9.266153564627386174e+01
1.000058246939241968e+02
1.212916824226705046e+02
1.050009246878709490e+02
1.080266026081738602e+02
1.154231773171389506e+02
1.092536828692626045e+02
1.188524837142428510e+02
1.006608227853100743e+02
1.030970046807551057e+02
1.077915907761748429e+02
9.806426015989013933e+01
1.164265560433929778e+02
1.039631494766650235e+02
1.102446823816714527e+02
1.058430159004792017e+02
1.197158920318953079e+02
9.755688820492224522e+01
1.103562486338166622e+02
1.162673255318273391e+02
1.204637253565785073e+02
1.123817167478439671e+02
1.007705791012725172e+02
9.266729871365629378e+01
8.789156635459114852e+01
1.369514978180461640e+02
1.191647751181527326e+02
1.050433477632345216e+02
1.149584203973721799e+02
1.293457848564332551e+02
1.192652589167454096e+02
9.483650726980982881e+01
9.478376869212934253e+01
7.751718201080760196e+01
1.391212753194396612e+02
1.054787638402078471e+02
1.088620705692074466e+02
1.341420735134439042e+02
9.973489084030512686e+01
1.014473131216432904e+02
1.405852447717373366e+02
1.138681502953237583e+02
9.905317710372189310e+01
1.020719123680389373e+02
1.194855940011274527e+02
1.021094832023845385e+02
9.511330358345193758e+01
1.139822361671112816e+02
1.096963651087090739e+02
1.151943806484180328e+02
9.803470689889397249e+01
1.167172302132896533e+02
1.273867449858513794e+02
1.100493159532719716e+02
1.060331770960329436e+02
9.792970858261600142e+01
1.147625024492022590e+02
1.058535639225769103e+02
9.280446753765528456e+01
1.119315910872308137e+02
1.084186384243008519e+02
1.190789345448915100e+02
1.017599437755953602e+02
1.042929949719720497e+02
1.099634328718889407e+02
1.075368540179778165e+02
1.234862354111968159e+02
1.002182506554444501e+02
1.027435572237533989e+02
1.145404311672546385e+02
1.088996819587252531e+02
1.195081417132161619e+02
1.046711836917914695e+02
9.721436969692479124e+01
1.015027340851170976e+02
1.177088461642787252e+02
1.061458480154769859e+02
1.127787214813631351e+02
1.029236806008130571e+02
1.140660336733140809e+02
1.007337189999063298e+02
1.207806568688207705e+02
1.108337245345359037e+02
1.066274337486763102e+02
1.234756729958951240e+02
9.595621353372791873e+01
1.067143208172599458e+02
9.926050904489953552e+01
1.036370869897066598e+02
1.080537351227230261e+02
1.318179422465879043e+02
9.813866414853873721e+01
1.098523042720919562e+02
1.070412369685925995e+02
9.454032117902316656e+01
1.168622760424662061e+02
9.657263601632624272e+01
1.222024564270126632e+02
1.062666306407257650e+02
1.215343233833425813e+02
7.991445368386317227e+01
1.115026486672735757e+02
1.040100306718107532e+02
9.524914134477236871e+01
1.108250910478420934e+02
1.177079568873884625e+02
1.058237849097493637e+02
1.126689862264618824e+02
1.127335874403738245e+02
9.026544258083711725e+01
1.078683267146824534e+02
1.387629632918275036e+02
1.324065553695142512e+02
1.070569511015896040e+02
9.772775632900781773e+01
1.096719641883090191e+02
9.957139268756708361e+01
9.704437995048286325e+01
1.158956673892647302e+02
1.052301103423269666e+02
1.204402408806479343e+02
1.048610487024562445e+02
1.015665056146947620e+02
1.077282706929806295e+02
1.433399044457377158e+02
9.806927167803263501e+01
1.070313376686930695e+02
9.995204825494717227e+01
9.223124777924243745e+01
1.178377692315173135e+02
1.000224639704967302e+02
1.163545707221206413e+02
1.055510008860433118e+02
1.048418466872128221e+02
1.176417519853058025e+02
1.122752191074098818e+02
1.003081547384505683e+02
1.112702295653353701e+02
1.095066106426459669e+02
9.884433204328533407e+01
1.148765181954916272e+02
1.200002455438807942e+02
1.034109437279658010e+02
1.295606689432550525e+02
9.994778990509011862e+01
9.483320305447826115e+01
1.170280342977232806e+02
1.127837156946428792e+02
1.045947047026534449e+02
1.049795523833268192e+02
1.368111549114439640e+02
9.393051460525272489e+01
1.001473152137747462e+02
1.080285528632151966e+02
1.141151545766204265e+02
1.227566245244142635e+02
9.999928059203642761e+01
1.013032377818177849e+02
1.066727905669839203e+02
1.113892206199102475e+02
1.025497667226075436e+02
1.031161434878925292e+02
1.025622570294556368e+02
1.039439433404110815e+02
1.286504504442141013e+02
1.128173596293518983e+02
1.179787788703407614e+02
