-5.063033143946414683e+00
-5.070345166718415619e+00
-5.637948664476546412e+00
-5.302883043040931277e+00
-5.295493504678844054e+00
-5.252950638584357179e+00
-5.359095243204367698e+00
-5.178389084420426336e+00
-5.194473039916112533e+00
-5.220188920508151753e+00
-5.358697725821461866e+00
-5.230726349268104869e+00
-5.272091346248138244e+00
-5.368241609729075492e+00
-5.208652733554365533e+00
-5.216318729349921135e+00
-5.380455227970055709e+00
-5.324931535340224897e+00
-5.314848971750323336e+00
-5.332802554505935433e+00
-5.246540054356024108e+00
-5.261555328932580267e+00
-5.191518233316312347e+00
-5.309885345955541069e+00
-5.393896683585706953e+00
-5.336728670173753741e+00
-5.548307115099084363e+00
-5.364425790898326163e+00
-5.373108600786115296e+00
-5.235042710419887335e+00
-5.207689069250664993e+00
-5.269063283655351704e+00
-5.384262186877300849e+00
-5.326904824176928344e+00
-5.327037949922270421e+00
-5.163925097487527260e+00
-5.186708797439363750e+00
-5.460444462222618256e+00
-5.452618009232602425e+00
-5.520966538891888042e+00
-5.088868260400567500e+00
-5.185265069940012239e+00
-5.612339413389947573e+00
-5.449167435216915045e+00
-5.084411923038353542e+00
-5.218957178263754493e+00
-5.589098240343033375e+00
-5.191165960771112253e+00
-5.460244994929606577e+00
-5.032617640167603490e+00
-5.437207681436857065e+00
-5.441048633436379234e+00
-5.144796489968411102e+00
-5.516432521413419110e+00
-4.947530144300610111e+00
-5.387558141469384054e+00
-5.416275265586103060e+00
-5.452821596255088110e+00
-5.387955684398606060e+00
-5.406728592087638674e+00
-5.417422032663423259e+00
-5.620713365896040870e+00
-5.620558242013554917e+00
-5.621054286834539226e+00
-5.410568119272994636e+00
-5.480753942733560535e+00
-5.463829310073117895e+00
-5.441683993435272981e+00
-5.612816804163236917e+00
-5.478142555503443312e+00
-5.448967304258767186e+00
-5.459010733605620835e+00
-5.450846735992577408e+00
-5.507649131137799969e+00
-5.396232069287060895e+00
-5.448514316369597488e+00
-5.457446638724022137e+00
-5.477167721235269404e+00
-5.476582882662216711e+00
-5.126284818096814355e+00
-5.395991830164517999e+00
-5.453184735626571467e+00
-5.419744286309749803e+00
-5.492226337782776469e+00
-5.468911262440208532e+00
-5.490157573986360617e+00
-4.973261065818045168e+00
-5.489919258574933458e+00
-5.486743363717256905e+00
-5.068164417694528190e+00
-5.480548164402510913e+00
-5.409027056172875270e+00
-5.401085636170900983e+00
-5.467662631410446394e+00
-5.004084618387311778e+00
-4.841843698295242859e+00
-5.624137166683182087e+00
-5.452234925248837349e+00
-5.440623814335631359e+00
-5.380036269062845378e+00
-5.454776216125928556e+00
-5.077276459700899913e+00
-5.472839800901395435e+00
-5.437529461385565810e+00
-5.477100929426616638e+00
-5.620546858153531389e+00
-5.474963121311216874e+00
-5.430541958699903304e+00
-5.481902181111085959e+00
-5.523701743982382339e+00
-5.441313369351475693e+00
-5.431592495723712943e+00
-5.454296673502655679e+00
-5.617907906146146324e+00
-5.508858982623022982e+00
-5.429130861004042963e+00
-5.614043281055239198e+00
-5.424466897713231539e+00
-5.437489764786794133e+00
-5.514789754127553678e+00
-5.445787380593166027e+00
-5.436728716304036091e+00
-5.439944777600713266e+00
-5.609242250602863855e+00
-5.620535112626588337e+00
-5.396839289757805247e+00
-5.438268106486649600e+00
-5.430427476036311596e+00
-5.444870614664287345e+00
-5.392598764768929520e+00
-5.322396870890839793e+00
-5.400466894362171644e+00
-5.533199468758400741e+00
-5.515630359106500791e+00
-5.442857045769041058e+00
-5.436609667878702368e+00
-5.560175339998187027e+00
-5.478086711729083902e+00
-5.267138063795965941e+00
-5.393589239832078164e+00
-5.407680462827726409e+00
-5.460108139549688211e+00
-5.557614406064780077e+00
-5.419538804909470819e+00
-5.475553984933356766e+00
-5.413956850632700935e+00
-5.556560878398406622e+00
-5.616650231938312920e+00
-5.408670929237493930e+00
-5.406841666906172073e+00
-5.475956145905025885e+00
-5.471556741176016203e+00
-5.444445187659420426e+00
-5.452229353448660554e+00
-5.204666895467441101e+00
-5.253252240094974823e+00
-5.403068969786418485e+00
-5.455007997044070578e+00
-5.294226342962061516e+00
-5.235368453798461275e+00
-5.393052698167010384e+00
-5.540594679941955647e+00
-5.431173035548567007e+00
-5.477209315195307404e+00
-5.459650111615801826e+00
-5.238209376166171438e+00
-5.439367366293953232e+00
-5.007325654755125477e+00
-5.401198444373915386e+00
-5.095196731739421558e+00
-5.214884211426776162e+00
-5.437283125212716506e+00
-5.480538735326405231e+00
-5.478878838483820068e+00
-5.423771217962653601e+00
-5.105622319995799074e+00
-5.616469886654796184e+00
-5.438816817676983995e+00
-5.097821616121121835e+00
-5.555135155672676461e+00
-5.422231737179528999e+00
-5.419240600360093474e+00
-5.467324246834661672e+00
-5.440455921025105113e+00
-5.602654719364683622e+00
-5.394361548008028251e+00
-5.157145140841628894e+00
-5.044447067417279662e+00
-5.450039609563479104e+00
-5.410998054175045091e+00
-5.470050704615242232e+00
-5.420281421687663581e+00
-5.442733532774962413e+00
-5.442344424204980768e+00
-5.565146566577846343e+00
-5.628272058177570258e+00
-5.436661940064674958e+00
-5.470227695378685695e+00
-5.430293494764430129e+00
-5.544583621167483045e+00
-5.463567316998286572e+00
-5.633686078898852756e+00
-5.131601968306039652e+00
-5.454107305700871322e+00
-5.240560560261289247e+00
-5.418916403570660734e+00
-5.469707496775117583e+00
-5.468914390475116960e+00
-5.476279181392104789e+00
-5.480495960326545735e+00
-5.305440939149988822e+00
-5.460743584430148623e+00
-5.612748909739411651e+00
-5.486383880580041783e+00
-5.417491946981675355e+00
-5.352415984099443413e+00
-5.455879922952017402e+00
-5.459042747099198678e+00
-5.386444708128506065e+00
-5.434724087476079823e+00
-5.190530054888314204e+00
-5.444051049233235240e+00
-5.464623997629161067e+00
-5.566175260395851865e+00
-5.162914420772779955e+00
-5.445241486184515090e+00
-5.557393522611813630e+00
-5.458064020191895516e+00
-5.464400213090055303e+00
-5.175287796124233175e+00
-5.460152729903302138e+00
-5.463589407747328153e+00
-5.551727429110131951e+00
-5.478407889527563412e+00
-5.472540618943766866e+00
-5.549908756949633926e+00
-5.469314248747764395e+00
-5.421637135985269751e+00
-5.038424740699190885e+00
-5.627269504922176147e+00
-5.415703541590737302e+00
-5.423605082285331669e+00
-5.190086489146343851e+00
-5.438012010109180672e+00
-5.446500556246733460e+00
-4.987215398020028445e+00
-5.423527725109868136e+00
-5.455903859293389502e+00
-5.470679436213322866e+00
-5.433516273765077287e+00
-5.470193045701638113e+00
-5.492026064931205376e+00
-5.424473745513760825e+00
-5.621295323428979529e+00
-5.483198400339347245e+00
-5.504638225426694120e+00
-5.444254023375441953e+00
-5.478492086010854578e+00
-5.099541197141534532e+00
-5.151913643146651012e+00
-5.482706070626337080e+00
-5.465391957271127588e+00
-5.597162258819857961e+00
-5.423829450096210536e+00
-5.406709794781720646e+00
-5.529390140540517251e+00
-5.608081427921224105e+00
-5.048651328154933005e+00
-5.549520320964692388e+00
-5.448736650716749175e+00
-5.410880955001317716e+00
-5.392262598304304433e+00
-5.459632413111263460e+00
-5.025219479377285303e+00
-5.079463682617965326e+00
-5.498978232569567304e+00
-5.451387367824289676e+00
-5.549099839604135553e+00
-5.469621250383839950e+00
-5.603121893774625661e+00
-5.447492388605033042e+00
-5.062667298254253545e+00
-5.453164458184140528e+00
-5.544623930033979242e+00
-5.453999925038972130e+00
-5.381188951753088645e+00
-5.456726019940792760e+00
-5.457841457883215952e+00
-5.471507558052456588e+00
-5.547824121817516385e+00
-5.164571889344530931e+00
-5.420144133141248766e+00
-5.440646390826282541e+00
-5.159269303009936358e+00
-5.623049444510787254e+00
-5.555794291985328925e+00
-5.500272971362664798e+00
-5.432892857838712786e+00
-5.042817884042865018e+00
-5.608567348576208644e+00
-5.448208722514545244e+00
-5.412031079737483097e+00
-5.437921707339393507e+00
-5.414124585908711929e+00
-5.445715637963447264e+00
-5.441538645735794155e+00
-5.458227022249525717e+00
-5.148456108711063628e+00
-5.439177731673438210e+00
-5.522520069720322944e+00
-5.426040801184567997e+00
-5.476292800049664677e+00
-5.078515698000502177e+00
-5.614954604490032253e+00
-5.533455296579639082e+00
-5.489355676548756335e+00
-5.543200984365306283e+00
-5.042791304196041047e+00
-5.452972224937429502e+00
-5.619554073472357913e+00
-5.441732147780030004e+00
-5.190106261384733521e+00
-5.460117149875490128e+00
-5.447290869093166954e+00
-5.610529019250838800e+00
-5.204114781996010741e+00
-5.455804550593117419e+00
-5.531247602192972401e+00
-5.498954815221059889e+00
-5.609496664157469503e+00
-5.222090179557415723e+00
-4.953197129401307741e+00
-5.471925841123901790e+00
-5.395710017336850406e+00
-5.406992444661494979e+00
-5.615263592198367348e+00
-5.525564107124464996e+00
-5.279919251523261359e+00
-5.480512175623844406e+00
-5.488222038425035088e+00
-5.193273484655338557e+00
-5.457811141197981719e+00
-5.537147115744664561e+00
-5.414285098538825558e+00
-5.483599329023421731e+00
-5.608100213550080149e+00
-5.596673452590592568e+00
-5.461376906522285246e+00
-5.477460330953062062e+00
-5.041330299679929183e+00
-5.471724402500314000e+00
-5.026329555958212403e+00
-5.087616072013041446e+00
-5.521551368211813582e+00
-5.461063701469778486e+00
-5.452560462282685094e+00
-5.483413335109664111e+00
-5.463184232066937263e+00
-5.556115603324291996e+00
-5.171074003394289242e+00
-5.475423001857928185e+00
-5.150954393612075854e+00
-5.507770547690390650e+00
-5.456203864596183450e+00
-5.416659363768252966e+00
-5.462056346016672670e+00
-5.426489662628440236e+00
-5.441951766744979047e+00
-5.450116959413625395e+00
-5.484508444625643797e+00
-5.487856896933785755e+00
-5.452055444129809025e+00
-5.620865613514217429e+00
-5.479946750724252524e+00
-4.954613306090037028e+00
-5.142664730814173524e+00
-5.208749764284951844e+00
-5.224678813514485043e+00
-5.517326446705624221e+00
-5.107250873210697151e+00
-5.552500415335385853e+00
-5.559257621201100896e+00
-5.464392050666592837e+00
-5.424607692391521852e+00
-5.160542223347228230e+00
-5.148421716382338253e+00
-5.489548711198837694e+00
-5.425216579921999127e+00
-5.085031620557638909e+00
-5.440260947134253122e+00
-5.308444132063066867e+00
-5.441940874945547790e+00
-5.604475214121714011e+00
-5.485682360925778767e+00
-5.445353128894697470e+00
-5.498874257901279705e+00
-5.415332296550928071e+00
-5.079903579538721736e+00
-5.454059806472694838e+00
-5.586861248578838257e+00
-5.447327951019141246e+00
-5.423864535716768742e+00
-5.500862753268237704e+00
-5.469313682333001303e+00
-5.464782773526007276e+00
-5.450567978251569023e+00
-5.455534519395380144e+00
-5.234934486894282202e+00
-5.125993731383560181e+00
-5.137549629550215435e+00
-4.955012215843799694e+00
-5.447908562524217402e+00
-5.477824589076880635e+00
-5.416866773031615345e+00
-5.473132245617602365e+00
-5.157067973149551676e+00
-5.453577540964636761e+00
-5.088380536158694234e+00
-5.463877987080304699e+00
-5.419847827099101956e+00
-5.518657061682768372e+00
-5.280800372857903824e+00
-5.500302253423799748e+00
-5.517356223900632628e+00
-5.193671894416185708e+00
-5.472180486290487700e+00
-5.430396654849896088e+00
-5.218698987991455596e+00
-5.454713431039083460e+00
-5.437187746458645776e+00
-5.455779918311726817e+00
-5.554269059852690482e+00
-5.476139358656398670e+00
-5.210207579796002797e+00
-5.523961847177430329e+00
-5.599280277630659164e+00
-5.478139087019096465e+00
-5.442898712036274844e+00
-5.607093546470254708e+00
-5.205381820271454352e+00
-5.109367055105742850e+00
-5.084205444627815318e+00
-5.466567026635922311e+00
-5.495150816105309310e+00
-5.449760726360762142e+00
-5.463213373729756128e+00
-5.213474924849140102e+00
-5.188148377839509884e+00
-5.395977102348075150e+00
-5.658144578368125011e+00
-5.422820763622197227e+00
-5.437265123488824514e+00
-5.212685333114513320e+00
-5.193456574841981421e+00
-5.306413640003341925e+00
-5.162045895879504798e+00
-5.202997705047904375e+00
-5.203461567254472619e+00
-5.156149640147527968e+00
-5.228829398982602683e+00
-5.340146435645306333e+00
-5.586593340031487109e+00
-5.084120612353100199e+00
-5.436758679655305571e+00
-5.435625996102685598e+00
-5.346308571041638480e+00
-5.317035144165125793e+00
-5.437248444290518457e+00
-5.329146023619856898e+00
-5.181984322370039031e+00
-5.392890793723004172e+00
-5.689987565259808200e+00
-5.202998651727836155e+00
-5.439763493324970334e+00
-4.947184915764442970e+00
-5.159888846042708366e+00
-5.349192672462916853e+00
-5.310873504114447030e+00
-5.372626416081725864e+00
-5.277192432742126016e+00
-5.414405720304926284e+00
-5.185194978158065737e+00
-5.001750092622546440e+00
-5.332657899893519904e+00
-5.324182360809668779e+00
-5.689999967551784721e+00
-5.305715584101407423e+00
-5.636026346419782840e+00
-5.324184729912587954e+00
-5.427336696743761735e+00
-4.518829642650673328e+00
-5.294890060842553758e+00
-5.403247419886101355e+00
-5.156149928285604922e+00
-5.172324253233602676e+00
-5.676131419634605990e+00
-5.610663665862255733e+00
-4.697821794762159442e+00
-5.143037663998074827e+00
-5.206767360484302998e+00
-5.316287198828192118e+00
-5.367908977304613138e+00
-4.987883064808426248e+00
-5.372627858716206184e+00
-5.187890786240868302e+00
-5.181983916700431791e+00
-5.193536198651742097e+00
-5.313861340630074537e+00
-4.774911656203050470e+00
-5.372625825622677986e+00
-5.528409942222155316e+00
-5.002556540240323812e+00
-5.311730193428851443e+00
-5.356967785615525557e+00
-5.302349925063770897e+00
-5.199020804427469500e+00
-5.296313902575400689e+00
-5.314497644032674550e+00
-5.294892187683813312e+00
-5.392859885461835034e+00
-5.367771997599048994e+00
-5.190544744711636405e+00
-5.412211917724763843e+00
-4.957224579521873231e+00
-5.399833222309028180e+00
-5.202999368236476130e+00
-5.676131456404251097e+00
-5.084121765037847851e+00
-5.299608846747878133e+00
-5.096925343187657553e+00
-5.075133258723703911e+00
-4.697818394243068241e+00
-5.324675250709491436e+00
-5.361987460493126356e+00
-5.062657328788684019e+00
-5.170851888067045543e+00
-4.388382476500346741e+00
-5.285831477855089666e+00
-5.408966482596612835e+00
-4.809230787115636119e+00
-5.078952005203375641e+00
-5.170850297490502179e+00
-5.162045489578924062e+00
-5.162045388003040358e+00
-5.204114501860604314e+00
-5.368686097620061659e+00
-5.353777515397549536e+00
-5.076970687146785011e+00
-4.701381137423108925e+00
-5.173657809729323098e+00
-5.181459362716696049e+00
-5.610641367236194554e+00
-5.309119747899194941e+00
-5.317185726656780353e+00
-5.181983485423863556e+00
-5.412203088730187517e+00
-5.504145829647043797e+00
-5.302350168083222570e+00
-5.193535334117675539e+00
-5.321563191883531552e+00
-5.617903709332048301e+00
-5.379912184878517856e+00
-5.204351469861856039e+00
-5.097837890779559622e+00
-5.617910943155314030e+00
-5.391914729649056603e+00
-5.343568643132277529e+00
-5.188149196110122929e+00
-5.586595228919094325e+00
-5.071059254105040992e+00
-4.960421122034087027e+00
-5.194338169359243196e+00
-5.364941895439392816e+00
-5.187890148309700855e+00
-4.820633344925502328e+00
-5.372495683576419268e+00
-4.827460709304195241e+00
-5.265859599046231132e+00
-5.232497899115687190e+00
-5.437217823980630804e+00
-5.285211894856342241e+00
-4.576786030354971224e+00
-5.399832508209449600e+00
-4.718081958117648078e+00
-5.316297865115473087e+00
-4.989545277162431347e+00
-5.369083217340539171e+00
-5.347601010647026420e+00
-5.038975720868543284e+00
-5.274227489881908149e+00
-5.181982087327600794e+00
-5.408940982570312528e+00
-5.346334158987482432e+00
-4.877022978930218855e+00
-5.162045984879718219e+00
-5.343570784851142896e+00
-5.047261342275017881e+00
-5.400219136862641101e+00
-5.213245954185579123e+00
-5.156153687704247979e+00
-5.204114984384312415e+00
-5.165719018794101558e+00
-5.236033693154316992e+00
-5.088038163023048455e+00
-4.449059266118212008e+00
-5.043080909923737920e+00
-5.676132978417151698e+00
-5.299611058463526980e+00
-5.204114573287680123e+00
-5.188509947371394482e+00
-5.213246345539271687e+00
-5.185194992269384962e+00
-5.422874355574568206e+00
-5.385250671324232741e+00
-5.339922629512331653e+00
-5.347600039777473668e+00
-5.528415228491125433e+00
-5.190546268565074506e+00
-5.357517893700546097e+00
-5.181984430847073497e+00
-5.329373239088009306e+00
-5.611054900399941481e+00
-5.437288831477212092e+00
-5.294767325947645986e+00
-5.338597130527619861e+00
-5.385530201514374227e+00
-5.321545826328976325e+00
-5.665164057223930349e+00
-4.502864480855693685e+00
-5.034502428959536147e+00
-5.334358427238578670e+00
-5.181716577403525648e+00
-5.172319951081794542e+00
-5.207959521083011190e+00
-5.170849746610644004e+00
-5.634110205231971591e+00
-5.299607468852180148e+00
-5.412212037374730222e+00
-5.156892486114803553e+00
-5.372834112902334702e+00
-5.303951467939030273e+00
-5.352769529432094942e+00
-5.156886864474931720e+00
-5.158499018325986007e+00
-5.088767581909575455e+00
-4.970587893302664817e+00
-5.368963924474234872e+00
-5.385279590647731318e+00
-5.339817390512316742e+00
-5.549829024260748866e+00
-5.155655542478873699e+00
-5.398779385077275172e+00
-5.288116436636227213e+00
-5.347601128869329479e+00
-5.304827403031530331e+00
-4.758479924375804693e+00
-5.439762261142769617e+00
-5.190545813320150081e+00
-5.194339935297521471e+00
-5.212692174322771876e+00
-4.554739077863316332e+00
-5.275552079609453493e+00
-5.330044339686248023e+00
-5.294895376090310357e+00
-5.294770091892798014e+00
-5.387585646232138537e+00
-5.255212244568345348e+00
-5.193533339284683414e+00
-5.114709567344825736e+00
-4.948387887284076747e+00
-5.143921572665466790e+00
-5.289968973095799498e+00
-5.190640605896866155e+00
-5.202998396867513087e+00
-5.391911366056504562e+00
-5.610665616196978789e+00
-5.379912106981264763e+00
-5.364853626033224465e+00
-5.075354874169414998e+00
-4.952410498489586033e+00
-5.245736522194714979e+00
-4.957935654711175033e+00
-5.137503226427551972e+00
-5.190082089480074323e+00
-5.155612855194291910e+00
-5.091318588800000988e+00
-5.075301178941383107e+00
-5.138448760218437883e+00
-5.338374773795816708e+00
-5.311732313325285837e+00
-5.272334975857015493e+00
-5.142790333645494982e+00
-5.130234745969994847e+00
-5.617901907671964068e+00
-5.169472626584168395e+00
-5.143661493378353100e+00
-5.246364792465823434e+00
-5.408954632117527694e+00
-5.288319972583775730e+00
-5.124655905637087727e+00
-5.343570099514174387e+00
-4.406394067821094218e+00
-5.448484070950210700e+00
-5.046160343008437188e+00
-5.617899710862331197e+00
-5.181982902204097741e+00
-5.190545182073716290e+00
-5.401576330877446708e+00
-5.340008400916586240e+00
-5.690005582489614078e+00
-5.032368559106133787e+00
-5.212686330356628872e+00
-5.299608741283149627e+00
-5.059581612100246595e+00
-5.199083435393431429e+00
-4.860857990225610159e+00
-5.216508263870982098e+00
-5.216508940558802543e+00
-5.183637700460250741e+00
-5.242227000406047388e+00
-5.346837625431835050e+00
-5.398917390287133244e+00
-5.357510059121804780e+00
-5.194341907929290514e+00
-5.199547450315801456e+00
-5.372629869802722169e+00
-5.204351204483721460e+00
-5.302998541957949286e+00
-5.328014608096969695e+00
-5.413592740329830733e+00
-5.063563336788166502e+00
-5.328505383476326962e+00
-5.347602342260024066e+00
-4.595895675872574415e+00
-5.289812684521338682e+00
-5.327566334214049348e+00
-5.347599807756544976e+00
-5.316263590948717699e+00
-5.367036381296707681e+00
-5.174039338182998549e+00
-5.321563507582547814e+00
-5.338589760232413717e+00
-5.346512735767835700e+00
-5.003829513850463151e+00
-4.825540033684554864e+00
-5.035528516569964808e+00
-5.061562479892664612e+00
-4.962430213582011085e+00
-4.868402402201582824e+00
-4.795940666986767020e+00
-5.023189902807030371e+00
-5.134368214223756333e+00
-5.054331252780302819e+00
-5.142548829757191520e+00
-4.798050638496635045e+00
-5.001161078093939061e+00
-4.893937389238516289e+00
-4.967868848785679248e+00
-4.845662683021059181e+00
-4.912975059013223955e+00
-5.124312858698789164e+00
-4.852676410686210140e+00
-4.941123670219763397e+00
-4.956893700799339442e+00
-5.184419030089856051e+00
-4.994631976676005891e+00
-4.868067478063164089e+00
-5.244292686449795404e+00
-4.929601708450954689e+00
-4.899926306679689425e+00
-5.048401239863993695e+00
-4.864333333248198166e+00
-4.885402296624690166e+00
-4.734396522003492258e+00
-5.070636719742648957e+00
-5.107481240970253467e+00
-5.085832917486129645e+00
-5.068312263579280774e+00
-5.127240100545214396e+00
-5.105731751498338689e+00
-5.250536482068212329e+00
-4.835042145518654522e+00
-4.964715095396375233e+00
-4.946584117949529791e+00
-5.010699781310185230e+00
-4.894998603841532514e+00
-5.087802779848736634e+00
-5.210058898357283752e+00
-5.091043633361219456e+00
-4.864413908724808167e+00
-4.860072577799028792e+00
-4.955949967794991196e+00
-5.130044336262338689e+00
-5.073183895306748958e+00
-5.047178243477002724e+00
-4.960258586354903798e+00
-5.044224594355563696e+00
-5.008935242943012511e+00
-4.859666769099039385e+00
-5.051436003309751399e+00
-5.302438383999805716e+00
-4.474081644699547944e+00
-5.542672306216804401e+00
-5.591415065571296417e+00
-5.305055348079983801e+00
-5.667518045818083827e+00
-5.505704383544233416e+00
-5.667518560808820105e+00
-5.529299074436479167e+00
-5.574620372439799354e+00
-5.529370324324283992e+00
-4.754818410686915797e+00
-5.529324872650088984e+00
-5.566766086648424761e+00
-5.667208941271127287e+00
-5.568909399414302186e+00
-5.305219051945901043e+00
-5.570061516898491050e+00
-5.562248186331451905e+00
-5.290061062912822187e+00
-5.533906905970720658e+00
-4.888537465369250157e+00
-5.568940361574274966e+00
-5.544506616539314869e+00
-5.542623542878902576e+00
-5.235188274471462400e+00
-5.591554700224468988e+00
-5.677411060321860603e+00
-5.205132997777887738e+00
-5.505508006440945401e+00
-5.568941125478207077e+00
-5.334174533910434945e+00
-5.354328016588974393e+00
-5.562199565122295297e+00
-5.532582097589823888e+00
-5.571949712046141201e+00
-5.570210191162869862e+00
-5.265111277269704182e+00
-4.530409541565052933e+00
-5.550276026470477575e+00
-5.577007936385708575e+00
-5.591614765939684872e+00
-5.591580438939977249e+00
-5.592377215786804356e+00
-5.424177839142187985e+00
-5.564081126442090408e+00
-5.581551517132433027e+00
-4.224922533317031714e+00
-4.430649271009420964e+00
-4.755673598876457575e+00
-5.414594305404769159e+00
-5.354320083984895895e+00
-4.753815748535025421e+00
-5.261151161049978597e+00
-5.658563047504689969e+00
-5.453573152295613902e+00
-5.542602875776682758e+00
-4.928863868755470001e+00
-5.334165008551599918e+00
-5.248001038729276146e+00
-5.537296192739321832e+00
-5.332677932387698050e+00
-5.544466451892550829e+00
-5.302386913945468905e+00
-5.571296818076540092e+00
-5.577143802194762578e+00
-5.268365057768859216e+00
-5.571235213677579345e+00
-5.591531631060729701e+00
-5.564121210786532323e+00
-5.574670624207958447e+00
-4.429671777089072116e+00
-5.532539895512145200e+00
-5.571888069949944899e+00
-5.568901568768154675e+00
-5.334762782829630900e+00
-5.676877340847960696e+00
-5.387724371284005720e+00
-5.571983650763961293e+00
-5.677389710106551135e+00
-5.670969554125745660e+00
-5.437954623104065632e+00
-5.645655307122618538e+00
-5.679265217055298187e+00
-5.313748224476491977e+00
-5.357102497513346329e+00
-5.591551844490265211e+00
-5.354328277247703660e+00
-5.591600221226380896e+00
-5.587446751052995708e+00
-5.567262445315104280e+00
-5.346330093794956717e+00
-4.960809105103817451e+00
-5.543831131635975851e+00
-5.657557120311460963e+00
-5.574686413712165667e+00
-5.019823821927639429e+00
-5.543632777765327369e+00
-5.570872928421096049e+00
-5.571895797478029877e+00
-5.315274345628916208e+00
-5.516253986454709768e+00
-5.040386123485329328e+00
-5.564037057812599052e+00
-5.576531859357636733e+00
-5.658574274046882735e+00
-5.559062614377874745e+00
-5.574642079068404144e+00
-5.679207827367458883e+00
-5.477407404898275267e+00
-5.567310099082480868e+00
-5.587405362912797102e+00
-5.574680769246236345e+00
-5.529270231065865460e+00
-5.260609742078483642e+00
-5.563900744733149217e+00
-5.676889254166906262e+00
-5.550428092513140399e+00
-5.667532544494229718e+00
-5.248753684127195562e+00
-5.568872326639715986e+00
-5.373027082428250445e+00
-5.532645051151032334e+00
-5.544404131725982232e+00
-5.576561345010182968e+00
-5.677524530475920095e+00
-5.349484665602117772e+00
-5.334209705392325418e+00
-5.670935899801677671e+00
-5.577096930741963554e+00
-5.670440177296604212e+00
-5.537056335322063205e+00
-5.529224732055645575e+00
-5.346334384316885568e+00
-5.541483669328425954e+00
-4.128130124790216016e+00
-5.591626262141678794e+00
-5.562128171488653017e+00
-5.669687818161110116e+00
-5.334228602307534928e+00
-5.570928871201432209e+00
-5.544437736346762513e+00
-5.541481483281781806e+00
-5.234989828832492087e+00
-4.125717176912381490e+00
-5.540701123789181004e+00
-5.532533818441375040e+00
-5.564098676819664746e+00
-5.542587808409098926e+00
-5.577170341431315848e+00
-5.036477977897989788e+00
-5.532555421007850249e+00
-5.544508801160204392e+00
-5.542622644764631623e+00
-5.592224642138423185e+00
-5.302352096182495700e+00
-5.669693741638826445e+00
-5.305136399912998790e+00
-4.962966828407547659e+00
-5.535732796176708881e+00
-4.278135513157257819e+00
-5.544314561949962972e+00
-5.561616157482608180e+00
-5.346347819715142613e+00
-5.225673405695305362e+00
-5.669731613268566228e+00
-5.334200367339348325e+00
-5.541608535124797008e+00
-5.313801312606317495e+00
-5.591450500339846919e+00
-5.573039875657020303e+00
-5.571900113734995053e+00
-5.581566018451671773e+00
-5.311860088636436217e+00
-4.007276985411573733e+00
-3.828272343101847497e+00
-3.351751885575687595e+00
-3.828272343101847497e+00
-2.643175234266688989e+00
-3.813791117037099276e+00
-3.828272343101847497e+00
-4.005446991447523253e+00
-3.331616328543341332e+00
-3.391784022837607715e+00
-3.304639590494416357e+00
-4.066258758597086853e+00
-4.043866654590962284e+00
-3.824987611508916530e+00
-4.011432453688951405e+00
-3.981437114079976247e+00
-3.102042461704307641e+00
-3.828272343101847497e+00
-3.122497727963980285e+00
-3.997760234125009582e+00
-3.331799087202401477e+00
-3.828272343101847497e+00
-3.634595572518843909e+00
-4.132050670527255498e+00
-3.828272343101847497e+00
-4.058176488378878233e+00
-3.856903267322304707e+00
-4.160939479507661076e+00
-3.847392856522833693e+00
-3.909362273182527048e+00
-4.008103585973960215e+00
-4.005725361057303147e+00
-3.666458212836331221e+00
-3.672025860996792179e+00
-3.490402234917596047e+00
-4.778774261991109107e+00
-4.915118650766753916e+00
-5.100959714794014666e+00
-4.888541377003027932e+00
-4.653759924817821414e+00
-4.946405645708257026e+00
-4.743756046126349268e+00
-5.128222942640738857e+00
-4.610303444956470820e+00
-4.856724289202120737e+00
-4.785935880964543365e+00
-5.164301642538399406e+00
-4.914615523710549105e+00
-4.756798360531409919e+00
-4.819635583747403196e+00
-5.042500361157631339e+00
-5.143624982905929954e+00
-5.187731416940333240e+00
-4.991687353356847545e+00
-4.790235759355288891e+00
-4.992537333467540250e+00
-5.042377070477015444e+00
-5.078570800376147609e+00
-5.156775974494984816e+00
-4.987359116525079905e+00
-4.674906228390645957e+00
-5.145480521438218879e+00
-5.095411504811783843e+00
-5.117609054001552416e+00
-5.360458939803535827e+00
-5.118919680712341602e+00
-4.846355615560403507e+00
-4.910131314662544710e+00
-5.308379844708509765e+00
-5.411738806047119432e+00
-5.040460024356780089e+00
-4.755709470100806691e+00
-5.188794357831934434e+00
-4.940502368056155724e+00
-5.093507469537510879e+00
-4.928840271812879870e+00
-5.076706835757730296e+00
-4.881919912956226071e+00
-4.821246986414618796e+00
-5.463497049185213505e+00
-4.867368061456397221e+00
-4.674987315481690331e+00
-5.277059595844137974e+00
-5.264966499074985151e+00
-5.097166730658731382e+00
-5.162622289870907544e+00
-4.738579698984461075e+00
-4.812733066313697350e+00
-4.543478263447306986e+00
-4.804661401114167951e+00
-4.541088763519089966e+00
-4.657470733856368561e+00
-5.130410502369415759e+00
-4.732429636394592798e+00
-4.731382813826130906e+00
-4.809398441388879064e+00
-4.861427187497249669e+00
-2.933124961650415585e+00
-5.295968067200168328e+00
-2.389755275136306700e+00
-1.507840149959469800e+00
-2.755988503685289359e+00
-2.752378847314777222e+00
-9.023477226409638563e-01
-1.412899231585787119e+00
-3.509095909797743218e+00
-1.987632231578725150e+00
-2.732988057728363174e+00
-2.333291878138413544e+00
-3.745111826598392923e+00
-2.833975615760489841e+00
-3.201671177644593413e+00
-2.785665446726210970e+00
-3.723296317053689464e+00
-2.087375371563248816e+00
-2.047844626390875167e+00
-3.712596780637277494e+00
-1.627644176778964447e+00
-4.090104251043737982e+00
-2.059853972915528519e+00
-2.490034795215636976e+00
-3.407458934587284549e+00
-3.682710282157140025e+00
-3.023365130023234926e+00
-2.662005594961496246e+00
-2.401087937816174023e+00
-3.314797652605566469e+00
-2.939527010235470694e+00
-2.718230806123111964e+00
-3.553397042429546460e+00
-2.856790222854646011e+00
-2.912507281280945381e+00
-2.898968009791107026e+00
-3.044903478522130502e+00
-2.538337719938809744e+00
-3.475722526554818614e+00
-2.807990824496152005e+00
-3.838652186355166140e+00
-3.538221136179309223e+00
-3.257684154506028218e+00
-2.019222052713419036e+00
-3.167551054824939261e+00
-3.379960704603554689e+00
-3.298169521967937889e+00
-3.226934990522387192e+00
-3.065517501157784874e+00
-1.273504685911323708e+00
-2.490595909255598706e+00
-3.007151874259898605e+00
-2.723886619581249224e+00
-3.609958929105497649e+00
-2.991022411525368074e+00
-3.297720070005973003e+00
-4.000192240268477306e+00
-2.854619692537458064e+00
-3.625996410168253359e+00
-2.699774623055338107e+00
-3.472796447660105645e+00
-2.341963885811482182e+00
-1.606774545267075860e+00
-4.428088644914978111e+00
-2.322698583453772336e+00
-3.554456932011003101e+00
-1.311532617079508078e+00
-3.658856657045615357e+00
-3.513048711064220342e+00
-2.748334448741087233e+00
-3.385847079923134828e+00
-3.602983290731781807e+00
-2.803006274118693852e+00
-4.167907507426024338e+00
-4.652815715310935296e+00
-4.388444530144018252e+00
-4.067080879240258184e+00
-4.708010103386000011e+00
-4.157888002061001842e+00
-4.092764274510122924e+00
-4.041454229241707274e+00
-4.372578505939691773e+00
-4.200283021206387524e+00
-4.839978976819732992e+00
-4.494862592718876115e+00
-4.354332446208724505e+00
-4.442666277761576410e+00
-4.096168168132891196e+00
-4.300866711172860235e+00
-4.767596552828449852e+00
-4.222077740505428167e+00
-4.346604549848665400e+00
-4.183573356693181644e+00
-4.443179435923703124e+00
-4.062823742994876142e+00
-4.775548855999713460e+00
-4.942213933019008465e+00
-4.091230208887144393e+00
-4.598567904160201003e+00
-4.755417321529056274e+00
-4.909748800706821292e+00
-4.290952627393910923e+00
-4.779649186238362546e+00
-4.471979086315078789e+00
-4.094536354038173620e+00
-4.137567565845180262e+00
-4.168979556272938147e+00
-4.552465358184643485e+00
-4.481149211135421417e+00
-4.458868409839777947e+00
-4.203352687199816806e+00
-4.129757529932678750e+00
-4.203152650250299160e+00
-4.549347147334406039e+00
-4.197509392224369584e+00
-4.715825307162886837e+00
-4.807306210496479437e+00
-4.611942256488974046e+00
-4.228794921418702835e+00
-4.739978143835944735e+00
-4.854997481983599705e+00
-4.167395245283279870e+00
-4.691854270280872541e+00
-4.165338235521076626e+00
-4.143975019253189451e+00
-4.726949120009869887e+00
-4.414620826331010939e+00
-4.860681675063712071e+00
-4.722228668600077839e+00
-4.414552314284882151e+00
-4.189382322186072649e+00
-4.519723918888007397e+00
-4.197071346281684434e+00
-4.490062360854782497e+00
-4.365277003953704771e+00
-4.527773551923741202e+00
-4.433316634478638107e+00
-4.427622898855522848e+00
-4.093283388801718381e+00
-4.239806906142403520e+00
-4.382901196739100946e+00
-4.295849349782243642e+00
-4.281860837713090007e+00
-5.052722148557056592e+00
-4.461057683197143575e+00
-4.185197334887597265e+00
-4.356758768533384618e+00
-3.538931270578832500e+00
-3.466893531351453728e+00
-3.349494306076325589e+00
-4.072760523441030678e+00
-3.542329671371277300e+00
-3.009716775131329403e+00
-2.735931985714671555e+00
-3.524328022298952590e+00
-4.096095838345370943e+00
-4.067022664264368537e+00
-3.041585110229296784e+00
-3.769066451683787733e+00
-3.380296715338646507e+00
-3.533697142293851012e+00
-3.018489077327949133e+00
-5.030227743915489214e+00
-4.345292578670862937e+00
-4.378217948727388453e+00
-4.814914447056588109e+00
-4.744855580313386056e+00
-4.590770239456156254e+00
-2.953487884430266330e+00
-3.777843650630356098e+00
-3.311069660523336733e+00
-3.325946987098893803e+00
-3.652159797380050588e+00
-3.517822979017167562e+00
-3.690344020487542842e+00
-3.529244817363499376e+00
-3.030966900170761313e+00
-3.599174758241392436e+00
-3.541710646718052580e+00
-3.744051400706589039e+00
-3.128286268191522890e+00
-2.882202054107191991e+00
-3.040059973591006770e+00
-3.269566086256178838e+00
-2.945570908635564145e+00
-3.155202758205323921e+00
-3.803501800968339008e+00
-3.568159636406972091e+00
-3.165444236623232932e+00
-3.425656013830400859e+00
-2.558947650387494388e+00
-2.826075631034522306e+00
-2.927695670519342652e+00
-3.530058415499763846e+00
-3.753241980290044744e+00
-3.177968709646617373e+00
-3.048179003177410529e+00
-3.517425228281358507e+00
-2.794901200351643134e+00
-3.186974364272884497e+00
-3.390655936907844836e+00
-3.575868811050287199e+00
-2.935223542557805931e+00
-3.370488563530181114e+00
-3.550097493918617175e+00
-3.587708373031066156e+00
-2.822843804752564356e+00
-3.176755603756263646e+00
-2.845858183128452179e+00
-3.656722389912688165e+00
-3.602483636175745740e+00
-3.702710350880885404e+00
-3.477423063180858698e+00
-2.944325286189484636e+00
-3.255033196581258892e+00
-3.202345778165795132e+00
-3.774756762569988489e+00
-3.541627237559994423e+00
-2.762937668069293640e+00
-3.743762963285171885e+00
-3.321676477377236925e+00
-2.882533830054970103e+00
-3.461040555965754884e+00
-2.995617419828141781e+00
-2.985763163513071472e+00
-3.629896877436276537e+00
-3.637632632161670987e+00
-3.006749453419839568e+00
-3.601723594604105738e+00
-3.369988095208311218e+00
-3.019724857755297531e+00
-3.442728541880273774e+00
-3.489027094886721247e+00
-3.659447904613163605e+00
-2.956103173055787181e+00
-3.454708749923606437e+00
-3.376553251008004963e+00
-3.753477372182338456e+00
-2.948088618285091389e+00
-3.752065241414225927e+00
-3.407697139809735543e+00
-3.296499200963185050e+00
-3.371430778140941165e+00
-2.923868687069040018e+00
-4.681220861177298964e+00
-4.492646333772093215e+00
-3.955741394671889122e+00
-4.108751678299172205e+00
-4.331024943278468875e+00
-4.067279808524715712e+00
-4.555328002375896190e+00
-4.679637615317952637e+00
-4.352713494783729153e+00
-4.177711876423090942e+00
-4.699044588464968086e+00
-4.484123149915712148e+00
-4.124200336435308145e+00
-4.413454306397567528e+00
-4.469691219957840467e+00
-3.956868548925493556e+00
-3.349093986118383270e+00
-4.125015439008648421e+00
-4.500837733306009447e+00
-4.614362059442726149e+00
-4.534490659179584604e+00
-4.480126817482636525e+00
-4.080074236814778210e+00
-4.771641098091158106e+00
-4.329989664435277774e+00
-4.211145628257253470e+00
-4.405963513869753712e+00
-4.143369056138046957e+00
-4.674292767875074972e+00
-4.155058287083283730e+00
-4.192761030088418828e+00
-4.051192129759118465e+00
-3.907163210227176720e+00
-4.638566785577628693e+00
-4.523973926519587963e+00
-4.605216687998156644e+00
-4.500618591118784373e+00
-4.627641906155345097e+00
-4.373284740219131272e+00
-4.665948223054574129e+00
-4.219422831183511136e+00
-4.419828363481763667e+00
-4.344875098185818629e+00
-4.284757675602453020e+00
-4.418469587432917400e+00
-4.226576748047468080e+00
-4.360894401557642297e+00
-4.555549893963699581e+00
-4.394328716317280836e+00
-4.469217650597371971e+00
-4.520698463881750229e+00
-4.394330214085786501e+00
-4.632572003303055297e+00
-4.613753261676677653e+00
-4.647369472179256000e+00
-4.445419994988889734e+00
-4.519090570811663099e+00
-4.636234013982403646e+00
-4.394965260098486759e+00
-4.480426056848142657e+00
-4.568782091190556116e+00
-4.183686286909845009e+00
-4.546381065062170990e+00
-4.345594523249715735e+00
-4.442464679627230240e+00
-4.472191063389606036e+00
-4.559360926815906545e+00
-4.767557688351383938e+00
-4.452270343627894533e+00
-4.613944254575280901e+00
-4.466765692716311520e+00
-4.396623056579105793e+00
-4.500635374840314284e+00
-4.440871545964866662e+00
-4.387755047543325126e+00
-2.469877640302069910e+00
-2.484252246479460968e+00
-1.081040356290610793e+00
-1.403235393154997457e+00
-3.970392270687340019e+00
-2.597252675900550312e+00
