-5.437759888311828327e+00
-5.392944033632509182e+00
-5.324713295925690204e+00
-5.130053020934449037e+00
-5.463596248955452594e+00
-5.466860807521443988e+00
-5.508121539987525850e+00
-5.487672942570743118e+00
-5.506856443569603243e+00
-5.516912177698396036e+00
-5.510712825271236071e+00
-5.470737615162703626e+00
-5.110479063343658979e+00
-5.123809091253543890e+00
-5.101516630704124644e+00
-5.129625609140629372e+00
-5.138609520541341347e+00
-5.135457852979723015e+00
-5.114909486493857571e+00
-5.126222308470794964e+00
-5.161425221970383781e+00
-5.160738014055419320e+00
-5.116199738438133693e+00
-5.405398846355339515e+00
-5.436289712549998043e+00
-5.479525420681154557e+00
-5.519167558810498697e+00
-5.039710894711850742e+00
-5.412031955310486531e+00
-5.433775585055179214e+00
-5.368798257340462676e+00
-5.337172012657897646e+00
-5.394425742628812692e+00
-5.160630129155470591e+00
-5.431174892560984624e+00
-5.450032691275145780e+00
-5.420171098810773636e+00
-5.115757581930679088e+00
-5.503795742354497200e+00
-5.545380613368015688e+00
-5.724870750716485546e+00
-5.424385019269402974e+00
-5.522704233927152373e+00
-5.700076854658045811e+00
-5.528366093601456477e+00
-5.552141298888687793e+00
-5.481845467170449737e+00
-5.536741649610068983e+00
-5.572319550729972093e+00
-5.715897584165418266e+00
-5.487701269161041395e+00
-5.471559837591515318e+00
-5.545285687005433672e+00
-5.594725050273345879e+00
-5.448740442597849842e+00
-5.486354585795377048e+00
-5.505876851105211855e+00
-5.548828406962065252e+00
-5.587728274585621158e+00
-5.667860200311729102e+00
-5.663806801731354312e+00
-5.752139334115895508e+00
-5.751002938140132414e+00
-5.655245850940289642e+00
-5.647739263578272606e+00
-5.635236943091577189e+00
-5.639951297257660201e+00
-5.649339349180055869e+00
-5.676528075800073125e+00
-5.628257525770512082e+00
-5.678393503948078624e+00
-5.639774396744167362e+00
-5.689407685313257801e+00
-5.626777371716983112e+00
-5.656236208025307910e+00
-5.753847518342769085e+00
-5.647438348033022137e+00
-5.634300843224815836e+00
-5.646470007391880763e+00
-5.659843144828078820e+00
-5.639980561399132952e+00
-5.638222795723880409e+00
-5.638803169495902878e+00
-5.629943063842778983e+00
-5.643166854765490292e+00
-5.660012368833548635e+00
-5.649596374918337105e+00
-5.664766028675944476e+00
-5.652899618305339047e+00
-5.736678562688171112e+00
-5.719691550661841539e+00
-5.737923260241135637e+00
-5.660569235744337568e+00
-5.709203010570545800e+00
-5.703855039328272092e+00
-5.718003775780995390e+00
-5.708077349775543041e+00
-5.690758309804723858e+00
-5.507921587264821284e+00
-5.582550656140731427e+00
-5.534347414330977877e+00
-5.563174412501388666e+00
-5.504607010652502019e+00
-5.539053893331558065e+00
-5.499781724345631950e+00
-5.572014932328582582e+00
-5.629753446453554133e+00
-5.507344740543538286e+00
-5.476086102696194224e+00
-5.509440018642779435e+00
-5.535732677650664790e+00
-5.501035124723976821e+00
-5.478108255676548133e+00
-5.520666043437693737e+00
-5.484474594918720136e+00
-5.542720636246720289e+00
-5.507943999914698630e+00
-5.589767453338003733e+00
-5.550105996026492683e+00
-5.543572893496830467e+00
-5.513038622729482974e+00
-5.539104542843553247e+00
-4.752601057237189508e+00
-4.668337301366372039e+00
-4.621507335234682934e+00
-4.834539795865646639e+00
-4.794202126354958793e+00
-4.735221178858136426e+00
-5.050868249618939210e+00
-5.069269686768677730e+00
-5.033699064078385632e+00
-5.092356718035293994e+00
-4.731310411756918910e+00
-4.748753880322960086e+00
-4.593575926294479750e+00
-4.687507480263922943e+00
-4.795419505621937084e+00
-4.655031989789863545e+00
-4.642242741635819847e+00
-4.630806305769334053e+00
-4.625509058638629156e+00
-4.736138699610424219e+00
-4.634275372927757708e+00
-4.632498529587701697e+00
-4.636738335672442091e+00
-4.726431617938667173e+00
-4.724635592088609393e+00
-4.756503211269463627e+00
-5.504267164175207228e+00
-5.450047687683857056e+00
-5.386995033175559833e+00
-5.517368011857946897e+00
-5.671674812996709392e+00
-5.721497116254334436e+00
-5.599506589714976279e+00
-5.145334418367275120e+00
-5.212683086104865637e+00
-5.248019415525794429e+00
-5.762913228525152753e+00
-5.776862422744658332e+00
-5.783295257765412423e+00
-5.740351474245514396e+00
-5.771400047087127838e+00
-5.546148378845138005e+00
-5.523208945974843687e+00
-5.551344680001895959e+00
-5.533049587846743833e+00
-5.547250434081463233e+00
-5.667683129478721327e+00
-5.737962738624321268e+00
-5.283269853971482632e+00
-5.238234054908516235e+00
-5.261853172505923659e+00
-5.299225718609496205e+00
-5.328634443306197177e+00
-5.523908898915952825e+00
-5.294088100198545810e+00
-5.337261368410497475e+00
-5.348247242017502678e+00
-5.340712744492781106e+00
-5.334838234686015923e+00
-5.293744469861626278e+00
-5.312991880064850569e+00
-5.303206321317647465e+00
-5.311940645334753519e+00
-4.725823211337076835e+00
-4.733972608287020378e+00
-4.717131488598679923e+00
-4.721914751433258672e+00
-4.735033807588578725e+00
-4.730351563711476359e+00
-4.706163419195369180e+00
-4.734668072847066256e+00
-4.727610169765763537e+00
-4.715811146119373021e+00
-4.732509842267545785e+00
-4.693810430009848211e+00
-4.691227529812604047e+00
-4.706510760147541106e+00
-4.686776219166736368e+00
-4.703616447702767545e+00
-4.692354400548711446e+00
-4.676668330037236032e+00
-4.702469688958675675e+00
-5.188933000514293958e+00
-5.127348475212759382e+00
-5.145577124295320992e+00
-5.133981651792622891e+00
-5.169348972910588813e+00
-5.163945158502088795e+00
-5.196910152852428411e+00
-5.154766155166839781e+00
-5.159770806320939762e+00
-5.388110098399588210e+00
-5.345574544143058660e+00
-5.329736240507625844e+00
-5.331886192306818373e+00
-5.281542198613021100e+00
-5.402512063588427615e+00
-5.390936774487334660e+00
-5.323098258462129806e+00
-5.299891703754493477e+00
-5.115926510277202688e+00
-5.274662668540330834e+00
-5.250060930468769982e+00
-5.354193193837530451e+00
-5.311985284016679465e+00
-4.906909574204295410e+00
-4.882281906081904488e+00
-4.877484793009226216e+00
-4.903534224521857610e+00
-4.885388446932937612e+00
-4.822481315644164823e+00
-4.766970145228076383e+00
-4.789114685581694175e+00
-4.909784025115051520e+00
-4.901731861415393965e+00
-4.948200700548292197e+00
-5.271090829376099407e+00
-4.919006250213876719e+00
-5.283494331288995483e+00
-5.285739333168340437e+00
-5.216942382088892494e+00
-5.148140746533679035e+00
-4.901929404173815286e+00
-5.193713253610462210e+00
-4.953329773946397729e+00
-5.347148390344472979e+00
-4.944499838110163026e+00
-4.899437615499904197e+00
-5.316119280836768546e+00
-4.943473616718225827e+00
-4.936333995761452265e+00
-4.955458271902911882e+00
-5.241827806296952552e+00
-5.237498801129962800e+00
-5.244005547208641538e+00
-5.223063712391960323e+00
-5.132251020442033074e+00
-5.274202739965311970e+00
-5.280379234463471683e+00
-5.263602919971546612e+00
-5.273080696875130258e+00
-5.128195217409967199e+00
-5.084176946821638232e+00
-5.139503176505283655e+00
-5.136821822221596889e+00
-5.152190233765510108e+00
-5.119866158334644979e+00
-5.274694206478450553e+00
-5.246387984856826669e+00
-5.101053384226198695e+00
-5.134960673680637022e+00
-5.116088394669198181e+00
-5.548530836163912738e+00
-5.543146089865263804e+00
-5.572803678893236246e+00
-5.559895319464925656e+00
-5.565602197261751094e+00
-5.556546660247899005e+00
-5.533307316307458201e+00
-5.559200657758699649e+00
-4.746944555091665130e+00
-4.791137823888684366e+00
-5.081641280888792522e+00
-4.736368491081561771e+00
-4.761868254268597944e+00
-4.808030078504207161e+00
-5.026308156781525760e+00
-4.794884646670627859e+00
-5.677123985860073496e+00
-5.639431631202594275e+00
-5.516672497289518695e+00
-5.568914359280743298e+00
-5.543833412787567028e+00
-5.520949522336953130e+00
-5.522715994432137343e+00
-5.629603127393553841e+00
-5.694773250277809673e+00
-5.676489914520411517e+00
-5.677117713718761394e+00
-5.637339106379273268e+00
-5.651169107488807519e+00
-5.640561578139342558e+00
-5.655934930038070796e+00
-4.760438480745456502e+00
-4.758148299276746762e+00
-4.729954231118600916e+00
-4.741091324007072672e+00
-4.748325037449337316e+00
-4.734118133779787740e+00
-4.734049581113332295e+00
-4.750600734085840493e+00
-4.759239349898616744e+00
-4.811179328434665337e+00
-4.805094200014700334e+00
-4.797621047750099343e+00
-4.799856673041343669e+00
-4.736467910870569398e+00
-4.751564308164766715e+00
-4.819317173806108912e+00
-4.703090635957992482e+00
-4.821736273257299921e+00
-4.852104765857268909e+00
-4.802180566722336508e+00
-4.813664858009346403e+00
-4.752197109976509459e+00
-4.782307494503744039e+00
-4.824554020036244673e+00
-4.806316822525108279e+00
-4.780215941011274339e+00
-4.803967100178177851e+00
-4.826316389988883238e+00
-4.830921314772473885e+00
-4.802683685146450721e+00
-4.818029623640783576e+00
-4.829308804968722946e+00
-4.807143875827299517e+00
-4.811439958767801173e+00
-4.839097852581558890e+00
-4.827740809969268909e+00
-4.847423085746728866e+00
-5.166501147574136255e+00
-5.175235580209881725e+00
-5.163226070817866109e+00
-5.161907457976225189e+00
-5.162199147833736568e+00
-5.169968588733797610e+00
-5.298822088563468036e+00
-5.294614838212405417e+00
-5.288961104205754715e+00
-5.287146915062354680e+00
-5.295417683320899016e+00
-5.298379463045885807e+00
-5.292702396203389448e+00
-5.290208202309731433e+00
-5.288437011570005453e+00
-5.287290142657521841e+00
