-5.437277313589578220e+00
-5.390981983375129794e+00
-5.321597111690294923e+00
-5.133541718687761879e+00
-5.464477504523200579e+00
-5.465873840114615412e+00
-5.505536859503204816e+00
-5.484570507753656621e+00
-5.501087314896916602e+00
-5.512266787009727054e+00
-5.508762950868041131e+00
-5.471100428239080493e+00
-5.114250971722862360e+00
-5.134031458304782802e+00
-5.117975868316648302e+00
-5.127753276004952454e+00
-5.144665046625536142e+00
-5.138151113398068404e+00
-5.128392984603733495e+00
-5.128186017397745822e+00
-5.155499775355601777e+00
-5.158718980832088796e+00
-5.135425045655592768e+00
-5.399371250263850897e+00
-5.431713489679285800e+00
-5.478291310909444434e+00
-5.515948726516215039e+00
-5.071512552735401691e+00
-5.413482211281925416e+00
-5.433369917603671162e+00
-5.368757886485662212e+00
-5.327307302399789890e+00
-5.390256826980810878e+00
-5.159243598092582594e+00
-5.430192989338458176e+00
-5.448217045079028154e+00
-5.416991386705060307e+00
-5.118944190050830123e+00
-5.506349880236522054e+00
-5.554574483795682305e+00
-5.725799191752445338e+00
-5.422078523223992974e+00
-5.524454536699463958e+00
-5.701285101977920711e+00
-5.521916294333498954e+00
-5.547949835811508912e+00
-5.478177729200139900e+00
-5.533085509222761544e+00
-5.567352827358936551e+00
-5.716135226421630300e+00
-5.481451422130040996e+00
-5.470684182819764985e+00
-5.538787769616011936e+00
-5.590258510326866492e+00
-5.448793496732215580e+00
-5.480431433831217447e+00
-5.499905802232324170e+00
-5.545177949674676476e+00
-5.584386914862140117e+00
-5.664258276117252855e+00
-5.656153398217941053e+00
-5.749393221763181572e+00
-5.747098836496182805e+00
-5.648919530213992068e+00
-5.643962417910607599e+00
-5.633474079878075358e+00
-5.634572217430201313e+00
-5.645332054575718850e+00
-5.670390992902315297e+00
-5.625517906357498710e+00
-5.673523346868170059e+00
-5.628370609676426106e+00
-5.684177077976808157e+00
-5.622087211019474395e+00
-5.652142965291939269e+00
-5.752393855409066781e+00
-5.643188861040098203e+00
-5.631060151135616643e+00
-5.640253990791243233e+00
-5.655311107103039525e+00
-5.641220320780838904e+00
-5.633261562302680936e+00
-5.635889479840551886e+00
-5.626577260516785195e+00
-5.634309000740924667e+00
-5.656576301003265250e+00
-5.643407473386914397e+00
-5.661586679275145251e+00
-5.651454100765673338e+00
-5.731025137889998788e+00
-5.718111090593602341e+00
-5.738173396354353528e+00
-5.657604510284227395e+00
-5.707770427179287509e+00
-5.703781873381756462e+00
-5.717651797636758459e+00
-5.707079218742522997e+00
-5.688404097798071213e+00
-5.513967706148090286e+00
-5.581195665137333783e+00
-5.536827693613536105e+00
-5.564605325888256182e+00
-5.510613457058412656e+00
-5.545513848113028388e+00
-5.512503711974297893e+00
-5.569854444761602075e+00
-5.634074279930510798e+00
-5.522821117482350495e+00
-5.474752184467432947e+00
-5.518305201342434962e+00
-5.532821661819789405e+00
-5.500266692441711847e+00
-5.479963723624895700e+00
-5.537868578085758386e+00
-5.486226550795239909e+00
-5.544040662592386148e+00
-5.530852022538367940e+00
-5.598146850930699969e+00
-5.551939393654387267e+00
-5.546186744678117009e+00
-5.517917952846170593e+00
-5.540726035769282909e+00
-4.735423903897696185e+00
-4.666046229533062473e+00
-4.608546656356243609e+00
-4.816069680375538731e+00
-4.784938433278254521e+00
-4.742513530028229063e+00
-5.060358011839147352e+00
-5.066004886609903224e+00
-5.035830812686568514e+00
-5.095672375206803828e+00
-4.638466939186193017e+00
-4.649164741647703103e+00
-4.601423862213310123e+00
-4.695160131381080681e+00
-4.773792985154489799e+00
-4.657559110449821738e+00
-4.645512812275771175e+00
-4.626143975251397755e+00
-4.623361873433744051e+00
-4.736898183256892381e+00
-4.634756358935836928e+00
-4.622958420035492288e+00
-4.607788915500208304e+00
-4.717298292214606725e+00
-4.710018159310859431e+00
-4.734724148789343445e+00
-5.500174205817478956e+00
-5.451338535811249386e+00
-5.388188418227102261e+00
-5.514687969696627334e+00
-5.668174789028777028e+00
-5.720044327141385665e+00
-5.597444808726621979e+00
-5.148263972884314477e+00
-5.219154347445965847e+00
-5.240854252169327765e+00
-5.759253004947678889e+00
-5.774375617110952597e+00
-5.782858716741439586e+00
-5.735662698860937603e+00
-5.768546492289329031e+00
-5.544120997239415871e+00
-5.519630343378429060e+00
-5.548589403901277528e+00
-5.528247144701108340e+00
-5.545131511421259596e+00
-5.665412736821028084e+00
-5.732929121755302226e+00
-5.291710736228821155e+00
-5.236700235537877113e+00
-5.275596171273169155e+00
-5.303148432549679825e+00
-5.332593295407956013e+00
-5.519058590171166401e+00
-5.303531425573394742e+00
-5.343972577894401610e+00
-5.354439246531137009e+00
-5.346458747425129054e+00
-5.340473658347296926e+00
-5.311388415586487888e+00
-5.325525732999315309e+00
-5.309107437531391582e+00
-5.317980360969603026e+00
-4.718133888592920933e+00
-4.734247600686591007e+00
-4.711340837902556089e+00
-4.721936234653414388e+00
-4.731100950710648512e+00
-4.728715860417828765e+00
-4.708833834401931817e+00
-4.725515034687178151e+00
-4.735237333064250542e+00
-4.724501587604751585e+00
-4.733457042540885951e+00
-4.698020635821776203e+00
-4.688473865824856368e+00
-4.709391130453128405e+00
-4.689698749272360523e+00
-4.700437847926618673e+00
-4.688541265426739102e+00
-4.682225023973892952e+00
-4.690294712613515493e+00
-5.198682989842748015e+00
-5.131270313752068546e+00
-5.143780544957908596e+00
-5.134288952087626257e+00
-5.163452637515148602e+00
-5.171421333854627100e+00
-5.189967242641718492e+00
-5.156995776440222556e+00
-5.164042875567455226e+00
-5.389111820862643398e+00
-5.343490833027476405e+00
-5.330361540915420804e+00
-5.332392958448117781e+00
-5.288722183187491765e+00
-5.402422114714571677e+00
-5.389410743684882377e+00
-5.326027130471563176e+00
-5.293181367246265978e+00
-5.102221314898210736e+00
-5.267433553333746410e+00
-5.237224635546728457e+00
-5.346815046619115108e+00
-5.306230934596658066e+00
-4.877030422395309373e+00
-4.851102948047620878e+00
-4.854353557162373711e+00
-4.865572926198105108e+00
-4.868726679275112268e+00
-4.773261654186449654e+00
-4.716910052977437928e+00
-4.728100758374089274e+00
-4.874950566624946191e+00
-4.871992783476114752e+00
-4.952077844272301910e+00
-5.268676537899468215e+00
-4.918906234303471514e+00
-5.275527666367143098e+00
-5.281917559532185003e+00
-5.204332409453086505e+00
-5.159040723742815970e+00
-4.904813505759703318e+00
-5.203189469045613080e+00
-4.961555077008426906e+00
-5.346968809792785216e+00
-4.943941542415568158e+00
-4.895174707899563771e+00
-5.318631939827096033e+00
-4.939163366737607141e+00
-4.930489403896993750e+00
-4.958306153150209283e+00
-5.252716717882591979e+00
-5.239688370124493844e+00
-5.253388152821397483e+00
-5.227313479220174308e+00
-5.137675414652364658e+00
-5.251262091441261326e+00
-5.246559999261342533e+00
-5.233048348560071616e+00
-5.237141322897439721e+00
-5.116725861236115946e+00
-5.078725600956454755e+00
-5.139256488322017979e+00
-5.134564461334628405e+00
-5.160629017811832142e+00
-5.122867534489135011e+00
-5.265034907131355801e+00
-5.234493922022064538e+00
-5.106312852533172020e+00
-5.140384964891198116e+00
-5.117004373922692473e+00
-5.559335072372237008e+00
-5.557796797007235057e+00
-5.574207468571732882e+00
-5.563844205327523440e+00
-5.577668356309128939e+00
-5.558375250311523352e+00
-5.544228368382965400e+00
-5.566748889057303806e+00
-4.738198164020555936e+00
-4.744920839691321390e+00
-5.078830816256751923e+00
-4.718922903685974113e+00
-4.663981305876982120e+00
-4.673249158587465146e+00
-4.620091784835167026e+00
-4.672714027623232624e+00
-5.679795208730626044e+00
-5.646339584191941263e+00
-5.515226550451522769e+00
-5.561930991495072973e+00
-5.537866059010107200e+00
-5.512804134364305497e+00
-5.540283184648401082e+00
-5.624581178249879798e+00
-5.690779138816471239e+00
-5.671459099829946560e+00
-5.672605560517422596e+00
-5.632489653682648978e+00
-5.647865967238083762e+00
-5.634800737216546729e+00
-5.634319526316748039e+00
-4.764511241200534819e+00
-4.759736379416059648e+00
-4.729842583861459282e+00
-4.735291031771559744e+00
-4.737848056041445766e+00
-4.721212027238430586e+00
-4.734509030203586377e+00
-4.743520661767552937e+00
-4.788776754884602305e+00
-4.792018102202884933e+00
-4.805771801382658026e+00
-4.776674340136271013e+00
-4.787973468978750979e+00
-4.730813993953908003e+00
-4.744552861438902980e+00
-4.824557827427617518e+00
-4.701217211239356430e+00
-4.821725896554489132e+00
-4.841030653047605270e+00
-4.816072216092500469e+00
-4.816001928934023013e+00
-4.758496943306075977e+00
-4.788664533678288926e+00
-4.802702537281261286e+00
-4.791773962560284872e+00
-4.774188983630313743e+00
-4.799607367271523373e+00
-4.826730653767232759e+00
-4.819706351301228153e+00
-4.806823123694638156e+00
-4.821839955306136183e+00
-4.831452838364871383e+00
-4.800819692792121174e+00
-4.810634845852625574e+00
-4.830439253743500139e+00
-4.830520671724656268e+00
-4.852902443093488394e+00
-5.079481706178243350e+00
-5.085877326665876552e+00
-5.077755713015562833e+00
-5.070463959067996740e+00
-5.075301774198431204e+00
-5.092372976275265195e+00
-5.296065892893585314e+00
-5.292519008090258659e+00
-5.288076583935762187e+00
-5.285014848070387572e+00
-5.292578291198522855e+00
-5.292150962618990206e+00
-5.287578314653166522e+00
-5.289930720969908684e+00
-5.285724583560726053e+00
-5.285872895089934964e+00
