-5.183339480917617870e+00
-5.192140991591917221e+00
-5.795868752346232888e+00
-5.392868582584415371e+00
-5.389786355339375667e+00
-5.314728520777054932e+00
-5.469823901794216070e+00
-5.211456461702309362e+00
-5.239294756066847469e+00
-5.273157501352096155e+00
-5.473613277923856657e+00
-5.343027684939901434e+00
-5.329119169249715959e+00
-5.464162548992832491e+00
-5.271945754475918733e+00
-5.293468489110786379e+00
-5.519766588850673728e+00
-5.441612459066964114e+00
-5.445028968549254778e+00
-5.458679308951109199e+00
-5.346600087942168678e+00
-5.337704304796442756e+00
-5.285793536890812661e+00
-5.370824505090364909e+00
-5.490396354423353387e+00
-5.442085040824581554e+00
-5.695315084566102470e+00
-5.470413137888316513e+00
-5.487339464833669744e+00
-5.280134216253704160e+00
-5.265796115300607205e+00
-5.332841964611246155e+00
-5.485642507402173962e+00
-5.465748612058769496e+00
-5.412152103092976674e+00
-5.257844260129844294e+00
-5.260281858132664468e+00
-5.607251227428429630e+00
-5.564617846454485317e+00
-5.650719915232813584e+00
-5.214439267696947766e+00
-5.295646904139357680e+00
-5.767854290387525396e+00
-5.584755850244724762e+00
-5.119139065743866013e+00
-5.226676190837221014e+00
-5.740594935038695112e+00
-5.197077039614474536e+00
-5.574130935245401375e+00
-5.147194862664663972e+00
-5.563576225475829418e+00
-5.594525433291733130e+00
-5.269275377147257799e+00
-5.635012202071535192e+00
-5.067557473105596344e+00
-5.518712345120633245e+00
-5.509745041080890360e+00
-5.582551956587572306e+00
-5.519401271230935713e+00
-5.531016494189884725e+00
-5.544346022101397153e+00
-5.778372610017508570e+00
-5.778964498348282852e+00
-5.782472036213072819e+00
-5.532646323241813491e+00
-5.614095455113290001e+00
-5.587582735861100325e+00
-5.591167020874083349e+00
-5.778133132730807198e+00
-5.601979579867144565e+00
-5.547132919885386926e+00
-5.578427011989362860e+00
-5.579428023693231431e+00
-5.652087646186654268e+00
-5.542306556475670831e+00
-5.564765546415702424e+00
-5.589370702174433880e+00
-5.598292075657151479e+00
-5.585370438350516942e+00
-5.148189885051930759e+00
-5.529790355813967828e+00
-5.590851738627387491e+00
-5.571019420360891594e+00
-5.627728760076090353e+00
-5.587743290949851449e+00
-5.648702585316158320e+00
-5.092471066907287458e+00
-5.599853432418943733e+00
-5.618360060623515118e+00
-5.104755577098742059e+00
-5.612786009024790523e+00
-5.555373782822813133e+00
-5.543401752150301398e+00
-5.590101295314827468e+00
-5.105224747903292837e+00
-4.944479262478664872e+00
-5.782279272282233151e+00
-5.595754282796550072e+00
-5.590699156850742924e+00
-5.520465236077888527e+00
-5.568581100261432049e+00
-5.192889676636577079e+00
-5.610623960309634839e+00
-5.543990080686656441e+00
-5.622788740088007664e+00
-5.782262352241250625e+00
-5.590675283132336304e+00
-5.565374121063613622e+00
-5.614343853778431814e+00
-5.648770794266385842e+00
-5.593189671703552079e+00
-5.550355607019405113e+00
-5.602750575664274812e+00
-5.774733058165689492e+00
-5.656930945819193646e+00
-5.544599391461892957e+00
-5.781069967085223915e+00
-5.561700027344869568e+00
-5.583345376009215322e+00
-5.635073390574832253e+00
-5.554992946390448161e+00
-5.558569137458812648e+00
-5.576745062278092746e+00
-5.763930775541565410e+00
-5.778109304299002602e+00
-5.531790902834546664e+00
-5.587216721427568977e+00
-5.520184491888709744e+00
-5.573456038267212698e+00
-5.434006523784021603e+00
-5.450632682124351369e+00
-5.529518416799524161e+00
-5.671545709208653641e+00
-5.650697210113550639e+00
-5.592839756671970086e+00
-5.588664856456416530e+00
-5.695663138671403836e+00
-5.588723808057519449e+00
-5.385096525576674509e+00
-5.531586962257522444e+00
-5.541152155010174774e+00
-5.612278422474192396e+00
-5.697251767262907940e+00
-5.543872547422608932e+00
-5.596591006781982180e+00
-5.542789819130329754e+00
-5.694953485187005171e+00
-5.779728731043721979e+00
-5.539180921477062647e+00
-5.543291923197195992e+00
-5.603140484854526093e+00
-5.577453012482542327e+00
-5.559728231794442088e+00
-5.591399194737155298e+00
-5.341756151902968597e+00
-5.259272545346725281e+00
-5.536409620850059277e+00
-5.597830434993372961e+00
-5.298509469427722607e+00
-5.279840283751664920e+00
-5.523930929307068638e+00
-5.689652023982639584e+00
-5.559595979265330890e+00
-5.632672719608992296e+00
-5.569422301384972407e+00
-5.354279377364083992e+00
-5.581981031323770104e+00
-5.126086125201760879e+00
-5.537396160499651110e+00
-5.116812900630178795e+00
-5.325743005447102441e+00
-5.554750589941848560e+00
-5.619315183617506371e+00
-5.596202453720830583e+00
-5.573974906601643298e+00
-5.147142605613414190e+00
-5.772776582666086398e+00
-5.570972945037324209e+00
-5.207654004033717143e+00
-5.685942935690720290e+00
-5.551771165584574064e+00
-5.571913137709269215e+00
-5.612162726631900078e+00
-5.567158716405170793e+00
-5.755418585360430050e+00
-5.521702245536229015e+00
-5.253594314530263709e+00
-5.121680893250569966e+00
-5.585976797675373362e+00
-5.546695165114916115e+00
-5.575255476099839846e+00
-5.517153082402843189e+00
-5.558830394427782373e+00
-5.565365558940010615e+00
-5.707200558928822609e+00
-5.789145092450351804e+00
-5.588726627317261553e+00
-5.611142419451531360e+00
-5.568698019696146417e+00
-5.691493399489041316e+00
-5.601658732078991676e+00
-5.797365310066019184e+00
-5.232107537319097723e+00
-5.609701447879899661e+00
-5.263058572621055475e+00
-5.567841273737740515e+00
-5.593604355388926308e+00
-5.586894956122828937e+00
-5.591555767271033872e+00
-5.610831812968651633e+00
-5.381701770218159098e+00
-5.597248311871298121e+00
-5.769532040964779007e+00
-5.600848118104589268e+00
-5.563404351781742641e+00
-5.444218775778303154e+00
-5.606277493047259419e+00
-5.570428372496105673e+00
-5.523421640309314817e+00
-5.544238221201635675e+00
-5.292217162393490604e+00
-5.555491180765218751e+00
-5.598202153698570882e+00
-5.708698002268755900e+00
-5.266079099957594600e+00
-5.555101461814933472e+00
-5.698047293283286407e+00
-5.571373448173897458e+00
-5.572690906312455894e+00
-5.312983835827355783e+00
-5.602740371865748692e+00
-5.579147958350804792e+00
-5.708431260798203510e+00
-5.613677272114059313e+00
-5.609065650707854900e+00
-5.683279606572220644e+00
-5.608217626353202867e+00
-5.566883622688916233e+00
-5.077002524347645540e+00
-5.791178244767565708e+00
-5.517170410553434934e+00
-5.551748244333504445e+00
-5.308529724919023529e+00
-5.556607093258331354e+00
-5.589240876517403755e+00
-5.000058885113376483e+00
-5.565255273096231470e+00
-5.559430290199454561e+00
-5.581123824123443988e+00
-5.574056957811304613e+00
-5.599733549704858149e+00
-5.616044503009196553e+00
-5.530412920943293287e+00
-5.781254420104625424e+00
-5.621762052210049987e+00
-5.650232760311872049e+00
-5.595711574277431488e+00
-5.610232223681402175e+00
-5.139674516807230198e+00
-5.158866593942861734e+00
-5.610903156544551074e+00
-5.582734665139455821e+00
-5.749818428395402137e+00
-5.555658914844018526e+00
-5.522953312384602853e+00
-5.673525163358084988e+00
-5.774117970672750566e+00
-5.065134549527210872e+00
-5.691652401766269520e+00
-5.587354606358503339e+00
-5.537264595169579806e+00
-5.535848023271730867e+00
-5.577627073488321763e+00
-5.143371406397071688e+00
-5.101401750621309183e+00
-5.633066774194635862e+00
-5.561955044404401249e+00
-5.706930424188244366e+00
-5.608654455398633942e+00
-5.768578830842091776e+00
-5.595837127315804516e+00
-5.123352004971803986e+00
-5.562894216566942163e+00
-5.713517718996504513e+00
-5.553458875312977661e+00
-5.513615207362587256e+00
-5.607355628986301355e+00
-5.588795965278588795e+00
-5.582551230684849486e+00
-5.677599170815699203e+00
-5.168952748786759699e+00
-5.572248255442900700e+00
-5.589650387370604712e+00
-5.285049639510505770e+00
-5.787347160134729052e+00
-5.689181453189433135e+00
-5.615212025824462216e+00
-5.582062568320023566e+00
-5.092975744136830407e+00
-5.763662410508146650e+00
-5.590766677185520450e+00
-5.560385186098763199e+00
-5.538849737409662133e+00
-5.521421364964306022e+00
-5.570889869690007323e+00
-5.587496105655834988e+00
-5.583530742689724491e+00
-5.268616609124064709e+00
-5.557392461161230202e+00
-5.648173102109693033e+00
-5.567468208711216171e+00
-5.594808723317510335e+00
-5.140418150826757682e+00
-5.779140213283321614e+00
-5.677927161291382419e+00
-5.611321648897149572e+00
-5.690848302815493476e+00
-5.072948281903058465e+00
-5.606078844067077682e+00
-5.777327593496519142e+00
-5.588855213077012607e+00
-5.307508820424305718e+00
-5.565717044374718370e+00
-5.603034012870917735e+00
-5.775261606856006757e+00
-5.314731104598703126e+00
-5.600402176695712164e+00
-5.663415388561112707e+00
-5.617408776168290707e+00
-5.773218352708266110e+00
-5.230485629609657572e+00
-4.980463290313235092e+00
-5.585814994871120653e+00
-5.541957926770029630e+00
-5.540433343039032899e+00
-5.776193128110164388e+00
-5.669203580171059187e+00
-5.337281953582743377e+00
-5.599387000411406135e+00
-5.604679975097665690e+00
-5.237045116057989169e+00
-5.571925480217718274e+00
-5.668039496935021404e+00
-5.560562848418597603e+00
-5.616043123463104969e+00
-5.773113873696285481e+00
-5.763585713447461956e+00
-5.565792517477604839e+00
-5.603539074628429262e+00
-5.066296272179834581e+00
-5.599269799687813354e+00
-5.050582507792876541e+00
-5.119893564058126678e+00
-5.673405837149043229e+00
-5.577632259659790037e+00
-5.581959400970222696e+00
-5.606030525075607507e+00
-5.595798992143024009e+00
-5.690082326947261571e+00
-5.237170662611189798e+00
-5.620455309236214170e+00
-5.171621858391184823e+00
-5.622590841311470022e+00
-5.592447409144973847e+00
-5.535925656021445818e+00
-5.586947654143235020e+00
-5.578035896275097549e+00
-5.572823761100710982e+00
-5.603923487373735135e+00
-5.624606264843092340e+00
-5.638511241136065166e+00
-5.599333588195976041e+00
-5.781247423869142921e+00
-5.593246432932287959e+00
-5.019625586452720611e+00
-5.275197029379353530e+00
-5.273532149545307135e+00
-5.353546841742207185e+00
-5.655045133648642697e+00
-5.218024276988238341e+00
-5.694775885339279142e+00
-5.694122623223973889e+00
-5.564876998596658630e+00
-5.570747481747200247e+00
-5.220251906406494058e+00
-5.250144917419817148e+00
-5.620240270328071830e+00
-5.569626822356045892e+00
-5.203398401489996772e+00
-5.533332056727307879e+00
-5.438572311288994321e+00
-5.553180793512126456e+00
-5.759257252398349181e+00
-5.617220935825074868e+00
-5.595622271647673784e+00
-5.632736837872676539e+00
-5.560614094893841397e+00
-5.194364664925006814e+00
-5.601626420548569740e+00
-5.754796011681314383e+00
-5.572518207477774155e+00
-5.557299437767134087e+00
-5.633585341052445905e+00
-5.612133644943446242e+00
-5.598853306676028652e+00
-5.556501148858377093e+00
-5.541661755088381547e+00
-5.372048796479080401e+00
-5.141709633693582582e+00
-5.184378617790565968e+00
-5.073915608522169940e+00
-5.578011231089882394e+00
-5.624362499941510940e+00
-5.563828495089727433e+00
-5.628766880800228023e+00
-5.165622365293231155e+00
-5.608090028868952359e+00
-5.128863528384575154e+00
-5.586029196622127380e+00
-5.565814938841079140e+00
-5.658211614217747432e+00
-5.396631507301226982e+00
-5.656268195411832345e+00
-5.657069518603400127e+00
-5.310815157566880274e+00
-5.609623621122456605e+00
-5.530987938225710998e+00
-5.333466058690834899e+00
-5.591981595586270615e+00
-5.584400094895057620e+00
-5.599873588299785432e+00
-5.685756736067317796e+00
-5.602621918905172471e+00
-5.327352869025263615e+00
-5.670461276787961857e+00
-5.751832588586529127e+00
-5.619685629870724952e+00
-5.593635737901718308e+00
-5.764448562896752115e+00
-5.335316563786146382e+00
-5.195703454947322442e+00
-5.094826775943165131e+00
-5.572231330220210666e+00
-5.620289956135743559e+00
-5.578352479182463242e+00
-5.596573023066600427e+00
-5.221092874793621164e+00
-5.194237742532018309e+00
-5.396383779670309799e+00
-5.826987026806124348e+00
-5.422805739501150413e+00
-5.439714907538859556e+00
-5.207117104108892391e+00
-5.172860585177040171e+00
-5.307858220648773440e+00
-5.165425719991130649e+00
-5.206685291351735856e+00
-5.203047638037190836e+00
-5.149760849499626758e+00
-5.224167988369665672e+00
-5.348621757941628196e+00
-5.754172444600591518e+00
-5.075204196871483830e+00
-5.435678056341465947e+00
-5.432261506078698510e+00
-5.352187713508999245e+00
-5.321397075977175817e+00
-5.439700245228289432e+00
-5.334004570198076500e+00
-5.185963264069333611e+00
-5.393383910969070882e+00
-5.857832499059136389e+00
-5.206686335626197426e+00
-5.612342883267949389e+00
-4.945016229428276233e+00
-5.162629336897921029e+00
-5.351912585906697828e+00
-5.316331658267892557e+00
-5.378522724013794942e+00
-5.287297704799263975e+00
-5.520656377166607953e+00
-5.188802545611030048e+00
-5.003727883407901977e+00
-5.333065231301652886e+00
-5.317478591409173561e+00
-5.857845801082270931e+00
-5.307428537680531910e+00
-5.790201059529202610e+00
-5.317481443278441411e+00
-5.428138199127603869e+00
-4.556886842869580789e+00
-5.293610011765689904e+00
-5.400916343598260561e+00
-5.149761437259455121e+00
-5.171953169434859277e+00
-5.837908959567936762e+00
-5.768682355406546058e+00
-4.655080799669378600e+00
-5.146289463724982305e+00
-5.210495835289804312e+00
-5.320369717077388927e+00
-5.463963018671281979e+00
-4.997984627558998305e+00
-5.378524129293077216e+00
-5.194772129418143258e+00
-5.185962833411981165e+00
-5.193887707102447848e+00
-5.308864387280520347e+00
-4.787581901674333729e+00
-5.378522119583693417e+00
-5.700544107991588838e+00
-5.004545569834496277e+00
-5.314704837653341229e+00
-5.357569620683774403e+00
-5.299541977998902809e+00
-5.195157382345251484e+00
-5.297640091779396876e+00
-5.311786177617483062e+00
-5.293612030969837789e+00
-5.393353825426380865e+00
-5.463925407264180301e+00
-5.189066017420763899e+00
-5.412810384345039694e+00
-4.974730688406395984e+00
-5.400758676315598805e+00
-5.206686828449335280e+00
-5.837908776282928258e+00
-5.075205491314362050e+00
-5.300114043148720810e+00
-5.089322567649204210e+00
-5.078587246271121458e+00
-4.655077114995520127e+00
-5.329847701586446718e+00
-5.363084847222788554e+00
-5.086215213821178693e+00
-5.174683440023279068e+00
-4.426193551465937404e+00
-5.280393543651864974e+00
-5.412847225736999945e+00
-4.816413379479518753e+00
-5.077015527137775486e+00
-5.174682096389430441e+00
-5.165425846572095026e+00
-5.165425641290854131e+00
-5.195800764915847303e+00
-5.367728615271537329e+00
-5.366356007324446509e+00
-5.072373913030583381e+00
-4.705931254380812057e+00
-5.180218999810185743e+00
-5.174937347826369383e+00
-5.768659046782399713e+00
-5.305001428433285149e+00
-5.321550874542205989e+00
-5.185962192789448366e+00
-5.412801383385104970e+00
-5.666997155500066441e+00
-5.299541916982660084e+00
-5.193887415775416905e+00
-5.317291100254500691e+00
-5.761018405470416326e+00
-5.377442052812183348e+00
-5.203908239110289990e+00
-5.095171305135310469e+00
-5.761026490263366995e+00
-5.394515602581189562e+00
-5.347811033879450449e+00
-5.194238118897359868e+00
-5.754174440459098427e+00
-5.073425364600334220e+00
-4.958882258549073718e+00
-5.187167009919105176e+00
-5.362358576563036827e+00
-5.194771489120047825e+00
-4.829839884048671372e+00
-5.376867739709011218e+00
-4.833199035374922126e+00
-5.282031143686691799e+00
-5.231579001587705946e+00
-5.439673110729704497e+00
-5.281959864761109458e+00
-4.615366579960143767e+00
-5.400757604968821290e+00
-4.730123697636162028e+00
-5.320385434540358283e+00
-4.966710790547621102e+00
-5.369107197102425566e+00
-5.348426884610427479e+00
-5.040235152147481301e+00
-5.268558336419570054e+00
-5.185960340869434582e+00
-5.412822145596891232e+00
-5.352217863636754558e+00
-4.873589993695011557e+00
-5.165426530341040490e+00
-5.347812918369057478e+00
-5.050129366790875984e+00
-5.401144084583533456e+00
-5.213429287848735605e+00
-5.149764874711116214e+00
-5.195801202884705816e+00
-5.168024075771487702e+00
-5.232405138910408482e+00
-5.084683935127636722e+00
-4.448206359006849908e+00
-5.047737978324425612e+00
-5.837910324016831964e+00
-5.300115963910733363e+00
-5.195800777604436149e+00
-5.188359552936305796e+00
-5.213434150127086220e+00
-5.188802544541649908e+00
-5.422861052639059487e+00
-5.390079330330976859e+00
-5.348398763540004985e+00
-5.348426009492386335e+00
-5.700549341486786048e+00
-5.189067845908948762e+00
-5.359647184678930643e+00
-5.185963213125205584e+00
-5.325175328689504717e+00
-5.782841954678635155e+00
-5.439734616007343426e+00
-5.295872619125430170e+00
-5.342664712434189056e+00
-5.384734342533861629e+00
-5.317276499912900967e+00
-5.826847121487686465e+00
-4.498856457522816044e+00
-5.023905244607989928e+00
-5.330682084167143842e+00
-5.188843739690613965e+00
-5.171947809880607316e+00
-5.210867209581762083e+00
-5.174681061725067366e+00
-5.777635194839499277e+00
-5.300112881128658415e+00
-5.412810237681660475e+00
-5.142282986029932168e+00
-5.370232346273532187e+00
-5.310803069440616753e+00
-5.355804423490176269e+00
-5.142277214143811115e+00
-5.159590811642562613e+00
-5.084724417840141619e+00
-4.971134946746160743e+00
-5.369259205986090855e+00
-5.390108081869837697e+00
-5.348293888073470725e+00
-5.724412962517908987e+00
-5.154310342572435033e+00
-5.405406706307623210e+00
-5.301350035594175836e+00
-5.348426970422702986e+00
-5.303228045744624808e+00
-4.864811592100724447e+00
-5.612341670181508313e+00
-5.189067207781840274e+00
-5.187168633580227173e+00
-5.207123675623517300e+00
-4.612534286895814795e+00
-5.271739731952284735e+00
-5.334200109627878383e+00
-5.293615305010217043e+00
-5.295875343444535588e+00
-5.389119510942034452e+00
-5.243664147764302896e+00
-5.193888616673382863e+00
-5.104681158311262124e+00
-4.940083961515817634e+00
-5.139405958476987557e+00
-5.284786109725168046e+00
-5.187554873684085521e+00
-5.206686169356311567e+00
-5.394510362408061255e+00
-5.768684155314121043e+00
-5.377441492285816693e+00
-5.362268611122517292e+00
-5.072370966050882224e+00
-4.942691281801551817e+00
-5.236059975003476197e+00
-4.975481441812712902e+00
-5.135004065417515307e+00
-5.189166156795066875e+00
-5.154267631933668881e+00
-5.093823210909005361e+00
-5.070762204953621399e+00
-5.142900774723038637e+00
-5.353208821412692053e+00
-5.314702550445983498e+00
-5.265425391816799028e+00
-5.140631544932012353e+00
-5.128006224187986462e+00
-5.761017085076621136e+00
-5.185475881447372259e+00
-5.143303604561955567e+00
-5.240889402061067237e+00
-5.412835778386985375e+00
-5.281926807886006436e+00
-5.123751764563961864e+00
-5.347812301325304496e+00
-4.487920623040523971e+00
-5.446852029068230294e+00
-4.991261428889965934e+00
-5.761014451200535902e+00
-5.185961568677160294e+00
-5.189066371003979938e+00
-5.405772424106224605e+00
-5.336583499565652033e+00
-5.857851404463875866e+00
-5.035188105748924059e+00
-5.207118038507604574e+00
-5.300114020621232491e+00
-5.059886430819016567e+00
-5.198206234602304576e+00
-4.861763409116979240e+00
-5.209407817760940418e+00
-5.209408461343567609e+00
-5.175403624990696727e+00
-5.256016585160325327e+00
-5.345129298442234500e+00
-5.405540290583302543e+00
-5.359638096889325354e+00
-5.187170213182833223e+00
-5.204553183936544869e+00
-5.378526117799981243e+00
-5.203908416360165212e+00
-5.303790851327000233e+00
-5.336718165708441930e+00
-5.417805359182813696e+00
-5.067341501064091425e+00
-5.334756817326502976e+00
-5.348428180365959683e+00
-4.586570148598512198e+00
-5.294527005604066972e+00
-5.327495083861710334e+00
-5.348425501993980369e+00
-5.320333015654658659e+00
-5.368515668272019425e+00
-5.171275155174809512e+00
-5.317292342932005589e+00
-5.342662427642308920e+00
-5.354805372952577969e+00
-5.130993373699769045e+00
-4.826260586204478287e+00
-5.057924061503461743e+00
-5.075598623878380344e+00
-4.974144098178456375e+00
-4.871470024009739497e+00
-4.809422124910021523e+00
-5.057083649747897702e+00
-5.262859267725122692e+00
-5.062300217550405712e+00
-5.268123646057317977e+00
-4.805090512101803490e+00
-5.028190690321480361e+00
-4.892575581303310273e+00
-5.094446116064450969e+00
-4.858549784642188563e+00
-4.912568110095745233e+00
-5.158874479622953757e+00
-4.861120461076985144e+00
-4.969636458942186863e+00
-5.003487973480475581e+00
-5.283522235079165519e+00
-5.055422735421447378e+00
-4.876064479638316129e+00
-5.350531662703538416e+00
-4.946368662266762861e+00
-4.938337633717314823e+00
-5.078034238385526145e+00
-4.862878751296888957e+00
-4.916610982215591896e+00
-4.738681690002605862e+00
-5.135801593421017053e+00
-5.160036485065472966e+00
-5.209813323811518515e+00
-5.087114611093678462e+00
-5.162241964652294790e+00
-5.171375191055279430e+00
-5.250953596584371219e+00
-4.836173090821586307e+00
-5.013852362969826615e+00
-4.960106908951253502e+00
-5.069381723588156419e+00
-4.944753424358326654e+00
-5.116874763166006979e+00
-5.243289158027994112e+00
-5.125652552186734212e+00
-4.863667620462354790e+00
-4.866044064978658490e+00
-4.987542119055546230e+00
-5.153059956275683362e+00
-5.087766617206370690e+00
-5.081725213452284784e+00
-4.982326289361486360e+00
-5.172268695252586035e+00
-5.017067897112847952e+00
-4.869906604637122882e+00
-5.059250632381520063e+00
-5.298225757140816228e+00
-4.474937347619728278e+00
-5.643585655331509798e+00
-5.677073117538792957e+00
-5.301437913168578042e+00
-5.834141388068324829e+00
-5.603851839551195368e+00
-5.834140361840933764e+00
-5.637228722860048613e+00
-5.676194991988984917e+00
-5.637293431173946878e+00
-4.747741613818320161e+00
-5.637252934667086102e+00
-5.629011876099501599e+00
-5.832962814109927230e+00
-5.736416621455447284e+00
-5.301614103282814128e+00
-5.639817811293593053e+00
-5.645747104548734185e+00
-5.293736795522791638e+00
-5.632382147179721521e+00
-4.950319883137732191e+00
-5.736419391455545025e+00
-5.637403907699371608e+00
-5.643594693224172509e+00
-5.236974046594719212e+00
-5.677119997514208372e+00
-5.840632740592412553e+00
-5.207307385218727269e+00
-5.603535493125243683e+00
-5.734755951960880616e+00
-5.333561075101693305e+00
-5.355308996741669603e+00
-5.645491378962252504e+00
-5.641902264496251540e+00
-5.649442893403225696e+00
-5.639944278631157104e+00
-5.417623403591143472e+00
-4.567706090667877916e+00
-5.640126759342300566e+00
-5.734329482211666829e+00
-5.677087139990775633e+00
-5.677084938791173485e+00
-5.668695516452931571e+00
-5.567979687459118310e+00
-5.731670623797451292e+00
-5.674659489176946181e+00
-4.294858136614686295e+00
-4.428269303479128283e+00
-4.748543050027753232e+00
-5.489690783502953586e+00
-5.355306455176076952e+00
-4.746687426783632091e+00
-5.261671303816533474e+00
-5.824855662969944170e+00
-5.555971203297834116e+00
-5.643592253567931927e+00
-4.987513300313363374e+00
-5.333551039504799363e+00
-5.270803624793546582e+00
-5.613022827665482772e+00
-5.335536665502885079e+00
-5.637421982912464991e+00
-5.298177888445428252e+00
-5.641129899896482058e+00
-5.742705621812208783e+00
-5.259428231984072610e+00
-5.641007866594301312e+00
-5.677126438493178995e+00
-5.731711524790799039e+00
-5.676168932263049527e+00
-4.444023619355371935e+00
-5.641879603531759102e+00
-5.649447348740125108e+00
-5.736387810797104692e+00
-5.338353494682351652e+00
-5.835816709082920717e+00
-5.520948292002562319e+00
-5.649431359201994240e+00
-5.840605912888384488e+00
-5.832594453483096686e+00
-5.525301142347982086e+00
-5.813783378418383663e+00
-5.839792563018542992e+00
-5.315683132026677526e+00
-5.358605317193096518e+00
-5.677110390971797926e+00
-5.355311557562778546e+00
-5.677057725246890563e+00
-5.681772476640210456e+00
-5.736075389328497032e+00
-5.344155841007127705e+00
-5.032601883264079312e+00
-5.635233511631724035e+00
-5.824767752125699083e+00
-5.676230383492873344e+00
-5.155724569470351959e+00
-5.635120889086052465e+00
-5.736500466465653147e+00
-5.649432473912891162e+00
-5.309988486533254282e+00
-5.632404348627201962e+00
-5.102154074093067315e+00
-5.731665529240394186e+00
-5.738894048919960689e+00
-5.824866691708740163e+00
-5.613898153334153207e+00
-5.676150444360842151e+00
-5.839707821151451483e+00
-5.561901179930154093e+00
-5.736111609986910942e+00
-5.681829854879927311e+00
-5.676132559720557857e+00
-5.637209477792115564e+00
-5.344066874497862329e+00
-5.639774927773874680e+00
-5.835866923139865214e+00
-5.640068322798902578e+00
-5.834151518863981423e+00
-5.271500653454604723e+00
-5.736369485299825932e+00
-5.375073376877320008e+00
-5.632567217336259979e+00
-5.637330393107842674e+00
-5.738912784532943512e+00
-5.840719478231944706e+00
-5.352888797134353283e+00
-5.333596580826538869e+00
-5.832547635227156135e+00
-5.738361352759887346e+00
-5.834234467128538881e+00
-5.612843091632190529e+00
-5.637154263049670710e+00
-5.344165338104509999e+00
-5.624933948363110225e+00
-4.159913951650821673e+00
-5.677084796871328720e+00
-5.645757492597551774e+00
-5.834847522110341522e+00
-5.333615509987438941e+00
-5.736571587226701574e+00
-5.637353038684426387e+00
-5.624980563917071130e+00
-5.236816295131223598e+00
-4.157555146253916867e+00
-5.712187419918809184e+00
-5.641911453639907315e+00
-5.731691203002625024e+00
-5.657308635276784514e+00
-5.738442167798964988e+00
-5.168734975493621597e+00
-5.641909406343014410e+00
-5.637374601715400502e+00
-5.643595092326406437e+00
-5.668637692085410684e+00
-5.298133064119925351e+00
-5.834865069576019359e+00
-5.301525884669833211e+00
-5.027692290389627949e+00
-5.631196472067991010e+00
-4.313486084786920749e+00
-5.629282474770566758e+00
-5.645007490155986574e+00
-5.344172422783609377e+00
-5.230645500112672153e+00
-5.834886005440703016e+00
-5.333586644701958868e+00
-5.625067347881270052e+00
-5.315736140618517958e+00
-5.677034017110790920e+00
-5.737368909737436518e+00
-5.649402320699309143e+00
-5.674649771598713421e+00
-5.306218436889813539e+00
-3.965698370267828565e+00
-3.777081844138869826e+00
-3.317098818184437636e+00
-3.777081844138869826e+00
-2.632813332567021103e+00
-3.750856803992194788e+00
-3.777081844138869826e+00
-4.085467903815438895e+00
-3.280316204670285618e+00
-3.392542792258741002e+00
-3.262155793040512286e+00
-4.019884762378897136e+00
-4.002991255465656373e+00
-3.794796511860518695e+00
-3.975905405437362372e+00
-4.064532683070358310e+00
-3.086253085439598642e+00
-3.777081844138869826e+00
-3.104191172808745680e+00
-3.955024390930663714e+00
-3.275472558227086495e+00
-3.777081844138869826e+00
-3.591392400638559135e+00
-4.091124009575526799e+00
-3.777081844138869826e+00
-4.013172920322225501e+00
-3.799478064953677237e+00
-4.121553548101545950e+00
-3.908114073607877881e+00
-3.846070596806325348e+00
-3.979352049020836279e+00
-3.968346174137468818e+00
-3.713745755506313362e+00
-3.609422578261737069e+00
-3.461715718769752037e+00
-4.895764136484636708e+00
-5.017826375173443765e+00
-5.207494736572438221e+00
-5.005821662309837272e+00
-4.772183361218502284e+00
-5.054620395482977813e+00
-4.861894157215385981e+00
-5.241754913173019226e+00
-4.738572948845258814e+00
-4.969801379255595286e+00
-4.892387991035976214e+00
-5.253994290382817844e+00
-5.011699650171801856e+00
-4.873358655413370322e+00
-4.925704804716191987e+00
-5.159991368050543592e+00
-5.245757476080227910e+00
-5.299084550104965707e+00
-5.049792585020028035e+00
-4.924624232300216953e+00
-5.099825069524065668e+00
-5.141829912098629940e+00
-5.151626945834753002e+00
-5.271443797173440693e+00
-5.088567155904931916e+00
-4.778405003820009433e+00
-5.251142859058300694e+00
-5.226018444069850943e+00
-5.242194603065462033e+00
-5.490591926265104838e+00
-5.244733019533404317e+00
-4.963466803458591592e+00
-5.034348504130711000e+00
-5.449800170564423674e+00
-5.551248716235621217e+00
-5.185105830997192022e+00
-4.872950644083382521e+00
-5.314064790197105204e+00
-5.069905878497199758e+00
-5.200088875606293293e+00
-5.056086787668231608e+00
-5.218013609021170396e+00
-5.016134572223663213e+00
-4.910382533864158461e+00
-5.605355977445196203e+00
-5.007922910756565926e+00
-4.736368775399150799e+00
-5.418792950829621979e+00
-5.395461993866295103e+00
-5.240979626743197173e+00
-5.286883653271995165e+00
-4.782787467137007198e+00
-4.837881406209899815e+00
-4.588360385524509866e+00
-4.830890759814662871e+00
-4.588021716302150388e+00
-4.695410880052679481e+00
-5.207273474331735486e+00
-4.761598859240915971e+00
-4.758427741452891269e+00
-4.836808397924198921e+00
-4.890264197825494819e+00
-2.851219534121145927e+00
-1.571463672751760576e+00
-2.371334285284642629e+00
-1.598044393532050744e+00
-2.816787712354702489e+00
-2.735248059009919075e+00
-7.728674190368347574e-01
-1.239416628968210476e+00
-3.522319774173246376e+00
-2.066228433133705966e+00
-2.624223313789932011e+00
-2.308634825476655550e+00
-3.692322498564886590e+00
-2.888911793366431002e+00
-3.212391547569711125e+00
-2.855917713029013871e+00
-3.626889943656763204e+00
-2.011368893258913992e+00
-2.084144939725496304e+00
-3.872026955715010654e+00
-1.523810595011292124e+00
-4.007540115041258844e+00
-2.036864517051896861e+00
-2.174253342120000987e+00
-3.413060983601459153e+00
-3.569522861964609994e+00
-3.032820224212058324e+00
-2.842510418975546571e+00
-2.371299147209796399e+00
-3.236249734737548067e+00
-2.943033394280426762e+00
-2.809115602727113359e+00
-3.591377963931685180e+00
-2.918596176809209908e+00
-2.904376076147381358e+00
-2.955603242054997803e+00
-3.039174126744747184e+00
-2.576631852150848001e+00
-3.373997639536420401e+00
-2.750308106246640794e+00
-3.795920541297429729e+00
-3.737963861320111381e+00
-3.220337675180185322e+00
-2.139657466990655177e+00
-3.174057633399463452e+00
-3.389664684623077573e+00
-3.274593378195955751e+00
-3.246822570115793116e+00
-3.106130256880624607e+00
-1.321142932755323463e+00
-2.691532989099752360e+00
-2.902236048176248140e+00
-2.739799827824619172e+00
-3.586088548964950107e+00
-2.953451822975144747e+00
-3.302207422455560426e+00
-3.911106674673557659e+00
-3.031581845768981598e+00
-3.597284327780636115e+00
-2.661385528978931880e+00
-3.456689574808903043e+00
-2.423682363243333970e+00
-1.830113097071411898e+00
-4.480543328728229469e+00
-2.184466890069190814e+00
-3.549300534125501727e+00
-1.225888845945865002e+00
-3.733795336641416274e+00
-3.497787887474977264e+00
-2.639786445695968098e+00
-3.390075460432147025e+00
-3.590712272709464692e+00
-2.748770769466832409e+00
-4.178285699738467862e+00
-4.688897328758880434e+00
-4.448545964780431738e+00
-4.068665105904288204e+00
-4.759425758831076436e+00
-4.204005705887542632e+00
-4.158019354662982003e+00
-4.030123068404622977e+00
-4.416813184612522036e+00
-4.275088031666131272e+00
-4.907696067107223392e+00
-4.489771223571683123e+00
-4.437014198525084829e+00
-4.495776418969533950e+00
-4.176501833113468010e+00
-4.374653496807210828e+00
-4.813978086088372521e+00
-4.309980269258875119e+00
-4.414076691293552734e+00
-4.250572837015598182e+00
-4.499301164467510716e+00
-4.147373477623225391e+00
-4.831094033807954879e+00
-5.018280015447507125e+00
-4.154839235313169787e+00
-4.622137313188051877e+00
-4.797396227895324827e+00
-5.000867184788834408e+00
-4.365955160821112457e+00
-4.841150061029472873e+00
-4.524016344292367542e+00
-4.159457066049392360e+00
-4.192693968119710846e+00
-4.227532107356236857e+00
-4.543554231588460723e+00
-4.495177971357637858e+00
-4.456660700722358648e+00
-4.280412174524990121e+00
-4.219967600967357235e+00
-4.270846796408633850e+00
-4.552832552504359143e+00
-4.245964642303967196e+00
-4.791482082834954248e+00
-4.793163814027339598e+00
-4.631306682980932621e+00
-4.291046594157527316e+00
-4.774018566396834196e+00
-4.894639628042749990e+00
-4.233931506271302325e+00
-4.747592264159331776e+00
-4.266336482373756844e+00
-4.239724144323712807e+00
-4.773923687370312585e+00
-4.470077464895591213e+00
-4.931379205890964457e+00
-4.760891112830182514e+00
-4.472691447776283802e+00
-4.239427537300484161e+00
-4.552066912370349883e+00
-4.262632252214653583e+00
-4.516699825154338654e+00
-4.366552276729282589e+00
-4.548218518604954852e+00
-4.449977863886650731e+00
-4.447764204864263604e+00
-4.117448120159876268e+00
-4.272472223890495968e+00
-4.347540444755422229e+00
-4.327067264310843875e+00
-4.268578784093147505e+00
-5.143490636048587028e+00
-4.447580774847977203e+00
-4.163674543379382698e+00
-4.336421479073401031e+00
-3.571909356617427367e+00
-3.567179453848945858e+00
-3.391589951383934931e+00
-4.029033223422605836e+00
-3.661057417898330613e+00
-3.123007419053076106e+00
-2.921737631197516283e+00
-3.521770344147142850e+00
-4.063161477329669147e+00
-4.093223941375058850e+00
-3.115485618206275120e+00
-3.772191333671937485e+00
-3.539726328882403905e+00
-3.662066416032538907e+00
-3.098308407336774817e+00
-5.027066992039609161e+00
-4.341560670837291802e+00
-4.375281936620089240e+00
-4.798589850317399375e+00
-4.729772718732892400e+00
-4.579498529954275199e+00
-3.013995757353376881e+00
-3.787890338544678492e+00
-3.373821687211543630e+00
-3.324722883996760192e+00
-3.708788411196064949e+00
-3.593072172538652076e+00
-3.690733341715553451e+00
-3.566774715296570530e+00
-3.135436646077853773e+00
-3.635703871394020847e+00
-3.578141961701807983e+00
-3.795617833353298387e+00
-3.158220040931930317e+00
-2.969793840327370482e+00
-3.122581438786792507e+00
-3.285613362477099564e+00
-3.011493189393996683e+00
-3.130410061786274678e+00
-3.858956694528132392e+00
-3.593646565769929691e+00
-3.254001341881668896e+00
-3.470118522518840454e+00
-2.553958097713112441e+00
-2.815635703375704679e+00
-3.031855016927150537e+00
-3.565410709170134140e+00
-3.706345627150079203e+00
-3.125428923815866344e+00
-3.012225332510667375e+00
-3.550528944961527600e+00
-2.880680697092452558e+00
-3.311174422895108105e+00
-3.457420855852816111e+00
-3.570533651623577498e+00
-2.974911689254324809e+00
-3.419654091568695264e+00
-3.569831379764688339e+00
-3.601209254125540049e+00
-2.955292405809473166e+00
-3.291287658632751079e+00
-2.907005271224751386e+00
-3.726049905736555701e+00
-3.583988624956568003e+00
-3.746346564464564377e+00
-3.575559004778124272e+00
-2.900920188293441893e+00
-3.352390720787454814e+00
-3.250988598497092319e+00
-3.772454530718935661e+00
-3.520032865984049408e+00
-2.729090768469196071e+00
-3.758555064081508412e+00
-3.367895926439593346e+00
-2.824763570469843721e+00
-3.519944329590906307e+00
-3.082837815932350622e+00
-2.986520599544872479e+00
-3.696650665361993493e+00
-3.630238687306026613e+00
-2.991551485191865201e+00
-3.647588625217690783e+00
-3.406551159164473042e+00
-3.060561032472823850e+00
-3.534279078918521666e+00
-3.583600170073508728e+00
-3.733406364515289955e+00
-3.050352595808952572e+00
-3.425561084070284590e+00
-3.384765905112274265e+00
-3.739565206483589588e+00
-3.064462209171523011e+00
-3.805569235061053490e+00
-3.288150350743141104e+00
-3.379525928457348449e+00
-3.418761786287384474e+00
-2.901958082693265162e+00
-4.699313724540004067e+00
-4.541668892265425583e+00
-3.966337638683760769e+00
-4.133797594417753629e+00
-4.336130135869426638e+00
-4.072751680037117517e+00
-4.560649664672753012e+00
-4.704354882050935771e+00
-4.388733770812399904e+00
-4.224594277160425015e+00
-4.731392046274044638e+00
-4.508178572610008317e+00
-4.143595095698640485e+00
-4.458159336191232391e+00
-4.495709766524244699e+00
-3.968131297753740849e+00
-3.439695769195385111e+00
-4.136136113976787598e+00
-4.540559309149792888e+00
-4.647145540404472364e+00
-4.561827868258339969e+00
-4.532027758023339459e+00
-4.096932221970341459e+00
-4.827249100748826294e+00
-4.354851056086599392e+00
-4.216083981409822989e+00
-4.467130486675103818e+00
-4.163759198942066142e+00
-4.705147810114566731e+00
-4.162103226758666175e+00
-4.221717747811037036e+00
-4.092613500793975234e+00
-3.878423958546181272e+00
-4.659497567579750310e+00
-4.581405723948783759e+00
-4.630510037989264305e+00
-4.588507006484905837e+00
-4.700117236022642864e+00
-4.459901495042055686e+00
-4.765293555673042469e+00
-4.299258652227609723e+00
-4.502428457845494059e+00
-4.407812718847079481e+00
-4.347142169432686387e+00
-4.468104098141720826e+00
-4.320792365774564381e+00
-4.433574744250738497e+00
-4.620983322693624551e+00
-4.454082918159673277e+00
-4.566001859391945139e+00
-4.587011639174991551e+00
-4.474682434940144837e+00
-4.738270902227379899e+00
-4.703807236772896694e+00
-4.743508887792243556e+00
-4.544981160615590987e+00
-4.577861616164589087e+00
-4.696442213116374553e+00
-4.445162516778057515e+00
-4.558426648047093188e+00
-4.635130846462069520e+00
-4.266156463896187745e+00
-4.609476144881819337e+00
-4.406929428366914259e+00
-4.497658341571271201e+00
-4.551665644317319348e+00
-4.653997507710094794e+00
-4.847709747371080624e+00
-4.510539769774093877e+00
-4.681330554119614185e+00
-4.536517785622683263e+00
-4.476851652364484124e+00
-4.568568144010440868e+00
-4.506820900548365927e+00
-4.473709466001948520e+00
-2.442465408808513150e+00
-2.338333188542882191e+00
-1.049597301311163910e+00
-1.353657633276494909e+00
-3.885720441634999300e+00
-2.473598708417396264e+00
