-5.441713672262714852e+00
-5.395188905682727132e+00
-5.331100668234483919e+00
-5.150331622233172091e+00
-5.465504645081820101e+00
-5.467497953907092700e+00
-5.506186972501972754e+00
-5.481638386334403812e+00
-5.504280990020523845e+00
-5.515740556456753652e+00
-5.513240217807005017e+00
-5.472935969219748564e+00
-5.124802648152640749e+00
-5.149526541859930973e+00
-5.138747114179206932e+00
-5.118934353804991844e+00
-5.153097690128173092e+00
-5.149651353718056157e+00
-5.150587630068807599e+00
-5.142975159336575786e+00
-5.168995538728672123e+00
-5.170260060039349348e+00
-5.146159175183230516e+00
-5.401738498393921617e+00
-5.441261677951636067e+00
-5.479887140017432046e+00
-5.519388896194257654e+00
-5.082231345567749692e+00
-5.420879984911956662e+00
-5.442289308796713243e+00
-5.377098708571968366e+00
-5.343148249283807161e+00
-5.399472048429927895e+00
-5.166223585707997223e+00
-5.432810898042235159e+00
-5.456802612451336465e+00
-5.422539940835622296e+00
-5.132030834659913054e+00
-5.508324187045480436e+00
-5.556219417769538538e+00
-5.724213027866661641e+00
-5.427346602173514611e+00
-5.526780336992679565e+00
-5.699968032097340931e+00
-5.525083462987016247e+00
-5.548608559156369857e+00
-5.482941744528713635e+00
-5.536942787092105078e+00
-5.569154075260172476e+00
-5.714413834924933155e+00
-5.484221004901665530e+00
-5.475340015197185828e+00
-5.540026383013779032e+00
-5.590310726992488100e+00
-5.449722854110599535e+00
-5.482704692876354535e+00
-5.502582514339812825e+00
-5.545828665468691021e+00
-5.585304783737997880e+00
-5.663560606240322315e+00
-5.652978230698353812e+00
-5.745408692182775390e+00
-5.744948828533276597e+00
-5.651239825824519336e+00
-5.645869847578103062e+00
-5.634948030704657107e+00
-5.637299252687671292e+00
-5.647364398978131916e+00
-5.672234541118549522e+00
-5.625972709488439527e+00
-5.675391951309188165e+00
-5.632573799041805884e+00
-5.684854885512407030e+00
-5.623119559092681463e+00
-5.654305660131065281e+00
-5.750901226700408486e+00
-5.641818064793675092e+00
-5.631723597268977421e+00
-5.642655104533386812e+00
-5.653113735751754909e+00
-5.641437254719441796e+00
-5.635344428238376224e+00
-5.638586908116239194e+00
-5.627789383727302308e+00
-5.629325860188522768e+00
-5.657113884265693393e+00
-5.643843899791396446e+00
-5.662004461573962644e+00
-5.651327291781265139e+00
-5.731691785691693575e+00
-5.718788905869926609e+00
-5.739467278604116984e+00
-5.657570449665985102e+00
-5.708195195007308875e+00
-5.704299610963644795e+00
-5.718520792619927740e+00
-5.707973706254533930e+00
-5.689718238997719446e+00
-5.519545017267084575e+00
-5.584238684631351646e+00
-5.538171300297438648e+00
-5.568653211677498938e+00
-5.515064054067736699e+00
-5.549319841631752404e+00
-5.517195428704684268e+00
-5.575192384764251052e+00
-5.634341608361848053e+00
-5.525596663772494921e+00
-5.481805964266199815e+00
-5.521143977998525187e+00
-5.539793650489109211e+00
-5.500601758830637067e+00
-5.487058382805735768e+00
-5.545525962701016276e+00
-5.493478998664278024e+00
-5.547463778155568015e+00
-5.534826968352020593e+00
-5.600040628149272059e+00
-5.554257514628126557e+00
-5.546551396927688948e+00
-5.528228195390317623e+00
-5.544558617636988984e+00
-4.742653594615311441e+00
-4.665550224636054288e+00
-4.612544105730308708e+00
-4.812972965928328684e+00
-4.793028727385555854e+00
-4.744600349542285045e+00
-5.073538820621938505e+00
-5.079860259692176250e+00
-5.047154214329074406e+00
-5.107754873239429116e+00
-4.645281976558086612e+00
-4.654617917642559277e+00
-4.611891545099991774e+00
-4.642845408039756094e+00
-4.765050468394865568e+00
-4.657488753622683220e+00
-4.627944677627121806e+00
-4.625786544348536644e+00
-4.616725421603759649e+00
-4.723463187692928500e+00
-4.632925556691106728e+00
-4.621402164316196881e+00
-4.608758742477782278e+00
-4.725065955582924637e+00
-4.716084736363500340e+00
-4.743667105704614251e+00
-5.504891783875020650e+00
-5.455331010512852075e+00
-5.394426472188144750e+00
-5.519366236578842511e+00
-5.670569402959121597e+00
-5.720982315108333438e+00
-5.602291857069987557e+00
-5.155857335425092280e+00
-5.224975685119759738e+00
-5.251892069391512763e+00
-5.758259973287544575e+00
-5.773714612671684954e+00
-5.781716782475162297e+00
-5.733953901484404092e+00
-5.768491152473695038e+00
-5.547118935799678852e+00
-5.523613765612211068e+00
-5.550570126688822548e+00
-5.530200150023973471e+00
-5.546897289772521056e+00
-5.668797700668181783e+00
-5.735780381140779483e+00
-5.302291147540018734e+00
-5.247482913531025694e+00
-5.284877448460477467e+00
-5.312328518813001388e+00
-5.340287742859426423e+00
-5.522237242035748395e+00
-5.312461158237014480e+00
-5.351844818887798283e+00
-5.362283569472698019e+00
-5.354720094128461838e+00
-5.349644513057776329e+00
-5.318999268760852495e+00
-5.327330636273307718e+00
-5.316177355880876476e+00
-5.322119476333507571e+00
-4.717607916308746319e+00
-4.740908332441859052e+00
-4.714660778670754837e+00
-4.719497483974755880e+00
-4.734501992651928504e+00
-4.725978146787155332e+00
-4.709723776820468721e+00
-4.731302012127894585e+00
-4.735623454163567558e+00
-4.729595695007021483e+00
-4.736178032615889322e+00
-4.700759092903049385e+00
-4.687017684553677732e+00
-4.709795844788351893e+00
-4.691770271220233823e+00
-4.707058276137605191e+00
-4.691239457846890559e+00
-4.682530498962704790e+00
-4.694600187070663289e+00
-5.206587309785401629e+00
-5.126861285058051720e+00
-5.143846083804441527e+00
-5.132980795037922483e+00
-5.163717807274150751e+00
-5.182064255627376603e+00
-5.195410007908264127e+00
-5.168512679162223122e+00
-5.168711051535457734e+00
-5.394457760350587883e+00
-5.350762687785366012e+00
-5.335441414127201298e+00
-5.337092080252394233e+00
-5.295944926169507738e+00
-5.406287839413496776e+00
-5.393686824543634017e+00
-5.329070461538965020e+00
-5.296086084325130727e+00
-5.095963511510815280e+00
-5.270167735121811248e+00
-5.240884468836590315e+00
-5.350719124086256606e+00
-5.307941266897631571e+00
-4.867934967586529105e+00
-4.845223407096961310e+00
-4.852403932642606499e+00
-4.858194208732538932e+00
-4.867734915344013480e+00
-4.774042464490406701e+00
-4.702010863775185179e+00
-4.728336196563567739e+00
-4.876483414523188564e+00
-4.867734126536980455e+00
-4.946461749690293175e+00
-5.263715957487608677e+00
-4.915491043425084250e+00
-5.275197393420594238e+00
-5.280973543596878983e+00
-5.203435917799445143e+00
-5.159328793713818584e+00
-4.905379147586219624e+00
-5.205600557830660335e+00
-4.954200430543278522e+00
-5.351436232051315578e+00
-4.940342734099439248e+00
-4.893066850385559441e+00
-5.322907035133981779e+00
-4.930771362749321263e+00
-4.926855007699177946e+00
-4.951333661435550759e+00
-5.253751552328056462e+00
-5.245111724038903134e+00
-5.254144174872307005e+00
-5.230150982579541363e+00
-5.148669049182275081e+00
-5.263333763692538803e+00
-5.259352671745960883e+00
-5.242440699837266571e+00
-5.250611453998955902e+00
-5.129498080449024222e+00
-5.094784155127372927e+00
-5.148226564683283435e+00
-5.147572762814884406e+00
-5.168742628751245682e+00
-5.136528865990839243e+00
-5.274820816236593046e+00
-5.241718205011149934e+00
-5.120790260353914825e+00
-5.151376799141045737e+00
-5.125361630878984442e+00
-5.566692274851691380e+00
-5.562175196167493674e+00
-5.578047895595175554e+00
-5.565689549752597998e+00
-5.579909916687197047e+00
-5.567926274699570577e+00
-5.546742581283542251e+00
-5.567619318643115101e+00
-4.737498094589702724e+00
-4.717552594612945072e+00
-5.093949551385411390e+00
-4.714199306172006665e+00
-4.632445860636333457e+00
-4.698014652736822505e+00
-4.570422685752275171e+00
-4.632578772942260947e+00
-5.682902607412740004e+00
-5.645273662990673458e+00
-5.515231798731758062e+00
-5.537917671706843237e+00
-5.542203776418457295e+00
-5.512174131859127968e+00
-5.544805491766486405e+00
-5.628578425573764754e+00
-5.691098746182150059e+00
-5.669887441153077745e+00
-5.670744746459546626e+00
-5.634691146963534791e+00
-5.649996037695045104e+00
-5.638279446898410541e+00
-5.639840957506431884e+00
-4.763890558926965113e+00
-4.762768712797881498e+00
-4.735967764135685876e+00
-4.736839166451082939e+00
-4.741106266124605284e+00
-4.730327756043585907e+00
-4.740804981451369748e+00
-4.745467397682144650e+00
-4.794437847506095807e+00
-4.775989706732389095e+00
-4.799337360876734238e+00
-4.750481513673729950e+00
-4.799781680057602529e+00
-4.735802342694924505e+00
-4.741711212621918747e+00
-4.816180098421278366e+00
-4.706496071822169114e+00
-4.826192346962287161e+00
-4.845059128791246117e+00
-4.825664887695213068e+00
-4.797358605197636017e+00
-4.754735076502413449e+00
-4.791264253649165639e+00
-4.812829332888580502e+00
-4.805609036762650277e+00
-4.776633674803230534e+00
-4.797360821598779523e+00
-4.822774060154798370e+00
-4.817456892246699596e+00
-4.802704648396319165e+00
-4.807154029575797516e+00
-4.834346951902825040e+00
-4.802624301083370462e+00
-4.822247645831367890e+00
-4.823143831450644292e+00
-4.834440681357746961e+00
-4.849515868425035237e+00
-5.101375661855317212e+00
-5.106164588910071522e+00
-5.100528022114462878e+00
-5.093732215462842383e+00
-5.098578649851011946e+00
-5.106751832125855373e+00
-5.305025262746710268e+00
-5.301033126852461308e+00
-5.295630042842606855e+00
-5.294700499546255656e+00
-5.299762578988110207e+00
-5.301181129872354347e+00
-5.295056181140732399e+00
-5.298730719242900733e+00
-5.294361087308944391e+00
-5.296146646279114911e+00
