-5.186744072112178472e+00
-5.195412323162259760e+00
-5.797682248108529279e+00
-5.394742714996780819e+00
-5.391289863151971673e+00
-5.316911012710084705e+00
-5.471710906846842803e+00
-5.217820121275272172e+00
-5.242994279357366949e+00
-5.276035651479675792e+00
-5.473444387749002438e+00
-5.344749642456031680e+00
-5.331972587454193224e+00
-5.466764940874654144e+00
-5.274763638217130790e+00
-5.297105429260436260e+00
-5.519681734237449788e+00
-5.441629500666364194e+00
-5.446173666157977600e+00
-5.460866565958089502e+00
-5.347279537028932772e+00
-5.339996695038286667e+00
-5.286970594529730505e+00
-5.374426153558121477e+00
-5.491955575102727138e+00
-5.442784271741409441e+00
-5.693656324501477073e+00
-5.470886125796770472e+00
-5.489434365375796432e+00
-5.285061050202128463e+00
-5.267264372127842265e+00
-5.338937447080053467e+00
-5.486470655063994784e+00
-5.465374073121905596e+00
-5.413985605233954779e+00
-5.259216572388369926e+00
-5.262859870859440292e+00
-5.607129973625206709e+00
-5.565606876049507434e+00
-5.651391742160670972e+00
-5.210730091882612491e+00
-5.284334716619099481e+00
-5.765899652135948017e+00
-5.584856481317971522e+00
-5.110288457468426415e+00
-5.235168705007021472e+00
-5.738883977749769549e+00
-5.186624256937003352e+00
-5.575346057170264658e+00
-5.132123763584976572e+00
-5.562348438126176298e+00
-5.593342882353293355e+00
-5.256550022311991199e+00
-5.634962854751984551e+00
-5.042896029236453082e+00
-5.518764075784653222e+00
-5.512117982486295809e+00
-5.582196690091192792e+00
-5.518195317416077827e+00
-5.531423923536592291e+00
-5.544825354663048600e+00
-5.776404395115342538e+00
-5.777291347107758490e+00
-5.780997103749760946e+00
-5.531588868275373549e+00
-5.614679439965549967e+00
-5.588595057931576626e+00
-5.591209023767351738e+00
-5.777084823866659669e+00
-5.602397275133362164e+00
-5.548772872799653477e+00
-5.579054057479529760e+00
-5.581691881794621501e+00
-5.652792277344440564e+00
-5.542025614218005103e+00
-5.566053436734693882e+00
-5.589567840197551263e+00
-5.599352553141061506e+00
-5.586514033925927158e+00
-5.144591154766733787e+00
-5.528122777795625886e+00
-5.591828914640189829e+00
-5.570428646710674059e+00
-5.628489125376003877e+00
-5.588843420248508664e+00
-5.646631009209196250e+00
-5.075210564488105369e+00
-5.600150954761969224e+00
-5.618543380220224037e+00
-5.095986279997513080e+00
-5.613633850896575517e+00
-5.554990869919454788e+00
-5.544022289555619487e+00
-5.591097864756438440e+00
-5.082700777459342234e+00
-4.914558321311721656e+00
-5.780515762152329984e+00
-5.594844075641915104e+00
-5.590299869405584765e+00
-5.521331844715691162e+00
-5.570688125960066017e+00
-5.175652473687692989e+00
-5.610942279865431814e+00
-5.546046422586567992e+00
-5.622740952337796472e+00
-5.780723730700070284e+00
-5.592329417960757887e+00
-5.565526976180482421e+00
-5.614604850061206243e+00
-5.648674441989885331e+00
-5.592616821555401074e+00
-5.550997230464769672e+00
-5.601914289014273685e+00
-5.772685165289107800e+00
-5.656926609278497331e+00
-5.545130775310881610e+00
-5.780247852329130076e+00
-5.561314686192419643e+00
-5.582276287499064793e+00
-5.635603986266850107e+00
-5.557242030041709135e+00
-5.559123038829580921e+00
-5.577457496483072319e+00
-5.761978992178844905e+00
-5.776266615880247812e+00
-5.531756127734889006e+00
-5.586421451015062267e+00
-5.522032048838659612e+00
-5.574778736202936180e+00
-5.439430605649101302e+00
-5.444784901511571462e+00
-5.529921399632965695e+00
-5.672084179490338052e+00
-5.650867772882455675e+00
-5.591505223298361749e+00
-5.588982599474713986e+00
-5.694071393662033742e+00
-5.590135967644787485e+00
-5.376153407448626353e+00
-5.531833470141982900e+00
-5.542128502253479638e+00
-5.611168061807050300e+00
-5.696854376384271390e+00
-5.544370539312971857e+00
-5.597426696384156131e+00
-5.543830631082469651e+00
-5.693625361197289791e+00
-5.778413438009232017e+00
-5.539820476027012219e+00
-5.543339319628326045e+00
-5.603912719836539935e+00
-5.578241343441337818e+00
-5.560871748406730042e+00
-5.591393494321501123e+00
-5.334129025790806722e+00
-5.258488425610270411e+00
-5.536238526540348204e+00
-5.597715482517100938e+00
-5.303710435095454478e+00
-5.281861145446042016e+00
-5.524211943256719159e+00
-5.688848185935365898e+00
-5.560171459094326529e+00
-5.633751044011763298e+00
-5.571375107031023788e+00
-5.353215733038070745e+00
-5.581720724270765821e+00
-5.102523823131947189e+00
-5.536646361359662372e+00
-5.107273651932462855e+00
-5.323101491318947609e+00
-5.556335854565928045e+00
-5.620986988453161359e+00
-5.596393859388084202e+00
-5.574035147073703733e+00
-5.135997037957642064e+00
-5.770963020899851692e+00
-5.573337760783944717e+00
-5.201900080509505031e+00
-5.684679347101060820e+00
-5.552066852231673622e+00
-5.571081859066529418e+00
-5.612020622805783177e+00
-5.566395661414483165e+00
-5.753578571782609785e+00
-5.522513509066280690e+00
-5.244231340925543883e+00
-5.104264902602093201e+00
-5.585959174375730640e+00
-5.547258799946233054e+00
-5.577048826541076920e+00
-5.520360647880890426e+00
-5.560639305969865553e+00
-5.565862371750754711e+00
-5.707381682673045908e+00
-5.787439680477569404e+00
-5.587246429492028099e+00
-5.611364928316615597e+00
-5.569098619605902911e+00
-5.691339893724979504e+00
-5.602125540853442942e+00
-5.795641802871684511e+00
-5.225262146483394154e+00
-5.609736815269600996e+00
-5.270087002244085994e+00
-5.567671161093477927e+00
-5.595691462218645107e+00
-5.588065113109530913e+00
-5.591577788036804719e+00
-5.611816411137689364e+00
-5.379948862754377004e+00
-5.597823444771608870e+00
-5.767778587135713231e+00
-5.602779727689964240e+00
-5.562775412723631518e+00
-5.448098406562974283e+00
-5.605344063348975503e+00
-5.571066667422445384e+00
-5.523356491905821564e+00
-5.545714450749167135e+00
-5.287554587486227753e+00
-5.556444502250298179e+00
-5.599225605241999304e+00
-5.708766685637955085e+00
-5.255167420043766136e+00
-5.556111450476927338e+00
-5.699048326753390903e+00
-5.572293542980634840e+00
-5.573988193855486273e+00
-5.301568150499898380e+00
-5.602625718155263890e+00
-5.580135352049582664e+00
-5.709825758735103562e+00
-5.613911439903347400e+00
-5.611280033552819901e+00
-5.681850315388628836e+00
-5.608677063151115583e+00
-5.567116385528508182e+00
-5.062887270479994761e+00
-5.789720568886069785e+00
-5.519551666222267450e+00
-5.552469002295173262e+00
-5.308536296493540085e+00
-5.558257053946530135e+00
-5.589218708734300378e+00
-4.990799035862166555e+00
-5.564618781934963287e+00
-5.561020459074084599e+00
-5.581308138960330290e+00
-5.573897297839709886e+00
-5.599749173092882337e+00
-5.616761520064684099e+00
-5.532221856154048822e+00
-5.779530617502564915e+00
-5.620707091380204190e+00
-5.650621295488188700e+00
-5.595482130525032183e+00
-5.611494766305069604e+00
-5.128646795819372883e+00
-5.141799528548831155e+00
-5.611126079977428738e+00
-5.584897719445184983e+00
-5.748104819971272761e+00
-5.555699295357529266e+00
-5.523632796703774162e+00
-5.673382957445292085e+00
-5.773242475507681881e+00
-5.042024441921252986e+00
-5.689800223217293507e+00
-5.587261412736451938e+00
-5.537339883618368042e+00
-5.534634871641206821e+00
-5.578980543247303636e+00
-5.125214618289517077e+00
-5.089356959425538562e+00
-5.634282075710220994e+00
-5.563959072274456297e+00
-5.708447291296503856e+00
-5.608650907711519196e+00
-5.767798826201357976e+00
-5.596824524768416076e+00
-5.111662706002569223e+00
-5.564012964646104287e+00
-5.714704490743990561e+00
-5.555215012170306110e+00
-5.513346851220502387e+00
-5.606398697152870092e+00
-5.589263036307071886e+00
-5.584683535930675014e+00
-5.677828188429479894e+00
-5.168030070589631819e+00
-5.572702802208096884e+00
-5.589920357510298032e+00
-5.270710780846685317e+00
-5.785827896506625656e+00
-5.687680556247170394e+00
-5.616524053094775759e+00
-5.580862408931725582e+00
-5.075985866510735356e+00
-5.761838262751017403e+00
-5.590748133514965801e+00
-5.560044244481423092e+00
-5.540663206488706471e+00
-5.522387302881005766e+00
-5.570841999128650635e+00
-5.587367169998456617e+00
-5.584443924465015918e+00
-5.256314906347858695e+00
-5.558823362287790282e+00
-5.648132686842397554e+00
-5.567632202768324490e+00
-5.594976388316472260e+00
-5.133814490925665552e+00
-5.777754690920669844e+00
-5.677583200116480988e+00
-5.612545064772975323e+00
-5.690054560932920502e+00
-5.059908398542585672e+00
-5.605422857769120526e+00
-5.775412247074047656e+00
-5.587311093257508965e+00
-5.293791539027964177e+00
-5.566591824577630021e+00
-5.602035883985002407e+00
-5.774101131382433749e+00
-5.305098683172693619e+00
-5.599349593788817359e+00
-5.663352843752627486e+00
-5.612898477762789717e+00
-5.771798583610542543e+00
-5.228976156333188463e+00
-4.960658253542181484e+00
-5.587059462739620841e+00
-5.542011046126368079e+00
-5.540351954131005563e+00
-5.774597229664757414e+00
-5.669660173027160965e+00
-5.336903501193034138e+00
-5.599525960181181539e+00
-5.605600416304898914e+00
-5.234883218597976118e+00
-5.573280681119871183e+00
-5.668627217611638791e+00
-5.560648837080906404e+00
-5.613969667820595255e+00
-5.772158597556154902e+00
-5.763230400126508002e+00
-5.567259557452338470e+00
-5.603701546442370507e+00
-5.057014292162284264e+00
-5.599462231532166712e+00
-5.038452934194613597e+00
-5.111601260988067885e+00
-5.673420971643192701e+00
-5.579180449970517763e+00
-5.582700001365361153e+00
-5.607474370403216390e+00
-5.596382612198588902e+00
-5.688773412496359150e+00
-5.226845867910123289e+00
-5.619970164485985187e+00
-5.168388858325687174e+00
-5.623882001245824824e+00
-5.592868270526828667e+00
-5.536010198190406406e+00
-5.588075194944371660e+00
-5.576646108215771669e+00
-5.573220993412095758e+00
-5.602912079830602465e+00
-5.624479022407108175e+00
-5.637992023262510699e+00
-5.598832844960056399e+00
-5.779462603185589131e+00
-5.594923644865439805e+00
-4.998468272564656978e+00
-5.262882985123824575e+00
-5.268572233122602810e+00
-5.339439345464092490e+00
-5.654749033404635306e+00
-5.207762172839891512e+00
-5.693169565416694056e+00
-5.694081835445893525e+00
-5.566432402343417074e+00
-5.570491369923287195e+00
-5.214231542098999306e+00
-5.249976793192619340e+00
-5.620585698256736151e+00
-5.569266764788466162e+00
-5.188135596684150030e+00
-5.535472988640418812e+00
-5.431820573350370829e+00
-5.555262663230296383e+00
-5.757284643406149094e+00
-5.617495242672537081e+00
-5.594574020129539527e+00
-5.632984843792976370e+00
-5.559470332495252798e+00
-5.191346620433282766e+00
-5.600751339340399149e+00
-5.754765621932834918e+00
-5.573505771203927317e+00
-5.559039020484301652e+00
-5.632808530121298674e+00
-5.612235172488079016e+00
-5.599583395075146797e+00
-5.559212950565201261e+00
-5.543825310306027987e+00
-5.365138660882245780e+00
-5.135909634428951875e+00
-5.175168179350521314e+00
-5.044599830260692030e+00
-5.577225363853490769e+00
-5.624266554799157269e+00
-5.563266832314027077e+00
-5.627252357884149347e+00
-5.154463016193528979e+00
-5.608675007230710108e+00
-5.120096195253394100e+00
-5.587159717914956580e+00
-5.566811515835373037e+00
-5.659101027056046895e+00
-5.391445427184982542e+00
-5.654905890534428714e+00
-5.657350629728873592e+00
-5.299541219867619724e+00
-5.610460856999957890e+00
-5.533928880454923593e+00
-5.325153388533911070e+00
-5.593148677784347989e+00
-5.583427087417960344e+00
-5.597656809934917987e+00
-5.685570702417830802e+00
-5.603223519987716728e+00
-5.323964539133669405e+00
-5.670926926906201260e+00
-5.749912545635194938e+00
-5.620161857015041562e+00
-5.591717612061290588e+00
-5.762968418461829501e+00
-5.329099287139945851e+00
-5.179231141138739503e+00
-5.090478584920341554e+00
-5.574017805100935696e+00
-5.621000955175766478e+00
-5.577634640606902394e+00
-5.596978529703853233e+00
-5.219835380480444265e+00
-5.190185404704204863e+00
-5.397893021725477247e+00
-5.826012985702746505e+00
-5.424566974364545935e+00
-5.438245173488263973e+00
-5.216719996890269329e+00
-5.191716326969985751e+00
-5.307046604029496351e+00
-5.166128849317560778e+00
-5.209103688299223656e+00
-5.200454706356769208e+00
-5.137685030489720361e+00
-5.227445340891459402e+00
-5.349124488171129066e+00
-5.754937599755092670e+00
-5.063010012326477849e+00
-5.433311800696991156e+00
-5.435822514275753470e+00
-5.352788729088453046e+00
-5.321582630480535592e+00
-5.438229298788354704e+00
-5.339354195209075726e+00
-5.192980165951632365e+00
-5.393872475763386909e+00
-5.855994500091297184e+00
-5.209104620621979542e+00
-5.619239089366162787e+00
-4.955942563011472402e+00
-5.168197311586211207e+00
-5.353678238886238283e+00
-5.313302558430380351e+00
-5.378738957645180285e+00
-5.279854948505658285e+00
-5.514401227777407932e+00
-5.195379271088001794e+00
-5.014925251423075991e+00
-5.337057068109865909e+00
-5.313686799485273227e+00
-5.856007862645159712e+00
-5.312707153100519442e+00
-5.787981021884256450e+00
-5.313689370721740524e+00
-5.429368310858784241e+00
-4.567467981972532343e+00
-5.300496768872769771e+00
-5.408735294759511092e+00
-5.137685449017652672e+00
-5.170597990489460116e+00
-5.835586600039199823e+00
-5.766359623452867567e+00
-4.656049783886681226e+00
-5.137107835127908473e+00
-5.206397444634899507e+00
-5.314917515267253201e+00
-5.469976401308124458e+00
-4.979841656350264323e+00
-5.378740467578794870e+00
-5.195788807448710855e+00
-5.192979915459031481e+00
-5.198888210163556955e+00
-5.308271802070025025e+00
-4.778937283912784828e+00
-5.378738315600019249e+00
-5.703810572715765304e+00
-5.015737165091699090e+00
-5.316735930374637320e+00
-5.360657393354087752e+00
-5.300532844202444416e+00
-5.201066660236658201e+00
-5.300195373549922095e+00
-5.311362387453550937e+00
-5.300498904223768903e+00
-5.393840781290964337e+00
-5.469921385669819003e+00
-5.191939251923509246e+00
-5.410473044764276374e+00
-4.977758296324216403e+00
-5.401822141562424129e+00
-5.209105109697516056e+00
-5.835586428891041066e+00
-5.063011444381780635e+00
-5.305772999417889046e+00
-5.073729090953200682e+00
-5.079473440356632175e+00
-4.656046171175286297e+00
-5.335700422236270057e+00
-5.361656513194734686e+00
-5.070100090851489050e+00
-5.174943867074197179e+00
-4.436052601339775414e+00
-5.284634357491741596e+00
-5.413245766628509870e+00
-4.814362434412794656e+00
-5.076782439892692622e+00
-5.174942245853689116e+00
-5.166129045301607547e+00
-5.166128998632546043e+00
-5.197866993614672637e+00
-5.370384455838471460e+00
-5.363075618604276507e+00
-5.079404215499321751e+00
-4.706275117770903016e+00
-5.183304423657143722e+00
-5.172594655753892212e+00
-5.766336464655446470e+00
-5.309304609056015423e+00
-5.321745462401856308e+00
-5.192979114657245709e+00
-5.410464387836060318e+00
-5.668223603956007217e+00
-5.300532719214475108e+00
-5.198887509307128063e+00
-5.319570991040555974e+00
-5.757822170364566894e+00
-5.376408885413475502e+00
-5.202140192250108264e+00
-5.094478699656273868e+00
-5.757830446997648011e+00
-5.395776347128062866e+00
-5.351653755514534261e+00
-5.190185634309274931e+00
-5.754939605804178626e+00
-5.071446399815533468e+00
-4.962355368182874038e+00
-5.181779266360149627e+00
-5.362277482596012668e+00
-5.195788072470279850e+00
-4.822697997837288142e+00
-5.380746708021690417e+00
-4.828858027681575571e+00
-5.271242875138786310e+00
-5.234971331245498405e+00
-5.438199989808431667e+00
-5.283316077977777248e+00
-4.620984678481086405e+00
-5.401821259551208954e+00
-4.723444321059528939e+00
-5.314933269170683872e+00
-4.979529969909795462e+00
-5.370756353671661820e+00
-5.351465694917401983e+00
-5.037353821674282806e+00
-5.270540047418461604e+00
-5.192977544882841023e+00
-5.413221050581723759e+00
-5.352818352514997713e+00
-4.891772016440484094e+00
-5.166129545777808474e+00
-5.351655913581332413e+00
-5.052786804416631306e+00
-5.401932898240394465e+00
-5.215123157885728666e+00
-5.137688193202776255e+00
-5.197866992248598272e+00
-5.168304738400575360e+00
-5.238295918978452370e+00
-5.077780433029591478e+00
-4.453963845949788336e+00
-5.047887821554557064e+00
-5.835587944743862110e+00
-5.305775024844467502e+00
-5.197866893433843671e+00
-5.191316511290057001e+00
-5.215126478861937365e+00
-5.195379193164323617e+00
-5.424618521887528466e+00
-5.390848778046621881e+00
-5.348892291948589950e+00
-5.351464599936651467e+00
-5.703815577096961853e+00
-5.191940518573688657e+00
-5.362708743695041136e+00
-5.192980051062562552e+00
-5.328617849319485344e+00
-5.783494038526567849e+00
-5.438267193813127953e+00
-5.292528060886142249e+00
-5.352858527022267943e+00
-5.385144851402393407e+00
-5.319553040946658484e+00
-5.824252202740658468e+00
-4.505498740130306601e+00
-5.033007027390615562e+00
-5.330619369064327984e+00
-5.185833771916031232e+00
-5.170594290273293758e+00
-5.212980206935321270e+00
-5.174941375714345426e+00
-5.774088457958441722e+00
-5.305771852503621488e+00
-5.410472920201470082e+00
-5.153783962763572646e+00
-5.369215193213802806e+00
-5.304429160687853972e+00
-5.358262628374481196e+00
-5.153778150726679108e+00
-5.161570078831775987e+00
-5.080350494899639635e+00
-4.968666832512820264e+00
-5.370090157926579622e+00
-5.390876760422955272e+00
-5.348783048885410452e+00
-5.726736922140763575e+00
-5.162429089932435211e+00
-5.399216581800509118e+00
-5.293645779916358762e+00
-5.351465768728216332e+00
-5.314497860859325407e+00
-4.872439011148317789e+00
-5.619237842148474549e+00
-5.191940348794600091e+00
-5.181779806888612505e+00
-5.216727129014505415e+00
-4.584827408563127982e+00
-5.278981154217644800e+00
-5.327360953463143645e+00
-5.300502210994419094e+00
-5.292530743140699379e+00
-5.389862256514645900e+00
-5.264480774278847974e+00
-5.198886577581928847e+00
-5.116786637525521542e+00
-4.949622524765894482e+00
-5.135679974537181280e+00
-5.285769116185061733e+00
-5.188154141316685397e+00
-5.209104657296575347e+00
-5.395769071658672367e+00
-5.766361389861101472e+00
-5.376408572795459584e+00
-5.362190999780219514e+00
-5.069544244338249683e+00
-4.942870898453791462e+00
-5.243488667641236667e+00
-4.978487864843812005e+00
-5.141465020592331570e+00
-5.201337359694243823e+00
-5.162385773205659945e+00
-5.088094639682600118e+00
-5.077778833000376579e+00
-5.141293474516071882e+00
-5.340650672570199653e+00
-5.316731733757445788e+00
-5.269050632076211826e+00
-5.140302732729407076e+00
-5.132077494174069443e+00
-5.757821075277886003e+00
-5.170293108082995026e+00
-5.146239778890668859e+00
-5.245455957325492413e+00
-5.413234377927223839e+00
-5.284565204114021419e+00
-5.118230303303983320e+00
-5.351655277583257764e+00
-4.501987693973928728e+00
-5.446111318837953519e+00
-5.013594755432112748e+00
-5.757818345570888674e+00
-5.192978759079830198e+00
-5.191939615050597645e+00
-5.405396580475209767e+00
-5.338959076322644215e+00
-5.856013472008488208e+00
-5.040551309256589896e+00
-5.216721007407809196e+00
-5.305772987064646173e+00
-5.055776912544920343e+00
-5.205623311868187386e+00
-4.866810916120344110e+00
-5.217710815708238137e+00
-5.217711772868629971e+00
-5.188622680968337342e+00
-5.244318095999386031e+00
-5.348143918547894060e+00
-5.399347408039258056e+00
-5.362700036139782966e+00
-5.181780382274268959e+00
-5.196792459682670007e+00
-5.378742559545663937e+00
-5.202140455896470783e+00
-5.315183745916026048e+00
-5.338224162310716281e+00
-5.412881700465669077e+00
-5.065758603266094617e+00
-5.335200295285592809e+00
-5.351467060801792464e+00
-4.582080273756506728e+00
-5.292885433647407822e+00
-5.325166756008701263e+00
-5.351464403037396345e+00
-5.314880842306265230e+00
-5.365674250852628724e+00
-5.183910344743970278e+00
-5.319571132624194121e+00
-5.352860110681355366e+00
-5.348333147995874448e+00
-5.114671982305297959e+00
-4.830399216938680240e+00
-5.063858208671883077e+00
-5.078720176582675272e+00
-4.966084965730209078e+00
-4.875357148883987968e+00
-4.812285913399493964e+00
-5.061234561017236011e+00
-5.255461415832392014e+00
-5.067486187601375924e+00
-5.261911914107459509e+00
-4.811037026236983039e+00
-5.033925032843725056e+00
-4.898011715736315885e+00
-5.082288492829416526e+00
-4.862670772324078960e+00
-4.915438328055769190e+00
-5.162731499765877530e+00
-4.862843004705083239e+00
-4.953430632855534199e+00
-5.008881934283873072e+00
-5.276266999340597508e+00
-5.039266151822936024e+00
-4.878277068007593087e+00
-5.346212179023342337e+00
-4.950903240183398779e+00
-4.918086481399750021e+00
-5.081809637357805443e+00
-4.862867315350854369e+00
-4.921425656429530449e+00
-4.742945775346092852e+00
-5.138694490571353413e+00
-5.160795031716389758e+00
-5.199505655955813488e+00
-5.076063694907259283e+00
-5.167351529191912540e+00
-5.161404257754729663e+00
-5.252364225948017662e+00
-4.839507821087474682e+00
-5.018805161123254699e+00
-4.955825292962150463e+00
-5.064548842940475026e+00
-4.945157818205674793e+00
-5.121928961310687534e+00
-5.243962200495743353e+00
-5.131310439367428700e+00
-4.868073517783785498e+00
-4.861233905062030125e+00
-4.991707315026819636e+00
-5.155475239406897003e+00
-5.092966345692678587e+00
-5.085964033713390897e+00
-4.988959570727579340e+00
-5.160382991365228378e+00
-5.022801502957949360e+00
-4.873094927608887517e+00
-5.065483110757330820e+00
-5.300473913943731574e+00
-4.484429196692739872e+00
-5.636499787908395120e+00
-5.674083806833971622e+00
-5.303082195039040769e+00
-5.836925712235246699e+00
-5.605047034073918688e+00
-5.836924996003493682e+00
-5.630254730365010118e+00
-5.673515975183335058e+00
-5.630320654976665118e+00
-4.753031009225495929e+00
-5.630276189935659481e+00
-5.626223591533919155e+00
-5.835303070730256003e+00
-5.731903192538937653e+00
-5.303266874245948337e+00
-5.637088314587491489e+00
-5.643294921335971992e+00
-5.296059173417908994e+00
-5.626210768302677856e+00
-4.961177792069873860e+00
-5.731910328321080605e+00
-5.630362651518900918e+00
-5.636504092348194384e+00
-5.239845493270896881e+00
-5.674124428545347598e+00
-5.841204080446240177e+00
-5.209176632697781528e+00
-5.604724226877418225e+00
-5.731521012458508757e+00
-5.333494033194423167e+00
-5.354650373508356154e+00
-5.643066541415851844e+00
-5.634528741329624779e+00
-5.646689932084825614e+00
-5.637211163101673250e+00
-5.433820223519053805e+00
-4.580939140047338931e+00
-5.637555728233971664e+00
-5.734163973695639349e+00
-5.674090231673089235e+00
-5.674090003674042926e+00
-5.665998386866242242e+00
-5.575867777765235900e+00
-5.727275759161237545e+00
-5.671934468546286467e+00
-4.289455966086787697e+00
-4.431317738457799749e+00
-4.753897811907782156e+00
-5.496130412819409727e+00
-5.354636450475632081e+00
-4.752011659999710425e+00
-5.269723512349520078e+00
-5.827749311994340431e+00
-5.560507245138641252e+00
-5.636501722007351667e+00
-4.991224030616694840e+00
-5.333482490764026807e+00
-5.280169238608896087e+00
-5.605244771699267936e+00
-5.335068848826800547e+00
-5.630355717691621464e+00
-5.300418312225934514e+00
-5.638683881143830234e+00
-5.739219004739481100e+00
-5.264371553243228696e+00
-5.638559238359966308e+00
-5.674131496144085851e+00
-5.727316053608128676e+00
-5.673489602587047820e+00
-4.445819009712897341e+00
-5.634507035675646591e+00
-5.646687750171257569e+00
-5.731878436966805879e+00
-5.337244756860600070e+00
-5.834490640806805573e+00
-5.521450094036468137e+00
-5.646693333506215495e+00
-5.841178347332121490e+00
-5.833496957374281422e+00
-5.530702869465160987e+00
-5.817646475512843196e+00
-5.839583384538259203e+00
-5.315191936283708785e+00
-5.357246121360748070e+00
-5.674115221232249873e+00
-5.354645297336501741e+00
-5.674063107638690262e+00
-5.678656536697102020e+00
-5.731491933712185016e+00
-5.344342004838286364e+00
-5.036303582073584195e+00
-5.628655607529799987e+00
-5.828100750483473647e+00
-5.673551969447424348e+00
-5.154167636482215542e+00
-5.628505862484888489e+00
-5.733265565243299555e+00
-5.646671671319769992e+00
-5.312582981629388357e+00
-5.624862753990520048e+00
-5.103591856520838910e+00
-5.727267809066066029e+00
-5.737040916587243800e+00
-5.827760118601952755e+00
-5.610677547000227250e+00
-5.673471446278771424e+00
-5.839499417609023801e+00
-5.564701647764928261e+00
-5.731524095429720411e+00
-5.678714887525385002e+00
-5.673452806617095057e+00
-5.630230357034700539e+00
-5.342594230451197745e+00
-5.637866234468745574e+00
-5.834538329109904886e+00
-5.637518378849249778e+00
-5.836936774600108180e+00
-5.280883138677310740e+00
-5.731858106973728439e+00
-5.373717366698768316e+00
-5.626172022103916426e+00
-5.630278092161770331e+00
-5.737069508234836412e+00
-5.841294241051729230e+00
-5.352224073600109655e+00
-5.333532959242322846e+00
-5.833455452488862214e+00
-5.736635439061411823e+00
-5.835704790470497727e+00
-5.605039116531976617e+00
-5.630177029766568531e+00
-5.344345354270828352e+00
-5.618041196638213997e+00
-4.167054368086373195e+00
-5.674090011181717408e+00
-5.643322013727694042e+00
-5.837028823704249803e+00
-5.333552538778927321e+00
-5.733335536324435822e+00
-5.630311963243737061e+00
-5.618069322353204775e+00
-5.239682279156570921e+00
-4.164438134299834893e+00
-5.706571685447594966e+00
-5.634515184914900665e+00
-5.727298529074676736e+00
-5.655826597141135892e+00
-5.736713779435526739e+00
-5.174187709446572470e+00
-5.634519871554555692e+00
-5.630342954749353090e+00
-5.636499922798702933e+00
-5.665939289189989125e+00
-5.300373413537738720e+00
-5.837039848818732501e+00
-5.303174102966659476e+00
-5.028410373417473878e+00
-5.628489104831897905e+00
-4.315666386516604724e+00
-5.621729217249924915e+00
-5.642636210689917498e+00
-5.344361116190218475e+00
-5.233066641298028010e+00
-5.837067899005790927e+00
-5.333522612321423217e+00
-5.618169279158808926e+00
-5.315248631675435043e+00
-5.674040085392352495e+00
-5.734159020892119152e+00
-5.646630709006897675e+00
-5.671927520153341895e+00
-5.309410790349319065e+00
-3.965692012163367419e+00
-3.770439385748429739e+00
-3.341011468751124980e+00
-3.770439385748429739e+00
-2.637367858706376023e+00
-3.775525461755075529e+00
-3.770439385748429739e+00
-3.936469260450644381e+00
-3.297240585642503774e+00
-3.397122658656447136e+00
-3.291518842065072281e+00
-4.019240508834559300e+00
-4.002494096865141238e+00
-3.796914861754188575e+00
-3.977051895177374785e+00
-3.904256776375321980e+00
-3.080904861493687363e+00
-3.770439385748429739e+00
-3.117946195219914785e+00
-3.956720400519829095e+00
-3.308984332794974392e+00
-3.770439385748429739e+00
-3.619784171915925608e+00
-4.091300099307232152e+00
-3.770439385748429739e+00
-4.014559029826009429e+00
-3.830729059750498600e+00
-4.119675604248062228e+00
-3.776611200880509500e+00
-3.868136045923786348e+00
-3.973329124075759555e+00
-3.970959681535201291e+00
-3.597380241449687155e+00
-3.631501023242796666e+00
-3.466769702932771757e+00
-4.898107281782566602e+00
-4.993656965275247828e+00
-5.188684638671285043e+00
-4.985488834546932146e+00
-4.769410213737634407e+00
-5.028002134692783898e+00
-4.856754939526026327e+00
-5.227498041531828399e+00
-4.740558678326378228e+00
-4.932380655996213115e+00
-4.894152802433377580e+00
-5.252317689793175148e+00
-4.985115487003313639e+00
-4.879478983424217375e+00
-4.887246318669491885e+00
-5.139101074329934349e+00
-5.233755138494381676e+00
-5.287050391833139962e+00
-5.045566196760534972e+00
-4.930025647376375275e+00
-5.073253669876261363e+00
-5.116625608204013353e+00
-5.149600361884246524e+00
-5.253210727712980699e+00
-5.073424009470389073e+00
-4.749589575978967915e+00
-5.236386648415705558e+00
-5.201729728218525750e+00
-5.217816092939235872e+00
-5.489726571263688015e+00
-5.228603849537466708e+00
-4.955355541547520559e+00
-4.994029490160338369e+00
-5.443633293943702434e+00
-5.550788336551923940e+00
-5.173947364293693951e+00
-4.852392501341329378e+00
-5.293558558724291707e+00
-5.032454517497045643e+00
-5.175568670121105441e+00
-5.037528002127025673e+00
-5.211181936616544164e+00
-5.008022347816273978e+00
-4.892870472061741083e+00
-5.602002063321219083e+00
-4.990470797804737124e+00
-4.727428021581809858e+00
-5.404052627414063004e+00
-5.390021324411562453e+00
-5.229362522000258195e+00
-5.271940330451254653e+00
-4.753195431663058912e+00
-4.816561954994839745e+00
-4.545903481091055021e+00
-4.816666505892609251e+00
-4.543267306970576236e+00
-4.662783600570223896e+00
-5.206000271117793510e+00
-4.740913968027880898e+00
-4.735221983925986144e+00
-4.825666802417813983e+00
-4.878679369182317593e+00
-2.831611176678142883e+00
-4.275887936960781843e+00
-2.373367534147400981e+00
-1.529778688776105344e+00
-2.801964721890836341e+00
-2.742659373122385169e+00
-7.822638930069700791e-01
-1.274280665570094229e+00
-3.546374045352715498e+00
-1.996157169170554635e+00
-2.660242277467864458e+00
-2.372038690456374610e+00
-3.863448021267639643e+00
-2.847891853584601396e+00
-3.212639390969352693e+00
-2.815258455768556267e+00
-3.666550991020921746e+00
-2.039715087550746819e+00
-2.013558157215356470e+00
-3.791610061186049041e+00
-1.541005114258734876e+00
-4.119513587045549485e+00
-2.054185864322581878e+00
-2.351912353855926341e+00
-3.431274805549664020e+00
-3.683585078383269984e+00
-3.031211019652708671e+00
-2.696201684974853574e+00
-2.354053802291390607e+00
-3.377203728478920919e+00
-2.952042103612903201e+00
-2.728690462093622759e+00
-3.305771374047775879e+00
-2.923927719607205766e+00
-2.930355571341684229e+00
-2.934074240218280671e+00
-3.071151986359167640e+00
-2.558566908495823355e+00
-3.579611744988480559e+00
-2.747982881961910540e+00
-3.830276633261239905e+00
-3.576096700996919786e+00
-3.201905478000498739e+00
-2.169588008429895520e+00
-3.168396665170675419e+00
-3.399492154268016098e+00
-3.238470990148653250e+00
-3.239130516810810878e+00
-3.116605439458653759e+00
-1.240246748171611957e+00
-2.625316425892369576e+00
-2.647584229034769088e+00
-2.733564538702037972e+00
-3.616184574424066156e+00
-2.939325229399866402e+00
-3.266525528057948602e+00
-3.901545756161516998e+00
-2.870004311827928589e+00
-3.699104060757465451e+00
-2.523856133459632556e+00
-3.443706251035296706e+00
-2.409475043171535713e+00
-1.829671196350884266e+00
-4.461038824266827518e+00
-2.215132252371481592e+00
-3.554154771668088575e+00
-1.259043316155657344e+00
-3.741912745928712702e+00
-3.525839856683804729e+00
-2.726698779042994403e+00
-3.414687396903119510e+00
-3.387422189307100595e+00
-2.777451447736393852e+00
-4.179512179827625573e+00
-4.679034830631997544e+00
-4.457487579894078067e+00
-4.083108276516515645e+00
-4.748329397998875656e+00
-4.197859880111838748e+00
-4.156060723591144423e+00
-4.022678131587268169e+00
-4.410888220432190643e+00
-4.271901232857414854e+00
-4.899961832107559090e+00
-4.478745971817171601e+00
-4.440654958131263541e+00
-4.499159938020463656e+00
-4.179912169775142239e+00
-4.368403909229996884e+00
-4.798687595708608811e+00
-4.306796054187224776e+00
-4.423541951001545236e+00
-4.244570037470412061e+00
-4.495569445006584175e+00
-4.144475565108601600e+00
-4.812357116762065345e+00
-4.996679259739216228e+00
-4.150628766360445532e+00
-4.623047764452229202e+00
-4.777109985155297167e+00
-4.981194791117929732e+00
-4.364370758693650210e+00
-4.828078604971862475e+00
-4.526461175007249871e+00
-4.169039871004223130e+00
-4.192079547513507087e+00
-4.228187499294921103e+00
-4.531900827433930523e+00
-4.472194702051315751e+00
-4.445130849522076488e+00
-4.275858917655176228e+00
-4.213933933305098911e+00
-4.274352519987999699e+00
-4.536996176655694768e+00
-4.249144643512090980e+00
-4.769057421389717888e+00
-4.795834242061173036e+00
-4.628179212454138991e+00
-4.289099110508606927e+00
-4.753248767025758603e+00
-4.874212787737241648e+00
-4.223179001654140841e+00
-4.736234963103611584e+00
-4.271813113743149870e+00
-4.242438224098736832e+00
-4.750654271263623052e+00
-4.468562951310447673e+00
-4.917344147989665792e+00
-4.743357698906650377e+00
-4.476076248273911595e+00
-4.225426814791904739e+00
-4.548074230509580929e+00
-4.248813660017220606e+00
-4.515553263646491899e+00
-4.395540869385159866e+00
-4.540046990708725083e+00
-4.443906660702209521e+00
-4.457796569785197782e+00
-4.103004385629854589e+00
-4.282953985424622800e+00
-4.369180580008599435e+00
-4.316766437227424369e+00
-4.284471135672360376e+00
-5.140714821676051649e+00
-4.454923701223020061e+00
-4.178210412781143468e+00
-4.358013000964944261e+00
-3.605948519649304185e+00
-3.589359474570325670e+00
-3.464035980675643334e+00
-4.047519091470671349e+00
-3.656298461757411911e+00
-3.024333676196833132e+00
-2.909174085895034789e+00
-3.878403672716544293e+00
-4.163772500982518388e+00
-4.176522983447887860e+00
-3.018152192665619626e+00
-3.623752024425711760e+00
-3.830796070280173993e+00
-3.670902798886407137e+00
-3.095309316108830977e+00
-5.037367920029522494e+00
-4.344292967197282529e+00
-4.397561613258910818e+00
-4.785615680828130714e+00
-4.719913614777820676e+00
-4.582262534788369202e+00
-2.984271232204261715e+00
-3.796588914041401086e+00
-3.343872625099393758e+00
-3.421795186020265778e+00
-3.692827043616973892e+00
-3.586668591561288366e+00
-3.661660167455860204e+00
-3.537842199282454914e+00
-3.206123197991952889e+00
-3.629227737725314817e+00
-3.584516968511018753e+00
-3.800564819566388142e+00
-3.090889003200631091e+00
-2.963786466448890877e+00
-3.097773516502980495e+00
-3.304207644851350434e+00
-2.982925457715271733e+00
-3.247591221294705566e+00
-3.729155470904347514e+00
-3.591948438395352383e+00
-3.300816881828114280e+00
-3.469813210577702201e+00
-2.678065527182966310e+00
-2.962218673131387536e+00
-2.989088051917125899e+00
-3.576712003669515472e+00
-3.714914624203674798e+00
-3.251778125606080927e+00
-3.106506714635799860e+00
-3.523479638729962726e+00
-2.799787732701304765e+00
-3.229629959281890450e+00
-3.473105675195044206e+00
-3.635010840504155460e+00
-3.011571755760826363e+00
-3.368294789980725401e+00
-3.578539149257818686e+00
-3.603066164008521088e+00
-2.923142593641696152e+00
-3.247944177746519223e+00
-2.943268546551646825e+00
-3.689612431719566654e+00
-3.558959190473678813e+00
-3.750253542242172333e+00
-3.539209616341118636e+00
-3.061453851450306907e+00
-3.326195828701981050e+00
-3.225269087619250019e+00
-3.778231683299665633e+00
-3.537666699243027235e+00
-2.790463874162706581e+00
-3.758908970755764134e+00
-3.434760606238338010e+00
-2.949418690298093448e+00
-3.491001512914866378e+00
-3.068311271640752125e+00
-3.162963300791265642e+00
-3.685666749512615414e+00
-3.625702745961166151e+00
-2.997366734324590887e+00
-3.650472259891582194e+00
-3.402373522725363308e+00
-3.157016537699650183e+00
-3.520550929327684209e+00
-3.568969849392927163e+00
-3.764765754104623330e+00
-3.004097843258939360e+00
-3.462451769055802764e+00
-3.457667966090220091e+00
-3.761041578170081667e+00
-2.936221226112377014e+00
-3.856695752018677315e+00
-3.352513551436749228e+00
-3.336497825244183257e+00
-3.377104656698314056e+00
-2.963670712783304406e+00
-4.690778319048466649e+00
-4.508320527411355805e+00
-4.011857256160440421e+00
-4.155383569493582563e+00
-4.369809063358586876e+00
-4.134061951521032618e+00
-4.554255673563415208e+00
-4.687869143078541079e+00
-4.390830780211071982e+00
-4.217829046243589453e+00
-4.714632129879300138e+00
-4.502211467424259261e+00
-4.177137004116550756e+00
-4.453946678775904111e+00
-4.493001467385229653e+00
-4.010705061493469614e+00
-3.417690267922044889e+00
-4.160192553906593815e+00
-4.513965094184770876e+00
-4.620498465468746652e+00
-4.549376029426306367e+00
-4.488052846311719968e+00
-4.124894428290544646e+00
-4.816797718134999684e+00
-4.375607382543656776e+00
-4.240667474155863204e+00
-4.436391664793251977e+00
-4.205138291079061119e+00
-4.674460134124670319e+00
-4.180275421614640941e+00
-4.252748087195339366e+00
-4.098731258130548838e+00
-3.868287008541758887e+00
-4.645740907455650159e+00
-4.548945081801630153e+00
-4.613433771209128231e+00
-4.530508822903487776e+00
-4.649369697323884942e+00
-4.395251805744114115e+00
-4.701040483213113852e+00
-4.236593600617506006e+00
-4.439384819653342085e+00
-4.383687290922506641e+00
-4.284438086119514821e+00
-4.415519805861785940e+00
-4.249857646086073970e+00
-4.385182397174830271e+00
-4.582395349663929807e+00
-4.423296664111053822e+00
-4.506825981240073276e+00
-4.544934372304147985e+00
-4.410774053563899066e+00
-4.665200057334470962e+00
-4.643228813684393330e+00
-4.685046945982183964e+00
-4.505264863705887635e+00
-4.560009310009746741e+00
-4.645421021095691216e+00
-4.408246461079333933e+00
-4.533530096265710796e+00
-4.583866076440604509e+00
-4.225689126793914951e+00
-4.576292394090454962e+00
-4.350732906568784308e+00
-4.437586301089485374e+00
-4.489544446821771118e+00
-4.597335491633299576e+00
-4.800171688309001539e+00
-4.468600211504061726e+00
-4.628984022707502533e+00
-4.481410074790068698e+00
-4.421572311956069257e+00
-4.527425263834684799e+00
-4.447023936899852536e+00
-4.416065326488933351e+00
-2.427120998925142104e+00
-2.301095932687036161e+00
-1.018333341557749794e+00
-1.521761982961063353e+00
-3.867657878802963634e+00
-2.442401667936060061e+00
