-5.392024322754242149e+00
-5.334663199723681082e+00
-5.266806061741305278e+00
-5.128509231375891986e+00
-5.402659840746522946e+00
-5.418791159593809859e+00
-5.482479236577804116e+00
-5.431510228530652462e+00
-5.469239037096394362e+00
-5.482233783302378427e+00
-5.487313161727937150e+00
-5.433853011834699487e+00
-5.099052081122037450e+00
-5.124420687502459160e+00
-5.076273075025415693e+00
-5.122829749844768799e+00
-5.110907633170522324e+00
-5.121286792171829916e+00
-5.103890771137520765e+00
-5.139416463075862751e+00
-5.137823480881610116e+00
-5.125010219052417604e+00
-5.101874236574346355e+00
-5.363860580239602882e+00
-5.395934752869521844e+00
-5.446067042808802938e+00
-5.506150179137208944e+00
-5.033845000741433040e+00
-5.363174710845147963e+00
-5.390681160407782002e+00
-5.306342952835546356e+00
-5.274200134662865302e+00
-5.335276124781778151e+00
-5.124218552489285372e+00
-5.380938113446310567e+00
-5.392483880412024533e+00
-5.366697517391542327e+00
-5.077458806253119405e+00
-5.370983022489857817e+00
-5.402146310524164718e+00
-5.566525800270617275e+00
-5.290941702410035141e+00
-5.376420384067697178e+00
-5.539754712449906471e+00
-5.379905859634609655e+00
-5.402253441403851220e+00
-5.334023637369628368e+00
-5.381914870031452303e+00
-5.421970898698057262e+00
-5.563424849267954997e+00
-5.356735612313300088e+00
-5.336901018669632180e+00
-5.410348660431410828e+00
-5.454437856007787744e+00
-5.309743649109564423e+00
-5.346856145219740952e+00
-5.366814500372991681e+00
-5.408211801939138752e+00
-5.444656379721334538e+00
-5.501920971392786797e+00
-5.498822338795023690e+00
-5.589248004113885671e+00
-5.591740835533885345e+00
-5.497299418961778095e+00
-5.494310044309369978e+00
-5.485577152892321173e+00
-5.488634884189674601e+00
-5.496658643905533381e+00
-5.520090109222466346e+00
-5.498591743788966646e+00
-5.516750107196235930e+00
-5.479303654682134983e+00
-5.537756211819214514e+00
-5.470832561606449929e+00
-5.500536663172412410e+00
-5.590846843927327114e+00
-5.484944849343212248e+00
-5.471721570634062282e+00
-5.482282755475915259e+00
-5.496905831372842499e+00
-5.483170437107227180e+00
-5.478821959064001490e+00
-5.480448144928508292e+00
-5.465321763161975710e+00
-5.477527787877333409e+00
-5.510238033290332460e+00
-5.494534396939331877e+00
-5.507161103892675769e+00
-5.498169702241695767e+00
-5.594244063110804355e+00
-5.562565493993282928e+00
-5.567750519688060784e+00
-5.587259416452114102e+00
-5.560013685771102665e+00
-5.544715225519164292e+00
-5.553501751875601578e+00
-5.542463115603109003e+00
-5.534092126574274850e+00
-5.366657737646249871e+00
-5.426058122851575405e+00
-5.379879553844427953e+00
-5.413286445936921432e+00
-5.364749072966041865e+00
-5.396021917185302996e+00
-5.366235053510484576e+00
-5.416223441983560427e+00
-5.478365365311948842e+00
-5.374428652758018288e+00
-5.332813518588367607e+00
-5.364422526754282217e+00
-5.384444117571104194e+00
-5.360202630958405656e+00
-5.334972980387905572e+00
-5.386656464012432366e+00
-5.333285579951758670e+00
-5.390502798432632581e+00
-5.384810057438180309e+00
-5.444605161676951965e+00
-5.396095487538694613e+00
-5.394969165200967254e+00
-5.371950120255315042e+00
-5.383754741096398178e+00
-4.778675342012498106e+00
-4.678300927348358229e+00
-4.614726981708483500e+00
-4.806128422787597110e+00
-4.780162997291752092e+00
-4.728198927663342488e+00
-5.115507589785707410e+00
-5.125890255362309134e+00
-5.089349898023918684e+00
-5.150727200738547396e+00
-5.558901751079215359e+00
-5.353005164213972655e+00
-5.286447725627072103e+00
-4.760185736617666308e+00
-4.790501186270318179e+00
-4.711701383728152059e+00
-4.652496367147509027e+00
-4.689814113827381448e+00
-4.656256799295361404e+00
-4.737653988940278005e+00
-4.647110603189497979e+00
-4.654140291554559106e+00
-4.658572699856259547e+00
-4.751203424437577816e+00
-4.750897271229566954e+00
-4.765156391534072888e+00
-5.439741445573447187e+00
-5.375565675892590711e+00
-5.311854185311926102e+00
-5.441831295794232304e+00
-5.521800303506784857e+00
-5.566584010915359926e+00
-5.459171493293715649e+00
-5.064445824962448661e+00
-5.114926966302743239e+00
-5.165577222474191821e+00
-5.628903464346149299e+00
-5.623159851406375864e+00
-5.613540272895146899e+00
-5.651777625764694335e+00
-5.623824332138656956e+00
-5.505527477941209114e+00
-5.474381815854415301e+00
-5.511671321542033652e+00
-5.470770861030458398e+00
-5.502669904021246339e+00
-5.520993828682254190e+00
-5.590704039727058650e+00
-5.347801772706892720e+00
-5.138306289297651652e+00
-5.311800281390589795e+00
-5.341621559871132519e+00
-5.356169981588180917e+00
-5.477972489845903681e+00
-5.268993143284684599e+00
-5.307927185960438443e+00
-5.300143282767197483e+00
-5.292423974977238821e+00
-5.286979746239402367e+00
-5.282538036217278687e+00
-5.290209082829813170e+00
-5.282111111275607840e+00
-5.291244060364565627e+00
-4.745547085324202996e+00
-4.776502175962082042e+00
-4.736071043587166685e+00
-4.760682224853621136e+00
-4.747547401300797887e+00
-4.735540387100637183e+00
-4.735031317296567899e+00
-4.778883029383083070e+00
-4.747181674890176950e+00
-4.747711315702614954e+00
-4.713731151070246206e+00
-4.711088275329844421e+00
-4.763760650481732029e+00
-4.752623438111063692e+00
-4.755163074673759205e+00
-4.759557728034121915e+00
-4.728687283453302470e+00
-4.724010251015672068e+00
-4.786247595689292922e+00
-5.161600968197433303e+00
-5.205343595932963474e+00
-5.231621583670676756e+00
-5.214701952403951957e+00
-5.257184057843582003e+00
-5.141069958942408036e+00
-5.224307715765916349e+00
-5.227317384935805222e+00
-5.136844991579554431e+00
-5.308579407224632618e+00
-5.271228232970982752e+00
-5.242278929714093927e+00
-5.249976632032182344e+00
-5.247829839801620544e+00
-5.336786415029806996e+00
-5.320035396220365698e+00
-5.250973260000977305e+00
-5.276144208196122065e+00
-5.131554559275298466e+00
-5.204775885780721367e+00
-5.202288567612785464e+00
-5.309133664277230658e+00
-5.267946312085668659e+00
-5.010104697328509715e+00
-4.951030922410020629e+00
-4.964886254734181215e+00
-4.986134818495809640e+00
-4.997728622530194009e+00
-5.012462430517665268e+00
-4.996998460933678388e+00
-5.038813320753326330e+00
-5.048761413215557603e+00
-5.043197386389596026e+00
-5.005716575551701908e+00
-5.248216611251475427e+00
-5.010624846389726272e+00
-5.232389806025472545e+00
-5.253188646728937705e+00
-5.215858719570528379e+00
-5.164504750921339316e+00
-5.001052009328387449e+00
-5.182565015840796541e+00
-5.037421210133724792e+00
-5.282620525235823372e+00
-4.978957476172890750e+00
-4.947875492179519163e+00
-5.262670025311714461e+00
-4.958106352123309080e+00
-4.957870142289831250e+00
-5.009077098771020253e+00
-5.197264336442366961e+00
-5.199845798197695323e+00
-5.204976972295648707e+00
-5.177571904930000635e+00
-5.118378520955545241e+00
-5.167232539136442426e+00
-5.165894653790125801e+00
-5.174350094568681335e+00
-5.182190500573674363e+00
-5.116873812469540539e+00
-5.104487772227060738e+00
-5.157780834961121386e+00
-5.148945763286155497e+00
-5.150800427416745819e+00
-5.127269233020435024e+00
-5.217583514041545634e+00
-5.158798046918619207e+00
-5.095245995477475809e+00
-5.149686097471709800e+00
-5.124073035789826314e+00
-5.430208677869443612e+00
-5.452409064910572312e+00
-5.430643229341418632e+00
-5.421893042859113443e+00
-5.466920407021321537e+00
-5.442692334263893983e+00
-5.450042560377016621e+00
-5.429009812690644310e+00
-4.734955924620094514e+00
-4.797144317019515825e+00
-5.143297819653361636e+00
-4.765942153400859915e+00
-5.410590558123961280e+00
-5.483552432490744977e+00
-5.653835166683688129e+00
-5.449238785752450021e+00
-5.530117245102848855e+00
-5.489305053324794237e+00
-5.370893159208880441e+00
-5.413350938707607973e+00
-5.404294996890394387e+00
-5.376300368424320908e+00
-5.386130229803678837e+00
-5.477440661177884529e+00
-5.533978510273441564e+00
-5.512035006825515282e+00
-5.512830493479748739e+00
-5.481968893444900459e+00
-5.499404237380340454e+00
-5.486303235399614842e+00
-5.511358559577044680e+00
-4.779095670569628140e+00
-4.789508770971455220e+00
-4.758205990834671439e+00
-4.770161485617552266e+00
-4.751876368738340517e+00
-4.746890342890253578e+00
-4.748062816069545278e+00
-4.749628907966595648e+00
-4.790145522543072687e+00
-4.849099674086017941e+00
-4.857533578647051264e+00
-4.793331472865973275e+00
-4.862418498543044088e+00
-4.775963308907684279e+00
-4.761524735754300686e+00
-4.873525131480183958e+00
-4.736203279918445475e+00
-4.820282623998554783e+00
-4.912338757686782742e+00
-4.811359457270013351e+00
-4.808416683891142185e+00
-4.747437341689249912e+00
-4.761173337475671730e+00
-4.901641326307654367e+00
-4.841186701438593865e+00
-4.753153933351677907e+00
-4.774839278650282459e+00
-4.811943112125027788e+00
-4.829451640695840986e+00
-4.861675189940649844e+00
-4.881001720954419199e+00
-4.809487246782856218e+00
-4.801095097419622704e+00
-4.825664025438679339e+00
-4.832950497012667768e+00
-4.821643356382137036e+00
-4.891215602940736318e+00
-5.109008773201571429e+00
-5.111724057325306880e+00
-5.103155583787800431e+00
-5.103882624472452001e+00
-5.109716959266256353e+00
-5.114431624715795266e+00
-5.210035213083575201e+00
-5.206202297336977480e+00
-5.198627046925901496e+00
-5.205273997496701277e+00
-5.211596750193231209e+00
-5.206492536925992454e+00
-5.200340209684642723e+00
-5.213145795590364173e+00
-5.200301248348938365e+00
-5.210602195418875482e+00
