-5.437582167998313842e+00
-5.391773599733402200e+00
-5.322437000822713316e+00
-5.137657483246119483e+00
-5.462772303376441485e+00
-5.465576645105647557e+00
-5.505219700259736726e+00
-5.483814542780859114e+00
-5.499922468462727920e+00
-5.512771975945275571e+00
-5.510084953810913788e+00
-5.471460450210138049e+00
-5.116734424667928494e+00
-5.133323003767649162e+00
-5.121222199302327915e+00
-5.129250012915812285e+00
-5.149592349414650272e+00
-5.139515416300056039e+00
-5.132128138341569112e+00
-5.132389309264336674e+00
-5.156668287247641480e+00
-5.164139584330836641e+00
-5.135309649940878352e+00
-5.398777791852589658e+00
-5.433498313593182694e+00
-5.478593368751667469e+00
-5.515718086386639740e+00
-5.064173404134149514e+00
-5.412111004039428686e+00
-5.434725508922944037e+00
-5.366648832620283471e+00
-5.322798446718750576e+00
-5.390470215385359865e+00
-5.157982980510660731e+00
-5.431202992901001281e+00
-5.449384778785672623e+00
-5.416093707906600052e+00
-5.126256911799286442e+00
-5.506582874169630770e+00
-5.552941405340851233e+00
-5.726200395775811636e+00
-5.423157874014484570e+00
-5.524507127462689127e+00
-5.701580388406578770e+00
-5.523374344600950003e+00
-5.548148110130465049e+00
-5.474410376247949017e+00
-5.533021623566998670e+00
-5.567513377321962942e+00
-5.716780929355878449e+00
-5.481530197723659903e+00
-5.470366662307049488e+00
-5.539456296428830306e+00
-5.590836966263045049e+00
-5.448248845513020022e+00
-5.480849530803288516e+00
-5.501525360363370254e+00
-5.546576325633010285e+00
-5.584666935423108214e+00
-5.664506873818757171e+00
-5.654541873377371353e+00
-5.749472584195960856e+00
-5.747330828349593190e+00
-5.649018169676388368e+00
-5.643749308818848398e+00
-5.633846331487682768e+00
-5.631644340746390753e+00
-5.644779257129942884e+00
-5.670504547313970356e+00
-5.626388904701810745e+00
-5.672677073897944844e+00
-5.626718501871872391e+00
-5.683423853446385898e+00
-5.621935171832216582e+00
-5.651708915568529612e+00
-5.752467991194816221e+00
-5.643635074658389428e+00
-5.630559109907449233e+00
-5.640044860043559538e+00
-5.654797666052451710e+00
-5.639113633252766711e+00
-5.632777012853181553e+00
-5.633301154378246522e+00
-5.626208281327398808e+00
-5.632920191851265912e+00
-5.657373523292479334e+00
-5.643085867626211893e+00
-5.661722380530750165e+00
-5.651278159573890569e+00
-5.731968792052325234e+00
-5.719071346614699181e+00
-5.738349296829576396e+00
-5.658435674124356218e+00
-5.708591873975644937e+00
-5.704571390098138295e+00
-5.718557117270013812e+00
-5.707742082652790039e+00
-5.689293322048778911e+00
-5.517353765596387127e+00
-5.584582871758247968e+00
-5.539422962698038688e+00
-5.568532052647952924e+00
-5.514415552419144717e+00
-5.548384994186855934e+00
-5.516171003491408875e+00
-5.573624620149484343e+00
-5.636524806513766528e+00
-5.523357444835986563e+00
-5.477396644413643934e+00
-5.516465271104747714e+00
-5.534468611898326174e+00
-5.473016507928894825e+00
-5.482246325308447688e+00
-5.541718970981427184e+00
-5.489034252071553155e+00
-5.548041746545315789e+00
-5.534296021446521330e+00
-5.600951023192598299e+00
-5.554881250807930826e+00
-5.549370270017928597e+00
-5.519066840948247510e+00
-5.543423738241394005e+00
-4.740622247831822733e+00
-4.666124313824089320e+00
-4.611784105394177047e+00
-4.824078407226322973e+00
-4.788187333298166592e+00
-4.745692950236573893e+00
-5.060625698509449322e+00
-5.072161852029243079e+00
-5.037691370152828085e+00
-5.099725476229633792e+00
-4.701299379742288842e+00
-4.690112703400846961e+00
-4.639899697165379422e+00
-4.695628744981505953e+00
-4.778076434781884707e+00
-4.656144757435225046e+00
-4.651075980826260725e+00
-4.626711228822073529e+00
-4.626318093382788987e+00
-4.739365936079622976e+00
-4.635412001719280362e+00
-4.624616635041161494e+00
-4.608365292348114650e+00
-4.724259526912051754e+00
-4.714270776665109963e+00
-4.740455784818902174e+00
-5.501464493362486330e+00
-5.452106406799193117e+00
-5.389263817874208051e+00
-5.515719399453035798e+00
-5.669147258868070693e+00
-5.720736417837288812e+00
-5.598665372704181742e+00
-5.149212558741994350e+00
-5.219041789490675320e+00
-5.241219795211239152e+00
-5.759456650391857835e+00
-5.774350290576672151e+00
-5.782638158641525195e+00
-5.736026241110202761e+00
-5.768682398879898088e+00
-5.544997161433617094e+00
-5.519899839116349405e+00
-5.550053597556980023e+00
-5.528801364500544047e+00
-5.544473608532832110e+00
-5.664745591592450502e+00
-5.733162566987440201e+00
-5.293527683078506740e+00
-5.236358054555941166e+00
-5.277116217107231222e+00
-5.306559261431818442e+00
-5.335272615656815987e+00
-5.519868395872129518e+00
-5.303648176413400250e+00
-5.346584859067383455e+00
-5.358627632596443036e+00
-5.351122888893911522e+00
-5.344955676786569576e+00
-5.312137686544545545e+00
-5.323996523746380660e+00
-5.310235562244454144e+00
-5.319258010911781298e+00
-4.716015865889553460e+00
-4.735605527550526439e+00
-4.713170287289375260e+00
-4.722353252600536067e+00
-4.733151227784258452e+00
-4.727415565560165511e+00
-4.710413909004405042e+00
-4.725617992035702208e+00
-4.737650647324953113e+00
-4.723722620223064439e+00
-4.735386277937895905e+00
-4.696299990402559743e+00
-4.690381732245985091e+00
-4.712552407377241792e+00
-4.692650635744334942e+00
-4.704464594840529479e+00
-4.688412840560065575e+00
-4.680403193033110476e+00
-4.695609523867021906e+00
-5.200689210509791494e+00
-5.133572043553725983e+00
-5.149462463310777061e+00
-5.130602932256079107e+00
-5.166880428877115072e+00
-5.171171919980499965e+00
-5.190056602109660133e+00
-5.166442376083875132e+00
-5.166605342700544057e+00
-5.389407155723275444e+00
-5.344685968949551835e+00
-5.331303324103481067e+00
-5.332055841637586724e+00
-5.290476454746667834e+00
-5.402861724897964457e+00
-5.389693841715669897e+00
-5.326934625437155013e+00
-5.292720444702263549e+00
-5.099208795293887597e+00
-5.266420189556296094e+00
-5.236179177327994871e+00
-5.345920703327730727e+00
-5.306085661566993572e+00
-4.875438184919149265e+00
-4.851538424375576142e+00
-4.853321886432363286e+00
-4.863702073554109440e+00
-4.864885756723818844e+00
-4.767161073219923217e+00
-4.705783692295834264e+00
-4.721170261313111460e+00
-4.872958234321923321e+00
-4.868190171128198962e+00
-4.949513229615376098e+00
-5.268245336743727414e+00
-4.917261037259129886e+00
-5.274590864458183148e+00
-5.281959431773959324e+00
-5.202476755886023874e+00
-5.157073982482858199e+00
-4.901684154096557222e+00
-5.207281537003451533e+00
-4.959817596491264524e+00
-5.347584232803844984e+00
-4.946473457426497689e+00
-4.895659011260539373e+00
-5.317847874306538714e+00
-4.940275410482964702e+00
-4.931172283762912834e+00
-4.958114892269790630e+00
-5.254113318195662075e+00
-5.242300120939269448e+00
-5.255189451355485097e+00
-5.228706165451712629e+00
-5.135823367846534815e+00
-5.248710323302177017e+00
-5.243503281583596909e+00
-5.228854502845108776e+00
-5.235184888953477333e+00
-5.121133304422404997e+00
-5.075853797445370574e+00
-5.137382885371732044e+00
-5.135700092654373883e+00
-5.161669845788173561e+00
-5.124072399061496697e+00
-5.260633296007684478e+00
-5.232515788804967372e+00
-5.107213631969041323e+00
-5.144673564005366906e+00
-5.118980250404672638e+00
-5.562069822702169652e+00
-5.561994266383400998e+00
-5.573391951658803301e+00
-5.562402584368782321e+00
-5.578461702736355221e+00
-5.570305931085834494e+00
-5.546974490747508924e+00
-5.565957244086655820e+00
-4.736440171266464993e+00
-4.748590559113671006e+00
-5.083531466218683903e+00
-4.706920096883556504e+00
-4.691995191293877099e+00
-4.725335311190641541e+00
-4.613339115900624954e+00
-4.693491187520752561e+00
-5.680147036968926422e+00
-5.646041826374943895e+00
-5.514290473101959300e+00
-5.565724480981314670e+00
-5.538992848587020568e+00
-5.513004285675993543e+00
-5.542254302490325912e+00
-5.621207129005072467e+00
-5.688117540010149575e+00
-5.668913253400633678e+00
-5.670397690954068537e+00
-5.632928876515308936e+00
-5.647579008065784834e+00
-5.634628309148108194e+00
-5.632491678702956861e+00
-4.764944014001351036e+00
-4.762276741537438518e+00
-4.732674075315865814e+00
-4.737877467892150918e+00
-4.736350529238593232e+00
-4.723996680420864180e+00
-4.737891652680687571e+00
-4.750415720470694936e+00
-4.790373422906429646e+00
-4.791677286315997542e+00
-4.809070063231158265e+00
-4.781690050896432176e+00
-4.787433193548444876e+00
-4.731337034930579222e+00
-4.745020452128168920e+00
-4.817235983795812082e+00
-4.702911730319807582e+00
-4.818979151777204706e+00
-4.842375157056099333e+00
-4.813039711909950391e+00
-4.815610471665830339e+00
-4.751024440974844332e+00
-4.788260901935054825e+00
-4.805389689026434041e+00
-4.795532290996302294e+00
-4.772518186335691581e+00
-4.799582279109483096e+00
-4.825994120278355837e+00
-4.820791184198161439e+00
-4.806569163407338863e+00
-4.821315737647199562e+00
-4.830473144877077019e+00
-4.803334616518272426e+00
-4.811275088657513521e+00
-4.829307196256876544e+00
-4.827650493977705182e+00
-4.851973931738854162e+00
-5.070666715008946390e+00
-5.079246012455794990e+00
-5.066169879727466352e+00
-5.056877066095158746e+00
-5.065667149571381422e+00
-5.082960359878220480e+00
-5.293078046170148987e+00
-5.290174222743331711e+00
-5.284134070088532198e+00
-5.282544892219263488e+00
-5.290080594674063441e+00
-5.288109722258893974e+00
-5.284751123134566519e+00
-5.287429082779386391e+00
-5.282579888065979112e+00
-5.283195727365365357e+00
