1.212043489203997382e+02
1.037156997040162310e+02
9.939395050379535235e+01
1.046650385964629351e+02
1.083611833361083399e+02
1.205808506894814656e+02
1.111521086194661621e+02
1.001556893213800237e+02
1.114630224709377018e+02
1.078591032147366917e+02
1.031523164137417297e+02
1.230466612888734090e+02
9.572346379836140784e+01
1.117469480420658385e+02
9.780386479358821816e+01
1.124987908369816125e+02
1.314352789174970155e+02
1.051163796059338296e+02
1.227134814210279075e+02
1.092876782796333686e+02
1.030091179669980903e+02
1.193115978902373939e+02
1.035529636044541775e+02
1.036581010960989175e+02
9.875157767197796943e+01
1.268072465039535928e+02
1.071845123999354286e+02
1.126404216107987963e+02
1.155937900825734914e+02
1.027664603178537561e+02
1.097041623086192601e+02
1.037189290103372912e+02
1.082591773331242990e+02
1.169308988249085530e+02
9.291232110948733691e+01
1.159597752551646437e+02
1.113522545056172390e+02
1.120722288601756560e+02
1.092974129903859506e+02
1.146491740029928081e+02
9.761949546379214837e+01
1.127831080708955938e+02
1.090014469555188583e+02
1.250272300861247885e+02
9.936804607193221273e+01
1.088134771422119513e+02
1.076947037197649308e+02
1.034195016313428397e+02
1.126844147590205836e+02
1.113075418679306097e+02
1.050014262878743239e+02
9.398178017246192439e+01
1.144380304115740330e+02
1.126590893705746055e+02
1.171058120761691157e+02
1.220853205963660457e+02
1.070279727199384183e+02
1.076419637908955593e+02
1.035103420085075214e+02
9.744454755780907362e+01
1.285897231151836877e+02
1.324906443525980819e+02
1.040361378417727281e+02
9.477849092416430210e+01
1.201193386207763041e+02
1.091507796870974403e+02
1.084345042812193043e+02
9.298164874992033901e+01
1.179758275165586667e+02
1.057225303010148707e+02
9.680086670704649521e+01
1.210383596520487544e+02
1.038719509963448075e+02
1.091004456392625599e+02
9.895233904594593355e+01
1.220367521243837103e+02
9.622326760097205067e+01
9.934722016008359446e+01
1.303559727972883877e+02
1.103207676500472445e+02
1.045739874909735079e+02
1.140698744690977975e+02
1.059750609440620366e+02
1.274725847888371817e+02
9.415549284301651767e+01
9.902889026307570930e+01
1.120141389896157591e+02
1.180530070097638884e+02
1.313710854573907341e+02
1.162268875523292309e+02
8.420584437121718224e+01
1.055125511969031749e+02
1.185562873100463577e+02
9.287244682314440070e+01
1.294859619600084102e+02
9.188307489058726674e+01
1.096798843501200906e+02
1.204026813210954288e+02
9.652341783370796691e+01
1.082001365932924415e+02
1.224197804749979923e+02
1.125986260513934667e+02
9.673750583458291885e+01
1.229536356817165057e+02
8.494310810419605673e+01
1.033343551125722968e+02
1.275294636739987624e+02
9.389873545576270431e+01
1.331908142835801812e+02
1.152078595256984102e+02
1.281357840463770685e+02
1.158939634352080645e+02
1.313995073358790933e+02
1.006912794014917125e+02
8.973724253735086620e+01
1.007723877456487145e+02
1.260078314552079348e+02
1.037343947405407079e+02
1.074633406881863920e+02
1.000081340674881147e+02
1.182347193617600425e+02
1.146734518275832073e+02
1.025912099478775019e+02
1.142691139797318840e+02
1.281832151900388510e+02
1.089535990262890266e+02
1.044992488896396878e+02
1.004840745914479214e+02
1.056867772853985201e+02
1.078401569527698882e+02
1.011284740847719235e+02
1.324042597536728181e+02
1.277399873467321356e+02
1.042613433687915006e+02
9.707334285805293916e+01
8.811145522272933306e+01
1.114316972290070993e+02
1.136777946345281407e+02
1.162776612184184444e+02
1.014455429032310576e+02
9.952352911203806229e+01
1.124947878288681551e+02
1.274915641543075253e+02
1.124305921095674847e+02
1.049404555373572663e+02
1.007665756685916705e+02
1.090102085020321141e+02
9.861643589988986491e+01
1.004996877241447351e+02
1.130921700546373643e+02
1.248093880494084829e+02
1.039468429629842632e+02
1.203631753486185119e+02
9.251384580662468693e+01
1.030076313278512430e+02
1.137664844879408435e+02
1.161533481354202877e+02
1.208276394767725890e+02
1.068818223787520765e+02
9.669125092259959331e+01
1.266213028389368844e+02
1.163267859028471349e+02
8.816988460752813239e+01
1.169587527931000182e+02
8.845666908944157569e+01
9.701568377509953223e+01
1.129306053475175275e+02
1.111727335485579005e+02
9.596253552265322639e+01
1.155290242515236088e+02
1.094033128980857441e+02
1.100909769988659122e+02
1.132740016058957195e+02
1.283288304591935969e+02
1.082790679189209158e+02
9.223183928650605878e+01
1.019190632226105322e+02
1.091378593341033252e+02
1.281864468788674287e+02
9.185224826291073441e+01
1.008862621330027309e+02
1.090092011932534177e+02
1.103487514170862056e+02
1.159687299535202953e+02
9.470260083753332481e+01
1.173507128381494766e+02
7.974169525996397567e+01
1.297910284917077490e+02
8.807549031798505723e+01
1.325599463445382753e+02
1.150631505594614623e+02
1.027721723089301094e+02
1.013464355692219385e+02
1.302674582305800470e+02
1.026670936405228787e+02
1.000554310964718923e+02
1.001970644929209300e+02
1.146650289186600133e+02
1.049750012913545731e+02
1.104350626162298141e+02
1.209451680827836668e+02
1.058276771467267565e+02
1.241931140390656196e+02
9.537776525258361460e+01
9.454769439151618826e+01
1.244952225795091323e+02
1.061285437149520874e+02
1.076614291488919832e+02
1.063948920325404686e+02
9.041583684857498326e+01
1.160693938449548313e+02
1.298710813550030991e+02
1.068658337685198916e+02
1.069699819740916809e+02
1.123298590806757886e+02
1.002924139035420268e+02
1.012827001287341062e+02
1.074512844494515207e+02
1.057415084527832363e+02
1.292354550221407123e+02
1.038734519548750228e+02
1.127291739169055376e+02
1.133886113762658709e+02
1.004322411783712141e+02
1.017970885203334888e+02
1.140900178239805172e+02
1.004050641258875771e+02
1.233084087846834791e+02
1.137733945558029376e+02
1.266846521994775969e+02
9.868770725124295495e+01
1.024701073543637193e+02
1.217824707986690100e+02
1.008072626463513473e+02
1.026008309334734747e+02
1.062977940626000759e+02
1.153219915719015773e+02
1.091431183252961148e+02
1.302635009367437533e+02
1.038229026366779806e+02
9.187278278904585704e+01
1.157382114842915115e+02
1.023974954421233718e+02
1.083203084630721662e+02
1.051790617037043205e+02
1.300168190526330818e+02
1.064197178171237397e+02
1.058305268313293084e+02
9.520637539025069884e+01
1.085155656266883426e+02
1.081426963584646899e+02
1.247551470014446835e+02
1.102742238672894359e+02
9.788180241357855493e+01
1.161872611195343694e+02
9.325533057249444369e+01
1.060454943946913460e+02
1.256193678260024882e+02
1.159462824703563939e+02
1.091786030500054210e+02
1.086235434686872452e+02
9.478192189135046419e+01
1.079097859066911838e+02
1.159539837927169259e+02
1.191465280126076465e+02
1.092971348767453748e+02
9.933168068684473440e+01
1.201406527412476208e+02
9.910949744183390919e+01
1.169761101150073728e+02
1.081901228628632197e+02
1.169591040333797594e+02
1.013544589704049201e+02
1.281607138074415673e+02
1.037090493070574411e+02
9.783481240742773366e+01
1.064133069033928507e+02
1.103784708784898783e+02
1.117296715818112602e+02
1.128476710628374349e+02
1.027912437832850969e+02
1.066710058364619300e+02
1.118259355392431473e+02
9.319097392763050891e+01
1.245508940587453850e+02
9.785227747551901700e+01
1.188644770609187162e+02
1.167460718202421077e+02
1.045254691425075890e+02
1.090931206383044270e+02
1.240396289793788611e+02
1.037876258993808989e+02
9.118742780788699065e+01
1.066165454026992165e+02
1.197926617308212798e+02
9.357194725278363023e+01
1.184052262007216427e+02
9.814685477702880689e+01
1.054320888495156083e+02
1.003326628337028836e+02
1.186458343629008141e+02
1.309186349995100329e+02
1.117448866202359454e+02
9.034316764645330977e+01
1.037040132569239432e+02
1.190697708839686726e+02
1.104146920968852896e+02
1.062149426836536747e+02
1.057925632103291633e+02
1.003684995045952064e+02
1.149848773805205155e+02
1.093758997607341286e+02
1.001977095959291688e+02
1.090868540247669927e+02
1.089213689192062589e+02
1.106228266679150209e+02
1.195572677980166105e+02
8.991731943396895588e+01
1.230070521487432984e+02
9.887946501784848863e+01
1.374529516292420510e+02
1.043476723952975362e+02
1.165156367456310704e+02
1.012320395687426213e+02
1.032393355196950182e+02
1.105062906728182099e+02
8.564184479417795615e+01
1.367783766255820410e+02
1.135215997489518713e+02
1.065704522841847677e+02
1.182022035375746185e+02
1.078447647894292487e+02
1.126668019077461054e+02
1.060528751078969663e+02
1.047877620455545014e+02
1.241557395222065594e+02
9.109494387208930277e+01
9.887788217388676060e+01
1.197159484651641748e+02
1.116425281002703969e+02
1.070458861408146305e+02
1.237173359634546728e+02
1.089699873968649229e+02
9.877355406815914307e+01
1.058993239974290077e+02
1.048779668123867026e+02
1.318059279363193355e+02
9.956818041714676326e+01
9.703198051492179843e+01
1.063769912205471542e+02
1.094222476705793952e+02
1.131039559378923940e+02
1.035591355910725753e+02
1.138596692817789489e+02
1.108570283505299727e+02
1.045492045341124197e+02
1.110950884956568814e+02
1.103899925320094155e+02
9.428591950112547693e+01
1.487935982313739203e+02
1.140971543977149594e+02
1.105083101256392268e+02
9.078901425072498910e+01
1.104326125324211176e+02
1.242017533923465038e+02
1.050426565867296347e+02
9.964750671232631873e+01
9.842577214783851502e+01
1.077161360930581395e+02
1.310131580641404128e+02
1.014317513602379677e+02
1.155541245266872181e+02
1.141336639108442910e+02
1.071763113849371507e+02
1.188685823879076793e+02
1.007933716995657960e+02
1.035660955196870816e+02
1.108669917455286935e+02
1.085514210080276740e+02
1.148393005152178432e+02
1.069840086936261940e+02
1.076438623493715312e+02
9.815426179807558071e+01
1.190430708531302031e+02
1.096648035628185198e+02
1.098482595375750464e+02
1.116768308531729446e+02
1.183084175355689922e+02
1.075557366376373096e+02
1.036510918436254798e+02
1.050501391632816564e+02
1.182793633343521122e+02
1.107233295368587420e+02
1.027342369279364647e+02
9.699852195257784615e+01
1.138915270333483676e+02
1.148037310573835015e+02
1.308934903912735308e+02
1.011994376597340164e+02
9.183529667388971518e+01
1.139821224471829453e+02
9.597494922183288679e+01
1.232593648723588160e+02
1.072792794164016783e+02
1.068452977796994077e+02
1.091969223445327941e+02
1.173858165301478778e+02
1.034761118206483985e+02
1.123918849730424512e+02
9.310499709794116541e+01
1.265335716710695664e+02
1.108661150291609516e+02
9.712498320253541806e+01
1.096432306257169813e+02
1.144026910576290419e+02
1.192182563012594301e+02
1.237174118307190014e+02
1.142674156913370069e+02
1.455484702445010328e+02
9.814952586505810928e+01
9.177054039112350381e+01
1.168762460214381349e+02
1.138715457368990229e+02
1.113478722326597818e+02
1.101134987017167646e+02
1.267376027237623504e+02
1.002022069744960930e+02
9.402498882703987704e+01
1.223824557160548920e+02
1.138979294166027074e+02
1.011594144347441073e+02
1.211622330392521860e+02
1.045370548280686904e+02
1.096769027069491074e+02
1.217170098317179452e+02
1.167230141865614428e+02
1.000332440125676641e+02
1.144580194866211684e+02
7.868212479209338994e+01
1.164652760277295300e+02
1.254694807121232287e+02
1.214022463432939958e+02
1.168852852158998559e+02
1.017389130939841237e+02
1.116177116675196146e+02
9.430258262879270603e+01
1.060681590270798722e+02
1.079207548443288118e+02
1.030197572838792297e+02
1.133793014369170322e+02
1.404988481348206335e+02
9.173731167766439398e+01
9.802528103266880066e+01
9.726339496959809594e+01
1.111629537740407159e+02
1.320907669490625267e+02
9.372773861858749456e+01
8.909142362255899172e+01
1.157413122778893921e+02
1.087333889094301327e+02
9.187685886403426139e+01
1.018622752872777539e+02
1.129868548493319906e+02
1.244989942193659687e+02
1.109863874497453509e+02
1.078243997168780339e+02
1.093232872552077879e+02
1.086376550882341832e+02
1.022120265612007017e+02
1.015051604065242969e+02
1.217303665417536251e+02
1.184468170457813869e+02
9.935152218373350763e+01
1.140885398549775829e+02
1.098150416775773266e+02
1.064793229364825038e+02
1.161049894416957500e+02
1.293585971953680485e+02
1.065569175496296452e+02
8.716977863468729026e+01
1.023478652911459079e+02
1.147559394423582262e+02
1.191787518075637422e+02
1.140209447450214668e+02
8.753385313530344547e+01
1.147877057667210465e+02
9.347165021239788985e+01
1.131636855518328986e+02
8.935994677812183795e+01
1.117403742836801115e+02
1.071482564459124376e+02
1.152630051417412460e+02
1.084746674173040191e+02
1.078912847687868464e+02
1.059941150338161577e+02
1.261433397940372458e+02
9.695994783134482020e+01
1.035452468538488944e+02
9.164224854764418637e+01
1.178650450196575861e+02
1.192122963603837746e+02
1.053563824082976197e+02
1.285172610464216518e+02
1.008806931043637434e+02
9.712255630502998827e+01
1.234877757097187043e+02
1.040956957180208065e+02
1.000068721596502712e+02
9.852732679116851955e+01
1.280581610985620387e+02
1.096479108846304058e+02
1.039821300766059124e+02
1.150915223415926931e+02
9.424801142549817712e+01
1.118333640614649056e+02
1.177315880291872361e+02
1.074944252173951185e+02
9.255936957049296154e+01
1.244735217706645471e+02
1.048956366338278201e+02
1.208460557822650969e+02
1.309944318871976066e+02
1.042061084584587434e+02
9.334352947090262376e+01
9.345328702197892312e+01
1.077600455173748202e+02
1.011919325466466404e+02
1.039267988634360478e+02
1.124563230912964968e+02
1.204678876703567880e+02
1.025948332021889939e+02
1.155101303811317592e+02
1.091584649509726290e+02
9.876677453038321630e+01
1.004453862485375737e+02
1.208984660867986634e+02
1.033159531706668730e+02
1.217049142144397109e+02
1.265666774482409664e+02
1.140249756027551200e+02
1.128438867536466574e+02
1.020476783339908451e+02
9.498676748393424418e+01
1.026199665670686869e+02
1.167910113066663200e+02
1.056995290127837137e+02
9.764059578201077727e+01
1.165696998789387067e+02
1.088830501411108287e+02
1.095191421024006644e+02
1.029698026162626263e+02
1.013189860325839362e+02
1.008515968839474510e+02
1.056486368469192172e+02
1.353878689416089856e+02
1.058979402229915650e+02
1.030827377063531287e+02
1.197714926126068491e+02
1.132062716719659221e+02
1.081918183061226131e+02
1.089550080649693626e+02
1.124034614759642068e+02
1.218935449339873855e+02
9.507578257761252871e+01
1.097226463851652625e+02
1.086774596960204349e+02
1.113224001812763362e+02
1.011290143981102148e+02
1.167515017173406164e+02
1.109858005322987111e+02
1.068510977210195989e+02
9.140320172078349970e+01
1.136452541812274006e+02
9.820497573403017100e+01
1.318914087544694667e+02
1.328122103741764022e+02
8.546608491811160491e+01
1.067435148414665491e+02
1.066196690260488396e+02
1.211914691380182632e+02
1.094822734314423229e+02
9.329113956323247692e+01
1.177235869476978536e+02
1.054283287250892300e+02
1.268413472249237230e+02
1.188053615960938458e+02
1.139252468464832901e+02
1.071974376519505228e+02
8.231828046881868488e+01
1.203941515225072436e+02
9.921149518471740691e+01
1.051114537616465583e+02
1.135495284287916746e+02
1.146187284615163549e+02
1.013020276368138752e+02
1.173110454640138158e+02
1.057083291810300238e+02
1.148967723195944046e+02
8.442862060055293227e+01
1.144375384673999463e+02
1.160710851524147955e+02
1.040082369954342596e+02
9.086229227960816957e+01
1.199731322262858129e+02
1.003140714748347335e+02
1.196328226102024956e+02
1.169034187886258422e+02
1.232864311798020225e+02
1.023028118533209323e+02
1.188506607766282173e+02
1.115534333411150953e+02
1.082711984995344920e+02
1.261958102967598592e+02
1.170802287639227757e+02
1.132878141374229983e+02
1.287849972728804744e+02
1.011760995721597993e+02
1.014297021860922854e+02
8.893902577723223146e+01
9.095917744073791766e+01
1.022108044866704830e+02
1.144314507774313228e+02
1.054947660193737562e+02
1.230679861061963578e+02
1.030986383085593872e+02
1.068502125725897116e+02
1.156064651710292139e+02
9.243500328457342619e+01
1.246403750398164334e+02
1.074751425136029468e+02
1.064017571423276678e+02
1.080020706454209432e+02
1.031776350862382827e+02
1.433524454643782065e+02
1.131710112247233724e+02
1.228216972888786245e+02
1.156531407389691424e+02
9.708237330707979140e+01
8.304760924986300097e+01
1.340092595644649691e+02
1.006272135644362180e+02
1.147729416706529690e+02
1.166045806235371316e+02
1.138980589110643393e+02
1.037074969065003529e+02
9.971487037865642833e+01
1.062851385934310287e+02
9.269964882354088331e+01
1.180320966680054369e+02
1.001960856931862480e+02
1.279210107637783125e+02
9.223090606302433514e+01
1.191375675513978223e+02
1.064891609164301656e+02
1.126995710742475012e+02
1.133165160102632001e+02
1.084023381731822866e+02
9.565235995349725329e+01
1.181019413304877901e+02
1.004219464846244705e+02
1.065454236886399713e+02
1.045519877638502066e+02
9.419857455074158281e+01
1.077231541840344420e+02
1.181737912323070816e+02
1.100453906194026530e+02
1.134250352527842125e+02
1.118872899026929133e+02
9.624043960297780131e+01
1.111826877291233586e+02
1.344857400390255577e+02
9.393382253617544109e+01
1.091641612217164976e+02
1.042037059385333038e+02
9.295154888326777609e+01
1.383998799022259618e+02
1.278988793287848011e+02
9.485547773445046005e+01
9.714743945632356770e+01
9.148845586520005213e+01
1.007261340469466830e+02
1.285019647394205435e+02
1.044806554058348240e+02
9.588724110727441996e+01
1.003967897839273320e+02
1.061635719709897927e+02
1.241805945526585191e+02
1.060479798864969041e+02
1.000949046347811873e+02
1.059294646498076986e+02
1.267875027204758283e+02
1.107393506875937419e+02
1.051720401838858550e+02
8.987052670455352654e+01
9.215244677614546731e+01
1.214394742791619706e+02
1.284140202295924951e+02
1.203205756816564787e+02
1.019191931439444261e+02
8.883070452351721258e+01
1.000541691009576937e+02
1.097626897019214880e+02
1.217492916994555827e+02
1.157258937408905410e+02
1.135431956018896500e+02
9.694169029775086699e+01
1.153906842835586417e+02
8.947040586342249924e+01
1.255144708290482640e+02
1.158160948535327606e+02
9.573710153803563117e+01
1.167558171412760259e+02
1.081210618383293962e+02
9.778378831419212247e+01
1.106632837196497690e+02
1.197159815017427462e+02
1.206797373945573071e+02
9.738677185865063279e+01
9.380949041952545997e+01
1.386250510801823168e+02
9.298550445607428117e+01
1.130098890331649955e+02
1.032492378191802516e+02
1.095966845931739613e+02
9.541015551921110216e+01
8.532845289156178126e+01
1.354477067325955773e+02
1.017363801440858566e+02
1.189515606631427147e+02
1.117210787094541615e+02
1.042153484612900058e+02
1.224400618393422207e+02
1.167769141484628790e+02
1.080485492867910153e+02
1.030453484037671785e+02
1.006443777580277015e+02
1.140994764621385684e+02
1.003349931730898703e+02
1.040205513120602063e+02
1.044527980277583765e+02
1.270011434897329394e+02
1.032785808448546021e+02
8.540167310496511277e+01
1.210462519312987837e+02
1.040426289162437712e+02
1.203111456332311775e+02
1.179896593527825814e+02
1.064448773554597949e+02
1.154381076850175276e+02
1.120248090259109546e+02
1.238942093225736727e+02
8.304053970240646265e+01
1.015413750137296773e+02
1.130737877742254085e+02
1.358838554064064681e+02
1.296799097256009645e+02
1.126409835419155314e+02
8.654600621362403956e+01
8.372937176683969085e+01
9.434595792431797179e+01
1.255451972435625123e+02
1.056338804574735235e+02
1.044810287976898167e+02
1.050018753962519611e+02
1.101055403738832297e+02
1.042005311465551642e+02
1.215757879381140185e+02
1.063618789045757751e+02
1.008731510657982682e+02
1.094546177520624326e+02
1.062006107189817925e+02
1.121387842825935905e+02
1.292483433071286356e+02
1.117842994219666082e+02
9.438775616423399129e+01
1.116026356687470837e+02
1.076611424593331634e+02
9.384314178194541967e+01
9.328587340079442924e+01
1.070321332322551200e+02
1.183907238003952358e+02
1.134845111319579019e+02
1.026896467170897722e+02
1.189904290441202193e+02
1.045504472759840269e+02
1.135381188193843087e+02
1.004323545392006736e+02
1.166976811444736057e+02
1.274428542542205918e+02
1.072102392710457508e+02
9.020437020795009175e+01
1.036028790972742115e+02
9.425180436891679392e+01
1.222253721108307047e+02
1.136836081057533931e+02
1.046261660661480306e+02
1.179277654427230431e+02
9.703173533136926210e+01
1.325568695487260698e+02
1.123882407523824725e+02
1.287199920821386456e+02
9.533081155677169249e+01
1.133345136202303394e+02
9.731718097846746218e+01
9.503137258833575629e+01
1.191560860148196923e+02
9.647604956710242163e+01
1.143170874102457191e+02
1.283190992804234440e+02
1.013333591614839122e+02
1.084008601838902308e+02
9.953369623868383087e+01
1.092023689552130605e+02
9.268514246908283383e+01
1.172518409607286287e+02
1.272437482796156445e+02
9.825066335715108323e+01
1.097840712966829244e+02
1.179725282335236329e+02
1.107043741634036564e+02
1.251517236231241981e+02
9.486911852145519219e+01
9.358259244531544141e+01
9.761697943938611388e+01
1.187726831545735422e+02
1.124556635494162435e+02
1.050942421961027975e+02
1.251301843576654989e+02
1.186149422426491498e+02
1.023830078615947770e+02
1.080751869718765477e+02
1.132320466379541557e+02
1.083109933609141962e+02
1.053356403499002028e+02
9.488308996906648929e+01
1.171356903014463313e+02
1.014869391428399013e+02
1.054508394588023492e+02
8.469574272610950061e+01
1.384807676302980326e+02
1.000292797015294042e+02
1.207618217653589596e+02
1.108745361501820668e+02
1.043294570074894523e+02
1.059309083285881172e+02
1.127400212438932243e+02
1.091619457545590706e+02
1.057182546817063979e+02
1.073381942231832369e+02
1.023982287516955978e+02
1.149217546015964615e+02
1.167894118198691160e+02
7.917573057045254359e+01
1.034625039587816815e+02
1.116586648365351380e+02
9.632628353727224635e+01
1.283959082062126811e+02
1.264675846161247250e+02
1.147381187731251089e+02
1.118920062482603441e+02
9.765429835136241365e+01
1.075433983474582931e+02
1.134193333671915980e+02
1.114885047839040340e+02
1.278381544244792565e+02
1.009628754145561231e+02
1.021246257406054951e+02
1.230610381090584013e+02
1.113724637163960551e+02
7.965628955599375161e+01
8.755940125788231398e+01
1.133671120658024449e+02
1.135887546458033199e+02
9.662611217508514017e+01
1.281035287344189442e+02
1.144460473216819594e+02
1.118282054596643604e+02
1.067837364422065463e+02
1.087218891156903595e+02
1.102713072359608901e+02
1.093831229373207918e+02
1.098024952259078759e+02
9.824996965944890803e+01
1.434723203624903647e+02
1.019060936709963840e+02
1.013186178844457856e+02
1.065724500874637641e+02
1.042874874324808161e+02
1.220083894764756707e+02
1.260728516125131478e+02
1.090820245079356283e+02
8.967069443707671894e+01
8.901916242992993489e+01
1.263288219134236812e+02
1.248914965180237857e+02
1.088895776133283846e+02
1.091179363191256613e+02
1.226089828454837800e+02
1.087854664387453312e+02
9.601193194061150393e+01
1.101482166421998841e+02
1.115064272290817513e+02
1.252866786166123916e+02
1.015852447491680266e+02
1.061241984329317916e+02
1.022992447579708681e+02
1.075926606201509514e+02
9.988983806082848105e+01
1.243248434968576248e+02
1.182900063696916675e+02
1.076409699774817028e+02
1.115773431465329111e+02
9.513354131066562047e+01
1.063863353725852932e+02
9.999960206396085027e+01
1.107366271289605351e+02
1.222721831224510396e+02
1.090704521370036275e+02
1.106379307094516236e+02
1.144979007677662111e+02
1.034574425497095547e+02
9.252293568955670366e+01
1.127207673604315943e+02
8.794588553329167269e+01
1.160904360520146668e+02
1.049012680853560795e+02
1.076844432785103010e+02
1.261966312174144491e+02
1.115496684956220719e+02
1.170907101666518315e+02
9.081871152495567401e+01
1.062838078769295862e+02
1.076256846901110293e+02
1.227312188340311394e+02
1.141508903933758035e+02
1.172893420661334716e+02
1.120347113384967770e+02
9.939615746239022087e+01
1.101994103977439323e+02
1.025696750894200733e+02
1.061516682636699045e+02
1.145997096572476011e+02
1.114679468596045382e+02
1.123636119830180604e+02
1.048437820851119398e+02
1.070418931795094153e+02
1.213001827034454863e+02
1.092340441759860994e+02
8.295492272270318779e+01
1.202910491364982875e+02
9.032907610274173749e+01
1.272369816387902262e+02
1.225315842421561570e+02
1.108189170618611996e+02
1.090830079400438137e+02
9.482152149047723810e+01
1.112986493602873281e+02
1.119471814393790368e+02
1.316852946677530269e+02
1.042297365332282766e+02
1.024777259842121850e+02
1.193493976862806107e+02
1.074556247580563166e+02
1.236668096447307903e+02
1.082578987083252002e+02
9.356148140952520009e+01
1.026195122874187007e+02
1.043598338772714271e+02
1.054562507538633014e+02
1.070321366800249336e+02
1.212203494829459061e+02
1.177968332096362047e+02
9.983510835845235931e+01
9.344753128441941215e+01
1.095347910909088540e+02
9.924935747237537953e+01
1.102632453859139048e+02
1.123248833727129181e+02
1.248797268033531509e+02
1.066482042729058719e+02
1.014305081882041293e+02
9.947641070194184465e+01
1.124635773140059456e+02
1.054355597483436355e+02
1.151584925099474930e+02
1.085655490761561595e+02
1.052179711781519558e+02
1.099091194986282147e+02
1.122072456644542342e+02
1.052902781460802828e+02
1.060000451116095093e+02
8.711514004196848759e+01
1.173741668684938446e+02
1.314538628391987629e+02
1.036901158350574974e+02
1.108839481160060103e+02
1.160577746927441751e+02
1.020134551462784458e+02
1.076814647276609520e+02
1.148119710033067520e+02
1.046711579173157816e+02
1.172699170705727028e+02
1.068594079673608661e+02
8.888924750962709709e+01
1.346928870621438534e+02
1.042894198031396655e+02
1.073362855273830121e+02
1.259113498826666415e+02
9.131851218964160921e+01
1.023622499683498717e+02
1.156960936198789369e+02
1.147949997333714407e+02
1.122969912063698530e+02
1.078349003672583422e+02
1.063145663119616984e+02
1.057544366838649381e+02
1.171237400809985161e+02
1.070948875793670112e+02
1.042778480127791738e+02
9.748748403226313997e+01
9.961572280090348386e+01
1.246363924259140248e+02
1.165064968020198251e+02
1.088355429494441609e+02
1.025836923311055955e+02
1.088430287378431274e+02
1.055814809502879115e+02
1.154279078010654587e+02
1.054447920169386350e+02
1.175345413073938516e+02
1.202927125681034539e+02
1.097288752905512723e+02
1.077135292969079785e+02
1.044630996864935639e+02
1.139909577968286669e+02
9.827745419985554065e+01
1.140528665437038427e+02
1.296056799619672404e+02
1.162058556339415958e+02
8.616270994986780352e+01
1.055214173047960173e+02
9.988899854420577640e+01
1.028708030531113593e+02
1.086919358278489369e+02
1.090013631728553776e+02
1.004442232900160548e+02
1.251684680387093778e+02
1.095987595213994723e+02
1.317306199097237140e+02
1.104813201612506077e+02
1.018456752958360596e+02
1.032256186951067889e+02
1.278961699666280936e+02
1.002714306691792387e+02
9.993897411246578599e+01
1.185710568665455185e+02
1.083546224642523867e+02
9.977225968033179981e+01
1.219934620920934378e+02
9.463669084957618338e+01
1.165414955063171902e+02
1.099506889203636177e+02
1.114187699761615988e+02
8.465117491660342353e+01
9.850102903773044716e+01
8.839568397473888695e+01
1.168498276023068456e+02
1.241039271420710435e+02
1.190347553030445482e+02
1.038787188686850129e+02
1.099510988007063474e+02
1.264453430447972835e+02
1.012824379272197177e+02
1.222964048841493963e+02
1.264652791959196065e+02
9.412183387881187002e+01
1.039262100880622626e+02
1.020798303923795487e+02
1.089302168680271876e+02
1.069700438306087165e+02
1.218596497560799747e+02
8.808548956738033553e+01
1.092391907246319676e+02
1.164518173168480502e+02
1.004207777842938896e+02
1.043837835176089470e+02
1.056597137335634358e+02
9.500065872346715423e+01
8.562447667090501113e+01
9.812256571144747852e+01
1.116982419405207310e+02
1.204846590606690171e+02
1.140722089248458246e+02
1.091361910398049702e+02
1.037382241771582585e+02
1.009751392916390245e+02
1.054680069480249216e+02
9.930302066708054554e+01
1.151189238553731684e+02
1.271347626190714379e+02
1.078289009546026591e+02
1.023461199861409625e+02
1.149086040796238137e+02
1.156110750041443822e+02
1.149286151044327511e+02
9.853527416343430900e+01
1.120166816846972893e+02
9.863179854757379417e+01
1.138816445441941738e+02
1.309590699529549624e+02
9.810098657130500044e+01
1.250358378269201012e+02
1.041447126253480775e+02
1.100840530937462347e+02
9.940670796516428709e+01
1.071897662620691136e+02
1.098127674679748367e+02
1.138372369296697002e+02
8.436669601410126518e+01
1.042990063753046854e+02
9.972973450152700536e+01
9.983907989361887303e+01
1.530436847251563108e+02
1.213846119501597087e+02
1.098328721157633794e+02
9.378320881623031369e+01
1.181312823374641141e+02
1.016441312604484892e+02
1.074541007956504757e+02
1.095360371037187264e+02
1.058322534344437997e+02
1.120486585049436599e+02
9.857649449907923156e+01
1.039716041697695204e+02
1.253462879041722147e+02
1.071123904794489619e+02
1.021880314665543210e+02
1.178488595603780311e+02
9.267966917529830084e+01
1.130051122543678730e+02
1.205556387718501554e+02
1.029796172647209573e+02
1.096895472806500607e+02
1.240377879629880198e+02
1.154188873002538998e+02
1.043287359180130522e+02
1.009912727706600180e+02
1.043797466629702910e+02
1.071994748963171560e+02
1.273178356372445421e+02
1.104123123587768163e+02
1.069286299900156791e+02
1.001265376836007306e+02
1.357461925422971660e+02
1.158176489365978910e+02
9.637883303174552907e+01
1.083949812554517678e+02
9.381849240115911925e+01
1.098370342456804707e+02
1.154989564199967305e+02
1.282117393378910606e+02
9.538868918685712117e+01
1.137638642277710233e+02
1.014819478276873070e+02
1.126794144902266623e+02
1.116595030621423064e+02
1.066811521885090173e+02
1.106403638702412593e+02
1.181127116163283262e+02
1.013035590259295446e+02
1.141255417852100180e+02
1.001713630986428569e+02
1.063067935394662982e+02
1.163715848023099255e+02
1.225279207216023423e+02
1.222489948376087625e+02
1.136030665605051269e+02
1.087522520612993588e+02
1.333246569609818266e+02
1.120493114660155527e+02
8.981984693990675339e+01
9.822456069205313156e+01
1.153127477067191222e+02
1.064933219670219131e+02
1.260739866465123242e+02
9.309149479849871511e+01
1.132596616832179279e+02
1.205793491499048145e+02
8.442857349545266743e+01
1.224466545749892958e+02
1.172110878913805863e+02
1.296024098755364378e+02
9.258854009490637793e+01
8.790156526589201746e+01
1.269112122025580334e+02
1.063662397282731575e+02
1.066152507374772824e+02
1.025540098973495589e+02
1.098442742154731917e+02
1.178613849360750550e+02
1.019223701027489000e+02
1.176278694027312355e+02
1.167462345648103081e+02
1.199850232188474877e+02
9.910998841307825558e+01
1.269910163193188737e+02
1.178331921301159326e+02
1.028744248897252760e+02
1.079966190042866288e+02
1.049992580810115044e+02
8.667982269626126879e+01
1.101908419284142724e+02
9.826751631734992998e+01
1.146194449964974922e+02
1.156376246876699980e+02
9.241240677346580412e+01
1.149649718427415905e+02
1.019138334750439014e+02
1.174204721372305329e+02
1.102277078709727931e+02
1.073447735084033354e+02
1.038016410689557461e+02
1.198860715640844035e+02
1.001752778132540556e+02
1.110344976594664246e+02
1.125835621729527674e+02
1.130055744370859827e+02
1.082748471010656033e+02
1.017522891462971302e+02
9.946535479545056546e+01
1.159726942472377544e+02
1.186641150878580504e+02
1.011387161875150582e+02
1.216895868342955538e+02
1.059033922833996115e+02
1.142316582233459599e+02
1.030597369129297078e+02
1.089849287327024427e+02
1.155103005980326003e+02
1.154375981051132527e+02
1.136858774818619793e+02
1.095674978212724682e+02
1.021969980723603300e+02
9.839529552898675036e+01
1.018330997887889708e+02
1.078417636074156150e+02
1.184267608722115739e+02
1.067730282171842333e+02
1.172484883149528656e+02
1.302599014819438992e+02
1.148254372212874586e+02
9.911005856236602085e+01
8.723728807453549905e+01
1.157728746889926583e+02
1.110347731962401099e+02
9.086367335077027008e+01
1.198202599886345894e+02
1.009023635143905580e+02
1.142059103582391373e+02
9.789253656748363142e+01
1.176635507163182410e+02
1.043120293000045677e+02
1.066335203213459266e+02
9.665171452129096963e+01
1.275246805794065637e+02
1.220896417771802334e+02
1.300009319063498197e+02
9.400389825191035698e+01
9.483988265348992286e+01
1.092018477859979555e+02
1.049363828737586459e+02
9.710335380529006954e+01
1.405917714481777239e+02
1.124422702916667021e+02
1.225109685172564866e+02
1.008746087696781331e+02
1.077289148307912541e+02
1.094282944247621430e+02
1.034024387509833360e+02
1.132414020325082760e+02
1.223229407622848868e+02
1.115205405156033862e+02
1.168855390290439402e+02
8.832344648907667306e+01
1.093709130445333102e+02
1.030756804642869611e+02
1.024197513539472908e+02
1.155599150584442327e+02
1.090336411604318982e+02
1.023195875928187917e+02
1.247264928407407183e+02
1.033209224026697655e+02
1.195151394683892789e+02
9.090716896902674193e+01
1.267739407473628859e+02
1.441988457218555766e+02
7.803847473627855891e+01
9.946310475162127318e+01
1.086951305301070363e+02
1.060454683068852830e+02
1.085063719531669477e+02
9.307316601729297645e+01
1.048815796675726233e+02
1.329038533639892705e+02
1.179071524570088485e+02
1.015219482638110975e+02
1.121386399421917588e+02
1.226388156506691303e+02
8.327870807808592701e+01
1.196369587020127057e+02
1.093522392517305377e+02
9.814509282804891654e+01
1.115167636355163125e+02
1.281878835374129437e+02
1.014517359918772712e+02
1.081073679849218792e+02
1.179176505876325507e+02
9.642387136209964638e+01
1.054414361990451852e+02
1.167555486865883978e+02
1.027186140079822110e+02
9.878950472922052484e+01
1.280491689834426268e+02
1.167562285944515139e+02
1.003785190727693930e+02
1.051111928478182733e+02
9.605497099839176656e+01
1.058886784706437396e+02
1.110181175411754992e+02
1.049541721561592880e+02
9.856318708666412931e+01
1.266661042229298317e+02
1.088639976885246483e+02
1.030229349070423268e+02
1.202568177174630506e+02
1.068282043518107969e+02
1.010678650819176312e+02
1.137389392362378118e+02
1.134289379024975659e+02
9.874843710499455085e+01
1.066854144325615579e+02
1.266454705417457518e+02
1.184664613482394486e+02
1.295743993847967488e+02
9.464205326524172790e+01
1.171585155935419493e+02
1.063055451648820053e+02
9.863624046122717459e+01
1.091959473465393557e+02
1.298383450945765389e+02
9.703833330577664640e+01
1.082393299553177002e+02
1.013356855226291486e+02
1.109790722823085076e+02
1.054451321978167613e+02
1.037057269244569540e+02
9.029440385930848834e+01
1.258262777853136072e+02
1.045349809120709779e+02
1.227249477918400231e+02
1.022344693705841792e+02
1.141454822906118665e+02
1.245421539327833074e+02
8.780759315871944182e+01
1.033077635003873951e+02
9.661565888058788687e+01
1.277137285528072255e+02
9.794976720316667240e+01
1.116012079462013276e+02
1.375456488040651379e+02
9.145660495998009765e+01
8.642549572833652860e+01
1.033860208698887675e+02
1.225044305144152332e+02
1.034143108219996208e+02
9.590560623673620455e+01
1.117335096051078125e+02
1.137020833084572899e+02
1.208060560918834909e+02
1.083421679522253243e+02
9.785668473604842177e+01
1.029777644231564580e+02
1.150828351401393661e+02
1.109278696759899674e+02
1.065938025392800057e+02
1.210369302756972303e+02
1.307442521402678892e+02
1.039597527680287783e+02
9.462270669576736282e+01
9.584063499787909279e+01
1.153236769819544918e+02
1.175244917335701444e+02
1.363430621150378101e+02
1.077626982160728488e+02
1.141109882133225852e+02
9.813868159261829760e+01
9.446085203749618131e+01
1.001313109439607700e+02
1.090482153812336321e+02
1.060115296369722415e+02
1.182639419303445862e+02
1.233619150215877198e+02
9.348298744363019352e+01
1.072002920707321465e+02
1.205425721800394712e+02
1.243756165703580479e+02
1.056166048794276264e+02
9.177986394100578593e+01
1.033066796540917665e+02
1.091625626142734831e+02
1.309973671105166773e+02
1.156395075886715773e+02
8.262214246409429563e+01
1.114741124320438672e+02
9.410871041889529920e+01
1.095407670282362744e+02
9.510570736970207406e+01
1.039598514188380847e+02
1.263261242422713480e+02
9.353454904630260103e+01
1.042340440969114042e+02
1.237179272133336241e+02
1.170300866756624885e+02
1.098714287314505640e+02
1.036396531086333965e+02
1.003880705366257615e+02
1.148112270943053801e+02
1.112449165760870358e+02
1.016361055356184693e+02
9.453573740499386702e+01
1.357926643235059885e+02
1.076078372342345091e+02
1.131162206639293544e+02
9.982992484936400501e+01
1.082843456615322992e+02
1.202450759875400905e+02
9.751711519420196339e+01
1.204776481981623988e+02
1.061937154208212775e+02
9.974642202190369744e+01
1.269253401351843991e+02
1.092283015938992463e+02
1.048606161966342682e+02
1.053875860940328124e+02
9.957748817186019608e+01
1.098134249022830886e+02
1.055857749275281776e+02
1.498331113518952122e+02
1.152154754405004127e+02
9.402331662327807749e+01
9.327579920626423871e+01
8.521475670374876188e+01
1.090372673226454339e+02
1.096445881490148935e+02
9.354040927037040376e+01
1.198986387647104408e+02
1.179560859906445245e+02
1.130838569305757346e+02
1.014278134229253681e+02
1.044922002760614959e+02
1.130961496690060244e+02
1.215845679209136421e+02
1.298500623703189945e+02
9.252154670976260320e+01
9.481481225533246970e+01
1.249917760723591300e+02
1.052854769876784218e+02
1.030354929971082640e+02
9.791250230682572919e+01
1.025565684728775722e+02
1.288317927691589659e+02
9.661174697246769938e+01
1.096201781116680394e+02
1.155021728877456155e+02
1.307359487618556955e+02
9.512777319528859721e+01
1.169966236205512615e+02
8.967630513752969534e+01
1.033827694000960804e+02
1.175991532802142956e+02
1.246276647619655478e+02
9.813355891414929033e+01
1.126044694287347880e+02
1.063266582261248487e+02
1.146730941541261046e+02
9.310868339247971903e+01
1.207551611139312797e+02
1.021284916028117919e+02
9.312549335416885299e+01
1.098708275661229692e+02
1.175765245132781018e+02
1.116573041203926948e+02
1.219589729014365531e+02
1.182722405170105588e+02
1.185124535998865696e+02
9.549135284166960957e+01
1.079393916183545059e+02
8.747931304581652512e+01
1.015681508771752846e+02
9.281760132748324565e+01
1.284918641463399354e+02
1.032562331295995364e+02
1.095452376490040933e+02
1.175097569971244411e+02
1.304716062773351553e+02
1.096607501412407828e+02
1.105430841865867251e+02
9.841007896047791803e+01
1.277536670464357513e+02
9.808667607438546554e+01
1.097165635850860070e+02
1.236052284730210999e+02
1.012375135781296223e+02
9.904000903475611040e+01
9.620602198504431612e+01
1.098800944426171782e+02
8.615721584400519362e+01
1.338180797052488060e+02
1.239110420859274200e+02
1.147027530711681464e+02
1.278405974636895905e+02
1.107037591499963440e+02
8.601656266932906192e+01
1.138027304858918569e+02
1.015959533346227488e+02
9.297199637483058154e+01
1.154486092261676760e+02
1.333324660998832201e+02
1.063476967536903146e+02
9.996164825716695645e+01
1.082559253425843906e+02
1.040734933900318566e+02
1.055101620828683338e+02
1.307085893705763340e+02
1.142611933402036186e+02
9.841080248551268994e+01
1.195730637542953758e+02
1.160962710608105510e+02
1.023771224526432064e+02
1.066093409542550035e+02
1.162563526236484535e+02
1.204946612397447154e+02
1.168689945944771722e+02
9.969907169883482823e+01
9.578849025716554877e+01
1.037080228114289184e+02
9.655901250720212659e+01
1.184467674637445640e+02
1.104372761346101441e+02
9.466793532527898947e+01
1.290120329217565995e+02
1.078910614933804766e+02
1.097880324310172711e+02
1.313855546510058048e+02
1.111010079679509914e+02
9.681521164541720736e+01
1.000873956112388186e+02
1.028896376851528771e+02
1.074708839910514229e+02
1.235510724858220044e+02
1.059633462082326645e+02
1.037568020883993114e+02
1.207506083649549993e+02
9.634143586403550330e+01
1.413390801490995443e+02
1.109793651793827820e+02
7.631683928254128091e+01
8.835209398747457499e+01
1.310071982056457784e+02
1.073141715753367436e+02
1.010623360738691332e+02
1.182815644121332497e+02
1.131772720199817570e+02
1.097743885002903852e+02
9.785357348564848223e+01
8.336385598720396217e+01
8.435162735931091049e+01
1.061876013728766424e+02
1.133142669408669292e+02
1.120710336228985113e+02
1.099887374765409191e+02
1.239171819732238049e+02
1.048785404300069359e+02
1.112820763816004899e+02
1.126702690259790245e+02
1.011224342740848101e+02
1.034413879867878165e+02
1.191983714759957422e+02
1.210958767537962473e+02
9.198991805441853842e+01
1.193616949113969667e+02
1.056834807431844183e+02
1.111045218650206010e+02
1.061490654327631944e+02
9.991580332508364393e+01
1.111652264521781888e+02
1.217843101364111646e+02
1.009873592993633764e+02
1.080293597101750294e+02
1.138515063762304749e+02
1.218736278690611385e+02
9.533927850722079711e+01
1.157948642683918905e+02
1.420743138910287371e+02
1.009387701305031868e+02
1.071111706575532736e+02
1.090096457389042683e+02
8.374485040786372281e+01
1.107537265567764564e+02
9.981366750908303231e+01
1.020633807245766747e+02
1.042230796582614687e+02
1.248413988682972757e+02
1.055224811759669024e+02
1.168558548194256446e+02
1.045888267383385113e+02
8.808115462652027361e+01
1.169913628727712620e+02
1.034554000426611395e+02
1.150868991619609858e+02
1.176169274281285055e+02
1.011903824086553243e+02
9.158723304028875134e+01
1.205934622993555934e+02
1.062490883921324070e+02
1.075943023671543131e+02
9.741969509763882229e+01
1.218968809425923752e+02
1.052846963816462988e+02
1.153274830089656007e+02
1.226980988751705155e+02
1.003838872577892261e+02
1.129701548558126802e+02
1.040129368735454420e+02
1.046598648310784228e+02
1.116415311089797910e+02
1.226169705244212622e+02
1.137422114961438098e+02
1.010027402313414058e+02
1.015099371647448834e+02
1.257302668119047695e+02
1.062351710521329693e+02
1.124341896115142845e+02
1.149052350670935141e+02
9.649421884462083199e+01
9.183053081133591888e+01
1.188885504263578383e+02
9.728736144262875030e+01
1.237299335340512130e+02
1.257127028664782671e+02
9.765056428490868257e+01
1.075599010149418859e+02
1.151734425453006878e+02
1.116589172025257142e+02
1.114380709988419795e+02
1.117258360915497093e+02
9.923170442733977836e+01
1.047058164088566201e+02
1.070698008969111328e+02
1.014662058338049917e+02
1.175171382623132246e+02
1.067559197762679588e+02
1.043838876311582737e+02
1.116072745006744782e+02
1.177167457856883885e+02
9.637334935807753311e+01
1.087536511926451226e+02
1.034374888431106854e+02
9.686906262170222703e+01
1.131268483270495295e+02
9.678278683432725416e+01
9.204980074932957734e+01
1.311905323652895845e+02
1.238967259362729436e+02
8.632383632877144919e+01
1.260446478401179036e+02
1.062870193552654143e+02
1.071585599298104370e+02
1.237388800400558893e+02
1.113056076312038556e+02
9.743733352270244552e+01
1.102721911999529141e+02
1.119947008869775402e+02
9.761727887182870234e+01
1.055058848739626285e+02
1.088956071031602448e+02
1.024997257253441205e+02
1.300238337877351853e+02
1.073929499525969078e+02
1.254724054711597319e+02
1.063530339938544245e+02
9.996956950137139586e+01
1.146860962335435232e+02
1.033364855022057469e+02
1.077197088161417184e+02
1.037489117383036188e+02
1.225794124167142058e+02
1.109043905776017453e+02
1.136593188684804403e+02
9.686964185957033635e+01
1.046757475710704739e+02
1.061720705519957022e+02
1.233246855070552641e+02
1.182150236323855239e+02
1.121912279172147748e+02
1.056278545854943332e+02
8.089427178820065478e+01
1.297481843256432228e+02
1.050764333645485920e+02
1.225072677024777619e+02
1.012546007065252951e+02
1.046526545129732142e+02
1.046411394680557265e+02
1.024788147671864635e+02
1.230554315235985428e+02
9.946708698835583107e+01
1.203957565639211538e+02
1.116600777403525626e+02
1.147438466781548954e+02
9.669620802702856110e+01
1.109133723790867663e+02
1.169115546141598827e+02
1.082920366915437000e+02
1.061970648188529935e+02
1.099976559284779114e+02
8.663362787059189429e+01
1.281036672604064677e+02
9.180960473561091817e+01
1.148722205494520949e+02
1.075525718902332954e+02
1.065589270027752349e+02
1.221574395578331433e+02
1.125452433289213445e+02
9.418901196477619919e+01
9.975319162904708037e+01
1.139633395346318707e+02
1.076032913149493453e+02
1.114073959219683161e+02
1.251208089558127341e+02
1.062258277421297663e+02
9.075406905634061161e+01
1.336714489964294046e+02
1.239576309260838087e+02
1.024962149172267800e+02
1.024085518355828697e+02
1.105232545724104796e+02
9.633644929663637413e+01
1.303363942407646903e+02
1.033097794009741506e+02
1.074004848295609094e+02
1.049332446624628545e+02
1.186665771943606416e+02
1.060615709154818092e+02
1.129989081893820639e+02
1.115681334741585999e+02
9.952619821363462904e+01
1.076367067566084472e+02
1.110066002863165124e+02
1.051577361142703779e+02
1.160477644741184946e+02
1.150916101615839011e+02
1.116599777386707188e+02
9.716810255662024076e+01
1.093997413203661182e+02
9.514869082582926296e+01
1.151096043706019998e+02
9.206047834967029075e+01
1.065256869168690912e+02
1.205717602271201230e+02
1.161773280135510191e+02
1.163461882271289625e+02
1.051094338166246587e+02
1.272718168278044715e+02
1.099090762002762460e+02
1.117136763507387940e+02
1.024731155446543767e+02
9.310263543705247002e+01
1.108983520678188057e+02
9.567720247832362190e+01
1.184149046649887396e+02
1.126305270192939076e+02
1.124516053265609088e+02
1.248877825272248003e+02
9.468093785089155290e+01
1.247685651638065565e+02
9.682467237219087508e+01
1.100490228147842231e+02
1.054705213948284808e+02
1.033731121089841452e+02
1.171575780236138371e+02
1.032634597746654208e+02
1.129845304492518920e+02
1.093969020507459362e+02
1.115052007090516213e+02
1.250842198288129481e+02
1.214274326995885787e+02
9.239687067601541060e+01
1.010142128963332482e+02
9.956549726514194276e+01
1.090056571289274672e+02
1.021124204851813033e+02
1.250786772080698483e+02
9.826304897513985281e+01
1.064592607330430667e+02
1.127115868023889078e+02
1.214551309752979478e+02
1.121166858202815604e+02
1.008838281906814416e+02
8.481137844463799524e+01
1.311074104967376286e+02
1.019518111013980928e+02
1.078350731427024840e+02
9.812427449210596819e+01
1.026690676444065673e+02
9.154909846815570518e+01
1.385037082105534125e+02
1.114285928471721263e+02
1.089838461513436272e+02
8.446884771181947826e+01
1.238056670259803269e+02
1.095634332407557423e+02
1.178961961199807149e+02
9.408906641862159859e+01
1.170512392028871318e+02
1.165346719096022525e+02
9.924080369640294919e+01
1.087585219953422637e+02
9.450520133167898962e+01
1.097914995296548426e+02
1.326469268818341050e+02
1.034461037675995101e+02
1.065158556895029562e+02
1.094171508521230152e+02
1.175820053891415995e+02
9.885975276390325917e+01
9.850305648702840244e+01
1.220994603647255730e+02
1.116196726145064417e+02
1.242561911055774573e+02
1.177040623646165898e+02
1.053621396066069167e+02
9.000352581707410593e+01
1.071544826215398274e+02
9.548221335985516589e+01
1.175909392014840762e+02
1.303986949067399621e+02
1.076420113652393411e+02
1.036839145983295225e+02
1.065740858097159105e+02
1.095760501624724697e+02
1.084520628089595391e+02
1.064157708228962775e+02
1.208593766355025707e+02
1.204072689850801510e+02
1.142110669057666570e+02
1.148283450760677056e+02
1.040820362279863645e+02
1.053397799018979555e+02
9.437754905762209034e+01
1.014956493318633761e+02
1.194129454583625005e+02
9.544118570385703038e+01
1.106930980652537500e+02
1.090423119295357282e+02
1.186683673270099035e+02
1.343665685550758155e+02
1.016398498760629678e+02
1.054653221630358786e+02
1.052174478467217824e+02
8.289626363801301068e+01
1.316676541051202491e+02
1.125332303022039611e+02
9.621337301372825834e+01
1.062278005577283153e+02
9.068693549795770537e+01
1.122619098220221048e+02
1.374277461165710008e+02
1.029808384062428246e+02
1.078406506901082480e+02
1.023590125821291537e+02
1.172446779144315911e+02
9.944829745735253823e+01
1.242583270141836493e+02
1.019655685405889756e+02
1.038079579422820160e+02
9.809048029157582960e+01
1.241461680930416378e+02
1.039925418045693135e+02
1.200295847325118643e+02
1.164180602369258821e+02
9.927939533513753645e+01
1.038673225178800976e+02
1.195083647898723171e+02
1.115223036099922780e+02
1.042836677857987269e+02
1.087209655672391619e+02
1.258786986462609718e+02
1.219644826673635833e+02
8.384576620407258929e+01
1.054285656174566270e+02
1.029810434202019991e+02
1.320366789378832948e+02
9.863034696403958890e+01
1.209407430467942532e+02
1.085693941131491016e+02
9.522299416842794528e+01
1.202305848470541036e+02
1.156525812471028729e+02
9.885085466872553184e+01
1.132396784636736271e+02
1.142513204456602267e+02
1.196371528597398566e+02
9.028814586602447889e+01
1.295196532358412469e+02
1.034089358448756144e+02
9.726548544930469120e+01
1.089078953149343221e+02
1.105763679109321060e+02
1.043520884615040814e+02
9.773196361963968570e+01
1.151325037221588161e+02
1.105475129403064898e+02
1.116851356110292244e+02
1.089559351594288330e+02
1.118645623447193174e+02
1.401397503523675994e+02
1.222730698526936379e+02
1.058938435453872700e+02
9.330966243489997680e+01
8.792643223315283763e+01
9.286196736308944821e+01
1.033114248487657107e+02
1.130774134962719017e+02
9.981924993628496168e+01
1.038051311233641343e+02
1.118274561671340734e+02
1.235114927066113921e+02
1.170481267527657536e+02
1.128840715591130390e+02
1.143752165222910264e+02
1.112951368844180138e+02
1.005910900380470281e+02
9.852880624792666708e+01
1.136665568801727062e+02
9.696506692390009619e+01
1.140923813419568233e+02
1.124644132269412040e+02
1.059847044439608936e+02
1.138233756474418925e+02
1.129818362179407671e+02
1.051228160421323565e+02
9.145042177400580385e+01
1.178634585038718967e+02
1.133950605829066376e+02
9.343022523697104020e+01
1.095496692009837858e+02
1.241026020752299956e+02
9.621555254674223079e+01
1.222423298458125203e+02
1.047926779198096767e+02
1.007630344553990511e+02
9.805653847379518595e+01
1.206389055040067433e+02
1.195720524975724999e+02
1.173301953171269645e+02
1.182123403511616431e+02
8.485090490353380233e+01
1.151638158778121408e+02
1.079016194567165314e+02
1.015028254806582453e+02
1.175760790039998938e+02
1.077060598788917218e+02
1.053105866702453000e+02
9.724935995415553691e+01
1.126606926749814335e+02
1.004839587074699097e+02
9.699808093638526429e+01
1.098196436350700225e+02
9.529264884943735581e+01
1.256609090603500363e+02
9.430434488977591911e+01
1.274437162451774128e+02
1.137053259234297116e+02
9.475566444294987889e+01
1.146080765341644110e+02
9.613151056046838505e+01
1.201148182514669003e+02
1.127196358362346302e+02
1.019508735643485409e+02
1.166024850588462982e+02
1.063412970083780067e+02
1.107977189422010014e+02
1.023300354559806067e+02
1.168940597246874518e+02
1.107141551713076524e+02
1.390116340884168267e+02
9.922166865799481172e+01
1.059209362781162298e+02
1.083157227358919954e+02
8.590444965233444918e+01
1.094151747009391471e+02
8.649888614283754862e+01
1.181539271119307841e+02
1.223396213546466811e+02
1.131131086584428687e+02
1.053138511350221762e+02
1.164897960288766825e+02
1.055605064261535375e+02
1.094760327230697783e+02
1.164913501600776442e+02
1.105940155606780451e+02
9.625538967376766664e+01
1.120545218874240021e+02
1.116877626953382361e+02
1.067443013072850846e+02
1.140181673074035444e+02
1.145268126891408684e+02
9.671819762826117994e+01
1.139076626758913449e+02
1.185659856366235516e+02
1.240520023985438769e+02
8.636080288700638619e+01
9.867051474631868757e+01
1.072030477365120191e+02
1.010636543710772628e+02
1.233251161751130667e+02
1.094042237099216095e+02
8.388298080615305707e+01
1.270082509704065359e+02
1.114620469663389031e+02
1.040831720172727870e+02
1.001131606569886969e+02
1.268967664185892659e+02
1.021546646376250749e+02
1.258269633211476588e+02
8.715659423389196547e+01
1.002959615974753405e+02
9.877751374364689241e+01
1.143956176648791541e+02
1.237499295779274036e+02
1.125831647004513485e+02
1.062964862003901914e+02
1.157828349043341660e+02
1.030023519556451248e+02
1.361141766707311547e+02
9.029044691267110068e+01
9.953471301242936420e+01
1.019443879475604859e+02
1.126841508547893227e+02
1.216331168032939161e+02
1.078904642180724807e+02
1.002963431855112191e+02
1.109637520122173129e+02
1.027684628116857937e+02
1.012507486013709297e+02
1.101795073409927426e+02
1.246209530117293127e+02
1.272064874910429637e+02
9.765585473557730722e+01
9.785825227599974596e+01
1.057850034180307546e+02
1.114835338785221666e+02
1.171191206535216764e+02
1.013795024216034903e+02
1.143430876893321368e+02
1.056887785736829244e+02
9.829569265288994018e+01
9.948565477175515070e+01
1.378584072318350593e+02
1.193676072845161258e+02
1.084988066126539650e+02
9.503049574315593873e+01
1.023450160108628637e+02
9.194525566318435494e+01
1.263021190448054085e+02
1.010707930334211255e+02
1.068200138864281286e+02
1.242286085376860996e+02
9.359144183201203759e+01
1.107371642472078292e+02
1.035934416120946935e+02
1.168083362977055657e+02
1.023007276923500655e+02
1.247655833672502723e+02
1.216458066644366482e+02
1.300567569680240751e+02
1.030162952438264625e+02
1.026560475045152003e+02
9.704776353140070455e+01
9.233723544743669720e+01
1.232196578739745263e+02
1.126949938319298354e+02
1.087956092201562512e+02
1.023850548896540431e+02
1.077076981336202977e+02
9.932850059508699303e+01
1.064978622302517124e+02
9.940055649254409786e+01
1.058356042773089740e+02
1.258735223706983248e+02
1.278345163473353807e+02
8.701496907316351326e+01
1.108314990144663028e+02
9.296353742073773674e+01
1.344286187909385433e+02
8.842015342898990582e+01
1.011506001008368543e+02
1.201654171549288606e+02
1.221049023246768854e+02
1.100671398468501110e+02
1.200600027367786424e+02
1.111021665472502775e+02
1.007121556112704326e+02
8.739969158828512263e+01
1.069234276409805346e+02
1.272371437565945200e+02
1.207321049218898708e+02
1.064543758268049629e+02
9.548150625777493872e+01
9.512697688980540534e+01
9.779696643987462323e+01
1.052026566535636363e+02
1.075999984881511864e+02
1.353280247100575764e+02
9.875781956438187592e+01
1.096309564424305592e+02
1.264881324224832468e+02
1.099229985992280518e+02
1.036835974019031994e+02
1.024944284989004473e+02
1.038683310086023823e+02
1.096891832689353521e+02
1.055548031129628583e+02
1.036767003017054805e+02
1.103148066640725773e+02
1.164577377671512863e+02
1.185874123665323339e+02
1.013437979063352401e+02
8.371830691102232436e+01
1.054746445065836298e+02
1.472683526497274613e+02
9.237887109372944394e+01
9.295023911584695497e+01
1.071955586277075838e+02
1.073839832212011345e+02
1.030570593313724146e+02
1.113950080405804925e+02
1.040019905099328241e+02
1.144031989759379258e+02
1.018318686016437624e+02
1.155136117123430495e+02
1.099495436737531691e+02
1.101515952353210821e+02
1.168130645195109736e+02
1.081003966523237381e+02
1.201190177260298668e+02
1.002510637953508024e+02
9.092224436312508828e+01
1.180926084169186794e+02
1.123849589839256566e+02
1.032230103044604590e+02
1.232508813561506855e+02
1.206433712210382936e+02
1.023733012980824100e+02
9.512727564699065397e+01
9.915654710609196343e+01
9.914044361855883380e+01
1.150094830131042585e+02
1.331876776277439376e+02
1.004020007481395140e+02
1.099823463524849103e+02
1.048449014649330309e+02
9.964103169034322605e+01
1.067427836140091983e+02
1.135469048341796281e+02
1.010936468946683391e+02
1.287965607773384420e+02
1.146932718466479741e+02
1.259540090964515997e+02
9.199713838374435682e+01
1.182222980640643613e+02
1.110976043542837459e+02
1.085641602971818571e+02
1.218727679569041271e+02
9.268468659635907159e+01
9.928819314997365097e+01
9.982944589571462757e+01
1.210096648886577100e+02
1.217087058135845439e+02
1.084818014414170193e+02
1.210269234679173564e+02
1.251355972720147918e+02
1.197452533100783398e+02
1.225309871847191090e+02
1.165961172519854330e+02
9.515657346121481908e+01
8.989452703309706294e+01
1.066366511303542097e+02
1.040966417933053947e+02
1.264089705645435231e+02
1.049209433229713824e+02
1.156274804643205982e+02
9.153743468844579922e+01
1.082699080983163782e+02
1.115855695420477502e+02
1.272277658281025623e+02
1.024350803672394079e+02
1.056462474821611295e+02
1.004899303858307889e+02
1.060941564625608606e+02
1.175241322615370620e+02
9.557133084248123112e+01
1.272429089675577103e+02
1.063069233130294009e+02
1.006209665832827653e+02
1.077070984511852174e+02
1.085132152551968119e+02
9.873324799864833778e+01
1.129774680663222597e+02
1.113100841358124597e+02
1.272804665330005349e+02
9.553155200776559752e+01
1.094187003479095210e+02
1.031728522027853217e+02
1.110405593059345932e+02
1.105699610295371116e+02
1.150261680436475729e+02
9.702208339040475948e+01
1.145109668950462378e+02
1.164371427463351978e+02
9.882501483838302647e+01
1.161282679479075739e+02
1.325522007537416584e+02
1.153245895042038995e+02
9.528565501120040437e+01
1.034152233446902045e+02
9.574117896922705029e+01
1.105363119582051894e+02
9.434130338959928963e+01
1.232934419076221815e+02
1.241605337788773653e+02
1.057557176282269040e+02
1.137996536656056605e+02
9.519669386872547534e+01
1.119292982208350224e+02
1.011954704725316105e+02
1.127053986315933258e+02
9.068588355790316768e+01
1.036534765544297301e+02
1.340237485014405081e+02
1.086193170422310885e+02
1.015211204789114703e+02
1.116732440445291132e+02
9.466080576899427967e+01
7.963466596710708245e+01
1.149614096523286122e+02
1.046988190217330583e+02
1.436492471020927155e+02
1.011433390108407764e+02
1.048198462335879526e+02
1.099862441811859384e+02
1.170305969372678305e+02
1.064900873563044712e+02
1.072165322888584456e+02
1.105912791528802330e+02
9.559767237978341825e+01
9.844801606539661520e+01
1.135757740775193270e+02
1.028788093778158128e+02
1.289180464038790319e+02
1.124204965397294416e+02
1.065687505873280543e+02
1.067485528842798885e+02
1.117610620448324852e+02
1.107187158692409383e+02
1.138632370964103444e+02
1.069944615520213205e+02
1.072515881533285835e+02
1.134641863445570209e+02
1.179675588488957487e+02
9.014207659459081867e+01
1.108781301069114988e+02
1.134035148220941522e+02
1.125101820065066107e+02
9.294298302235345943e+01
1.088502612713587183e+02
1.121545140170627803e+02
1.217960956610537977e+02
1.025275647951859099e+02
1.098833506628582199e+02
1.093614722208971273e+02
9.944266847964576073e+01
1.127343564775639635e+02
1.074699103952791717e+02
1.000464941658683529e+02
1.108863785643081457e+02
1.187594475847810997e+02
1.059217047572139734e+02
9.423971494093630952e+01
1.187350500040589907e+02
1.094862064677551103e+02
1.045860677559990961e+02
1.240604073778284260e+02
1.063800172846198677e+02
1.114838870715338999e+02
9.930066437833916382e+01
1.067789714468288480e+02
1.042750772613735393e+02
1.105212057316561243e+02
1.238778577383959458e+02
1.191086592419685957e+02
9.523485686671551775e+01
1.208726968508600095e+02
1.119703419787660579e+02
1.013015477364535002e+02
1.081555051701869132e+02
1.033745885857357791e+02
1.029192173253825047e+02
1.094531698197710909e+02
1.107175537822188716e+02
1.219662521101610650e+02
9.427889720993255196e+01
1.321789058126148859e+02
9.812805627460478775e+01
9.390486377169764864e+01
1.121412190283743371e+02
1.013562442778244588e+02
1.145207711752613022e+02
7.566649757703049772e+01
1.230846187110989405e+02
1.185964977663236795e+02
1.123733398770753240e+02
1.111653376339336603e+02
1.108572983270676673e+02
1.136520486380844233e+02
1.094161696262948311e+02
1.024164118873480760e+02
1.089775938357806240e+02
9.379592158571227856e+01
1.332421373887058280e+02
1.046516312073396477e+02
1.155961783017682905e+02
9.764211419676838943e+01
1.062577438897079674e+02
1.137464773627965968e+02
1.019006503144115356e+02
7.948053532720238934e+01
1.306273139664499752e+02
1.153451569838349116e+02
1.035006261882544862e+02
9.034319727131337174e+01
8.475446356367189082e+01
1.622237803080203946e+02
8.563152869252174071e+01
1.059520297967305709e+02
9.786234976226292304e+01
1.413704641974220806e+02
1.078451069703464924e+02
1.118742714073563747e+02
7.810178776746721496e+01
1.217276579154734435e+02
1.083722873516518774e+02
1.171793102093217982e+02
1.058668751488219613e+02
1.059504720834087266e+02
1.140043022220123277e+02
9.733308383844695300e+01
1.126819800964748310e+02
1.190885803104242342e+02
1.319408708947720470e+02
1.093295935301697028e+02
8.618838537944759537e+01
1.088171684770722436e+02
1.032451027197234765e+02
1.146521602050572710e+02
1.154194065381902163e+02
1.291355429895842235e+02
1.222795099794230538e+02
8.208117052177780693e+01
9.065964280914086260e+01
1.035695668199805652e+02
8.961206356434125553e+01
1.149842342314227750e+02
9.293131933466355576e+01
1.076007002806967847e+02
1.419252061855405600e+02
1.003814458401818257e+02
1.164272239469445793e+02
1.174872173551997179e+02
8.882273219159799282e+01
1.245235682272556943e+02
9.401015996438448497e+01
9.914291730141323455e+01
9.856379935660353908e+01
1.090089396291235460e+02
9.520825828927604562e+01
1.176863803780154853e+02
9.432469288643545724e+01
1.030701893654598109e+02
1.065377937054651341e+02
1.109714267119650941e+02
1.149409086945354375e+02
1.079324901077895333e+02
1.251580382593953118e+02
8.942079896951011619e+01
1.111561243840095869e+02
9.954234845612812421e+01
1.221001675067372787e+02
1.124722347478585220e+02
8.800905755673255726e+01
1.233689748453047201e+02
1.029722580049254361e+02
1.044825622464306747e+02
1.043290805815613140e+02
1.237414247022151272e+02
1.239416472077519984e+02
1.049059421907459750e+02
9.727687203132123273e+01
1.170134295873120323e+02
1.059151399804539011e+02
1.018094739970835718e+02
1.014697964297831874e+02
1.230400014230583849e+02
1.061345667673389386e+02
1.112974652574865502e+02
1.360665012340796522e+02
8.492353245778208759e+01
9.958483249133018944e+01
9.610953600426583421e+01
1.229077045706307842e+02
1.011321527630302342e+02
9.009792631128593143e+01
1.316312285473764518e+02
1.230037239827488946e+02
1.000105347517680343e+02
1.132147342921581696e+02
1.034793308869334965e+02
1.138398641920919800e+02
1.164731979476034525e+02
1.082768569629127882e+02
9.230742816592035638e+01
1.183749302859242789e+02
1.126426464171057518e+02
1.088213845021231236e+02
1.108843851040480217e+02
1.067664230593817791e+02
1.145170900124509785e+02
1.024808477995298261e+02
1.110546642316194976e+02
1.043101753895606123e+02
1.052038973657927272e+02
1.151507523815249954e+02
1.211406555373075520e+02
9.026575791320932751e+01
1.139280642246747846e+02
9.931273395057637288e+01
1.116830504887825128e+02
9.902626006606450915e+01
1.148920462432845966e+02
9.502690071182234988e+01
1.165722896053838440e+02
1.014865030915547379e+02
1.250345331128997657e+02
1.051147546124222600e+02
1.151058393276216094e+02
1.265535771956615321e+02
1.221375164958660662e+02
1.024649733536131038e+02
9.324769573086948071e+01
1.125954533607881132e+02
1.180105805522302802e+02
1.054767404940591859e+02
1.230153525763016944e+02
1.069624982224991641e+02
1.215203094628578526e+02
1.091802474932952123e+02
1.166260606684516716e+02
1.122629695054426264e+02
1.126554556848029733e+02
1.051837349168342683e+02
1.001099728402910642e+02
1.126325014141060024e+02
1.207095194880521234e+02
8.885242660951399785e+01
1.104981902885095479e+02
1.210093642678335328e+02
1.018273179528287216e+02
9.789726399608782970e+01
1.099247467684067914e+02
1.306834437267208955e+02
1.019469912689484232e+02
1.045803967653567952e+02
1.074925647604197252e+02
1.184092812654830311e+02
1.123754781718432696e+02
1.107203901024781487e+02
1.111748193277490202e+02
1.186122252450224437e+02
1.052059013661702380e+02
9.615048522021716337e+01
1.128608887823266116e+02
1.129669912359486688e+02
1.225140578087376326e+02
1.111134980783638895e+02
1.047944866599142415e+02
8.811213148407097151e+01
1.103125690490942787e+02
1.205816598921412890e+02
1.053348354098966269e+02
1.148897776632665710e+02
1.067342805250630846e+02
1.063673280521162923e+02
1.204704345132765155e+02
1.035346935731890312e+02
1.122622390921207653e+02
1.228680470227909609e+02
1.037368875505319465e+02
1.184822534331987640e+02
1.265171414633386888e+02
1.017176072132556897e+02
9.236059082248584673e+01
1.039827663845578343e+02
1.122835498326670773e+02
1.321103892041892038e+02
8.308513563241498900e+01
1.222331769002999948e+02
1.199885586106202027e+02
1.232962502806356326e+02
1.279008520456799403e+02
1.222939390660427392e+02
8.648116194496890330e+01
9.666364683588143691e+01
9.023041512040971668e+01
1.199454193405124443e+02
1.024879980281132674e+02
1.135325858209853891e+02
1.177376974374609802e+02
1.005559606047784342e+02
1.164945839519992603e+02
1.159664629787427970e+02
9.920323214103746068e+01
1.071949157765604212e+02
1.084358512033195012e+02
1.141130768817737788e+02
1.076795989489437915e+02
1.055814297254971166e+02
1.155213198895647793e+02
1.057033755091986791e+02
1.068678922837135588e+02
1.251487456294023275e+02
1.046014016115441763e+02
1.152461509623194189e+02
1.044622368117729962e+02
9.740175784146910587e+01
1.065469931124157057e+02
1.119368214234455081e+02
9.299655181397012882e+01
9.461133957371743008e+01
9.821932497145458285e+01
1.473139455900526684e+02
1.087669852338546974e+02
1.344795941294990200e+02
1.019062960271466949e+02
1.019601718468082510e+02
1.071052172208920013e+02
1.001023748556835926e+02
1.162952484964430653e+02
1.080480174702989444e+02
1.222008418006072930e+02
8.537192114148048461e+01
1.289659637055623875e+02
8.759343539704747172e+01
1.124728452401545695e+02
1.182133545430254742e+02
1.189628956163902842e+02
1.108545509609875239e+02
1.061209175616645553e+02
1.026312816253821012e+02
1.201504992860501488e+02
1.050429886194744853e+02
1.107245914336593557e+02
1.166660448133489041e+02
1.038020361391502604e+02
1.420032610595841902e+02
1.081319492939476987e+02
9.431411357688027408e+01
1.099986461616962856e+02
1.062316546404723994e+02
1.120210802040791407e+02
1.172245499510049882e+02
1.147096072640968174e+02
1.072051300089961643e+02
9.698625670173163371e+01
1.228169300282917646e+02
1.021190849281550044e+02
1.151591549833702857e+02
1.228920885906529463e+02
9.811068752895850764e+01
1.136720632438274379e+02
9.413422400589007566e+01
1.101255117668811465e+02
1.113712181978317801e+02
1.063471067729583837e+02
1.210773090554814644e+02
1.052568828052793037e+02
1.124245894185407195e+02
1.166053699826754837e+02
1.182637281234421920e+02
1.170926189941811799e+02
1.058478713639318158e+02
1.004139807197503416e+02
1.146659743099216229e+02
9.925745682484388510e+01
1.095847057626895378e+02
1.141551751963358328e+02
1.034845444497312315e+02
1.062723942994487061e+02
9.959566392421902492e+01
1.224744810312808596e+02
1.230344565804566344e+02
1.116583336673837294e+02
1.092695733227075721e+02
1.176310543856187820e+02
1.072305592211205010e+02
1.166309632517343573e+02
1.047573062726527127e+02
9.898297550617272123e+01
1.109351063686190741e+02
1.128635146736877886e+02
1.087604852718529855e+02
9.969613891254583393e+01
1.081237240922889669e+02
1.147000663486264500e+02
1.124639745276214029e+02
1.163614258083157864e+02
1.187277420343318681e+02
1.078433850087884736e+02
1.021616426662296533e+02
1.091620154566326306e+02
1.013565505370918487e+02
1.240794039551509513e+02
1.030314942615703160e+02
9.848945507958322310e+01
1.148381056125702457e+02
1.100125897157135597e+02
1.035581276472705952e+02
1.053427278716558249e+02
1.065220398440999645e+02
9.641481174761628381e+01
1.188317458697378299e+02
1.207414528020365623e+02
1.057577643989605036e+02
1.044123226792336538e+02
1.344972850808688065e+02
1.006907492665830972e+02
9.758708547204756201e+01
1.141593259218738723e+02
1.058270425726620374e+02
1.171551532280464869e+02
1.074722972229175753e+02
1.209099052451485505e+02
1.072220709881892873e+02
1.124251619880625697e+02
9.616418723197190843e+01
1.281331754844814270e+02
1.063246940661427971e+02
1.013041730211319873e+02
9.949564815262210971e+01
1.084098196577405560e+02
1.059334781282367288e+02
1.161167282868758690e+02
1.172395819127103209e+02
1.084543101880713607e+02
9.553353467666867971e+01
1.045191625466028427e+02
1.234190582188783623e+02
1.180716209442533255e+02
9.824481349453506596e+01
1.159426220106946062e+02
1.003207129653455496e+02
1.201854873041552452e+02
1.094625446154735897e+02
1.066036775905152041e+02
1.118551178991690307e+02
1.081642187322914737e+02
9.549981827388410238e+01
1.150139049727012974e+02
1.303301852070450479e+02
1.035420939250507217e+02
1.067898620772535878e+02
1.022690092188299928e+02
1.177401524860362514e+02
1.093765031995228156e+02
1.057554658137492396e+02
1.286282279587509265e+02
9.609697598834002008e+01
8.964670341817100052e+01
1.177171824178390409e+02
1.089855481268225219e+02
1.019203765343916643e+02
1.043691492841021926e+02
1.056330777150858182e+02
9.424733658171612660e+01
1.126299008143685114e+02
1.183434342385315148e+02
1.015301081875903009e+02
1.234406698167335463e+02
1.113325706898796454e+02
1.081965098315307614e+02
1.062181740436037956e+02
1.213539379981338584e+02
9.913568450021058709e+01
1.093555211231187343e+02
1.229500661414000007e+02
1.041460325088716843e+02
8.608919907309967812e+01
1.261084640719037395e+02
1.116008931777015931e+02
9.495692338946408029e+01
1.204613680920607948e+02
1.244886922370496194e+02
9.260813003289065648e+01
1.049765436141839103e+02
1.190223744107217385e+02
8.410235629797411150e+01
1.015474264440517373e+02
1.321097435702456835e+02
1.148901089453392501e+02
1.042133979355448190e+02
1.302221406393301777e+02
1.037473049702271197e+02
1.225412425669011895e+02
9.050010977852564054e+01
9.271081424052356112e+01
9.720299021046034227e+01
1.092551919461766659e+02
1.272077161220337587e+02
1.170054554615500280e+02
1.115152604343498552e+02
9.610979072166347237e+01
1.282570701356677887e+02
1.012472460202792490e+02
1.133435890535819084e+02
1.054710897128800156e+02
9.210026294471850861e+01
1.174966562653232671e+02
1.186101978820904748e+02
1.048532060478221837e+02
1.205774450001745777e+02
1.101197180568509424e+02
9.468036363354740104e+01
1.207096482907705877e+02
1.060531360245057186e+02
1.034433949647835504e+02
9.511621563379065947e+01
1.119676161614424643e+02
1.226041834297200666e+02
1.291213117943324278e+02
8.990903422405547474e+01
1.158766526638413126e+02
1.125573692031770179e+02
1.203168113148649923e+02
1.189526273386093891e+02
8.923251304220141833e+01
9.670395088650505500e+01
1.024856927491156426e+02
1.104621290561617855e+02
1.049001852730799556e+02
9.900556768498786653e+01
1.090953662977812115e+02
1.281262088387534561e+02
1.209081551436052706e+02
9.012292676247133727e+01
1.177454675989283572e+02
9.930530756641013568e+01
1.098869931556932187e+02
1.156379974865367757e+02
1.110293230996196598e+02
1.320655179253026006e+02
8.131211255848096187e+01
1.037906602667092812e+02
1.201067899906743293e+02
1.086194592797774021e+02
9.683969191499964779e+01
1.102087171978407270e+02
1.187155915705326947e+02
1.245202633908419614e+02
9.961854120373165244e+01
1.110863860056418986e+02
1.058448481420335554e+02
1.023641017226374998e+02
1.136955273441124916e+02
1.147065987999177423e+02
1.135050840679084843e+02
9.653023243396323494e+01
1.061040565864717848e+02
1.187512021442784658e+02
1.071625600786118326e+02
1.040286240156132607e+02
1.070922965119931973e+02
1.050916170691573512e+02
9.940919195117869833e+01
1.202696890740722324e+02
1.195093887273091866e+02
1.093168900232910659e+02
1.055072171330195800e+02
9.835169756459416135e+01
1.235885642349223730e+02
9.258929220866119181e+01
1.244832925402371728e+02
1.120896526235570576e+02
9.099688848363862803e+01
1.177914146584356558e+02
1.070662602508805463e+02
1.106434331400090798e+02
1.034189654492979287e+02
1.062433997628276359e+02
1.233022878591852702e+02
1.059405416973075802e+02
1.132137074137874890e+02
1.014862301241893476e+02
1.026799187919191922e+02
1.121275690977234802e+02
1.026900678009941572e+02
1.245191559156367589e+02
1.106337362304987550e+02
1.145377285435475585e+02
9.157689256279275014e+01
1.024616006169949856e+02
1.070908636804679048e+02
1.299023097359923895e+02
1.267174748229083434e+02
1.041695586783506116e+02
9.264660687787140603e+01
1.246312615894478739e+02
1.018011864999622844e+02
9.544481979672305272e+01
1.193864420092204028e+02
1.078944465582566750e+02
1.185153584438705821e+02
9.185404419435720058e+01
1.030336989269286505e+02
1.132358293083595555e+02
9.828418566749319041e+01
1.151617823080888598e+02
1.143027204753540360e+02
1.133948584474365191e+02
1.071856552083226148e+02
1.080925908902610786e+02
1.179293350448552928e+02
1.068816211579399322e+02
1.226223049267089067e+02
1.071785839870963741e+02
1.044704468382054472e+02
9.442622386765361853e+01
1.237684658904493631e+02
9.991479287100170836e+01
9.627082065474102990e+01
9.293544021008426625e+01
1.342581916369840940e+02
1.016424424202882335e+02
9.799219887392251849e+01
1.037046914828417385e+02
1.123565624575320925e+02
1.145311206711909477e+02
1.006485145778470951e+02
1.042292756775678413e+02
1.211032660277007835e+02
1.103094310107462803e+02
1.042340428202889768e+02
9.589824834105550622e+01
1.304394646373547744e+02
1.279612193780750999e+02
9.109672567306634505e+01
1.200807459288507459e+02
1.006225069066726547e+02
1.269363921522241156e+02
7.972148142271862525e+01
1.028227593785585441e+02
1.174269306683413561e+02
1.144967969041361897e+02
1.020195050196145417e+02
1.127884877408247348e+02
1.020708908004428253e+02
1.088255506259492194e+02
1.162424357673326654e+02
1.239918848257445347e+02
1.172707366445143862e+02
1.011867890063788309e+02
1.123806587400516293e+02
9.875622239582180839e+01
9.487979695692229143e+01
9.639358641041614817e+01
1.039862366347574181e+02
1.153957082403130983e+02
1.133056870223695967e+02
1.150850177531181373e+02
1.114030808724476174e+02
1.061066824299646782e+02
9.202632495409201852e+01
9.943647523604518312e+01
1.082436756349634948e+02
1.242005668211907619e+02
1.196193813468051275e+02
1.186026111230109734e+02
1.042952220354289921e+02
1.093049969612996364e+02
1.071031758283830584e+02
9.704885871556244581e+01
1.213761784476883747e+02
1.392850889386898530e+02
1.055238947406361376e+02
1.038392096104178677e+02
1.071495027282074517e+02
9.429522664651095454e+01
9.913253438357787672e+01
9.851864210003641631e+01
1.214474326340482833e+02
9.549543965885320063e+01
1.211228549116620741e+02
1.052098217840101597e+02
1.111418195895732879e+02
1.088519088144393265e+02
9.750687264495445561e+01
1.138229444352002844e+02
1.173929444400630047e+02
1.121567726332900605e+02
1.064401555133146076e+02
1.104109408801102603e+02
1.085434704628022047e+02
1.024313912742248931e+02
1.076178139213674712e+02
1.081581887583652133e+02
1.194828540426465651e+02
1.147041542064196022e+02
1.175751192310857220e+02
1.106133903349912799e+02
1.026488117448567010e+02
1.006544593151323284e+02
1.159773897456986731e+02
9.882265539025961232e+01
1.170359946886801765e+02
1.187223177617878207e+02
1.128088065697378255e+02
1.117595297538120036e+02
1.176223705071154200e+02
1.101587406906781865e+02
1.043672946803434343e+02
9.908800188399968079e+01
1.073038089904105163e+02
1.155939068831095398e+02
1.154892414643104956e+02
9.164470387252769967e+01
1.082688249764307358e+02
1.215933098225468569e+02
9.961851988783968181e+01
1.197193288220405947e+02
1.124366948072771493e+02
9.559213843093604623e+01
9.695607431442317647e+01
1.095185817726642625e+02
8.565113498534343250e+01
1.448638238186844944e+02
1.141217739571278571e+02
1.025723901909511540e+02
1.014875286900426232e+02
1.021520837266693746e+02
1.215865449980041859e+02
1.304384190101087029e+02
9.422410298974550358e+01
1.083087410753609987e+02
1.136543846203195613e+02
1.039367928844387023e+02
1.075441990518154398e+02
1.081152209793332588e+02
1.150094567326004977e+02
1.023405668577444061e+02
9.205411367512074605e+01
1.193732624713998547e+02
1.043129303866094943e+02
1.113241795516892694e+02
1.225476875826088872e+02
1.032128164234189569e+02
1.040563152166370458e+02
1.092185058451191964e+02
1.161023241406180233e+02
1.030648565716608402e+02
1.109719213810370206e+02
1.003285114080487688e+02
1.217691080189964765e+02
1.119250372392530295e+02
1.067134568110597002e+02
1.146726960727198303e+02
8.131308782427456094e+01
1.301856033136432416e+02
1.092449983927739368e+02
1.037269140056828576e+02
1.152730173558397411e+02
1.172104657934683445e+02
1.113404720362771059e+02
1.172614816315649193e+02
1.082552422427807386e+02
1.234237368236190378e+02
9.964101473682464416e+01
1.055300546954581904e+02
1.124645058901324859e+02
1.075554190745075829e+02
9.860701620814454316e+01
9.481026949357055855e+01
1.013495497244243069e+02
1.013902419338581637e+02
1.259960782553054486e+02
1.259427530163879965e+02
1.104161200573587536e+02
1.157598474783811042e+02
1.049926424713478923e+02
1.182902259268934273e+02
9.380551055249927117e+01
1.094061557977394443e+02
1.151322586321947909e+02
1.095727702346206485e+02
1.096265703122517294e+02
1.123866657224344863e+02
1.058624385953023648e+02
1.094662852110093780e+02
1.157089585458596446e+02
1.009782767683075093e+02
1.124556464196689802e+02
1.155825030685723078e+02
1.383279549207479420e+02
9.925748160433391831e+01
8.565183431155818994e+01
1.232442145283468165e+02
9.707725721438291089e+01
1.195614197016025599e+02
9.804315401752663206e+01
1.010329072645208299e+02
1.083286028191331098e+02
9.326480235466517854e+01
1.388437646363760791e+02
1.138390190853322963e+02
9.426232099499544859e+01
1.177150280096147270e+02
1.251631535690222989e+02
9.807640093475694698e+01
1.093110928489940079e+02
1.134975030508571621e+02
1.173805771661920119e+02
9.156451451738027458e+01
1.215571005603577674e+02
1.241464642300848311e+02
8.144240835011449064e+01
9.451503557434908487e+01
8.778641470964005578e+01
1.115495858258635025e+02
1.245723853065146329e+02
1.268882101859741027e+02
1.026740083519548250e+02
1.165171758979276433e+02
1.105784022598034113e+02
1.030860487085708144e+02
1.153273770449408175e+02
9.596535765129848983e+01
1.139145018930024094e+02
1.125299662670160927e+02
1.209574927170717871e+02
1.163979191513941771e+02
1.217528894892453195e+02
1.163808895103994985e+02
8.410366093869832582e+01
1.153084836612369912e+02
1.087392079266365954e+02
1.027611292579131117e+02
9.981528207026177313e+01
1.052646950592214239e+02
8.744552101000961386e+01
1.213537699877320222e+02
1.189718480606664741e+02
1.143389721260465137e+02
1.099652297487173485e+02
1.041489932949126853e+02
1.133693452197026801e+02
1.049924698772298370e+02
1.195027526279329493e+02
1.030421002213392256e+02
1.272113307972059459e+02
1.025587973253365277e+02
1.132017594308723574e+02
1.135824978150004227e+02
9.199872327250533033e+01
1.070224572087208230e+02
1.219628362050262211e+02
1.023704898685051603e+02
1.066110706412859912e+02
1.003992484762278536e+02
1.153897678654620762e+02
1.083620203403439319e+02
1.196154160327679818e+02
1.238805753169055777e+02
1.098462399495112720e+02
8.480673115651835303e+01
1.047337878826150757e+02
1.107272348047206378e+02
1.049745754896841419e+02
1.045857828847195208e+02
1.214983123507811769e+02
1.106457829988667925e+02
1.161918551007201899e+02
9.714355328319389571e+01
1.097804135547215481e+02
1.152538303304627476e+02
1.074790850131511633e+02
1.123911859993733060e+02
1.082768063141064800e+02
1.092371990248386595e+02
1.117062989186700293e+02
1.082678538100351489e+02
1.068764334530427220e+02
1.144624627493645193e+02
1.164490194065120363e+02
9.796450236403353529e+01
1.111743396404156670e+02
9.655745708291190965e+01
1.140622381266711756e+02
1.022217440631663266e+02
1.223276821865658803e+02
1.061073480440668959e+02
1.165319073650328363e+02
1.302638993417429276e+02
1.036896238232600922e+02
1.078987017132139528e+02
8.704254503322650294e+01
9.684570106682485857e+01
1.057948084676242502e+02
1.361288525905890481e+02
1.112427359874480146e+02
1.029213194182810014e+02
1.221063105306563870e+02
1.222525668496644897e+02
9.417593942550412578e+01
1.004730800797377839e+02
1.077135771192230038e+02
9.801275729271037562e+01
9.670737325749992408e+01
1.467211929153354788e+02
1.172099148062575154e+02
9.868377454821627737e+01
1.008883789029483751e+02
9.578609574064174126e+01
1.114182478520425121e+02
1.183299366103634043e+02
9.358107401452714669e+01
1.143538529913670203e+02
1.182750064297073322e+02
1.200320345993499274e+02
1.115267240823284425e+02
9.568898716085558931e+01
1.146854684388373755e+02
7.894810766906705624e+01
1.332351801517519903e+02
1.256217758359693732e+02
1.238752690556704152e+02
9.573444997231999309e+01
9.590597304889226393e+01
1.008595293941531850e+02
1.131735046009866466e+02
9.880389377164821951e+01
1.014121984667340257e+02
1.057032689706741309e+02
1.253685641759858953e+02
1.036140752436465107e+02
1.184104953715487198e+02
1.134207369165258683e+02
1.057172884620966613e+02
1.166844173143856409e+02
9.879059238840321200e+01
1.076058144082144139e+02
1.132732175580798923e+02
1.245354098898238675e+02
1.073338705881284056e+02
1.318424777900969502e+02
8.672690410681661888e+01
1.007250967959678150e+02
8.914211191544738710e+01
8.886723566461247970e+01
1.247274404835741137e+02
9.577677931091544394e+01
1.092559212633992303e+02
1.194038872203010442e+02
1.163118604784374526e+02
1.043878130050615454e+02
1.075846273311685906e+02
1.039282142761103671e+02
1.035112415224154034e+02
1.299781909378633316e+02
1.060169831664922100e+02
8.866599989093053580e+01
1.026061098387403518e+02
1.110011170202800059e+02
1.165835016247244198e+02
1.095568370234981046e+02
1.225498786016756867e+02
1.180288065903986734e+02
1.118570521985567154e+02
1.022846776895542433e+02
1.016881314634590154e+02
1.199679923996558983e+02
1.020605483098071460e+02
1.191928966385105610e+02
1.046537578902464816e+02
1.129687366000967614e+02
1.081396560928150592e+02
1.010715183981072300e+02
1.107887087672906858e+02
1.109943510906223452e+02
1.201454736115675814e+02
1.044806029914012839e+02
9.904316125838855100e+01
1.116283994834422231e+02
1.106747852962701728e+02
1.326603668420249846e+02
1.154299962537627238e+02
9.644135855807834901e+01
1.011262672607524706e+02
1.055070696691583407e+02
1.007787107816324266e+02
9.301701678590029587e+01
1.209133756027503495e+02
1.031942631355207141e+02
1.003725423461134199e+02
1.334732910222616340e+02
1.074483267855885060e+02
1.134671664300934140e+02
1.167830708320311288e+02
9.712233674473706913e+01
9.921933117955484249e+01
9.499915979916144693e+01
1.333094290916445459e+02
1.245378184099625400e+02
1.029613136175605064e+02
9.996101707628234578e+01
1.172393380648674253e+02
1.100681698910398865e+02
9.762333324549618396e+01
9.923686279772741159e+01
1.082239488038328972e+02
1.303488230325087045e+02
9.153025441956884833e+01
1.231622407107485344e+02
9.618428080243177192e+01
1.143003021468387601e+02
1.109337299416859395e+02
9.868132113244426762e+01
1.018610760773793089e+02
1.110474945960090167e+02
1.206723498237493146e+02
1.175172297185863357e+02
9.432476050801307110e+01
1.059022407496812406e+02
9.976721656088392365e+01
1.189303627689044021e+02
1.181900497613175531e+02
7.956038916865026067e+01
1.202150056477692885e+02
1.049857951264746703e+02
1.167010184200211285e+02
1.316177859436553490e+02
1.025145476983629607e+02
1.011417217844263945e+02
1.060479844974279189e+02
1.006656306827104288e+02
9.471785722246794137e+01
1.093294663544648557e+02
1.243437131702201128e+02
9.950392121959238523e+01
1.017312099912471268e+02
9.958456125716224960e+01
1.136432016362315380e+02
8.771771483004364711e+01
1.464834953922298268e+02
1.074456326266524968e+02
9.087402130927645771e+01
1.106177410322439556e+02
1.162743502906251649e+02
1.009989897568805617e+02
1.289569971318324804e+02
1.152865832351166375e+02
1.114793650006671157e+02
1.221057542457375291e+02
9.475007561848254056e+01
1.164082164633302909e+02
8.838281556732255240e+01
1.057775714981688253e+02
1.144363796019910211e+02
9.368282485568481377e+01
1.057890841101320945e+02
1.219989835267479918e+02
1.146367441374046905e+02
9.940112695607670901e+01
1.119900099659549113e+02
1.144163516213051111e+02
1.230654600849513400e+02
1.039000712568353322e+02
1.043002294830379100e+02
1.018499960775782682e+02
1.072677832476174302e+02
9.023010315889479216e+01
1.084266726881651977e+02
1.055257361743773004e+02
1.371678222330638164e+02
1.257062835373845644e+02
1.111958649637330581e+02
9.986927796803372814e+01
1.107641346257137513e+02
1.039973431940984767e+02
9.576819905269704236e+01
1.197974622192341059e+02
1.138162539933668000e+02
1.095760936983399461e+02
1.128408292830512778e+02
9.129642948003132119e+01
1.293463950220819072e+02
1.038597352615279874e+02
1.059261488562390952e+02
1.100011972915527707e+02
1.020417434071858338e+02
1.269280540638881973e+02
1.098252383940613583e+02
1.015511040675397538e+02
1.285651952224970387e+02
9.049578187142729746e+01
1.057275714326039093e+02
1.246095056402494805e+02
1.040374891636599699e+02
1.083404023245218895e+02
1.023626659295082533e+02
1.095660859568760657e+02
1.242558634741015879e+02
1.120332114155543763e+02
1.138172397951412904e+02
9.121417840399060140e+01
1.025148049514249777e+02
1.105853967545565411e+02
1.130791532351622379e+02
1.076084145150611135e+02
1.140519558110184022e+02
1.171065474993263820e+02
9.717205935902391900e+01
1.168430946384322624e+02
1.190680104987762320e+02
1.034047326215401625e+02
1.031061421371175584e+02
1.038470770838210200e+02
1.209443877627847002e+02
1.004592684096777475e+02
9.829494573229132470e+01
1.048706333123094225e+02
9.572292869775422730e+01
1.001669833663702320e+02
1.341478402824337195e+02
1.179014094921118243e+02
1.121034253650221046e+02
1.245144328492174424e+02
1.009235919568627793e+02
1.050352906635982322e+02
1.099591588861131157e+02
1.077578425238680211e+02
1.100673455851875531e+02
1.195885116203644429e+02
1.042878917172720179e+02
1.327725513975453282e+02
9.907231636269800390e+01
9.330586669689465396e+01
1.136852319187682951e+02
1.063858226572669992e+02
1.085828293761719863e+02
9.601730192222701987e+01
1.044234658634347852e+02
1.219080356194690751e+02
8.625416137656283411e+01
1.139578443142961959e+02
1.250656430928468836e+02
1.185902724232619931e+02
1.228681881795214252e+02
9.152299082191896673e+01
9.142246397400592173e+01
1.250146768829111892e+02
1.102086956419519481e+02
1.061917640923783637e+02
9.715164747617309615e+01
1.136802589959102932e+02
1.128355506205807757e+02
1.136603901897125866e+02
1.120800618422595107e+02
1.305996391739417959e+02
1.085120081899243303e+02
1.073247372297365416e+02
1.143575636145506422e+02
8.911524610213659514e+01
1.171423285734516497e+02
1.057784960766928606e+02
1.068517088911707020e+02
1.227834434472321448e+02
1.064018603270677374e+02
1.100865501074234771e+02
1.058609233280997302e+02
1.024832428463269167e+02
1.129989892848410022e+02
1.184939085525869444e+02
1.119927688239182970e+02
9.926478008676724585e+01
1.019817356011337495e+02
1.083941513696365604e+02
1.227606620251112304e+02
1.098507153314995151e+02
1.015809044234875955e+02
1.084405681841928413e+02
1.079608352543143610e+02
1.387662095413457735e+02
9.271433409232281520e+01
1.038480528222704464e+02
1.045308751595622425e+02
1.050428197371915502e+02
1.063404889263270121e+02
1.147729815803618862e+02
1.077623466237311334e+02
1.172537913532280385e+02
9.950776949384379577e+01
1.093120384628201123e+02
1.114089886496453232e+02
9.820867023972397192e+01
1.064188117410922132e+02
1.273129662357976457e+02
1.123059416586588242e+02
1.306843489523054416e+02
1.000525987689731977e+02
1.003451361984295573e+02
1.103221830417238039e+02
1.019922254113698585e+02
8.057295659993232562e+01
9.866657006989248657e+01
1.428847198174901223e+02
1.146258255876608132e+02
1.198302330375771163e+02
9.933831171923648640e+01
1.218404686530721506e+02
1.174605321160107678e+02
1.067210169089409248e+02
9.636501178486618358e+01
1.144570900551207160e+02
8.489335047669329981e+01
1.093116721470288581e+02
1.184356494065369532e+02
1.223195241785514753e+02
9.810884514905170306e+01
1.105191910140155755e+02
1.177770565789100203e+02
1.060978975958531123e+02
1.132955875816871725e+02
1.100094383666017421e+02
1.128642077507364547e+02
1.022998753090854223e+02
1.105365436160441561e+02
1.011251602192794081e+02
1.014561577704290016e+02
1.282576981739766495e+02
1.164585500452566009e+02
1.157636647271912125e+02
1.129815287033443667e+02
1.147871585056234522e+02
1.062136479483964706e+02
8.619749088855829200e+01
9.983122553251662623e+01
1.188251110473728005e+02
1.099635234662776497e+02
1.198877236343144546e+02
1.024541463966235995e+02
1.005386805687721079e+02
1.223823842761740650e+02
1.037605997701390379e+02
1.047830557330228345e+02
1.005248803731879121e+02
1.124821613209354894e+02
9.305619331418121476e+01
1.124873240449463623e+02
1.109708552742500558e+02
1.233356950686402058e+02
1.130539987551443915e+02
1.082958585070744846e+02
1.118693173495295952e+02
1.094581688667285135e+02
1.049348385194539759e+02
1.146492299215590691e+02
1.229078506413499099e+02
1.060188530796277178e+02
9.889730114053722332e+01
9.420586397390573552e+01
1.166106476023768863e+02
1.066473354661665667e+02
1.101124544870837383e+02
1.170788761423465729e+02
1.113704963346040842e+02
9.717659414417043706e+01
1.278797588347479888e+02
1.098090587060535483e+02
1.164711431143000766e+02
1.016513471067103467e+02
1.013128853296375667e+02
1.099163463295291336e+02
8.915827522558963381e+01
1.249189802292299589e+02
1.229336085318984146e+02
1.064773637225935516e+02
1.040928294550814428e+02
1.153136577566331624e+02
1.017614041323662377e+02
1.257986374117834316e+02
1.113686747423682988e+02
9.304538170770828742e+01
1.095730860002752678e+02
1.099448537264658796e+02
9.259761423081313580e+01
1.181059077280765308e+02
1.168996773338702297e+02
1.113648096615377767e+02
1.069781256060849017e+02
1.177115433468698171e+02
8.770633714514085000e+01
1.030113318121577208e+02
1.343479640769710386e+02
1.028217498397748670e+02
1.075342050775325049e+02
1.105940267937997419e+02
1.253088330443884360e+02
1.085298002831178792e+02
1.195130144552830274e+02
9.896393476300956138e+01
1.030603191177026758e+02
9.564161916733645796e+01
1.115211505796225566e+02
1.181532184490241235e+02
1.122751590739105438e+02
1.015882405187415287e+02
1.171690467608682269e+02
9.504822106349266164e+01
1.182344055325624481e+02
9.971537597099411698e+01
1.043427631082539193e+02
1.007086835507632401e+02
1.165555487126024161e+02
1.036813500563666537e+02
9.995226294433301462e+01
1.254219775963751147e+02
1.110152731693872141e+02
1.011145948414017965e+02
1.008215518220213625e+02
1.252450447349828266e+02
1.188032067381782326e+02
1.018690410779806967e+02
1.100275102328256196e+02
1.232690752562229193e+02
1.027803698437327711e+02
1.004113891574671413e+02
9.402186238333858626e+01
1.040335945059846665e+02
1.356044877979780097e+02
9.605291226218088241e+01
1.180963634124232442e+02
1.233204407685744997e+02
1.114804258116629399e+02
1.096186427517696842e+02
9.847233415134742529e+01
9.988466149286406903e+01
1.330255628029808577e+02
1.021033447252000741e+02
1.249870558608207602e+02
8.580326695232017187e+01
9.495129375452015097e+01
1.096153818631730132e+02
1.028263389800734018e+02
1.337704143379957884e+02
1.150808499291358089e+02
8.681395396881366366e+01
1.085608865364602451e+02
1.278967895456094368e+02
1.091821239657652711e+02
1.033559897291159615e+02
1.000400920213799481e+02
1.122229791581163738e+02
1.011559613325937192e+02
9.590252580514867020e+01
1.055260275860190831e+02
9.648491942755049422e+01
1.197485833697508042e+02
1.092625521206915238e+02
1.240890766303564732e+02
9.702322641281874382e+01
