-5.434054327008794871e+00
-5.386241094939004270e+00
-5.316363021047889603e+00
-5.130617199248010962e+00
-5.459780340420380185e+00
-5.461359088685480145e+00
-5.499952870866224863e+00
-5.477539854244897199e+00
-5.495958804160956390e+00
-5.508543840421002535e+00
-5.505199584118829037e+00
-5.467308528777342858e+00
-5.105493669259252520e+00
-5.127203485130936045e+00
-5.108083060495493655e+00
-5.124628084215427926e+00
-5.139051114474203708e+00
-5.135392434464459477e+00
-5.117199499903398952e+00
-5.128011876506644917e+00
-5.151708207815607565e+00
-5.159857761176741775e+00
-5.126957561489682291e+00
-5.392509568344512338e+00
-5.426854773247317354e+00
-5.472519329752967288e+00
-5.510821572476834795e+00
-5.051190693675326138e+00
-5.409059159369320469e+00
-5.428531184077263205e+00
-5.363948830166579640e+00
-5.322419731755302585e+00
-5.384656537077888494e+00
-5.154499165785874304e+00
-5.423967549459426607e+00
-5.441856567938057054e+00
-5.410835833660288863e+00
-5.119346508075848234e+00
-5.502430352040975414e+00
-5.547552252864425881e+00
-5.724810704139955853e+00
-5.418524746986697949e+00
-5.520175527099114632e+00
-5.700241015891453600e+00
-5.519655746540216512e+00
-5.544886169857099034e+00
-5.475344775724784618e+00
-5.529330226023005501e+00
-5.563843747496619585e+00
-5.715026855075554302e+00
-5.479578414533515129e+00
-5.468189814104190916e+00
-5.536343027918134929e+00
-5.588282323959495201e+00
-5.444457745006079818e+00
-5.478456946675394512e+00
-5.497001365166114262e+00
-5.543070287337076962e+00
-5.580974801311489486e+00
-5.663466630330517226e+00
-5.656497504587735925e+00
-5.749567206967050481e+00
-5.747105919555514753e+00
-5.648816874170432989e+00
-5.642272124414548173e+00
-5.630606409367566734e+00
-5.631817730400781485e+00
-5.643095121836154249e+00
-5.670753744228710147e+00
-5.622148709620501172e+00
-5.672442974945458793e+00
-5.627691454427497852e+00
-5.682330398272710248e+00
-5.621379902174315824e+00
-5.650580569708942846e+00
-5.752724334931520467e+00
-5.642929191815301948e+00
-5.630475028113302471e+00
-5.640496080984678251e+00
-5.654524795423350625e+00
-5.639185600888575678e+00
-5.632685877925869278e+00
-5.634098779926099532e+00
-5.625382747450439425e+00
-5.633834501276878015e+00
-5.655829746860498553e+00
-5.643639667450573327e+00
-5.658825379530007638e+00
-5.648405687202524561e+00
-5.729754050831113332e+00
-5.716294887271056169e+00
-5.735465434232296822e+00
-5.656666352723321189e+00
-5.705557341853717546e+00
-5.702034366305864133e+00
-5.715387823719349392e+00
-5.704143538644973255e+00
-5.685670542660266058e+00
-5.509969858195024273e+00
-5.576147133402521661e+00
-5.532488510960559047e+00
-5.561207233577285969e+00
-5.507872394281079664e+00
-5.542172487120978097e+00
-5.511298203509532811e+00
-5.567280375845846230e+00
-5.632542594759662791e+00
-5.516002858572834455e+00
-5.469309128198754699e+00
-5.507125007296923336e+00
-5.525709948002584859e+00
-5.496522599139019860e+00
-5.475252660344714251e+00
-5.536335833199562018e+00
-5.481032794070944014e+00
-5.540627878383883598e+00
-5.530739396226524995e+00
-5.595547091391819272e+00
-5.547629812653549486e+00
-5.540447483259733019e+00
-5.514562117134741648e+00
-5.535574128852609910e+00
-4.740562453488418981e+00
-4.657923603884127850e+00
-4.604066040214626732e+00
-4.825635689857345589e+00
-4.789702218107134257e+00
-4.746673847185159723e+00
-5.059713658450786689e+00
-5.066999794516536149e+00
-5.035219406275686538e+00
-5.094564929700485578e+00
-4.635944132638801563e+00
-4.654706440543910695e+00
-4.585389495570424856e+00
-4.692433691778802540e+00
-4.771009575544406189e+00
-4.656218025964940388e+00
-4.650174396662759335e+00
-4.626817190962717596e+00
-4.625629705350913667e+00
-4.728713488110807717e+00
-4.634498249948101112e+00
-4.621919712903920008e+00
-4.605470772854424411e+00
-4.719551085216711073e+00
-4.710272777403321065e+00
-4.739070171530372910e+00
-5.494150234161230273e+00
-5.445110202416531209e+00
-5.383965237218925282e+00
-5.510850380898437706e+00
-5.665770002143258210e+00
-5.716865486901960836e+00
-5.595710458910901686e+00
-5.149816126509030312e+00
-5.213203357389811998e+00
-5.237321564366474114e+00
-5.757742490727699725e+00
-5.772719087934503612e+00
-5.781523360920470367e+00
-5.734651924318602489e+00
-5.766639296770949663e+00
-5.540162021405149240e+00
-5.515695510089620335e+00
-5.544723877764390352e+00
-5.522404969442550104e+00
-5.539848934646927070e+00
-5.664152717122862057e+00
-5.732698799453245009e+00
-5.286698523740280820e+00
-5.231569348183326085e+00
-5.275067652851107347e+00
-5.301427218471302716e+00
-5.327719441925733435e+00
-5.514708001026111361e+00
-5.294553047833267634e+00
-5.334559864915206617e+00
-5.344874828835989966e+00
-5.337779093592764923e+00
-5.331200755709868844e+00
-5.304895547656069965e+00
-5.316386093264529933e+00
-5.303755885257646518e+00
-5.311766089012312619e+00
-4.716275617742100579e+00
-4.737547296239079664e+00
-4.711648223179516037e+00
-4.723416302906442432e+00
-4.731736565566357910e+00
-4.722637943481363010e+00
-4.709726628627466383e+00
-4.723975587110862406e+00
-4.737874039829395478e+00
-4.722432295849982253e+00
-4.731639233011537549e+00
-4.698951493354566189e+00
-4.692123510133162867e+00
-4.710791389403949481e+00
-4.690668943623389708e+00
-4.700830549590563123e+00
-4.690451905087140716e+00
-4.681410549726258807e+00
-4.688983230928275070e+00
-5.196189404469043538e+00
-5.134732657454379456e+00
-5.147685061158832731e+00
-5.130481703910696467e+00
-5.163622395914842400e+00
-5.169887506245232522e+00
-5.197334641013004131e+00
-5.161769463918962408e+00
-5.159619297597480170e+00
-5.381002442331944025e+00
-5.338038261195460876e+00
-5.324891049670725351e+00
-5.325307673515077944e+00
-5.278385966888944125e+00
-5.395376700410640325e+00
-5.383061428141362903e+00
-5.320333660881893856e+00
-5.292381275369248073e+00
-5.104854605691194536e+00
-5.261858852744881077e+00
-5.234872526282007499e+00
-5.342465292093528717e+00
-5.303624822803272743e+00
-4.884735139036622265e+00
-4.858773502343849415e+00
-4.860069416997886194e+00
-4.874647095536351671e+00
-4.870128498275948736e+00
-4.774832938619642420e+00
-4.718394524558537029e+00
-4.728448654797249517e+00
-4.882837641670786155e+00
-4.880438455920329766e+00
-4.958842538177012038e+00
-5.265265410535707069e+00
-4.924654910104850458e+00
-5.269572341146623096e+00
-5.276776204537190651e+00
-5.201304940851030345e+00
-5.152417369020196425e+00
-4.910074395675388281e+00
-5.192891594381356946e+00
-4.967388832236702356e+00
-5.339633828716604746e+00
-4.946349300314483166e+00
-4.900143977744839674e+00
-5.313029924624382616e+00
-4.938786676384008700e+00
-4.936657591033299930e+00
-4.959217881875668255e+00
-5.243017886470500599e+00
-5.231685082480183269e+00
-5.242119996852625086e+00
-5.220420520510619333e+00
-5.135653899245224530e+00
-5.246704731359640661e+00
-5.244736801553970373e+00
-5.228912567547685519e+00
-5.236729995935747617e+00
-5.114846235765713622e+00
-5.071195147761212496e+00
-5.134031484100141540e+00
-5.130960567969306219e+00
-5.151832836058035880e+00
-5.120365010643825876e+00
-5.256593515409280215e+00
-5.231517086802361938e+00
-5.105514127526102897e+00
-5.136212387174676763e+00
-5.109698897613129454e+00
-5.557726961838137747e+00
-5.554759127123057638e+00
-5.570611865725153322e+00
-5.557737404964345984e+00
-5.571258733010601816e+00
-5.563637998607779522e+00
-5.538974507607750120e+00
-5.562611512988552498e+00
-4.739899284304898153e+00
-4.748233318667147707e+00
-5.082802399638771007e+00
-4.716215874929444496e+00
-4.628937795666901778e+00
-4.678000393229192255e+00
-4.574914729848646999e+00
-4.641339378837091800e+00
-5.676812714885775435e+00
-5.642589083613717804e+00
-5.509511437076205276e+00
-5.558865483198383473e+00
-5.537280983532033574e+00
-5.504616312118229438e+00
-5.535316253433774314e+00
-5.622364439055796304e+00
-5.687940620317956331e+00
-5.669880221174808277e+00
-5.671014386461252776e+00
-5.631302907378389122e+00
-5.646805552128519423e+00
-5.632895070770135959e+00
-5.637733047634578831e+00
-4.758998683369584093e+00
-4.758964363427059752e+00
-4.728369262805579787e+00
-4.734192945869533986e+00
-4.737142846846078115e+00
-4.726147595205848262e+00
-4.737178194732010184e+00
-4.742116895655218656e+00
-4.777139801421710352e+00
-4.788725236677561448e+00
-4.801669251447247433e+00
-4.780139776375268212e+00
-4.785637586296228818e+00
-4.733047816589867729e+00
-4.744969562034015098e+00
-4.811561121691608101e+00
-4.698779698545539674e+00
-4.818876613306517953e+00
-4.845511091080433097e+00
-4.807290644855229722e+00
-4.807991069872461054e+00
-4.756882311626235982e+00
-4.782791895148098327e+00
-4.797449112608148880e+00
-4.786112443351119516e+00
-4.773849908158950939e+00
-4.798251026071423730e+00
-4.829085803904146879e+00
-4.822727469207801931e+00
-4.799936393836735427e+00
-4.814314476518793740e+00
-4.830143134995623200e+00
-4.804928103441918452e+00
-4.809058164072848029e+00
-4.828177643264579544e+00
-4.831515317396910092e+00
-4.849369355286617278e+00
-5.101156274235673749e+00
-5.106973411907347327e+00
-5.098923614606563071e+00
-5.092979666720984788e+00
-5.097836220274314378e+00
-5.107286065798406938e+00
-5.284391658703352590e+00
-5.281116612051091508e+00
-5.281255566337864416e+00
-5.277046167490812678e+00
-5.282128040192798579e+00
-5.283654734847343271e+00
-5.277882358861408107e+00
-5.278290844302587992e+00
-5.274974950354970105e+00
-5.275620680230364457e+00
