-5.434002898724137331e+00
-5.386996175256458130e+00
-5.318895952112003833e+00
-5.129306803319237495e+00
-5.460634602280019401e+00
-5.461166013280658760e+00
-5.501843844671679307e+00
-5.479490672173643162e+00
-5.495605847378736364e+00
-5.508520073903219405e+00
-5.504854232661944735e+00
-5.467874368523832018e+00
-5.110096126048230047e+00
-5.131223471648160839e+00
-5.116417561650492551e+00
-5.127787119212706024e+00
-5.143686508308227268e+00
-5.136282796060481992e+00
-5.125842473574622637e+00
-5.127356215391826844e+00
-5.149370945934655275e+00
-5.160533537588379183e+00
-5.133342993675533705e+00
-5.389891142225156528e+00
-5.426516362819333139e+00
-5.470548490632471506e+00
-5.509449257110097697e+00
-5.062711590587482213e+00
-5.407060503441678101e+00
-5.428508254871028171e+00
-5.361706219769262205e+00
-5.321305146084529980e+00
-5.385628310559219756e+00
-5.157535587047144432e+00
-5.424751369550994795e+00
-5.441796263931190758e+00
-5.410515511377892217e+00
-5.117053859175526576e+00
-5.498692647152991775e+00
-5.548903087520253408e+00
-5.718319096121581957e+00
-5.417300384848611650e+00
-5.518453693775747126e+00
-5.692660115811420951e+00
-5.516211604017334125e+00
-5.541840114412928564e+00
-5.473250215769859928e+00
-5.529114939356006175e+00
-5.561983379031307351e+00
-5.710345028489395069e+00
-5.477865059498467915e+00
-5.465444095174160744e+00
-5.533928744724519788e+00
-5.586155440806265027e+00
-5.441994883028809404e+00
-5.475718043505080068e+00
-5.494040966425624006e+00
-5.540063857728966035e+00
-5.580028361531761405e+00
-5.655675955649187792e+00
-5.646946138925309278e+00
-5.741631197669861741e+00
-5.740379772635162858e+00
-5.642155016197700768e+00
-5.637038552410645664e+00
-5.626785865587253355e+00
-5.626278969655659878e+00
-5.639491688424058680e+00
-5.663693269162569877e+00
-5.619986490933627898e+00
-5.665398102667304592e+00
-5.619923697322227518e+00
-5.676072957551607345e+00
-5.614636002059931741e+00
-5.645745106631959054e+00
-5.743801685157968073e+00
-5.634747461769461729e+00
-5.621426301703029260e+00
-5.631665438938150636e+00
-5.645591214317396300e+00
-5.630296020447642213e+00
-5.625364802944803344e+00
-5.626484981032920274e+00
-5.618490248157107736e+00
-5.623629037107196638e+00
-5.649782232993487696e+00
-5.636041974581694980e+00
-5.651746170013793424e+00
-5.642974733655671926e+00
-5.731884150472937201e+00
-5.715327805828416707e+00
-5.731253393231939164e+00
-5.659865638669460353e+00
-5.703307058886896819e+00
-5.700759791552306055e+00
-5.710746349393049037e+00
-5.701188883505047933e+00
-5.686061300527152085e+00
-5.508051935024425916e+00
-5.574431592352417475e+00
-5.528029620206305950e+00
-5.561931446227501574e+00
-5.506682674385422693e+00
-5.540361225452432592e+00
-5.506924677489340780e+00
-5.565431123460018448e+00
-5.628766558662216646e+00
-5.521983544112743836e+00
-5.472852637830754041e+00
-5.516349753120356247e+00
-5.531596328795909123e+00
-5.494842696616792921e+00
-5.477126154482967912e+00
-5.537003466522088857e+00
-5.482473912711261832e+00
-5.538547131268850343e+00
-5.526701385627346141e+00
-5.591980252097743076e+00
-5.543494996880548698e+00
-5.537850235684996569e+00
-5.517641505234980315e+00
-5.532738992453789528e+00
-4.735296626488623595e+00
-4.663022794274900740e+00
-4.608923182778713823e+00
-4.818976193013622122e+00
-4.781888570412268002e+00
-4.739104468675996884e+00
-5.061450915651167115e+00
-5.067956990333978951e+00
-5.037312516615934932e+00
-5.094692210799999899e+00
-4.732661464619734915e+00
-4.694023987364328576e+00
-4.654589431250044207e+00
-4.688453871317722843e+00
-4.769916364141458587e+00
-4.657926058168918360e+00
-4.664060322520116486e+00
-4.630748899818240893e+00
-4.616055867903332555e+00
-4.727579828360664038e+00
-4.627740760979838441e+00
-4.619410071661287809e+00
-4.600085169352773562e+00
-4.710149384415033502e+00
-4.706178069964010113e+00
-4.737803930048722023e+00
-5.495834765515962061e+00
-5.446406660979494774e+00
-5.384977746956665534e+00
-5.511046493151544823e+00
-5.660430770711654347e+00
-5.712110019636886804e+00
-5.589372652672166986e+00
-5.152857986588118777e+00
-5.222661899755653536e+00
-5.235384435969393735e+00
-5.758313212138615356e+00
-5.770708245499789335e+00
-5.773831611787541007e+00
-5.737563960063248203e+00
-5.763867638506330771e+00
-5.538592572494597910e+00
-5.515564008024655962e+00
-5.545625586413545527e+00
-5.522712329902758732e+00
-5.539800790474029846e+00
-5.655712083948820634e+00
-5.726303322691518538e+00
-5.287074350828730118e+00
-5.234961684840415685e+00
-5.271382043964994324e+00
-5.301867770736490293e+00
-5.330514913168006075e+00
-5.515849582789026151e+00
-5.299295782812621702e+00
-5.337299767404795503e+00
-5.348138648386777660e+00
-5.342908862089682742e+00
-5.336339547250329218e+00
-5.304461051997879650e+00
-5.318213924484328281e+00
-5.301653042959591389e+00
-5.312390110433195645e+00
-4.709249876576393490e+00
-4.730665527237617241e+00
-4.704573822387112969e+00
-4.712488251200403155e+00
-4.728599660354793954e+00
-4.724273025730662212e+00
-4.702238247418661921e+00
-4.719091147037997480e+00
-4.732625266492304306e+00
-4.716103295483160096e+00
-4.728485671253798373e+00
-4.685530908598105171e+00
-4.694167070751391613e+00
-4.714957618822610108e+00
-4.685007260626338876e+00
-4.700228838295399392e+00
-4.691239510654309441e+00
-4.685040886641933966e+00
-4.700378495940099377e+00
-5.197786049874355996e+00
-5.126911880328628435e+00
-5.145326592268199661e+00
-5.132636089558370251e+00
-5.165182025398093124e+00
-5.171109262660289474e+00
-5.193159681753759749e+00
-5.162708442715977064e+00
-5.160480216593156477e+00
-5.382028635622521762e+00
-5.339817254983181272e+00
-5.325776591064623311e+00
-5.324735726700800420e+00
-5.282362815515074139e+00
-5.398840406414841198e+00
-5.381681612194703312e+00
-5.320195849514520958e+00
-5.290011139259752859e+00
-5.095399480265248471e+00
-5.259761484952274024e+00
-5.231483988333492263e+00
-5.341929356027818265e+00
-5.303534629969142600e+00
-4.866591593733240906e+00
-4.841227770001186315e+00
-4.844787544269590462e+00
-4.854210455016737313e+00
-4.859741579958158475e+00
-4.768726763914355793e+00
-4.694510943476614351e+00
-4.713520312652708988e+00
-4.867805621806240879e+00
-4.859379663954343620e+00
-4.944689628480787746e+00
-5.266828303365016062e+00
-4.910184376505079662e+00
-5.269107293915350709e+00
-5.279814786476766386e+00
-5.191614889893208407e+00
-5.152043250533434815e+00
-4.901614889477596826e+00
-5.200135078284183088e+00
-4.950217460180208917e+00
-5.342316025072311625e+00
-4.942480176148204229e+00
-4.887687252679945971e+00
-5.313782589912052323e+00
-4.931803759456847125e+00
-4.924947076905992205e+00
-4.953325390035548281e+00
-5.244866089253362063e+00
-5.237417105798710892e+00
-5.247513706318624571e+00
-5.220600616830664897e+00
-5.137971654393084897e+00
-5.249366084549766498e+00
-5.249319966710932484e+00
-5.230742068124068389e+00
-5.236047503795917102e+00
-5.115638567970568040e+00
-5.075700224227555957e+00
-5.129546373062341402e+00
-5.131240602969865172e+00
-5.156225044723367290e+00
-5.123299755637638953e+00
-5.254942139341975960e+00
-5.230340011036361147e+00
-5.108097927748202594e+00
-5.137585832699943289e+00
-5.112212471092394850e+00
-5.555221058242745258e+00
-5.553892446071574618e+00
-5.571736024538525456e+00
-5.558028558929596130e+00
-5.569680118953167280e+00
-5.557264392465772751e+00
-5.535922209098135482e+00
-5.561434544548963466e+00
-4.735654262642690071e+00
-4.738566416266478676e+00
-5.084726362236687613e+00
-4.705595317549996714e+00
-4.727573109888791869e+00
-4.737023753313626351e+00
-4.650600046562263223e+00
-4.701951866280450254e+00
-5.673352722263691916e+00
-5.647096097056119923e+00
-5.509231118275115691e+00
-5.558089066127450018e+00
-5.535469358092752756e+00
-5.507577803369281710e+00
-5.537601219605003955e+00
-5.612599642437147374e+00
-5.680289409177126991e+00
-5.661132537807831433e+00
-5.662223440966692500e+00
-5.626368817907903441e+00
-5.640708810266012563e+00
-5.627958862270124207e+00
-5.626774050292385532e+00
-4.753899733882968270e+00
-4.749015996935982642e+00
-4.720938982929660632e+00
-4.726302338267262648e+00
-4.735175032261620842e+00
-4.717674297878883038e+00
-4.727621285836725917e+00
-4.733652638679783919e+00
-4.780657777371597028e+00
-4.785596091062156887e+00
-4.795791448537821466e+00
-4.776503949460188636e+00
-4.783781449925101015e+00
-4.724010749990100066e+00
-4.735079824005001825e+00
-4.816461894573883740e+00
-4.697575014670232640e+00
-4.816630552448883940e+00
-4.838231822972338669e+00
-4.802106326956198323e+00
-4.819589037944179921e+00
-4.753299308780891685e+00
-4.777221330462192661e+00
-4.795871458111364838e+00
-4.787486339556132897e+00
-4.766945634474562432e+00
-4.794420564377237071e+00
-4.815909032274322321e+00
-4.812490974492732221e+00
-4.798731805758771785e+00
-4.810922707065561355e+00
-4.823855977951208907e+00
-4.793328907503148884e+00
-4.807485045881957575e+00
-4.821312542369678766e+00
-4.829542596786692954e+00
-4.837935388580815399e+00
-5.098662606370781170e+00
-5.102043381625892771e+00
-5.097003633513263132e+00
-5.090896637979640538e+00
-5.095553263337842864e+00
-5.104519380286011376e+00
-5.300684583133305594e+00
-5.297203291372186484e+00
-5.294552053797492164e+00
-5.290816156849862395e+00
-5.298015807808554634e+00
-5.297838474669062769e+00
-5.292524967237678624e+00
-5.295204873053306116e+00
-5.290954821850046841e+00
-5.291252353791768392e+00
