-5.431384767196495211e+00
-5.386992449796005111e+00
-5.318754882873673040e+00
-5.131228494729751510e+00
-5.455463403395517830e+00
-5.459546669870939617e+00
-5.498240916060223249e+00
-5.475143186639654935e+00
-5.492524023903620822e+00
-5.506986774620971303e+00
-5.503296268694922055e+00
-5.463463818342476408e+00
-5.110302483093130732e+00
-5.122898203135832773e+00
-5.112692664512490381e+00
-5.131863338596300395e+00
-5.145007747429885647e+00
-5.134189786561205615e+00
-5.117774081547025844e+00
-5.120034479581388354e+00
-5.147096026928066337e+00
-5.154591777095188121e+00
-5.123140522066476521e+00
-5.393116912467460722e+00
-5.430416089285117209e+00
-5.471553718126409116e+00
-5.508483550969384801e+00
-5.046378261006181809e+00
-5.407858600541061378e+00
-5.431917314123388074e+00
-5.363777985706295048e+00
-5.321140372584912015e+00
-5.383113883131599664e+00
-5.152903244198771660e+00
-5.424381602741350505e+00
-5.441824596540041803e+00
-5.410305862462618798e+00
-5.115759797571282519e+00
-5.500501166102015560e+00
-5.546832252402109198e+00
-5.721039628357788231e+00
-5.420770178526265859e+00
-5.519949255925213905e+00
-5.697594774061445655e+00
-5.519225534928408727e+00
-5.544404474417598649e+00
-5.475725365977200276e+00
-5.528298637295902651e+00
-5.564925796691500004e+00
-5.711050284497165563e+00
-5.479552709404532429e+00
-5.467636576934716608e+00
-5.535746310759870781e+00
-5.586330666640597187e+00
-5.442093719108428651e+00
-5.477969364376476413e+00
-5.495500511720685211e+00
-5.541524537471727463e+00
-5.581543375848110777e+00
-5.663754724695590603e+00
-5.653384112420838825e+00
-5.750022677300049345e+00
-5.747048150982771553e+00
-5.648224428288684429e+00
-5.642651784464419507e+00
-5.630520539476859376e+00
-5.628267778626238282e+00
-5.643069483852883650e+00
-5.670133225166891222e+00
-5.624655067433031341e+00
-5.671942017839106676e+00
-5.627602352993188894e+00
-5.681839945911118406e+00
-5.620923388050957037e+00
-5.651586018095137831e+00
-5.754124843542398615e+00
-5.643980787317370407e+00
-5.630843393814703113e+00
-5.641129718928928227e+00
-5.655197348944989599e+00
-5.638441253198205771e+00
-5.633025060803336537e+00
-5.634940275281813626e+00
-5.627125731513392459e+00
-5.635256770044486885e+00
-5.656237148915812085e+00
-5.643224735316399787e+00
-5.659191304672494205e+00
-5.649379545804443126e+00
-5.727942936895754400e+00
-5.715095168307739115e+00
-5.737584284820705705e+00
-5.653625812707116616e+00
-5.704423136377807957e+00
-5.701278133481463506e+00
-5.714830202017611605e+00
-5.704583228225973635e+00
-5.685097847696360063e+00
-5.507681628679617525e+00
-5.574833155112671967e+00
-5.530899344753618330e+00
-5.558748568718038463e+00
-5.506165871665782419e+00
-5.540102970814633210e+00
-5.509424458416227743e+00
-5.564891790567348728e+00
-5.627618010493780076e+00
-5.511831245711027449e+00
-5.466809704067124187e+00
-5.501176501111826767e+00
-5.522031099906289597e+00
-5.493860202358606948e+00
-5.473906301814453812e+00
-5.533807412395696623e+00
-5.479718719870604993e+00
-5.539053337300474666e+00
-5.527128111928621301e+00
-5.592905489423261045e+00
-5.545999426875545701e+00
-5.540511688484351716e+00
-5.511935358720053912e+00
-5.534519796915098766e+00
-4.729873125688971669e+00
-4.659095174246399296e+00
-4.604219133134256126e+00
-4.819628131697322182e+00
-4.781880016910956321e+00
-4.741467721738356289e+00
-5.057955313320136703e+00
-5.071349305486299919e+00
-5.034321787425031225e+00
-5.098530841438353889e+00
-4.699073218985998501e+00
-4.683569719218331429e+00
-4.611405264970046325e+00
-4.688577509600694526e+00
-4.770419655095930800e+00
-4.651871553348506438e+00
-4.646455094893005011e+00
-4.627441834530944931e+00
-4.623117435642708273e+00
-4.732158224933421309e+00
-4.630301035217574857e+00
-4.609882044436484527e+00
-4.605906190112661669e+00
-4.718130916715981726e+00
-4.708191607709516724e+00
-4.733038358015586589e+00
-5.490960090913895364e+00
-5.443935600649096429e+00
-5.381981265054132990e+00
-5.508564711771351874e+00
-5.664866021854336964e+00
-5.714758141294425720e+00
-5.594815351572344220e+00
-5.145962909679436592e+00
-5.207012648230143981e+00
-5.229364372010994799e+00
-5.755142428355105366e+00
-5.770888578560655624e+00
-5.781740238249468256e+00
-5.730902819492696310e+00
-5.765064368566667596e+00
-5.538392294740305033e+00
-5.513046128646855948e+00
-5.541825195139201021e+00
-5.519299713468675428e+00
-5.537414861646707820e+00
-5.661254644719464046e+00
-5.731626770093717127e+00
-5.288956440138466775e+00
-5.225988480460258323e+00
-5.274736841650513597e+00
-5.301985529742351488e+00
-5.325246662125310948e+00
-5.509682581993633477e+00
-5.291923912261754737e+00
-5.332603888197332331e+00
-5.344480931108931188e+00
-5.337714219031889584e+00
-5.330821879484650694e+00
-5.302481818307112071e+00
-5.313109700083587406e+00
-5.300746528230027899e+00
-5.306329419503004630e+00
-4.719870200906266966e+00
-4.734115404570529151e+00
-4.712499452153128487e+00
-4.721469072254204313e+00
-4.731212016270501586e+00
-4.722179369085847789e+00
-4.708199899497934382e+00
-4.725885912141144729e+00
-4.731481416138093365e+00
-4.719374321244463211e+00
-4.732335769818592830e+00
-4.693191361801850370e+00
-4.686609324658335574e+00
-4.712118290840230372e+00
-4.691082194690442186e+00
-4.703067915191715187e+00
-4.688640011685583531e+00
-4.679846260054758567e+00
-4.693017370253832254e+00
-5.192206004951243514e+00
-5.138452623649026663e+00
-5.151880215906357030e+00
-5.136377965698418535e+00
-5.169799408208991309e+00
-5.164581241114438726e+00
-5.198990038833027683e+00
-5.171967663339033905e+00
-5.160812071184314398e+00
-5.378912406782529132e+00
-5.334018653573533442e+00
-5.318998296691016314e+00
-5.320755845060014089e+00
-5.274356308238281166e+00
-5.392399308677102709e+00
-5.380574058851299135e+00
-5.317010434512137174e+00
-5.292634634856707265e+00
-5.105362286800223082e+00
-5.259895997470644069e+00
-5.232382336718830018e+00
-5.339539662925120389e+00
-5.301512352000787409e+00
-4.887319777854075120e+00
-4.859104925158566957e+00
-4.862485096541694141e+00
-4.875883471177494322e+00
-4.873743256033766791e+00
-4.783141063268090853e+00
-4.737119485676955399e+00
-4.749436212091923792e+00
-4.887702730353377767e+00
-4.883471014052859438e+00
-4.951979438162210201e+00
-5.262453561225559184e+00
-4.921546016355316411e+00
-5.267489686522660364e+00
-5.274605563150738696e+00
-5.199509574158242664e+00
-5.152301342732764411e+00
-4.911413300594502651e+00
-5.195199681570819905e+00
-4.960894902624685798e+00
-5.336477346288323709e+00
-4.946826379803757945e+00
-4.896796683953091645e+00
-5.307058309275269892e+00
-4.938972432240699817e+00
-4.930280474416019132e+00
-4.955182426713655275e+00
-5.239939557467843123e+00
-5.227904484494124482e+00
-5.240631519515091874e+00
-5.216536323100794625e+00
-5.133537851286033238e+00
-5.252158527738258975e+00
-5.251563762505977451e+00
-5.235747001708699777e+00
-5.239158268364742632e+00
-5.109414905672314156e+00
-5.058802953724693019e+00
-5.139568385858448885e+00
-5.132020912111951105e+00
-5.150596703913628005e+00
-5.117181640950871468e+00
-5.259199381493967707e+00
-5.230896350782607840e+00
-5.105544811414860717e+00
-5.134582476833944753e+00
-5.104122195938316509e+00
-5.553083161958016767e+00
-5.553346614080246546e+00
-5.567359970298959126e+00
-5.553421099121211846e+00
-5.567289805196242725e+00
-5.566093987628049078e+00
-5.532916672739339958e+00
-5.556516347930331889e+00
-4.730152270886379462e+00
-4.748213578443036376e+00
-5.085998344054019071e+00
-4.706261450804604785e+00
-4.689216443640556342e+00
-4.731286323865663057e+00
-4.624200377546858753e+00
-4.697404935068695941e+00
-5.675774284038272555e+00
-5.641269023022533524e+00
-5.505920534331009364e+00
-5.556631435555738463e+00
-5.537703424578291234e+00
-5.503120902633482636e+00
-5.535024737513825954e+00
-5.620585942453213413e+00
-5.687301749867997636e+00
-5.668459695083128302e+00
-5.669389682417321552e+00
-5.632284447679847261e+00
-5.648084363345964753e+00
-5.634160039575494494e+00
-5.641704957734819281e+00
-4.758006348145810804e+00
-4.754713481898554583e+00
-4.725023598385251766e+00
-4.730998357822724820e+00
-4.732062530169308445e+00
-4.721455988033594231e+00
-4.732315999704852061e+00
-4.740019671557576864e+00
-4.788374077794535388e+00
-4.788874363997387640e+00
-4.801191185366374015e+00
-4.782822076236741715e+00
-4.785198326930125035e+00
-4.724896196134281467e+00
-4.740363779992954107e+00
-4.810468736671078105e+00
-4.700983467712576136e+00
-4.818286888057818018e+00
-4.837965180821456102e+00
-4.813328964770751561e+00
-4.814433007463922110e+00
-4.746801416004845287e+00
-4.775311798106601557e+00
-4.808341688479099929e+00
-4.786463889762491597e+00
-4.766179945397532869e+00
-4.792571315288339129e+00
-4.821028643170166106e+00
-4.817287187100494528e+00
-4.800569248157925628e+00
-4.816395735888613139e+00
-4.825278288803373172e+00
-4.797430360261226490e+00
-4.806639938409846380e+00
-4.825698732530863566e+00
-4.819369547136626686e+00
-4.844819993518678203e+00
-5.096571280711672536e+00
-5.101850537405573149e+00
-5.095954159417769525e+00
-5.090172524860097525e+00
-5.093970782815266496e+00
-5.101952171412073689e+00
-5.294184215676297711e+00
-5.289929838417567254e+00
-5.286491996337989718e+00
-5.284347923560571481e+00
-5.290988590931263502e+00
-5.290699001658219380e+00
-5.286029107863857490e+00
-5.288943156457032835e+00
-5.282924062549485100e+00
-5.286098671523718373e+00
