-5.439568801402445253e+00
-5.393228215269158632e+00
-5.327937323332646358e+00
-5.142392142057499171e+00
-5.465926695655084266e+00
-5.463391235724688322e+00
-5.502229832328316306e+00
-5.483350060251620306e+00
-5.502609570102380054e+00
-5.514725086906381080e+00
-5.510727981156517075e+00
-5.469642303537614048e+00
-5.123200770538093529e+00
-5.137961813562924362e+00
-5.124712302799704133e+00
-5.134960080889517720e+00
-5.154823424632336781e+00
-5.145323446950468949e+00
-5.146624145444071097e+00
-5.134091835837347517e+00
-5.160291187507501043e+00
-5.171346718553739841e+00
-5.128164013485430495e+00
-5.405881785352958602e+00
-5.436398215766785391e+00
-5.475703096158959227e+00
-5.514473030083363980e+00
-5.073253727366688004e+00
-5.411125925525283265e+00
-5.438068571899511205e+00
-5.369608496004085296e+00
-5.335125009498823623e+00
-5.389051290781380565e+00
-5.164428977773393825e+00
-5.425435716054323620e+00
-5.451309273029902869e+00
-5.418020170221738319e+00
-5.122005753678229745e+00
-5.510792242771850979e+00
-5.558825923730402963e+00
-5.727912189699401857e+00
-5.427856527077607574e+00
-5.527381668433783091e+00
-5.701893388359530412e+00
-5.527967622986721175e+00
-5.551347732009646485e+00
-5.483005133645711737e+00
-5.539111820865437075e+00
-5.571833646651318084e+00
-5.719119367908839457e+00
-5.487278175671247205e+00
-5.476113777145782180e+00
-5.545233389866623952e+00
-5.594188032735773142e+00
-5.456586805220156045e+00
-5.487091679270100997e+00
-5.512059560069928033e+00
-5.548965661209285472e+00
-5.585141674292148473e+00
-5.664466984153279761e+00
-5.656538329344955152e+00
-5.750936087252277673e+00
-5.749158657365422087e+00
-5.651368203178000371e+00
-5.645968457679949815e+00
-5.632710864714823629e+00
-5.635442005774316421e+00
-5.648415270367196150e+00
-5.673289635203703440e+00
-5.632985401260150127e+00
-5.675342492270276651e+00
-5.632236484208467786e+00
-5.687095817319218760e+00
-5.624023173863176517e+00
-5.654604439156282858e+00
-5.753459878892954293e+00
-5.644129762796543659e+00
-5.631164828940052658e+00
-5.641523316477419669e+00
-5.654979567323934475e+00
-5.639607178768780038e+00
-5.634752677068294524e+00
-5.637217992696200497e+00
-5.627607119963114357e+00
-5.635318674320601851e+00
-5.661433344365097931e+00
-5.646086275677889788e+00
-5.662555043566905866e+00
-5.651466261853497208e+00
-5.736504075853803286e+00
-5.721956375448846721e+00
-5.739300341861611976e+00
-5.661227118661783742e+00
-5.709847538015575985e+00
-5.707074888743608021e+00
-5.719009347009348154e+00
-5.708218310035300114e+00
-5.692298106242120959e+00
-5.520102282039893282e+00
-5.584408500294693489e+00
-5.541574655324287058e+00
-5.574253926902779988e+00
-5.520373840699853041e+00
-5.554589613591023323e+00
-5.522608470856471996e+00
-5.580071984861501910e+00
-5.637369721694678759e+00
-5.525275294816309746e+00
-5.480461935703150544e+00
-5.513160754176377409e+00
-5.539812159463331831e+00
-5.507205841286936909e+00
-5.486421708546353138e+00
-5.548969458624590345e+00
-5.493254666535284159e+00
-5.551888368446841859e+00
-5.540290026078438679e+00
-5.607786507753728777e+00
-5.554456506425847095e+00
-5.547318811310161024e+00
-5.525752237793070343e+00
-5.542217587881893337e+00
-4.743959948974610263e+00
-4.658136096607218946e+00
-4.611853799500391204e+00
-4.832469913648552939e+00
-4.785167868476253084e+00
-4.732534431017525023e+00
-5.066724083743046059e+00
-5.077985063028195967e+00
-5.046047848278154113e+00
-5.107692911356762622e+00
-4.763075750513482198e+00
-4.766986423364044434e+00
-4.693671661196584743e+00
-4.696326103293972487e+00
-4.773123825381650143e+00
-4.652258388300583469e+00
-4.647053705436280602e+00
-4.632204548187714543e+00
-4.613482295625667362e+00
-4.726215742834804168e+00
-4.626072085630086761e+00
-4.617511189618602074e+00
-4.616914899609078304e+00
-4.713109697876488369e+00
-4.710753060041937168e+00
-4.759627385034680636e+00
-5.498005445522986534e+00
-5.446606002450065986e+00
-5.382038688379018332e+00
-5.513245919886367474e+00
-5.669607488524426309e+00
-5.720217466904547798e+00
-5.599677052377712627e+00
-5.146720294568009280e+00
-5.208129304843981622e+00
-5.228123652129217369e+00
-5.762388808966656839e+00
-5.777038825667227151e+00
-5.781385281804143794e+00
-5.738077114763330044e+00
-5.771036046410984000e+00
-5.543489253610072609e+00
-5.519649392282175882e+00
-5.549346625314079517e+00
-5.525516928845184417e+00
-5.545347048838408455e+00
-5.667115169993072854e+00
-5.736284557313846122e+00
-5.296262093928252312e+00
-5.231964990114509106e+00
-5.284909997819521976e+00
-5.308992587539729691e+00
-5.333781355096963495e+00
-5.515851880288992426e+00
-5.301024661981991848e+00
-5.339295360645043509e+00
-5.348996678115237380e+00
-5.342139731846094364e+00
-5.338738887349096629e+00
-5.306930734715892051e+00
-5.317622723803951956e+00
-5.303832398852605934e+00
-5.311985694689035142e+00
-4.714081863361176516e+00
-4.733694808410049859e+00
-4.709076487803897315e+00
-4.713044168452922733e+00
-4.724872217365193805e+00
-4.719286882337635269e+00
-4.703902604098118445e+00
-4.719963621153159927e+00
-4.727614955098760063e+00
-4.711697807769523294e+00
-4.725248885328952930e+00
-4.689462244469247310e+00
-4.692283651741758987e+00
-4.713741598910120345e+00
-4.690926624627250519e+00
-4.702689356016943378e+00
-4.690088232383378575e+00
-4.673715111712677839e+00
-4.699145744828388871e+00
-5.198771662654277037e+00
-5.169669264640673667e+00
-5.178345141023935838e+00
-5.166922229588090332e+00
-5.203264475558000868e+00
-5.172361009058294989e+00
-5.223258542128205839e+00
-5.195028592472994866e+00
-5.168768206698381995e+00
-5.385467933253847761e+00
-5.339337291724556067e+00
-5.325198495047122726e+00
-5.323118138403655664e+00
-5.281051930114005089e+00
-5.398261010840856855e+00
-5.386873211505360359e+00
-5.320989666611359858e+00
-5.305269608754943356e+00
-5.117660328405171377e+00
-5.271100610601430425e+00
-5.248114415641210506e+00
-5.351772326560942261e+00
-5.310491901293053374e+00
-4.892083416654912753e+00
-4.865801132037011811e+00
-4.867376851542224436e+00
-4.886293476159630167e+00
-4.878906326421485140e+00
-4.817299072927826664e+00
-4.745494872764798089e+00
-4.768694074100202407e+00
-4.899077130313760797e+00
-4.893057323528506863e+00
-4.954435431419911495e+00
-5.262150813193528620e+00
-4.915795408720158299e+00
-5.270692543040206068e+00
-5.276404842558073405e+00
-5.208700233289737191e+00
-5.157881336528258309e+00
-4.914140071061321002e+00
-5.208242743931432273e+00
-4.955194127595341058e+00
-5.339935159978963952e+00
-4.946209924967098992e+00
-4.891845365434154935e+00
-5.310279920428510714e+00
-4.939148170071851141e+00
-4.929059062895582599e+00
-4.960342373884048861e+00
-5.244951299161026981e+00
-5.233252385324912659e+00
-5.243918385364263912e+00
-5.219786005445647525e+00
-5.143751764543334382e+00
-5.272535325307747378e+00
-5.274758478568610798e+00
-5.251043966659661777e+00
-5.262518857188133836e+00
-5.124644709700035605e+00
-5.097528403014236709e+00
-5.146263232902750673e+00
-5.145448570560650303e+00
-5.154402890238670487e+00
-5.126893242015953867e+00
-5.262506743143819499e+00
-5.247076581312371424e+00
-5.113844116671156570e+00
-5.145936381075839172e+00
-5.108760869231850243e+00
-5.560981767136289555e+00
-5.574243847492226678e+00
-5.576992600438864578e+00
-5.564409477402978865e+00
-5.586450248443601829e+00
-5.567658759934492885e+00
-5.552790265497891120e+00
-5.562460977896450665e+00
-4.734653277149492467e+00
-4.767074620972009846e+00
-5.097917609744801126e+00
-4.719630960808050446e+00
-4.733608167784655762e+00
-4.780718987412631904e+00
-4.827042215342751241e+00
-4.741366588288043360e+00
-5.681939622351189101e+00
-5.652167780775628536e+00
-5.502277972223920344e+00
-5.575244198538273466e+00
-5.538313304111826874e+00
-5.511380575100464085e+00
-5.541038736536856746e+00
-5.631118820802774039e+00
-5.695109173150385118e+00
-5.674440868598629173e+00
-5.675435097506920989e+00
-5.635989864880645683e+00
-5.652112810179569458e+00
-5.637095902168272943e+00
-5.656196569843429778e+00
-4.760280364286652244e+00
-4.748322296769589279e+00
-4.726032310469073572e+00
-4.732910001262789379e+00
-4.731475193500388698e+00
-4.720370019085585511e+00
-4.730649994100152966e+00
-4.734471828385297343e+00
-4.762513152087463730e+00
-4.798433099392136469e+00
-4.808207684875276833e+00
-4.776889793876875068e+00
-4.785186977820495180e+00
-4.724926590497421586e+00
-4.738867016270852162e+00
-4.815972510436645315e+00
-4.698440730836862755e+00
-4.810598799935776881e+00
-4.834664352034556245e+00
-4.798962365563486543e+00
-4.818891301896211843e+00
-4.744432211870305949e+00
-4.772528397993479388e+00
-4.800907937227038680e+00
-4.788700307571851944e+00
-4.763405390399651829e+00
-4.787924432938472918e+00
-4.819494831713512895e+00
-4.822470826769950314e+00
-4.792065857662398010e+00
-4.814259060520082123e+00
-4.824100554679808361e+00
-4.799312125701765908e+00
-4.800716843038221882e+00
-4.822498699270811429e+00
-4.817893957495837043e+00
-4.841612023171631307e+00
-5.124503273548762117e+00
-5.130835618745903659e+00
-5.127934498700811083e+00
-5.117828066892788463e+00
-5.125109699472563562e+00
-5.132194987216919024e+00
-5.297665095642845046e+00
-5.295554682273256653e+00
-5.290471754286033779e+00
-5.289191321948178093e+00
-5.294498005605527524e+00
-5.296367321409756634e+00
-5.289938046109385006e+00
-5.292049362929686751e+00
-5.288931537937937577e+00
-5.289358866899003253e+00
