-5.441063424594486442e+00
-5.392961700654719692e+00
-5.323861852703286601e+00
-5.138885492767959917e+00
-5.465236543082675702e+00
-5.469106691740616810e+00
-5.508106813791424194e+00
-5.485750169586246727e+00
-5.503320953233251878e+00
-5.515290568074278532e+00
-5.511640074241419107e+00
-5.474217194034232570e+00
-5.117013189456650402e+00
-5.135058561055010351e+00
-5.123233359534284936e+00
-5.132964832021913004e+00
-5.149137579962613565e+00
-5.142802632310986333e+00
-5.132443041280815521e+00
-5.131281903968936575e+00
-5.159412584451807504e+00
-5.162683369533318078e+00
-5.135294675648307106e+00
-5.399813799258943448e+00
-5.435939390125009929e+00
-5.479752796726936381e+00
-5.517578153828093690e+00
-5.071366047396162813e+00
-5.416565174823415596e+00
-5.437631234553820470e+00
-5.370827909452565940e+00
-5.334512321420679548e+00
-5.393296096173203047e+00
-5.160491153266877795e+00
-5.433065439084058035e+00
-5.449414329934925583e+00
-5.419307565451771502e+00
-5.124884359370331488e+00
-5.506628733296446754e+00
-5.554955319857402429e+00
-5.727169813210180926e+00
-5.425604499109098811e+00
-5.526592890708914574e+00
-5.703058808123003587e+00
-5.525939050258370955e+00
-5.550015301151553615e+00
-5.481101574597735393e+00
-5.535355785717479549e+00
-5.569203736336598709e+00
-5.717288161275512870e+00
-5.484384899739731090e+00
-5.472893935935747578e+00
-5.541789824160645139e+00
-5.592014046345471279e+00
-5.452141281916996540e+00
-5.484953438535690395e+00
-5.503532614014815749e+00
-5.547064329249496772e+00
-5.585478205975817012e+00
-5.666239702992510452e+00
-5.657550603152291302e+00
-5.751003307303427903e+00
-5.748674317090742392e+00
-5.651771138487243107e+00
-5.645658905691732343e+00
-5.637488823920996595e+00
-5.635171356433505530e+00
-5.647256997123639266e+00
-5.672215537506511751e+00
-5.626965617685457666e+00
-5.674842222757360943e+00
-5.631468901642106673e+00
-5.684562618847156301e+00
-5.624801213824522250e+00
-5.654351563174408568e+00
-5.754362907696974005e+00
-5.646693782345968415e+00
-5.633611529448130817e+00
-5.642869920992197308e+00
-5.657631855591760406e+00
-5.642026965320965814e+00
-5.636058357283002529e+00
-5.637053524078753597e+00
-5.628500801429352052e+00
-5.636911595387620544e+00
-5.660247230423663289e+00
-5.645900883625269095e+00
-5.662730147698455063e+00
-5.652944141810402279e+00
-5.731139823315114512e+00
-5.718024339818811086e+00
-5.737641519287405067e+00
-5.657103067718506573e+00
-5.707638665591946214e+00
-5.703938461497213730e+00
-5.717375792922504196e+00
-5.706987227414212605e+00
-5.688856614852229932e+00
-5.518502978224645972e+00
-5.585703726049215945e+00
-5.540968405546067288e+00
-5.570011388739159131e+00
-5.516992814925878896e+00
-5.551323316297670729e+00
-5.517143696661495511e+00
-5.575155968877635537e+00
-5.638168030787761076e+00
-5.526089335990045370e+00
-5.480157122932873826e+00
-5.520844940211310004e+00
-5.535719593623102064e+00
-5.504117611228549478e+00
-5.483136732075807984e+00
-5.542655356602872452e+00
-5.489564757249474347e+00
-5.549140367794664463e+00
-5.536756325922467248e+00
-5.602378636202931972e+00
-5.555832401557210254e+00
-5.550284412892058761e+00
-5.523204920600892187e+00
-5.545176781075265460e+00
-4.747240299503474148e+00
-4.666866235059850432e+00
-4.621313720608229758e+00
-4.829278463050162173e+00
-4.793821483996188348e+00
-4.748308730601839223e+00
-5.066070210306228283e+00
-5.070190172971559051e+00
-5.037540491074971705e+00
-5.098267898877143267e+00
-4.749016864538024407e+00
-4.727604232693108699e+00
-4.649050865036707947e+00
-4.696845227990998239e+00
-4.783505748869294472e+00
-4.659456945751079715e+00
-4.653726369966390664e+00
-4.632215995660185825e+00
-4.627078809294515871e+00
-4.738533909384976539e+00
-4.637296415266440874e+00
-4.622695063479065780e+00
-4.611292846463549644e+00
-4.723830733710032703e+00
-4.715198814319474963e+00
-4.753652358597140193e+00
-5.503094505074241916e+00
-5.452575213993209324e+00
-5.389874422828082601e+00
-5.518259185248406418e+00
-5.669255535558809456e+00
-5.719543872336251944e+00
-5.600740246802472733e+00
-5.151976759695337194e+00
-5.218308460246230851e+00
-5.241391092192547063e+00
-5.757748783627706146e+00
-5.773264080387220609e+00
-5.781826151687766924e+00
-5.734185373089190740e+00
-5.768064260446383429e+00
-5.546773022330657277e+00
-5.523020301096808637e+00
-5.552037542955724270e+00
-5.530163322501297607e+00
-5.547532528430945575e+00
-5.667711955914457533e+00
-5.734175188455457928e+00
-5.294916372728092568e+00
-5.237336004449607785e+00
-5.279359622021084775e+00
-5.307193916862615879e+00
-5.333844630520727215e+00
-5.520408137175818020e+00
-5.301170319163302835e+00
-5.344274573913184945e+00
-5.354796143062968028e+00
-5.347639409300644076e+00
-5.343060171569018912e+00
-5.309080447685307291e+00
-5.321123330548447328e+00
-5.307617861440724560e+00
-5.315247243476767913e+00
-4.720590694198182113e+00
-4.738121581796447046e+00
-4.713654238879761316e+00
-4.719417614887572832e+00
-4.735060901747583095e+00
-4.725879020146416920e+00
-4.709848672187776586e+00
-4.725875618610560380e+00
-4.736730291080727184e+00
-4.721932078175096414e+00
-4.736680879084242513e+00
-4.698935295251704503e+00
-4.697339429650052800e+00
-4.715904434145429924e+00
-4.693288259661928308e+00
-4.703806463029759577e+00
-4.692714423878692642e+00
-4.684518409729244048e+00
-4.697175968455828077e+00
-5.201896046470789514e+00
-5.130066523669859713e+00
-5.145974277125473506e+00
-5.124687790609200988e+00
-5.163962318144587726e+00
-5.177302705078139944e+00
-5.196238923627543471e+00
-5.165521933750863326e+00
-5.167146535220646264e+00
-5.389216744785922941e+00
-5.346297493209498874e+00
-5.330773803816207135e+00
-5.332542680683718395e+00
-5.288032848823032595e+00
-5.404186243734973694e+00
-5.391234818017294650e+00
-5.328183439936503341e+00
-5.298049545153904916e+00
-5.105009549109345457e+00
-5.267386695267703089e+00
-5.238576620458162303e+00
-5.348420930358464886e+00
-5.308969243772109436e+00
-4.882448244760562162e+00
-4.857752759339541093e+00
-4.859727429729731263e+00
-4.867909209235322443e+00
-4.872038691869420290e+00
-4.772295621690504142e+00
-4.701351341914499216e+00
-4.716431210478876146e+00
-4.879723544299462645e+00
-4.872955484025544237e+00
-4.955609683898580364e+00
-5.267971914038742653e+00
-4.924173793671869248e+00
-5.275782497233288737e+00
-5.283140921429676951e+00
-5.204707710926578024e+00
-5.160612378545466505e+00
-4.910208264572362147e+00
-5.202612275161135003e+00
-4.965196031621307959e+00
-5.348613275827440283e+00
-4.952539683690146965e+00
-4.900505036974197814e+00
-5.317845318883173356e+00
-4.944424228574624713e+00
-4.936709211379493922e+00
-4.960639604675038505e+00
-5.253618978430394826e+00
-5.239761917892515442e+00
-5.251426123178529082e+00
-5.226755730607763439e+00
-5.144125539167778705e+00
-5.247866756839082214e+00
-5.250983180349881430e+00
-5.229921688780970079e+00
-5.239012799937200704e+00
-5.122757508732421527e+00
-5.074729739479368895e+00
-5.140967144820395518e+00
-5.138964139962139299e+00
-5.160302773097317441e+00
-5.125004574545790170e+00
-5.256445711808243715e+00
-5.234412322424292441e+00
-5.111104911734114076e+00
-5.145365445991809672e+00
-5.118351134058930718e+00
-5.560539284795408932e+00
-5.557446110290093166e+00
-5.577165343538600162e+00
-5.563106057348409905e+00
-5.576089435250146664e+00
-5.566704744092442425e+00
-5.543369644600232071e+00
-5.565771015941003874e+00
-4.746491968747680090e+00
-4.751209292863590505e+00
-5.086932788937738259e+00
-4.721897566531622736e+00
-4.725436594758940068e+00
-4.774503391171074362e+00
-4.675606068050622177e+00
-4.740442870958070820e+00
-5.678644136972018863e+00
-5.645577441501104410e+00
-5.516999172589025058e+00
-5.568428069943541558e+00
-5.543631081370805624e+00
-5.515422282040649549e+00
-5.544842306180650660e+00
-5.625158809393649761e+00
-5.690072607097836688e+00
-5.671537445075910178e+00
-5.672798161980633580e+00
-5.635244327516340412e+00
-5.651153704892405649e+00
-5.636325076158188452e+00
-5.638719220910134666e+00
-4.764440939444678946e+00
-4.760855358814916727e+00
-4.732153909208296483e+00
-4.735564659045950364e+00
-4.741323669571905874e+00
-4.730400231872954109e+00
-4.737327952529963859e+00
-4.743338373348028547e+00
-4.795894613182824173e+00
-4.797095725556155266e+00
-4.810516237167657749e+00
-4.785713110941602011e+00
-4.794817835219374658e+00
-4.733372718872725926e+00
-4.746702510648578510e+00
-4.822812813291149858e+00
-4.707947726736552596e+00
-4.824156056351813326e+00
-4.846716910728545713e+00
-4.818771003643343320e+00
-4.823028373364681265e+00
-4.753051229795328680e+00
-4.787518071478048753e+00
-4.810011652560796769e+00
-4.798840412293973401e+00
-4.773103381048712457e+00
-4.804648967284100181e+00
-4.829402602076914519e+00
-4.825796628162511759e+00
-4.808413967147791901e+00
-4.821408162682617515e+00
-4.834115772440246594e+00
-4.803968630886174651e+00
-4.818601376680106796e+00
-4.832371820600564583e+00
-4.829125055053447468e+00
-4.850791273437195628e+00
-5.101012818807776128e+00
-5.104550193701399508e+00
-5.099333355583937966e+00
-5.092600086128284964e+00
-5.096641461429214814e+00
-5.105862008849488376e+00
-5.302812065813323095e+00
-5.298204027114877590e+00
-5.296299257010276484e+00
-5.294166295134653311e+00
-5.299583276130126919e+00
-5.299592350422304143e+00
-5.294728982465672473e+00
-5.297593572428237252e+00
-5.292262131380729429e+00
-5.294475569920532365e+00
