-5.439607220047564695e+00
-5.393044407478222446e+00
-5.324921020388084791e+00
-5.143100416996859714e+00
-5.466298250231979239e+00
-5.468059459151422885e+00
-5.509255826159273006e+00
-5.487028470529108581e+00
-5.502672792837755900e+00
-5.515304297728092386e+00
-5.510621271457323722e+00
-5.473715898779871303e+00
-5.114134174494723517e+00
-5.140521663631695048e+00
-5.124066617011696856e+00
-5.129660333837050779e+00
-5.145010327369611502e+00
-5.143725171215598913e+00
-5.144424332741209582e+00
-5.135933242124870901e+00
-5.159803268955944766e+00
-5.163053291844982517e+00
-5.136528636233261835e+00
-5.399600766511844618e+00
-5.434405576918493352e+00
-5.480467759859126708e+00
-5.519721068819224641e+00
-5.073530172843068620e+00
-5.415910982918757277e+00
-5.435290293401474848e+00
-5.368790159935939776e+00
-5.329801620939626616e+00
-5.391132778948563242e+00
-5.161459157976150181e+00
-5.431780703416954736e+00
-5.450062576587610508e+00
-5.420273028312679209e+00
-5.127532831862878560e+00
-5.509861414481736830e+00
-5.557925439720818872e+00
-5.728149159882663710e+00
-5.426371382351799610e+00
-5.529383785426290387e+00
-5.703950799238779901e+00
-5.527043690829655631e+00
-5.550878037273365706e+00
-5.482159043973896750e+00
-5.537186729248178452e+00
-5.569401884132639147e+00
-5.718876605161519855e+00
-5.484886039627495435e+00
-5.475071947680964612e+00
-5.541121165970648299e+00
-5.591665134964173056e+00
-5.455047664651398343e+00
-5.485204145595292680e+00
-5.508922278815421514e+00
-5.548133276712317929e+00
-5.585158848636203821e+00
-5.666525395657921571e+00
-5.657834550870786572e+00
-5.751771330837690321e+00
-5.749777634686445538e+00
-5.651435267645962490e+00
-5.646577359101084603e+00
-5.635320319619195217e+00
-5.635862551201483051e+00
-5.648000245408268505e+00
-5.672860825723553546e+00
-5.628909408197181996e+00
-5.674991821335994224e+00
-5.631934048072801957e+00
-5.685277796286977825e+00
-5.625474451083085192e+00
-5.654911021688673323e+00
-5.754207894530951606e+00
-5.645622686553173786e+00
-5.633809060034123739e+00
-5.642656132630908594e+00
-5.657240801989346757e+00
-5.641679123985060329e+00
-5.636335699656913611e+00
-5.638720169974295260e+00
-5.628807288188825808e+00
-5.636864569664960634e+00
-5.658205560921631516e+00
-5.645074127367690764e+00
-5.663136231742588400e+00
-5.654437159212425179e+00
-5.733757357370964591e+00
-5.720921458337161702e+00
-5.740506415504697202e+00
-5.658324566051630811e+00
-5.709735850040948968e+00
-5.705704690077988417e+00
-5.720088939698237951e+00
-5.709156275648151535e+00
-5.691089147893262812e+00
-5.522353704253015749e+00
-5.591176101770829909e+00
-5.546510825304032721e+00
-5.574012279822583515e+00
-5.520493000409837592e+00
-5.554680531353598738e+00
-5.522588252766767347e+00
-5.580687179734581171e+00
-5.639798134793115203e+00
-5.528048673638884303e+00
-5.482376535557149211e+00
-5.520529511662906508e+00
-5.538930742928923401e+00
-5.505802902509267405e+00
-5.487200171618497713e+00
-5.547469217273307329e+00
-5.497636114503250404e+00
-5.555324259686416077e+00
-5.540326376040463074e+00
-5.607611289729473647e+00
-5.563046212841896931e+00
-5.555416744215523117e+00
-5.527828661654284659e+00
-5.550477868542951221e+00
-4.738800855714605298e+00
-4.659623516842137825e+00
-4.596339752485030239e+00
-4.817988879122403922e+00
-4.787270134589281412e+00
-4.738899633022014335e+00
-5.064516349145241847e+00
-5.071932693695925920e+00
-5.040919065566444424e+00
-5.100304310291010168e+00
-4.752588091894132560e+00
-4.748065431114203427e+00
-4.695591733741432350e+00
-4.690588596192162285e+00
-4.773074136937418999e+00
-4.653642618741492321e+00
-4.645864533405973162e+00
-4.624893423935819925e+00
-4.624399506133196169e+00
-4.731463368724695862e+00
-4.629716886770243178e+00
-4.621047004227448518e+00
-4.607004124461166583e+00
-4.719186264603343339e+00
-4.709516813839235816e+00
-4.735091839695434679e+00
-5.502558786479490927e+00
-5.450425597515275555e+00
-5.389808884471461781e+00
-5.515923657462725060e+00
-5.670603615708024847e+00
-5.722264615272126598e+00
-5.600204494324228399e+00
-5.148854194323750022e+00
-5.217356745498523907e+00
-5.241328772016114357e+00
-5.758676192424267093e+00
-5.773841984671655325e+00
-5.782172236037631308e+00
-5.734956203864553181e+00
-5.768816060917871802e+00
-5.545315215817499421e+00
-5.522167412099891592e+00
-5.551119687176520934e+00
-5.530284706494330571e+00
-5.546274019675014877e+00
-5.667280789622274995e+00
-5.734966211058410757e+00
-5.297444894006776650e+00
-5.238302840990899156e+00
-5.280638809423800595e+00
-5.309026432425202557e+00
-5.339807236463703255e+00
-5.520586265960214511e+00
-5.304336767276658371e+00
-5.348203791773750382e+00
-5.358507806076958424e+00
-5.351190957414785565e+00
-5.345695043795246626e+00
-5.315254604856611387e+00
-5.328409411407213803e+00
-5.313499245866157850e+00
-5.320804051273463564e+00
-4.716545696989815184e+00
-4.732483386442582152e+00
-4.707943460122651302e+00
-4.717548400793102559e+00
-4.729977932931843654e+00
-4.721156000800273311e+00
-4.709286365317525203e+00
-4.721181459859551843e+00
-4.732495268271383004e+00
-4.721062458889714541e+00
-4.731461523945156067e+00
-4.695218541017576186e+00
-4.692890719305460756e+00
-4.710879323021503140e+00
-4.692566481718148275e+00
-4.703933749046299795e+00
-4.690600060780671932e+00
-4.680169310995643706e+00
-4.693950426393029396e+00
-5.201710647576510915e+00
-5.136545401503802566e+00
-5.151890638229189356e+00
-5.135543650652684811e+00
-5.169686224371598193e+00
-5.174532189292774476e+00
-5.201346014318253275e+00
-5.170656757872491127e+00
-5.169137946236269876e+00
-5.390173465887301951e+00
-5.346423106328800579e+00
-5.333267522047266951e+00
-5.334206535576877961e+00
-5.291541534738417596e+00
-5.403801427291129222e+00
-5.391294105005341564e+00
-5.328647486316713255e+00
-5.299912044970215952e+00
-5.107649110517931135e+00
-5.271535919946098936e+00
-5.243551748548122227e+00
-5.349231151525633443e+00
-5.307635754554328678e+00
-4.877184111454763382e+00
-4.853299867051442895e+00
-4.858027227475384180e+00
-4.866278296852998508e+00
-4.870151497618079084e+00
-4.785466229339810695e+00
-4.704028284469359278e+00
-4.715506984856690842e+00
-4.873033284422029432e+00
-4.866271036532006100e+00
-4.952668842888792611e+00
-5.269097361396314128e+00
-4.921366369296098497e+00
-5.278053895571263254e+00
-5.282893168116507887e+00
-5.205591274153149151e+00
-5.163733898092550234e+00
-4.908164935229651249e+00
-5.207537859756126153e+00
-4.963419246144181507e+00
-5.348253521723409065e+00
-4.945792358205070904e+00
-4.896277101418682776e+00
-5.319841204068426421e+00
-4.938914157630946988e+00
-4.932885663811251042e+00
-4.956007340260232930e+00
-5.255075760597804013e+00
-5.242433715292715846e+00
-5.252791659119761647e+00
-5.229659265361727982e+00
-5.139073855969544802e+00
-5.254379389180726889e+00
-5.250709250975028830e+00
-5.230228688729761544e+00
-5.250591800899168327e+00
-5.124901666872799133e+00
-5.090299158265640500e+00
-5.139000075599391870e+00
-5.139233885029082849e+00
-5.161767432078063322e+00
-5.127937359839872755e+00
-5.264395342113815879e+00
-5.245391552572543858e+00
-5.109730422994603671e+00
-5.143159212498467525e+00
-5.115439869188902478e+00
-5.561426539957185611e+00
-5.560556301214151453e+00
-5.577542140276097626e+00
-5.566541065150374834e+00
-5.578140376139111289e+00
-5.556456482156733045e+00
-5.539938366046960994e+00
-5.572435783395557785e+00
-4.734744498135830426e+00
-4.742915100884923518e+00
-5.084207324728725830e+00
-4.720042136007890576e+00
-4.737882777953630331e+00
-4.783815084496533920e+00
-4.647288614366260617e+00
-4.761903774607341155e+00
-5.682258822788918806e+00
-5.647819987016755583e+00
-5.516964797809510657e+00
-5.574736518744161984e+00
-5.540732185879087446e+00
-5.515576549118425653e+00
-5.548556525162164021e+00
-5.630034619058235990e+00
-5.691334057951772607e+00
-5.673310258552432650e+00
-5.674542708787342349e+00
-5.635381787735084913e+00
-5.650965487276649490e+00
-5.637161819136982999e+00
-5.641939708811823273e+00
-4.761553341548021123e+00
-4.760216772673954821e+00
-4.729479472289814801e+00
-4.735210204622138264e+00
-4.728652386261294360e+00
-4.719985314995589043e+00
-4.730529324554293424e+00
-4.742909924999063165e+00
-4.787792017226966124e+00
-4.794600908267740103e+00
-4.805535579217122155e+00
-4.779936469954226830e+00
-4.788768490605309402e+00
-4.723884173273121156e+00
-4.744180858903362719e+00
-4.819960364727633895e+00
-4.699376682774550673e+00
-4.821007139772224726e+00
-4.842141988988919010e+00
-4.813194021238835774e+00
-4.815250780662893249e+00
-4.746927834261358115e+00
-4.787238966355229053e+00
-4.798675820970387917e+00
-4.787689670224010818e+00
-4.766860344745378342e+00
-4.798795309901580985e+00
-4.819435797789751064e+00
-4.819152791634714994e+00
-4.805351751937498861e+00
-4.813300564614691801e+00
-4.825092420632175916e+00
-4.799564767776412388e+00
-4.809496057302956373e+00
-4.828381160572483566e+00
-4.826411338575948839e+00
-4.850541372835533771e+00
-5.076582272237470939e+00
-5.085803758428508736e+00
-5.073969201457175338e+00
-5.065709425337775684e+00
-5.074165311732291350e+00
-5.091495763372818395e+00
-5.297763997560192450e+00
-5.295275902437489357e+00
-5.288987407960640930e+00
-5.287824027171350139e+00
-5.294388943244445755e+00
-5.294194718748180151e+00
-5.289920869368568646e+00
-5.292716203307722189e+00
-5.287104313196639538e+00
-5.288885465914133555e+00
