-5.440558935006869490e+00
-5.394873285129595075e+00
-5.326068425353338576e+00
-5.145760271271709207e+00
-5.465833048528483396e+00
-5.470236442396463339e+00
-5.507000670898461792e+00
-5.484661221712809898e+00
-5.504068568920181370e+00
-5.516972992513619722e+00
-5.512466546366719733e+00
-5.476262193070232875e+00
-5.114530631570210595e+00
-5.135076658060918398e+00
-5.126439947133766495e+00
-5.145580933808084012e+00
-5.149750384614146803e+00
-5.139792027458664592e+00
-5.138239530045478176e+00
-5.133308316504066049e+00
-5.165670047874416859e+00
-5.163486542796349887e+00
-5.134222711041178222e+00
-5.411240119283856842e+00
-5.439512820354680755e+00
-5.480587406869059208e+00
-5.518696668185807397e+00
-5.067314388755497667e+00
-5.418525375969598379e+00
-5.440861788767322516e+00
-5.376033592782104797e+00
-5.342037011734691809e+00
-5.394265098976407380e+00
-5.165116610920895468e+00
-5.431699266889923550e+00
-5.450929386592098247e+00
-5.421050461396625941e+00
-5.124457169295901338e+00
-5.509440882006551021e+00
-5.554298815033209102e+00
-5.725107553647074354e+00
-5.423626529973595289e+00
-5.526689670895480688e+00
-5.700627746626595993e+00
-5.524993841939426886e+00
-5.548658337278651764e+00
-5.480018944230074851e+00
-5.535907408093454940e+00
-5.569181913685671503e+00
-5.716329539058621734e+00
-5.485422014098459087e+00
-5.473417039196537992e+00
-5.542405628688689134e+00
-5.592760680211957158e+00
-5.451225184780512656e+00
-5.483731387601527452e+00
-5.506432654799931825e+00
-5.546300193918521693e+00
-5.585884071438949050e+00
-5.668095733357040977e+00
-5.663271438827985449e+00
-5.754003127171608334e+00
-5.751873416735659106e+00
-5.654038392436178562e+00
-5.646630110875944908e+00
-5.641025914566079713e+00
-5.639310337096476999e+00
-5.649326142523142025e+00
-5.675110984311654505e+00
-5.638131813869215136e+00
-5.678106866341311232e+00
-5.633670948042162507e+00
-5.688904469581878232e+00
-5.626740581733591817e+00
-5.655240794597695242e+00
-5.756931132108474181e+00
-5.647365957452280760e+00
-5.635180842804048851e+00
-5.646000857409501528e+00
-5.658335099056307271e+00
-5.643162761728911292e+00
-5.637578499336910909e+00
-5.640118354083463181e+00
-5.629772730497028199e+00
-5.636916636763411148e+00
-5.665657118353400357e+00
-5.652020175700910087e+00
-5.666646907352696161e+00
-5.656423010147472397e+00
-5.733962954607270568e+00
-5.719776243311681441e+00
-5.738278417130864284e+00
-5.659557060112432758e+00
-5.709309733266862530e+00
-5.705047689571769887e+00
-5.718681702838490644e+00
-5.707762379592894675e+00
-5.690635448837745969e+00
-5.514218074965689276e+00
-5.576650373726648624e+00
-5.534490258010219321e+00
-5.564948351919952074e+00
-5.511630616987490683e+00
-5.545636421872197630e+00
-5.516553216497118939e+00
-5.571019440963921099e+00
-5.632269264976475398e+00
-5.520659128655030834e+00
-5.476511700177117525e+00
-5.509921733242995501e+00
-5.532612857642257076e+00
-5.500704722309866845e+00
-5.479363944210190240e+00
-5.540819391969594498e+00
-5.486181382464344836e+00
-5.544473282897691924e+00
-5.534907877138155463e+00
-5.598140127996566129e+00
-5.548723561260188397e+00
-5.542128975293993953e+00
-5.521631223984655001e+00
-5.536294096999382575e+00
-4.740385228592410627e+00
-4.655122708505873064e+00
-4.605762371201188365e+00
-4.829537099844868564e+00
-4.786038143059856864e+00
-4.735610833779154483e+00
-5.072049985477510958e+00
-5.079262791116483378e+00
-5.045179574840925163e+00
-5.107220688661308294e+00
-4.761213383871391258e+00
-4.747550639871409572e+00
-4.664798724220105441e+00
-4.703942398018542193e+00
-4.791716214543344954e+00
-4.645534199052878677e+00
-4.642785635502733044e+00
-4.619716714796399337e+00
-4.616291932639862594e+00
-4.729638530836831833e+00
-4.626543165148438774e+00
-4.618859692442687681e+00
-4.622017929876029996e+00
-4.715124777284092517e+00
-4.706808222080968385e+00
-4.749133989264886502e+00
-5.496660799398808805e+00
-5.447236081568043176e+00
-5.386801005882138504e+00
-5.511355612983749097e+00
-5.671292438985525486e+00
-5.719515703129501638e+00
-5.599109367801974102e+00
-5.145404567314185051e+00
-5.206567538795055405e+00
-5.233310955303220879e+00
-5.761720767870741611e+00
-5.776404763372829265e+00
-5.782450647154751877e+00
-5.738338704729720519e+00
-5.771076583925023762e+00
-5.542914710610568285e+00
-5.518956501523314628e+00
-5.548112838149616977e+00
-5.524606122817469434e+00
-5.542564457250154675e+00
-5.665085886274050075e+00
-5.736338483935658594e+00
-5.297721368584313417e+00
-5.233200849248131448e+00
-5.287443237194016987e+00
-5.310720002206857693e+00
-5.334650231860489811e+00
-5.514723485135748504e+00
-5.300078995265174342e+00
-5.337785699375777071e+00
-5.348437774283562263e+00
-5.340735535258583688e+00
-5.333853433940499933e+00
-5.306698787091391978e+00
-5.316442898803750872e+00
-5.305623252335756490e+00
-5.310301793001382720e+00
-4.709605722459401456e+00
-4.727651647180927341e+00
-4.706347467903697179e+00
-4.710612777460323919e+00
-4.726895695186307478e+00
-4.717171295884440063e+00
-4.702177595225371043e+00
-4.719610396821371623e+00
-4.725734908038473847e+00
-4.713869114763578949e+00
-4.727324289529658330e+00
-4.690309634742579448e+00
-4.689337339122584325e+00
-4.705364229761721973e+00
-4.682956919189153133e+00
-4.698240488888838051e+00
-4.686764487731375439e+00
-4.668435995910506620e+00
-4.690317069653215043e+00
-5.201707696915776502e+00
-5.159006089987996369e+00
-5.176241046732937612e+00
-5.169654344157786241e+00
-5.208298087527205134e+00
-5.172973000272234501e+00
-5.222478843882658595e+00
-5.208934486075102122e+00
-5.164108752407551073e+00
-5.386206628421073894e+00
-5.340130958094838398e+00
-5.322844283498487705e+00
-5.325544404266509879e+00
-5.278346266767051986e+00
-5.396585337994463494e+00
-5.386715521776935134e+00
-5.325179711972651830e+00
-5.305637727087503031e+00
-5.126214620960745094e+00
-5.277172424104930926e+00
-5.252709411966420383e+00
-5.349157750397932176e+00
-5.310478486115678187e+00
-4.887232821248505665e+00
-4.860149396223306439e+00
-4.864120474162960228e+00
-4.887885929100090898e+00
-4.876643957178169231e+00
-4.784950421002395871e+00
-4.724731749543500392e+00
-4.739628747117439644e+00
-4.885769011219184499e+00
-4.881814407629924801e+00
-4.956912199536184893e+00
-5.272734192644162654e+00
-4.933565230253416090e+00
-5.283075980886741796e+00
-5.278650824898692306e+00
-5.219850578708214783e+00
-5.170923037962228186e+00
-4.920717684421058280e+00
-5.206226165222527236e+00
-4.968873889049417514e+00
-5.340330639891026188e+00
-4.940840801055283116e+00
-4.889148975441095502e+00
-5.313552878617111119e+00
-4.933337861725055618e+00
-4.926517370835863829e+00
-4.952618619886774987e+00
-5.247161020449862434e+00
-5.235187621014853576e+00
-5.247702877362582008e+00
-5.227744029950250670e+00
-5.138597018407130790e+00
-5.271653026617371118e+00
-5.273535210562871001e+00
-5.248691089414471378e+00
-5.264092050205503526e+00
-5.125405460388827272e+00
-5.082433843258163719e+00
-5.156169153228675306e+00
-5.138702643419353677e+00
-5.160011799278652056e+00
-5.126528530568496222e+00
-5.264947124683676982e+00
-5.253204669220312262e+00
-5.114130459880261270e+00
-5.144857560735863977e+00
-5.111485402359897456e+00
-5.563196495312900502e+00
-5.570842073873955691e+00
-5.578690112944707735e+00
-5.562336480845543107e+00
-5.581443387927049748e+00
-5.590649792611255720e+00
-5.552072342734337695e+00
-5.566089576158949725e+00
-4.734553611259229911e+00
-4.773285428957420251e+00
-5.092566114301567914e+00
-4.723692204089546820e+00
-4.809262528614024035e+00
-4.812108604355887387e+00
-4.876929008551124767e+00
-4.778227539857565098e+00
-5.681939215108931407e+00
-5.649497877280234448e+00
-5.511130191886262075e+00
-5.571822172079846425e+00
-5.543083001088072947e+00
-5.516654640277276478e+00
-5.542393475737837250e+00
-5.630424406747725818e+00
-5.693127924300556586e+00
-5.674136269864971105e+00
-5.675115332122850909e+00
-5.635551597430241699e+00
-5.651118408087297595e+00
-5.637161916947802887e+00
-5.655932345166698738e+00
-4.756821120349038701e+00
-4.751042941243805551e+00
-4.715005609379007367e+00
-4.730413285482528707e+00
-4.731077221268251698e+00
-4.720523439500309060e+00
-4.732187724844687970e+00
-4.734106721858680089e+00
-4.777217963542483403e+00
-4.793871571377575691e+00
-4.803184261528898880e+00
-4.778785187044985783e+00
-4.786879221712381671e+00
-4.723503316445034628e+00
-4.732650931116235249e+00
-4.804724969648796140e+00
-4.694316908859081927e+00
-4.810745857356568678e+00
-4.840919504996092471e+00
-4.804748054878121621e+00
-4.803796507726590725e+00
-4.748491332592605474e+00
-4.774013204964225210e+00
-4.801042272860410520e+00
-4.789421044433031405e+00
-4.765920895877886920e+00
-4.793234750929971533e+00
-4.821704269546930988e+00
-4.818680817843224773e+00
-4.800651464178018912e+00
-4.812693242115674508e+00
-4.816572869970224602e+00
-4.803362126649999730e+00
-4.798796378300794530e+00
-4.825451536761621085e+00
-4.825453067045305744e+00
-4.843262242034845677e+00
-5.106480314824681344e+00
-5.111931269744512285e+00
-5.105639521856292440e+00
-5.098778961797632014e+00
-5.104105533772878012e+00
-5.112995848094682216e+00
-5.296605715115251023e+00
-5.292806976625825222e+00
-5.288969356275071476e+00
-5.287274540429530489e+00
-5.294097251242527058e+00
-5.296569985858722518e+00
-5.289820675783463599e+00
-5.290626674251942774e+00
-5.286019804940385036e+00
-5.287430459711946362e+00
