-5.438187459226974774e+00
-5.390511365809643074e+00
-5.321858335795041306e+00
-5.136501072419716429e+00
-5.461645635182699188e+00
-5.464814824995679388e+00
-5.503694935188865323e+00
-5.482649787658667506e+00
-5.499436008528629571e+00
-5.512307812171472143e+00
-5.507988161462582077e+00
-5.470672199122706303e+00
-5.112775766219288975e+00
-5.132775358502519758e+00
-5.124507613836038367e+00
-5.136311441605763584e+00
-5.141479911341849451e+00
-5.138914973876087089e+00
-5.135934786206369118e+00
-5.124338940283319488e+00
-5.152350460997003445e+00
-5.157130126605107279e+00
-5.125949334334797491e+00
-5.396851110422257847e+00
-5.431286510349461416e+00
-5.476617008768797312e+00
-5.513267657566452762e+00
-5.064323691172686104e+00
-5.411348343357296642e+00
-5.435049229308305030e+00
-5.367431538809343650e+00
-5.327090265406329017e+00
-5.387983952604841420e+00
-5.153908640972035826e+00
-5.428225814389382897e+00
-5.447023678504147703e+00
-5.415426616586767494e+00
-5.120476597740369229e+00
-5.503563374103793038e+00
-5.551293399458328892e+00
-5.722484091882945378e+00
-5.421244759827881232e+00
-5.523209750368602400e+00
-5.697433004305008097e+00
-5.521782877039075110e+00
-5.545680080822010360e+00
-5.476402880310379473e+00
-5.530798839198877381e+00
-5.566721781600709740e+00
-5.714184015987088472e+00
-5.482057630668413672e+00
-5.470081935806283546e+00
-5.538379486892906378e+00
-5.589741093159878105e+00
-5.449944754904753275e+00
-5.481000250353902814e+00
-5.503146615336268255e+00
-5.544820362766023969e+00
-5.583198073224722613e+00
-5.663294520671362520e+00
-5.653903509102803149e+00
-5.749013652331025348e+00
-5.747846201856871673e+00
-5.648840658922596347e+00
-5.643136697214111486e+00
-5.631735854972254707e+00
-5.629470695947209613e+00
-5.644945650429336048e+00
-5.670039820342121395e+00
-5.630959052057228575e+00
-5.671722424198768486e+00
-5.628294204274173929e+00
-5.683659097692265405e+00
-5.621625243921693382e+00
-5.651476845394010518e+00
-5.750854485276146733e+00
-5.641557688733252363e+00
-5.629633985643904381e+00
-5.638904328551293865e+00
-5.653964703339970477e+00
-5.636024209126044404e+00
-5.632543988356832010e+00
-5.633847784421750049e+00
-5.625399053848900266e+00
-5.632173984969851332e+00
-5.656737072274627742e+00
-5.643176646856601586e+00
-5.659206461082185058e+00
-5.648405550963048860e+00
-5.732897635299841532e+00
-5.716864422603833873e+00
-5.734504433256956801e+00
-5.660931177843382400e+00
-5.707725887263935149e+00
-5.701808681178689220e+00
-5.714461867025285358e+00
-5.703861842318358910e+00
-5.687148388980840963e+00
-5.508833252858069685e+00
-5.577689465798439272e+00
-5.535348773959350765e+00
-5.563946140158535059e+00
-5.510647941506549685e+00
-5.542065353921494797e+00
-5.513515188574095838e+00
-5.570325047717960665e+00
-5.631077193178954943e+00
-5.522036185532828156e+00
-5.472693722644849323e+00
-5.511657237068241955e+00
-5.530964389442766915e+00
-5.497725378457007928e+00
-5.479992897783631634e+00
-5.539986699305923246e+00
-5.486461934820301423e+00
-5.542961747243516868e+00
-5.530847444093219600e+00
-5.596478219198862014e+00
-5.549055903626468833e+00
-5.542751542720381508e+00
-5.516238224423597458e+00
-5.537790687343290053e+00
-4.733498008343475227e+00
-4.655137401994259072e+00
-4.612470225574863747e+00
-4.820793113013257525e+00
-4.784692554267953035e+00
-4.740215325936386392e+00
-5.063190475094756948e+00
-5.068111786431911625e+00
-5.033328165992786651e+00
-5.094857889663773065e+00
-4.633753563679590570e+00
-4.639098140993904273e+00
-4.577895244684230036e+00
-4.686443229566311430e+00
-4.769402104701715217e+00
-4.652661527459016177e+00
-4.653901636820648946e+00
-4.632822431411510955e+00
-4.614152990293110435e+00
-4.731833927895666037e+00
-4.627848493351617520e+00
-4.616422458208560009e+00
-4.607818239460708121e+00
-4.714418849644960829e+00
-4.710266840951187639e+00
-4.746513866395133618e+00
-5.496076207651288570e+00
-5.446270160412554517e+00
-5.384062761634572425e+00
-5.512175426026487912e+00
-5.664475574427167537e+00
-5.716458784297830498e+00
-5.594651036615876372e+00
-5.149913547828649740e+00
-5.214411526776700612e+00
-5.235159719874022066e+00
-5.760033224547759900e+00
-5.773053417472686633e+00
-5.777334067333511847e+00
-5.739075586348973523e+00
-5.767794131063956442e+00
-5.541775227919499613e+00
-5.517758135963203969e+00
-5.545714491127886170e+00
-5.523855900088058490e+00
-5.541799765324087801e+00
-5.661609249422702383e+00
-5.729535397551880571e+00
-5.288060433468493748e+00
-5.233792904507541088e+00
-5.277284609489734990e+00
-5.301559696904733165e+00
-5.328063257986346279e+00
-5.516033706056043151e+00
-5.295868636848201305e+00
-5.338317424620536933e+00
-5.348428021121162779e+00
-5.341907483696304304e+00
-5.337534442063871509e+00
-5.305736841547022742e+00
-5.318321851447449511e+00
-5.305205341692809107e+00
-5.315153062600102452e+00
-4.720454433063579813e+00
-4.733947812218753270e+00
-4.715213434403307424e+00
-4.719035833295616378e+00
-4.730717754108190398e+00
-4.719550240468583624e+00
-4.706690771603676104e+00
-4.726599973598981208e+00
-4.731674531386271809e+00
-4.718961688786896147e+00
-4.729980876879009699e+00
-4.695298076336276161e+00
-4.687892512903527376e+00
-4.710821563683004420e+00
-4.691337025099150182e+00
-4.696220627594680508e+00
-4.686909656618329478e+00
-4.679774980017811892e+00
-4.698642132632689261e+00
-5.199794024521548153e+00
-5.157425535950818762e+00
-5.169831700418916931e+00
-5.158286844376805291e+00
-5.193190825420289869e+00
-5.172716950803387448e+00
-5.208774254792525760e+00
-5.187379493997497093e+00
-5.170431537800436850e+00
-5.385856636535755193e+00
-5.340056444076846986e+00
-5.327944661885979372e+00
-5.326113394352950614e+00
-5.285063946979239979e+00
-5.399338048135537527e+00
-5.386788264110619728e+00
-5.325236639607754618e+00
-5.301546854542862341e+00
-5.111378758178087622e+00
-5.267899878377543033e+00
-5.243229078750782257e+00
-5.347829366560182152e+00
-5.305717997623289328e+00
-4.881526269065981083e+00
-4.855442402626567677e+00
-4.853825776152934424e+00
-4.874083325705558245e+00
-4.874692617871210665e+00
-4.787700267034995960e+00
-4.717111247382788974e+00
-4.737083922147056647e+00
-4.884376672016178311e+00
-4.879904409254852027e+00
-4.961326536615961125e+00
-5.266139035928296686e+00
-4.923096264665659305e+00
-5.274904025759955317e+00
-5.281483063412751200e+00
-5.210186054807042666e+00
-5.157659009579249165e+00
-4.915057900651664369e+00
-5.203646125656667287e+00
-4.960300002027606681e+00
-5.342207204046406588e+00
-4.946284157225829148e+00
-4.896738450751688454e+00
-5.315079387396052901e+00
-4.937285233180475075e+00
-4.930756523721739448e+00
-4.959024015022192700e+00
-5.248934440226265430e+00
-5.237500255963772666e+00
-5.246183220286655846e+00
-5.227481990469019735e+00
-5.140459273282777630e+00
-5.249898990341881344e+00
-5.246744585051418497e+00
-5.230319694185364021e+00
-5.237655083528182764e+00
-5.112005784931983321e+00
-5.078189867910875677e+00
-5.135693858843959347e+00
-5.139390170925367762e+00
-5.154737060211635580e+00
-5.121358334978697968e+00
-5.259292324308802336e+00
-5.232312645803640194e+00
-5.108280451095448704e+00
-5.141703075949905610e+00
-5.110641612086774366e+00
-5.554933225798194485e+00
-5.556996795837669367e+00
-5.570143832637185710e+00
-5.557643848748396564e+00
-5.572840207502799181e+00
-5.563686140563414817e+00
-5.533233095773713472e+00
-5.563637053297593837e+00
-4.733871866070363588e+00
-4.744757363494271019e+00
-5.087249952839226985e+00
-4.715640124659041810e+00
-4.656950544900345434e+00
-4.680903699579442190e+00
-4.676835411884152194e+00
-4.674674678982747800e+00
-5.675453120341697577e+00
-5.643458982257052448e+00
-5.508256171852426775e+00
-5.568911842382243904e+00
-5.540067695444347073e+00
-5.512242631306969010e+00
-5.541620111334386145e+00
-5.616661808009060231e+00
-5.688255044794585658e+00
-5.669426036316984607e+00
-5.670059943891527787e+00
-5.631524043157483561e+00
-5.646282624318334165e+00
-5.632529923131741612e+00
-5.643072864288619428e+00
-4.763803934444037935e+00
-4.753476635857529331e+00
-4.727926947756332154e+00
-4.732983923490558631e+00
-4.733177875953352931e+00
-4.725688193244878654e+00
-4.730805661762436998e+00
-4.737892388977965830e+00
-4.781997888574931466e+00
-4.790971504647305146e+00
-4.800905249094867600e+00
-4.775710440178757565e+00
-4.784561624550310199e+00
-4.728109561445831055e+00
-4.741467581979941670e+00
-4.822483005197738315e+00
-4.699418519002672490e+00
-4.816378249887753427e+00
-4.839699809512318041e+00
-4.802428297449436556e+00
-4.816214661882560755e+00
-4.747626915092526545e+00
-4.778634166908020120e+00
-4.803190221195825060e+00
-4.784521037189995774e+00
-4.768801901228933993e+00
-4.797536138966134622e+00
-4.821886358658404426e+00
-4.824134664771700720e+00
-4.809288614707942777e+00
-4.819798017676253821e+00
-4.827725377089123526e+00
-4.797884261865796418e+00
-4.807267695065974955e+00
-4.823526955192793508e+00
-4.820158290079125329e+00
-4.853190902717169131e+00
-5.107288718820610640e+00
-5.110657716874644763e+00
-5.105983604196380199e+00
-5.099171885661215597e+00
-5.105722615616154592e+00
-5.112286700612571622e+00
-5.290234056335460622e+00
-5.288396185896106161e+00
-5.284873792032322548e+00
-5.280519040581205914e+00
-5.286713899451053855e+00
-5.287746987682616862e+00
-5.282289461252968721e+00
-5.284293260745764442e+00
-5.281382142252575740e+00
-5.282329163372694758e+00
