-5.436858993866259482e+00
-5.391242971193864975e+00
-5.322137194124863413e+00
-5.130391911473556554e+00
-5.460616476297515121e+00
-5.465077258637224489e+00
-5.502359078629466715e+00
-5.478656696418076066e+00
-5.495970017881577796e+00
-5.509917900051803485e+00
-5.508041283258307885e+00
-5.469309992335770865e+00
-5.116977428113186122e+00
-5.126663137158889327e+00
-5.111405508995530589e+00
-5.130345757106621107e+00
-5.148107955235952993e+00
-5.139043265188885101e+00
-5.120283954636647650e+00
-5.126692511251741635e+00
-5.150692474195498249e+00
-5.160908176252150703e+00
-5.129305250463980670e+00
-5.394809184333426266e+00
-5.432825957352764412e+00
-5.473788077105575134e+00
-5.508919088207665737e+00
-5.050876085277306693e+00
-5.409491095867407395e+00
-5.432772079066619852e+00
-5.366306370801580350e+00
-5.325799884009239094e+00
-5.386588218240973447e+00
-5.155218709458287307e+00
-5.427040128107342376e+00
-5.445734433218620829e+00
-5.413761570435068116e+00
-5.119714981067172488e+00
-5.499814570513198220e+00
-5.548963700255878706e+00
-5.720398325973607534e+00
-5.420201406424806301e+00
-5.519029744063989718e+00
-5.695922290381765229e+00
-5.520519846440130607e+00
-5.544413618383294384e+00
-5.475648198979730097e+00
-5.530310324852950821e+00
-5.564730896038968311e+00
-5.711317148757302675e+00
-5.480332943374834009e+00
-5.468946861357667721e+00
-5.537874361678935209e+00
-5.587873706221146541e+00
-5.443489967359839810e+00
-5.478944254075095444e+00
-5.495730465753199567e+00
-5.542901775246493301e+00
-5.581875010763568845e+00
-5.661151709878081917e+00
-5.653067632739210424e+00
-5.747446723748266706e+00
-5.745340254302174543e+00
-5.647811389402709104e+00
-5.640870685361183412e+00
-5.629167244015936156e+00
-5.627773156523964815e+00
-5.642489766436477261e+00
-5.668466562513557072e+00
-5.623928177456034128e+00
-5.670622707892222003e+00
-5.625862776327374526e+00
-5.681226217433123615e+00
-5.618870424168783018e+00
-5.649333070896547682e+00
-5.750776838844875449e+00
-5.641436741922116305e+00
-5.628460976930900195e+00
-5.638609200988748071e+00
-5.651819624084892801e+00
-5.635641802671037759e+00
-5.630211442385408382e+00
-5.631061999915560001e+00
-5.623505440863836746e+00
-5.631226482251745935e+00
-5.653335805581423124e+00
-5.640186319436881313e+00
-5.656488090781596867e+00
-5.645858208451998372e+00
-5.731188464561092211e+00
-5.716790348758828522e+00
-5.735578001703726336e+00
-5.658557904931015514e+00
-5.705523745881243336e+00
-5.702660240205529973e+00
-5.714238075677446460e+00
-5.704147048364461625e+00
-5.687183659222839083e+00
-5.506634711870074028e+00
-5.576033190848365351e+00
-5.530788285920956504e+00
-5.560905441914592018e+00
-5.504870441260983682e+00
-5.539419964430077670e+00
-5.508797632160768565e+00
-5.566974843246529581e+00
-5.627809696926975747e+00
-5.515134450213241557e+00
-5.469173443607100005e+00
-5.506319066496199177e+00
-5.525321587803329493e+00
-5.498777889226483140e+00
-5.474558140342873358e+00
-5.537170894485063499e+00
-5.481720062792963866e+00
-5.540037204787935821e+00
-5.527049222991909261e+00
-5.593772610536934309e+00
-5.546250043465694723e+00
-5.539674765248845389e+00
-5.512479907663398571e+00
-5.534570120140189786e+00
-4.735318553590826873e+00
-4.662367613559903923e+00
-4.606404672548231716e+00
-4.827503186466064911e+00
-4.784737573651963061e+00
-4.740046232812939131e+00
-5.060650029355833190e+00
-5.069220325307273178e+00
-5.039937986440803819e+00
-5.099586615768114228e+00
-4.719223104365512178e+00
-4.702367112163296170e+00
-4.645232156173072724e+00
-4.684400647437986898e+00
-4.772373656592849400e+00
-4.654119262669418333e+00
-4.650174765781337705e+00
-4.626618253442233097e+00
-4.619898522723534739e+00
-4.729108767617268505e+00
-4.631000689675783377e+00
-4.615284069644044251e+00
-4.605961701531791519e+00
-4.715116046549017170e+00
-4.704437846176909410e+00
-4.744916027390950752e+00
-5.493591518641216531e+00
-5.446055958062260061e+00
-5.384687384132056387e+00
-5.510561275900119682e+00
-5.662863306421138887e+00
-5.713936686291535949e+00
-5.593697102288744283e+00
-5.148025229781674206e+00
-5.211613055575696762e+00
-5.228871900874248801e+00
-5.758059790111540011e+00
-5.772249463205082698e+00
-5.779333368729044906e+00
-5.735161610704637702e+00
-5.765392016361546190e+00
-5.539298990429842640e+00
-5.516233872633033108e+00
-5.543654499339073283e+00
-5.520447319850933177e+00
-5.538959585842497368e+00
-5.658934620997309928e+00
-5.729304487947516122e+00
-5.290525126622735996e+00
-5.229732435643986932e+00
-5.276423014499267872e+00
-5.301644869151896700e+00
-5.326103844091453432e+00
-5.512873563445691794e+00
-5.291651664949482914e+00
-5.334286750569025237e+00
-5.346889910406936508e+00
-5.339897633529443688e+00
-5.332759085830664603e+00
-5.302173158167054368e+00
-5.311167912195222662e+00
-5.301451636665272638e+00
-5.307777474795909889e+00
-4.716258734483822046e+00
-4.732016921741884374e+00
-4.708596775477948526e+00
-4.719122573991563208e+00
-4.729160017967150687e+00
-4.722574841488909492e+00
-4.706148290453809224e+00
-4.725264074576671192e+00
-4.735190915916756893e+00
-4.716873716387666171e+00
-4.728972190340388515e+00
-4.691374186010498271e+00
-4.697134842023963586e+00
-4.713949369717353122e+00
-4.693427327078902422e+00
-4.702554829393808866e+00
-4.684756973801243340e+00
-4.680014556776094459e+00
-4.699212558095989145e+00
-5.194959480804360652e+00
-5.130214435903436510e+00
-5.147690434875242360e+00
-5.129626763769390863e+00
-5.167080492419103166e+00
-5.165679046559782606e+00
-5.193235554317031877e+00
-5.167557869352375377e+00
-5.162476662175543574e+00
-5.380687388774511248e+00
-5.337756865972779430e+00
-5.320799890014416000e+00
-5.321817793092552762e+00
-5.277592030045993532e+00
-5.395687135722689654e+00
-5.382227865328333749e+00
-5.318129003037373792e+00
-5.291017734397029493e+00
-5.103466311549648360e+00
-5.259357727363003221e+00
-5.232378586677167931e+00
-5.342153979836169242e+00
-5.303627390061357971e+00
-4.883576766802834257e+00
-4.857131698772461093e+00
-4.858334287758286685e+00
-4.869724817266288142e+00
-4.872139005308941506e+00
-4.780934175848885914e+00
-4.715310709813139489e+00
-4.733710932472992461e+00
-4.881818946424655081e+00
-4.877510235128927008e+00
-4.954088451877036725e+00
-5.263850134272916037e+00
-4.917879387878511643e+00
-5.269766998308428541e+00
-5.279608655039139009e+00
-5.202762150804050911e+00
-5.153994511985135141e+00
-4.906280938866837360e+00
-5.199193900261023238e+00
-4.959269830295560233e+00
-5.336680605478141715e+00
-4.944843946959854186e+00
-4.895550873344799214e+00
-5.309965173576610020e+00
-4.934808869560104228e+00
-4.929640671273883612e+00
-4.956907410317301199e+00
-5.243176571422574206e+00
-5.233154709350346323e+00
-5.245884770498548733e+00
-5.220694019892868631e+00
-5.137668143986596547e+00
-5.252647598559813780e+00
-5.254024053859146726e+00
-5.236365910392408729e+00
-5.239534884645766333e+00
-5.103682542957596269e+00
-5.067368617740297232e+00
-5.135073038515669985e+00
-5.134851274576863744e+00
-5.154390830088551922e+00
-5.119214453989259006e+00
-5.261267546513345827e+00
-5.233190821383114866e+00
-5.107864297144978138e+00
-5.140032311844516144e+00
-5.106186895152934113e+00
-5.550159277273570169e+00
-5.550350226256718145e+00
-5.568360330817578863e+00
-5.556341341247680532e+00
-5.569264844243663859e+00
-5.559552357094288411e+00
-5.530197026188406362e+00
-5.557647109937744467e+00
-4.738452283067698723e+00
-4.751926743412837162e+00
-5.088909051831419283e+00
-4.709827147702289274e+00
-4.705254635271671759e+00
-4.759410551348753238e+00
-4.662818397686840477e+00
-4.714156065405425977e+00
-5.673716317433011191e+00
-5.644380379143904669e+00
-5.504670314159520572e+00
-5.553320848831140744e+00
-5.537205867674763304e+00
-5.503719667733387944e+00
-5.535722787874525430e+00
-5.618191839485318084e+00
-5.685439183825313769e+00
-5.667204751903092586e+00
-5.668267644769073854e+00
-5.630688475368748058e+00
-5.646063495873639759e+00
-5.632847973177846690e+00
-5.636262851748883307e+00
-4.758978220468924825e+00
-4.749068747155109627e+00
-4.723886877856831035e+00
-4.732126540077937094e+00
-4.735966041177181118e+00
-4.721409830102708760e+00
-4.729608751612509820e+00
-4.736369149682230884e+00
-4.786548403223476633e+00
-4.795050229366326633e+00
-4.799407228914123635e+00
-4.776411251791255808e+00
-4.792108128184572102e+00
-4.728108340872373638e+00
-4.742220050190592673e+00
-4.809648866492588937e+00
-4.700952284154478633e+00
-4.818596560960230590e+00
-4.843953614259074669e+00
-4.816724993068335792e+00
-4.816766878988612888e+00
-4.746310666343451778e+00
-4.775502176791517783e+00
-4.804464584345244482e+00
-4.788504949075892192e+00
-4.768013358770369692e+00
-4.795859004107372314e+00
-4.821665644615739765e+00
-4.820990510998947265e+00
-4.798925725745396775e+00
-4.811759981483125337e+00
-4.826353689859969265e+00
-4.798624243282052504e+00
-4.810187859438819657e+00
-4.824548653774382245e+00
-4.824621755609831197e+00
-4.840521206652592667e+00
-5.103962275915579383e+00
-5.107496580606384562e+00
-5.102400489020115337e+00
-5.096264224450278491e+00
-5.100229476718451949e+00
-5.108493173204424309e+00
-5.288913645816133879e+00
-5.284911532750282248e+00
-5.282917516055007923e+00
-5.279115769875682318e+00
-5.285542845065918094e+00
-5.286628461108731969e+00
-5.281218822856983408e+00
-5.283387282396902584e+00
-5.279079760426657053e+00
-5.281538048024027709e+00
