-5.436406276792173919e+00
-5.391537374320803266e+00
-5.321506973317341682e+00
-5.134115150500125679e+00
-5.464809800811799789e+00
-5.468111623816841238e+00
-5.506859672597225419e+00
-5.486860723454852540e+00
-5.508547894096801123e+00
-5.515482100589609971e+00
-5.513094724926872026e+00
-5.472619379399106698e+00
-5.112255278927428925e+00
-5.128476022932968448e+00
-5.115292489814946997e+00
-5.130595345143683872e+00
-5.142260040450942427e+00
-5.133665036397490056e+00
-5.127547625209581739e+00
-5.125911402056943622e+00
-5.164212433270019886e+00
-5.158529642670675486e+00
-5.114273946356973966e+00
-5.403629980481485795e+00
-5.437533573945917631e+00
-5.479614005854156922e+00
-5.519508813402042691e+00
-5.065519205340025088e+00
-5.409286546892541736e+00
-5.433941271674791018e+00
-5.366293802646074695e+00
-5.340435312901062659e+00
-5.390944504474248333e+00
-5.161927576669966378e+00
-5.432112764529473559e+00
-5.448881751642796978e+00
-5.418708631558279976e+00
-5.117752486809589385e+00
-5.516535722430546684e+00
-5.555393682970141356e+00
-5.730944132088431786e+00
-5.429989208289795144e+00
-5.524596895507813521e+00
-5.704856479870896280e+00
-5.529157809371212373e+00
-5.554799904901880581e+00
-5.487295297045903020e+00
-5.540320722240688944e+00
-5.573502055409645273e+00
-5.721537406376850043e+00
-5.490730005892704213e+00
-5.474192425204458701e+00
-5.547380799807077878e+00
-5.597696505295681746e+00
-5.451535076138888769e+00
-5.487030651960854932e+00
-5.507666887787052268e+00
-5.550695989956656362e+00
-5.588783114216121284e+00
-5.670467153888146150e+00
-5.666910239129031801e+00
-5.755789056324500663e+00
-5.754112496189083714e+00
-5.657780514632052338e+00
-5.649404613474524162e+00
-5.639411139369763681e+00
-5.643252451124927127e+00
-5.651492428500207943e+00
-5.678499807005737310e+00
-5.636844768075343737e+00
-5.680270975659573729e+00
-5.640115205974832513e+00
-5.690536557968666642e+00
-5.627668174950565927e+00
-5.657183579404211571e+00
-5.758570983365651763e+00
-5.650438671077378849e+00
-5.636615489135671453e+00
-5.648509367716211038e+00
-5.662569453853117274e+00
-5.644689900914797498e+00
-5.641137443794719708e+00
-5.642347849758000855e+00
-5.631505746013604430e+00
-5.643266044607510246e+00
-5.665113557038431225e+00
-5.651475474966623835e+00
-5.667930015900522811e+00
-5.656950440145487313e+00
-5.737019100160427598e+00
-5.722601633780271868e+00
-5.742715150945842062e+00
-5.661597828103422714e+00
-5.711790590821561153e+00
-5.706751112921695679e+00
-5.720738877483109164e+00
-5.710020754289756972e+00
-5.692440290294819683e+00
-5.522897426673313959e+00
-5.582746056726998418e+00
-5.539629999075117439e+00
-5.574186034181003002e+00
-5.521441528324115389e+00
-5.552248047878170389e+00
-5.520030068666823553e+00
-5.580730579831502780e+00
-5.638058513260623350e+00
-5.536606260281126346e+00
-5.484824716596276239e+00
-5.527823248129949185e+00
-5.548692810975700773e+00
-5.507635980167112422e+00
-5.489259290732558583e+00
-5.551056211367506599e+00
-5.492701819530284801e+00
-5.552835045872864583e+00
-5.539146723212902579e+00
-5.606334160795094945e+00
-5.554208154181436541e+00
-5.549905745319342998e+00
-5.537254979772239238e+00
-5.543116129996768393e+00
-4.750899567477441465e+00
-4.670833428223624573e+00
-4.622969679451735203e+00
-4.839325938908920932e+00
-4.795676872611244868e+00
-4.735578821421015050e+00
-5.056972124233034549e+00
-5.072515677706088688e+00
-5.033768897732967318e+00
-5.092982594058574008e+00
-4.605726110849960087e+00
-4.601127161827782253e+00
-4.506515986993871792e+00
-4.681892657964744409e+00
-4.776357746660408132e+00
-4.650161952078676109e+00
-4.642421484669542409e+00
-4.629381031564514970e+00
-4.630792942561897441e+00
-4.735258797140028619e+00
-4.635935857413948646e+00
-4.625551931508938175e+00
-4.633549394521534026e+00
-4.714326292334349411e+00
-4.716463793784588354e+00
-4.760226811965383220e+00
-5.502139628319658193e+00
-5.450455703763545046e+00
-5.385604628905404923e+00
-5.517899832803215610e+00
-5.674928148661689598e+00
-5.725300126294944114e+00
-5.602270367791915895e+00
-5.145406097361412634e+00
-5.210312009519472376e+00
-5.239952283167411906e+00
-5.764706963219713209e+00
-5.779503626869601618e+00
-5.786923816856254454e+00
-5.742081527221108317e+00
-5.774251364267851905e+00
-5.545758189395511017e+00
-5.523408123543446457e+00
-5.551488924249142087e+00
-5.532486156695972213e+00
-5.547414566289571525e+00
-5.672599956756143591e+00
-5.741139643575394302e+00
-5.279897021912812960e+00
-5.233998073251070693e+00
-5.263224880573357467e+00
-5.301579390161506922e+00
-5.327065531313369462e+00
-5.523879260379991329e+00
-5.294144253514367904e+00
-5.338378756455576024e+00
-5.348896941443149977e+00
-5.341746193964139522e+00
-5.335520166910271200e+00
-5.295641937840046332e+00
-5.312507577562673333e+00
-5.304833543505855786e+00
-5.314965272587915734e+00
-4.715243355684610727e+00
-4.734111966139049166e+00
-4.712828458660326625e+00
-4.719348005875848351e+00
-4.729009378568324706e+00
-4.712200744180484513e+00
-4.704519812972556281e+00
-4.726172056180237391e+00
-4.720115666231198936e+00
-4.717462274200375560e+00
-4.723425801805772650e+00
-4.684755518562630172e+00
-4.694816146465366380e+00
-4.706053612795712660e+00
-4.688037426017189979e+00
-4.697289578837655633e+00
-4.684817966413929113e+00
-4.680859724260398202e+00
-4.696677190656314060e+00
-5.190390283498101276e+00
-5.105070082413092791e+00
-5.115865765238165608e+00
-5.109809527826693731e+00
-5.135744331597138945e+00
-5.166620141405026345e+00
-5.166091548189732485e+00
-5.104593998409019839e+00
-5.154425472637620409e+00
-5.384716498665872209e+00
-5.342725272185695040e+00
-5.326748702519355838e+00
-5.327555040158178379e+00
-5.280507325497641347e+00
-5.404017568789399206e+00
-5.393310691334963991e+00
-5.319909183867846281e+00
-5.283689192940807189e+00
-5.091924325807311469e+00
-5.255521104584535586e+00
-5.228275136209069807e+00
-5.344973529495203657e+00
-5.298289319381522589e+00
-4.892505208245182757e+00
-4.860279348278739420e+00
-4.852031143235135957e+00
-4.877492192344296207e+00
-4.861797467816068696e+00
-4.761043799881989891e+00
-4.723042187184967489e+00
-4.751692459489799347e+00
-4.884285540473425336e+00
-4.884780175530496038e+00
-4.937275051286161620e+00
-5.264927315268630892e+00
-4.909535964290643761e+00
-5.274699081026900771e+00
-5.281067846760583606e+00
-5.213416247047772067e+00
-5.150536764015547497e+00
-4.899358868504453568e+00
-5.189610271794690810e+00
-4.950553552817806846e+00
-5.345921455836990077e+00
-4.945173072258491231e+00
-4.901561066676237033e+00
-5.313900086952295432e+00
-4.940769287589890979e+00
-4.933538140392336402e+00
-4.953933961461642888e+00
-5.238957810771476709e+00
-5.229752838109356539e+00
-5.243893703879694890e+00
-5.210378182239456812e+00
-5.127153134589160999e+00
-5.269312283866493196e+00
-5.276262081381863034e+00
-5.265781425564882490e+00
-5.269824664025408723e+00
-5.121432051028475207e+00
-5.084788219198308035e+00
-5.143009888288783138e+00
-5.137941046507616960e+00
-5.150136126864347297e+00
-5.120235051979551422e+00
-5.268545708551170215e+00
-5.245091700054337558e+00
-5.098769469625756834e+00
-5.137728139059507093e+00
-5.114458057892003140e+00
-5.566845978912285275e+00
-5.565492522606447778e+00
-5.579129208629155734e+00
-5.564069221212588623e+00
-5.584066156364174027e+00
-5.554817279267822094e+00
-5.556796284659927032e+00
-5.568548861702264929e+00
-4.740205808066963122e+00
-4.791696728064167132e+00
-5.081418648481210276e+00
-4.731806152585540381e+00
-4.624371514277414441e+00
-4.657275170020756860e+00
-4.825700455839839975e+00
-4.630249420771468394e+00
-5.687256402199933447e+00
-5.652838760326120315e+00
-5.514897191151345801e+00
-5.569285164705424229e+00
-5.548426550862111561e+00
-5.515375541444544893e+00
-5.541038116735505170e+00
-5.632972731636600727e+00
-5.696541039444744214e+00
-5.678981210514286282e+00
-5.679857615574280594e+00
-5.637729707734188800e+00
-5.650633116245239229e+00
-5.640792812837744030e+00
-5.663486830065198596e+00
-4.753053328138570066e+00
-4.757139980846584848e+00
-4.722708782918171977e+00
-4.733197328169235440e+00
-4.744138649494737514e+00
-4.722882380359066268e+00
-4.734351878256507717e+00
-4.744133819289237941e+00
-4.759250887723639245e+00
-4.782830716536326854e+00
-4.809222067562787473e+00
-4.772639185047438559e+00
-4.787149647389187912e+00
-4.729948275280198899e+00
-4.734601835351575083e+00
-4.813359047958230441e+00
-4.700253583033784821e+00
-4.816409392774500198e+00
-4.847341644603109678e+00
-4.787519190710000316e+00
-4.797754570002860319e+00
-4.742687098238337562e+00
-4.775278370736312894e+00
-4.814027465350664947e+00
-4.795389859623210960e+00
-4.765642078845861107e+00
-4.792696404935927745e+00
-4.818260837675525821e+00
-4.815014593620382755e+00
-4.795502672410862921e+00
-4.815164686482225953e+00
-4.822407151916181967e+00
-4.799958253096908045e+00
-4.798279051238065307e+00
-4.831901234282730329e+00
-4.820661645431327358e+00
-4.833810814463388006e+00
-5.164339313423932154e+00
-5.175148213168959010e+00
-5.163891844826054012e+00
-5.160834573963575700e+00
-5.162288000319885661e+00
-5.172282346519987861e+00
-5.297940062497933589e+00
-5.290053012522307974e+00
-5.291042670287131600e+00
-5.288481442242160213e+00
-5.294422986663293251e+00
-5.298223873695406816e+00
-5.293754628871239376e+00
-5.291993600306742707e+00
-5.284966118893273723e+00
-5.289382367406244789e+00
