-5.436314596105322750e+00
-5.390024479829636839e+00
-5.322173050508161474e+00
-5.132904804473451321e+00
-5.460763900744012744e+00
-5.464224125121886821e+00
-5.505272635630264588e+00
-5.483564013333088738e+00
-5.504356948134355498e+00
-5.512931667108108336e+00
-5.507623745855643627e+00
-5.468162276440366121e+00
-5.110643283351951283e+00
-5.119699392340117505e+00
-5.103634574898445742e+00
-5.134286479498798350e+00
-5.140150366076345456e+00
-5.136036710124037619e+00
-5.121900974067243872e+00
-5.127100940264991635e+00
-5.165814932245627489e+00
-5.156162927505157256e+00
-5.121004595037743634e+00
-5.404972753068785885e+00
-5.434405864273780473e+00
-5.476768928347494736e+00
-5.515853268148428690e+00
-5.046048965243930873e+00
-5.409186197462634738e+00
-5.431071206464524792e+00
-5.367183118755905369e+00
-5.335662219483386259e+00
-5.389925795390432484e+00
-5.160416554857929938e+00
-5.428539426051876227e+00
-5.446403299038174772e+00
-5.415175007496150883e+00
-5.119184965737581194e+00
-5.511539418227727971e+00
-5.553526625803481664e+00
-5.724142497101118998e+00
-5.426218096279235681e+00
-5.522417808462729560e+00
-5.698228748101478836e+00
-5.525350984027706858e+00
-5.549703246106205690e+00
-5.480480930052716637e+00
-5.537064163418294882e+00
-5.569625626428684306e+00
-5.715500669703808434e+00
-5.485420437496751234e+00
-5.471353725449149330e+00
-5.542965147097478784e+00
-5.592790178739358353e+00
-5.445022134363041388e+00
-5.482913357911571417e+00
-5.504422224303510802e+00
-5.546260823616202096e+00
-5.586788425142068526e+00
-5.666691134742952052e+00
-5.662440837944959782e+00
-5.754314376454866320e+00
-5.752905687223399234e+00
-5.652626171417133527e+00
-5.645294323987535279e+00
-5.632614013162260846e+00
-5.638112162250117798e+00
-5.647119969492645275e+00
-5.674981552367131421e+00
-5.627110135173066574e+00
-5.676389481959780881e+00
-5.635697133244482515e+00
-5.686788089411298763e+00
-5.623848168590666496e+00
-5.653388578037100487e+00
-5.755588995168682054e+00
-5.645792289819008936e+00
-5.630806119125254305e+00
-5.643445054746794476e+00
-5.659219226376609235e+00
-5.638459631653058857e+00
-5.636635283148959452e+00
-5.635845424267323267e+00
-5.627392212656899595e+00
-5.638284667660259153e+00
-5.657223304286045362e+00
-5.648130458138806098e+00
-5.662380014985709309e+00
-5.650180187352487060e+00
-5.736489386446436356e+00
-5.719884375646843822e+00
-5.738742317869302667e+00
-5.660826694660046954e+00
-5.709076532976657958e+00
-5.703738950576034306e+00
-5.717599005534224510e+00
-5.708165103841287724e+00
-5.691173181101096823e+00
-5.508738479793178655e+00
-5.581416060054658956e+00
-5.530708184694603347e+00
-5.566846174127399571e+00
-5.509528468314873528e+00
-5.539339024517526688e+00
-5.511709633447601675e+00
-5.573721415766592635e+00
-5.630037973105965321e+00
-5.525100595036546380e+00
-5.475752859322874144e+00
-5.512347361759102782e+00
-5.538076641646331844e+00
-5.500347181661845219e+00
-5.482055465750474532e+00
-5.542914301572835711e+00
-5.483639521552973406e+00
-5.544007520094019981e+00
-5.525679289265275962e+00
-5.595189980734256885e+00
-5.548772205008114966e+00
-5.538880174468170381e+00
-5.527533077122694927e+00
-5.537693719045792662e+00
-4.747958833496254805e+00
-4.659890656004231246e+00
-4.606166445465943227e+00
-4.831342310875464285e+00
-4.796520048160136440e+00
-4.716268900005945675e+00
-5.052880194842614081e+00
-5.068368926030861310e+00
-5.032078774178062375e+00
-5.093601120434879448e+00
-4.641106455175165735e+00
-4.637412249857049140e+00
-4.515692669325950703e+00
-4.695490240735788134e+00
-4.782471622189081728e+00
-4.655851883874535524e+00
-4.642472458459722340e+00
-4.639805512914502827e+00
-4.617831888672698781e+00
-4.730397983545073792e+00
-4.631593765972593424e+00
-4.624797871338468980e+00
-4.632801214207391105e+00
-4.718920684026768342e+00
-4.718997680984380771e+00
-4.764026217069133651e+00
-5.496540575286198660e+00
-5.446162594125480538e+00
-5.384690936341857359e+00
-5.514416401201297724e+00
-5.669963950679445475e+00
-5.720509475726388793e+00
-5.595947391046769859e+00
-5.144183637581175361e+00
-5.207069338504012990e+00
-5.241800377261466082e+00
-5.762738823986007120e+00
-5.776837788326456113e+00
-5.782210638433876504e+00
-5.740163982318749802e+00
-5.771807218495092151e+00
-5.542304832918537372e+00
-5.520430755614817109e+00
-5.548536141413817013e+00
-5.528960980740042608e+00
-5.543877984103084522e+00
-5.665231239913634198e+00
-5.736051184294441718e+00
-5.283075051705885983e+00
-5.234247550055712850e+00
-5.268104650063786920e+00
-5.296887558332382007e+00
-5.324423039588971562e+00
-5.519557138414723951e+00
-5.289787741417495859e+00
-5.330042803048131717e+00
-5.339463410913724672e+00
-5.333696845030852174e+00
-5.327061470409510058e+00
-5.291791247933897324e+00
-5.309135324297098890e+00
-5.299117998819274256e+00
-5.306421103692980701e+00
-4.717772926237656428e+00
-4.732819404475495872e+00
-4.715834038475289702e+00
-4.721407971916968371e+00
-4.729629850333420649e+00
-4.716189221385138630e+00
-4.703807007171450394e+00
-4.719653295480583211e+00
-4.725572701906605388e+00
-4.716715339226832171e+00
-4.724591881733766208e+00
-4.688226129863328318e+00
-4.690024521848559225e+00
-4.707413863628024941e+00
-4.685332900580192472e+00
-4.697298041953725800e+00
-4.690531845415384815e+00
-4.675334038422310989e+00
-4.699390225119854492e+00
-5.187574041362739585e+00
-5.156084634308207626e+00
-5.178704421173579320e+00
-5.156258366820171801e+00
-5.189479082939602250e+00
-5.163046601680106207e+00
-5.206464972439690975e+00
-5.187499689618351617e+00
-5.153372936038825181e+00
-5.380678224398335097e+00
-5.341121777793998326e+00
-5.324169751978943488e+00
-5.325810913301715743e+00
-5.276657354398802013e+00
-5.397276973777922926e+00
-5.388019203115358202e+00
-5.310471913747033312e+00
-5.302029543788799870e+00
-5.113321828092516341e+00
-5.270871303007754527e+00
-5.246304948562980464e+00
-5.349976369606880056e+00
-5.304485647565806872e+00
-4.921396947436017300e+00
-4.893268136416065062e+00
-4.895577981282459135e+00
-4.905008075306962034e+00
-4.892769433894807563e+00
-4.843801830077042681e+00
-4.799621592557175909e+00
-4.814731888537260751e+00
-4.913208255201102936e+00
-4.905285671894614730e+00
-4.942410123963614232e+00
-5.262434012361241642e+00
-4.908620746978590965e+00
-5.274483636748358961e+00
-5.282721118872939492e+00
-5.203750107838991390e+00
-5.149922170519199760e+00
-4.897425474185133965e+00
-5.189881410550825080e+00
-4.957455129032102725e+00
-5.343642575606299516e+00
-4.946279726263163035e+00
-4.901511933491822681e+00
-5.310966315336601795e+00
-4.941973222900741369e+00
-4.936511723218571568e+00
-4.957492163652665873e+00
-5.238982883396183787e+00
-5.230949006636992138e+00
-5.245651055250290185e+00
-5.220741121999745715e+00
-5.130739929180867520e+00
-5.269627921112194358e+00
-5.277587308953737733e+00
-5.261928193027084255e+00
-5.261140902738540959e+00
-5.129769970444350236e+00
-5.085813518712800629e+00
-5.141763281665456375e+00
-5.136083521918606287e+00
-5.152679948307874014e+00
-5.117024263649614824e+00
-5.265717110422715841e+00
-5.241644660340758044e+00
-5.101735253411536775e+00
-5.135646672133034940e+00
-5.114158212579654084e+00
-5.570579143742120820e+00
-5.572065020964807935e+00
-5.579204941631008552e+00
-5.567494250185515803e+00
-5.584019206517471190e+00
-5.575630830439633812e+00
-5.555540228838447447e+00
-5.574081590438262346e+00
-4.739207065592605517e+00
-4.788272539925064741e+00
-5.084112791386857566e+00
-4.742215818801164495e+00
-4.675218368257811008e+00
-4.716994617424140834e+00
-4.828345985889450631e+00
-4.675866809741706653e+00
-5.691108269339938630e+00
-5.653320777622776738e+00
-5.515599143496173085e+00
-5.565681244395499050e+00
-5.542132207141427180e+00
-5.520103980950592515e+00
-5.540969210151284408e+00
-5.629143144912996277e+00
-5.692731683109992780e+00
-5.673727082735158689e+00
-5.674574197078047888e+00
-5.633109506709152114e+00
-5.646577606153749151e+00
-5.634073921580460720e+00
-5.652039364475775152e+00
-4.772627328052984730e+00
-4.751901521413987695e+00
-4.723482670226146318e+00
-4.735846981206588424e+00
-4.741323552350367621e+00
-4.730857999468613961e+00
-4.728267254146029330e+00
-4.747931876102573057e+00
-4.783115154617947340e+00
-4.798966539751402749e+00
-4.808200317573863458e+00
-4.781175137282514420e+00
-4.805116577006099732e+00
-4.740619176713802396e+00
-4.749525231594542873e+00
-4.817517586376990124e+00
-4.700536402253081114e+00
-4.814045992931670348e+00
-4.846791012376816532e+00
-4.808727372462834992e+00
-4.808761367671795739e+00
-4.746237161333063170e+00
-4.776310013384610365e+00
-4.820900943388904736e+00
-4.800268724714424451e+00
-4.769269117556917514e+00
-4.803208826454627989e+00
-4.820434825997734762e+00
-4.816932714697314211e+00
-4.804960176851213127e+00
-4.815485207925487288e+00
-4.819971932262681058e+00
-4.799292164069322020e+00
-4.802323057955979912e+00
-4.831550714969826466e+00
-4.825038296715563391e+00
-4.838251993285205721e+00
-5.152239357052331492e+00
-5.159008617041442868e+00
-5.141910774585386257e+00
-5.137393212657991093e+00
-5.140894351368216597e+00
-5.158831541190581405e+00
-5.285951540596024678e+00
-5.277111134145456184e+00
-5.277555305587172008e+00
-5.274336056017719265e+00
-5.283896633984648261e+00
-5.283625149559389556e+00
-5.282902029220144513e+00
-5.278564440769663690e+00
-5.277332383770295010e+00
-5.274063048932887021e+00
