-5.436006088182194773e+00
-5.389297899397999636e+00
-5.321596192747992227e+00
-5.134782166346528065e+00
-5.460215758599090918e+00
-5.462677825610442461e+00
-5.501289599410636555e+00
-5.478423813186934055e+00
-5.496652849841059840e+00
-5.511088933440668747e+00
-5.505638200563720552e+00
-5.467766332066743118e+00
-5.118014543194730592e+00
-5.125226836244065609e+00
-5.113345395344796707e+00
-5.135996153680957299e+00
-5.147175196452024259e+00
-5.141521539785365746e+00
-5.127522301870181209e+00
-5.126172416134100907e+00
-5.150371224281089511e+00
-5.159408101006884628e+00
-5.129101760262097187e+00
-5.395884221366562983e+00
-5.430288828969635162e+00
-5.474648449159829511e+00
-5.509658108761481543e+00
-5.057044336744969115e+00
-5.409860758127313041e+00
-5.433358745318265015e+00
-5.366569544624664623e+00
-5.325612287874554873e+00
-5.386135532989645647e+00
-5.158651667355364623e+00
-5.427041660485153685e+00
-5.445166897409877471e+00
-5.412189755419386294e+00
-5.120647153405741392e+00
-5.499972121998147223e+00
-5.547556674994644332e+00
-5.721278365061190030e+00
-5.419327525541957513e+00
-5.521757603404906511e+00
-5.695662413597099238e+00
-5.517463307021341024e+00
-5.543141579481608794e+00
-5.474187219955667594e+00
-5.527230435109006912e+00
-5.566095281979300147e+00
-5.712001746247005407e+00
-5.478905267431913195e+00
-5.467125940728037037e+00
-5.535913614912197467e+00
-5.587161357789502070e+00
-5.446358498432283923e+00
-5.478496267363832217e+00
-5.498549761892905785e+00
-5.542493934214374640e+00
-5.580287589680497540e+00
-5.660873142415248971e+00
-5.651100393310031222e+00
-5.746553346404904339e+00
-5.744425554803851419e+00
-5.647008575048630519e+00
-5.641128132077382062e+00
-5.630384325154591529e+00
-5.628606994164925048e+00
-5.642724679902455520e+00
-5.667707626464326687e+00
-5.624326445325714019e+00
-5.668789476508951708e+00
-5.626305311416285093e+00
-5.680371847047430478e+00
-5.617847785067793254e+00
-5.650108315407076809e+00
-5.749473948510628318e+00
-5.640312799922353904e+00
-5.627199359915372234e+00
-5.636617260527168938e+00
-5.651152759831476580e+00
-5.635882233836627897e+00
-5.630259738936776337e+00
-5.631508347463047848e+00
-5.623234095020641199e+00
-5.630539309148159255e+00
-5.654204386341247890e+00
-5.640800271296035895e+00
-5.655498660270133371e+00
-5.646531973615897648e+00
-5.729158608464894442e+00
-5.715063589007286282e+00
-5.733202795249586536e+00
-5.656293505486242879e+00
-5.704622928088951994e+00
-5.701528052834889948e+00
-5.713479077825838637e+00
-5.702527185372397334e+00
-5.684685902803361834e+00
-5.508402309460176838e+00
-5.574765977423107977e+00
-5.530648546667611853e+00
-5.560418126360464619e+00
-5.508078339334435469e+00
-5.542249216357721053e+00
-5.511045295937945454e+00
-5.565738623512430649e+00
-5.630544962710227530e+00
-5.514956683391680770e+00
-5.468854862429661345e+00
-5.506424199506164463e+00
-5.525599663294229913e+00
-5.497311690936525608e+00
-5.475393968644763909e+00
-5.534978860561341030e+00
-5.479656050979608395e+00
-5.538037241862729942e+00
-5.528259867991734744e+00
-5.594242589262303333e+00
-5.544494462043689786e+00
-5.540325273475707135e+00
-5.513432687167610702e+00
-5.531615046930121515e+00
-4.735721993918549089e+00
-4.655188060870255384e+00
-4.598658804910147779e+00
-4.824073191167006947e+00
-4.785624156820037278e+00
-4.741583190756673893e+00
-5.069487581198130144e+00
-5.078132715712298406e+00
-5.046432829539293508e+00
-5.107770875826547652e+00
-4.757886074726431325e+00
-4.743125062149568194e+00
-4.665448346546479996e+00
-4.691446991846984993e+00
-4.776897210854449405e+00
-4.661472216957275982e+00
-4.646386212831374429e+00
-4.636778240306528964e+00
-4.622751852111408155e+00
-4.730160879225701720e+00
-4.635542002391065175e+00
-4.615562682647392556e+00
-4.611437002802905916e+00
-4.716635696689126078e+00
-4.707780048279818885e+00
-4.738634129257270899e+00
-5.492819631748759868e+00
-5.444470068196904933e+00
-5.385081511548190925e+00
-5.510223883109554244e+00
-5.664034113343911159e+00
-5.715612677755875559e+00
-5.594825590296682805e+00
-5.149213130502323210e+00
-5.207321933122468494e+00
-5.234279866212685484e+00
-5.756671928102870872e+00
-5.771263024682966147e+00
-5.777848960606482898e+00
-5.733191874353193995e+00
-5.765251529025376520e+00
-5.539958803170522472e+00
-5.515221775998868203e+00
-5.544311067995741915e+00
-5.520554975241776852e+00
-5.539939720401045875e+00
-5.659747942406062826e+00
-5.730178932369015321e+00
-5.296661386103531655e+00
-5.229959104915568702e+00
-5.284528566297029606e+00
-5.310486319232968988e+00
-5.334960032451572687e+00
-5.511828437950902604e+00
-5.296239251820528793e+00
-5.340391270689181624e+00
-5.351053569614202310e+00
-5.344341541737793300e+00
-5.338758334801230632e+00
-5.307047065345207315e+00
-5.314609471153111109e+00
-5.305432251812301381e+00
-5.311914419000800081e+00
-4.719687783935559544e+00
-4.738442131479866148e+00
-4.713772349043266807e+00
-4.719863199236691287e+00
-4.733668006280326246e+00
-4.728295433716980689e+00
-4.709533101685909884e+00
-4.729230919282389145e+00
-4.735467538361508133e+00
-4.720896811969024220e+00
-4.734542613915277975e+00
-4.698883852912993042e+00
-4.696829689562050270e+00
-4.717359639558504902e+00
-4.697916697063505787e+00
-4.709940425511530471e+00
-4.695690393827495868e+00
-4.683620076261510334e+00
-4.700364136789483283e+00
-5.204459071718359198e+00
-5.138820648271797964e+00
-5.157179103377516505e+00
-5.138515100305716565e+00
-5.174506881359799415e+00
-5.173874402341176015e+00
-5.201340976503709079e+00
-5.169461852057676055e+00
-5.169392714636318331e+00
-5.383587733430656108e+00
-5.339058901183132200e+00
-5.323938186793871985e+00
-5.324103480208812300e+00
-5.283564520656380381e+00
-5.395175071636027830e+00
-5.383481646109708585e+00
-5.322668619574904447e+00
-5.295240194478327389e+00
-5.106629130979502662e+00
-5.262427601864456683e+00
-5.236487697129599717e+00
-5.343975675643616086e+00
-5.303671332290772256e+00
-4.883379381994246593e+00
-4.858578149083998987e+00
-4.861679254869883060e+00
-4.878524377810480317e+00
-4.877785391652666114e+00
-4.773326291381494002e+00
-4.720527702530336711e+00
-4.734521192450253935e+00
-4.883811957997885145e+00
-4.878771949932891872e+00
-4.955585875695275533e+00
-5.265315019825887788e+00
-4.924564079512196990e+00
-5.272522543878931600e+00
-5.280822795469538811e+00
-5.210027891280473611e+00
-5.160883247254557382e+00
-4.915265401270876744e+00
-5.201841951362901284e+00
-4.961815980105487967e+00
-5.338717703706025830e+00
-4.945069329307374417e+00
-4.898259059252012548e+00
-5.313233145029126803e+00
-4.937919227921505616e+00
-4.931779429136732062e+00
-4.959251540014345316e+00
-5.248443737681558474e+00
-5.237711745840215372e+00
-5.248049209381818514e+00
-5.224949647815596343e+00
-5.142148446889783564e+00
-5.251467800360646976e+00
-5.249785967848089818e+00
-5.233532488866867283e+00
-5.239437323309307892e+00
-5.114049349224213614e+00
-5.074578648768308220e+00
-5.137226297389617891e+00
-5.138283665042976622e+00
-5.152244814691042230e+00
-5.123023660451717198e+00
-5.262184740912403846e+00
-5.235245554434972526e+00
-5.109441873684805735e+00
-5.140853498897312690e+00
-5.110211984244269701e+00
-5.549413372844796299e+00
-5.548971673107509162e+00
-5.567868713693157723e+00
-5.555805655018715150e+00
-5.567782574436053622e+00
-5.558544566100009909e+00
-5.525042950218336912e+00
-5.559065889663593829e+00
-4.737750843035402504e+00
-4.753048207935330893e+00
-5.098174735616027853e+00
-4.716223291311766985e+00
-4.752995902055412003e+00
-4.796376003210117034e+00
-4.779772161821464138e+00
-4.766372527627575018e+00
-5.673364447045721626e+00
-5.641756441495481056e+00
-5.507588849029105837e+00
-5.559456656433644284e+00
-5.536913523332521514e+00
-5.502739897559637328e+00
-5.532272925414482678e+00
-5.617559672284254013e+00
-5.686515521180582233e+00
-5.667873553063673242e+00
-5.668793440485376145e+00
-5.632021215980071993e+00
-5.649224240070496172e+00
-5.634094609660200703e+00
-5.640752206337389829e+00
-4.759541724977222721e+00
-4.754747385816059158e+00
-4.731064385011651829e+00
-4.734939695588490594e+00
-4.739801211562099326e+00
-4.723571076993752449e+00
-4.731892984232935362e+00
-4.736455432082584238e+00
-4.784941174116170259e+00
-4.792497096147553037e+00
-4.807150974289992718e+00
-4.779890402427367846e+00
-4.787318209307699135e+00
-4.732178278789231030e+00
-4.748546741990804065e+00
-4.812045983608935984e+00
-4.703055526595046665e+00
-4.823468622309377452e+00
-4.847560672553775873e+00
-4.812948177485128376e+00
-4.810864315708418104e+00
-4.751766174199627102e+00
-4.780628048303078081e+00
-4.809603424545861650e+00
-4.792748588383564545e+00
-4.767235221535293554e+00
-4.800833582766453667e+00
-4.829874140915858760e+00
-4.818699391879087912e+00
-4.810143286237700266e+00
-4.819711751574529579e+00
-4.828140770469676823e+00
-4.803531389834149401e+00
-4.811338118980276413e+00
-4.828001424766732441e+00
-4.828754478886390977e+00
-4.850567327420764130e+00
-5.094586229816043144e+00
-5.098471332968374625e+00
-5.092018684301198306e+00
-5.087192644722233759e+00
-5.091136562325720760e+00
-5.098034549441111452e+00
-5.285150048916930743e+00
-5.280958696868458091e+00
-5.280529737859210648e+00
-5.276318969217553168e+00
-5.281902437778766668e+00
-5.282364430276491163e+00
-5.277005267128293653e+00
-5.280074099988210534e+00
-5.274187547500817530e+00
-5.277739745101150959e+00
