-5.440993186445719054e+00
-5.395850651042487733e+00
-5.327326972723393617e+00
-5.138341541005218005e+00
-5.467617379226382468e+00
-5.469068271010260496e+00
-5.508873829105938924e+00
-5.488191926822885591e+00
-5.504804812205286169e+00
-5.515802503784384747e+00
-5.511589163680530312e+00
-5.474186615062830441e+00
-5.120953910030996425e+00
-5.139069015152129438e+00
-5.120994351393540533e+00
-5.136896987902352052e+00
-5.150763188726697805e+00
-5.150239720787419095e+00
-5.136006865300074331e+00
-5.138563805196008083e+00
-5.163607097175978211e+00
-5.170511454957991582e+00
-5.143035343965127737e+00
-5.402503961071115413e+00
-5.436029370915245629e+00
-5.482011875618598040e+00
-5.518638477577104240e+00
-5.068885901326630972e+00
-5.416236757792868062e+00
-5.436868488746783967e+00
-5.370327272744347624e+00
-5.333005984853563142e+00
-5.393840211555006370e+00
-5.167760589694194273e+00
-5.434059837934701598e+00
-5.452496460689309821e+00
-5.419398234982289786e+00
-5.130935850411237453e+00
-5.511979505397694545e+00
-5.557858535627150154e+00
-5.729148685788571171e+00
-5.429282715826500905e+00
-5.527384165856859433e+00
-5.705054571155748100e+00
-5.527877148574507515e+00
-5.552129372189649636e+00
-5.485224463232066583e+00
-5.538623071114616714e+00
-5.571730776893119241e+00
-5.720234134726987385e+00
-5.487780002902449716e+00
-5.477548869262539810e+00
-5.544407557052538849e+00
-5.594320395107649446e+00
-5.453529662563973979e+00
-5.487514226007393248e+00
-5.504701203721096725e+00
-5.550753770327196079e+00
-5.587853934308237847e+00
-5.667808459452817083e+00
-5.658638392648462911e+00
-5.751755667616534673e+00
-5.749935418147002153e+00
-5.652934726141533694e+00
-5.647527712117073051e+00
-5.637140867506089670e+00
-5.638025940439614025e+00
-5.648544869002000368e+00
-5.674241313574671430e+00
-5.633925157887835766e+00
-5.676418707156709154e+00
-5.633822694076957127e+00
-5.686694785865729074e+00
-5.626420959338422456e+00
-5.655296016882950916e+00
-5.754242391629740716e+00
-5.647227965716851372e+00
-5.634690635700820849e+00
-5.643401286780493464e+00
-5.658872378404677939e+00
-5.642811226094495147e+00
-5.636567051185537913e+00
-5.639048874465536265e+00
-5.630454273796649645e+00
-5.637584031859500300e+00
-5.660150091352722512e+00
-5.646957488947225379e+00
-5.664095318497414766e+00
-5.655419092237376155e+00
-5.734336952385979735e+00
-5.720288342585540420e+00
-5.739183145565554867e+00
-5.660852695059459094e+00
-5.710446754912160472e+00
-5.705237790590947711e+00
-5.719410434124951870e+00
-5.709076473233224647e+00
-5.691653009648978134e+00
-5.524834996891714312e+00
-5.588866906672687485e+00
-5.545762378201260390e+00
-5.576541444791038415e+00
-5.524205152848592704e+00
-5.556714083012537664e+00
-5.523649709101337457e+00
-5.579646606041961832e+00
-5.640991459448317258e+00
-5.535698061016822713e+00
-5.487765896795164799e+00
-5.526461389382232525e+00
-5.544266555024850440e+00
-5.507148894015522878e+00
-5.493355077719270341e+00
-5.550803064759015193e+00
-5.497827600013058813e+00
-5.555074534126652530e+00
-5.544608217058687671e+00
-5.607393272044200572e+00
-5.560038582735474577e+00
-5.556318655017080665e+00
-5.531387420890697904e+00
-5.548685090642154982e+00
-4.740045502064649696e+00
-4.671227048230525369e+00
-4.611773059651442352e+00
-4.822991833575835940e+00
-4.792034479468593844e+00
-4.752169172644512329e+00
-5.063967526667304320e+00
-5.072473250178749282e+00
-5.043038641861605775e+00
-5.102397814237275675e+00
-4.655003764666663102e+00
-4.657649344500250699e+00
-4.602467104982565616e+00
-4.695414097364521311e+00
-4.774761516654873361e+00
-4.662785928553777381e+00
-4.649748021232022133e+00
-4.631837199781227099e+00
-4.630329946024602350e+00
-4.743042669826909474e+00
-4.638606863738011121e+00
-4.628923990509561825e+00
-4.612357925886331422e+00
-4.725618655859729955e+00
-4.716326777737177345e+00
-4.739200458962163687e+00
-5.507167202005218698e+00
-5.458216541808178945e+00
-5.397172118385967110e+00
-5.520850122143391658e+00
-5.673605097934539820e+00
-5.724126025564909348e+00
-5.604496197853652717e+00
-5.156675113801468591e+00
-5.229017468221922371e+00
-5.252253287010247185e+00
-5.761398975113354304e+00
-5.775935671695600071e+00
-5.782896978171614855e+00
-5.738709151619864279e+00
-5.770771133304263500e+00
-5.548938502061957045e+00
-5.523730702342547261e+00
-5.553251562720465273e+00
-5.534587004343651806e+00
-5.549481497579677125e+00
-5.670895809864800796e+00
-5.735719850349362936e+00
-5.302143849364060024e+00
-5.245485170346999126e+00
-5.286740108510273650e+00
-5.313118292200211812e+00
-5.346933278408539714e+00
-5.526451007563735196e+00
-5.313507149549348441e+00
-5.358813937382221226e+00
-5.369647922383241401e+00
-5.361267641263198769e+00
-5.356209395612028246e+00
-5.320354854159805136e+00
-5.334574363241619821e+00
-5.319641057223486236e+00
-5.329960710492554377e+00
-4.725027105217347589e+00
-4.740772971564719995e+00
-4.717261804481753806e+00
-4.728590951125761777e+00
-4.741299925484476319e+00
-4.733112721584677551e+00
-4.716326277715281456e+00
-4.733592951652303427e+00
-4.743789070840014332e+00
-4.728169370447837139e+00
-4.741899264776346712e+00
-4.707584714463536102e+00
-4.702302460905688264e+00
-4.722613464167337405e+00
-4.698523724675321311e+00
-4.712467495640821902e+00
-4.698198651094063649e+00
-4.692898678091929732e+00
-4.700653177288832474e+00
-5.210531741509519144e+00
-5.140375327175107145e+00
-5.150253763865197065e+00
-5.137814915019149886e+00
-5.173161288777537337e+00
-5.182246208324571946e+00
-5.199188404862801427e+00
-5.165100244324711376e+00
-5.175990747727354346e+00
-5.396659231953211844e+00
-5.351021388288511815e+00
-5.338601810429873140e+00
-5.339053037973567228e+00
-5.304178300081471065e+00
-5.410343927198868030e+00
-5.396134369275552345e+00
-5.332437504269988082e+00
-5.297952261302501853e+00
-5.108520447388005259e+00
-5.273865045343835156e+00
-5.244852604640723115e+00
-5.351700842219882404e+00
-5.311993834587703134e+00
-4.883751113148543155e+00
-4.859506718284444027e+00
-4.860791991338688334e+00
-4.870544755768411171e+00
-4.876738067374764896e+00
-4.780903105038640355e+00
-4.712927548539674660e+00
-4.731623918747196456e+00
-4.878300618510412967e+00
-4.871745970654584923e+00
-4.961854936333418564e+00
-5.276028053527456407e+00
-4.930955514983976329e+00
-5.284528094226311978e+00
-5.289369285764148110e+00
-5.218132943117266720e+00
-5.172083587519971992e+00
-4.918943322288432896e+00
-5.219623510390198895e+00
-4.971050023218285041e+00
-5.353323393028359689e+00
-4.954923757724124300e+00
-4.906939316335326318e+00
-5.324881600242990842e+00
-4.952977499619536594e+00
-4.943149603022306771e+00
-4.969680327941191855e+00
-5.263742546507222286e+00
-5.251786288041571993e+00
-5.268161869461085445e+00
-5.238384763866922533e+00
-5.145562298921331212e+00
-5.255503344902940910e+00
-5.255844141399892422e+00
-5.237825999711255065e+00
-5.246312527619437560e+00
-5.125105881445815470e+00
-5.085000459205557988e+00
-5.146430222330874216e+00
-5.142009403626560449e+00
-5.167151395503248423e+00
-5.130996065294713304e+00
-5.265115598808854713e+00
-5.240331475627054481e+00
-5.115724685699991170e+00
-5.147425018759637538e+00
-5.122275365498524025e+00
-5.561649907418219740e+00
-5.560257306590478343e+00
-5.577042448185150825e+00
-5.568444499652222213e+00
-5.580307884472852642e+00
-5.559981505574318028e+00
-5.542358662039596595e+00
-5.565919289297586836e+00
-4.741618837391161634e+00
-4.749576371239251138e+00
-5.087961479144214039e+00
-4.720564332755760262e+00
-4.661884422574214426e+00
-4.700538496887854301e+00
-4.613789827298207413e+00
-4.667694214243201856e+00
-5.680682537758510620e+00
-5.649227630611142636e+00
-5.518485238835805440e+00
-5.567429686633166952e+00
-5.543776905492101115e+00
-5.517217065567259660e+00
-5.549004307533047964e+00
-5.627610201089437325e+00
-5.690269195762227561e+00
-5.673488778446921899e+00
-5.674302729424955061e+00
-5.636085747318437811e+00
-5.650503424929198992e+00
-5.636736263609398279e+00
-5.639731789858912769e+00
-4.765758259069252212e+00
-4.766102736463362355e+00
-4.740125822123271604e+00
-4.742417037505712862e+00
-4.745600762092341718e+00
-4.725992233766313610e+00
-4.742500868738241948e+00
-4.746040049515716674e+00
-4.788794247276081606e+00
-4.790190447871469637e+00
-4.805396311455677250e+00
-4.779452114018701181e+00
-4.789024813171172568e+00
-4.736222834613919908e+00
-4.753343405275809452e+00
-4.835299432596994684e+00
-4.711953355919998643e+00
-4.831389710100770785e+00
-4.848864074967231375e+00
-4.815350813453622258e+00
-4.818449838689158327e+00
-4.763072628287360999e+00
-4.802955300526701166e+00
-4.812253085504988093e+00
-4.792121413521222451e+00
-4.780964131063799805e+00
-4.808487297937106497e+00
-4.828458991512879273e+00
-4.825754743277609116e+00
-4.818584382888026596e+00
-4.833226128265816435e+00
-4.838479849586666326e+00
-4.808543680899794559e+00
-4.817681274795209134e+00
-4.834541504906764153e+00
-4.836041447627742684e+00
-4.867711210503700592e+00
-5.081241260117500325e+00
-5.088314769122940007e+00
-5.078455602751277276e+00
-5.068173951294498991e+00
-5.077847571169342267e+00
-5.096176797556398519e+00
-5.307678731481396461e+00
-5.304348405860779714e+00
-5.301956175411820738e+00
-5.297384059455409577e+00
-5.304285535385989014e+00
-5.303564118410249328e+00
-5.301210234072041061e+00
-5.302132219048042217e+00
-5.298226909621878811e+00
-5.297467854044117352e+00
