1.052328365913543422e+02
1.244097022575978997e+02
1.126227876317012715e+02
1.099147319208859415e+02
1.037696584198248786e+02
9.921077647061903804e+01
1.231131705143344846e+02
1.074956065869829018e+02
9.442021801573437756e+01
1.051350443488254029e+02
1.087297083199709675e+02
1.187789079322696608e+02
1.041069275097957387e+02
1.293471201950671059e+02
1.041014459688301628e+02
1.181379346822024132e+02
9.065291189539439642e+01
1.216537202245617806e+02
9.345053746424365215e+01
1.006648660632071142e+02
1.306376752204685658e+02
1.240641789775714727e+02
1.022634272293578874e+02
1.027965259272311584e+02
1.039873073614474208e+02
1.120481261176546752e+02
1.111602220074858138e+02
1.124656046808353835e+02
9.725389219926874773e+01
8.875721904251227556e+01
1.220749101306733877e+02
1.151955876388865363e+02
1.139113503767321447e+02
1.264481808739698181e+02
1.024758263204417403e+02
1.183935634792392477e+02
1.074222306125533208e+02
9.274222118035748963e+01
1.084171751594260371e+02
1.076218814172743663e+02
1.158235624725925987e+02
1.076677757206327470e+02
1.209125646701823626e+02
9.588731393824318161e+01
1.063390037493491462e+02
1.179207018417763067e+02
1.095482397232802469e+02
1.109102648561524376e+02
1.067239694279347759e+02
1.159432166324175597e+02
1.133648158826659795e+02
1.045555365699081420e+02
1.097344264849088518e+02
1.061000674921939861e+02
1.238581477102306962e+02
1.190750505742025069e+02
1.068428162007113400e+02
1.049460459200011400e+02
1.089797677792682151e+02
9.942935212545937418e+01
1.040866537056235188e+02
1.289786661359608217e+02
1.092480406962367852e+02
1.216508335266463945e+02
1.169281135977725228e+02
1.246038272008954380e+02
1.001816907179847504e+02
9.080014571579596350e+01
9.659840991625225115e+01
1.381885981541880426e+02
8.441311933102457488e+01
1.052324881244828987e+02
9.652806983519755590e+01
1.125143413801778962e+02
1.129782763993221835e+02
1.239483684904921574e+02
9.519689401700736653e+01
9.993217254278005157e+01
9.888363556863600934e+01
1.038405819380741661e+02
1.386657773055810878e+02
8.989515490255233487e+01
1.168609263251427137e+02
1.001628879058653752e+02
1.187036367862585138e+02
1.188163402186325897e+02
1.095797878183151681e+02
1.098574970863022742e+02
9.337589661387177387e+01
9.787226620974480795e+01
1.160128136784465482e+02
1.279216759906939416e+02
1.049056652125776026e+02
1.084377410884576562e+02
1.322385359126573690e+02
9.490700774948172125e+01
1.212589567547039593e+02
1.092406661287949134e+02
1.160058905356216030e+02
1.044681065336029064e+02
1.016295183415816723e+02
1.020625769506972489e+02
1.121729525741999254e+02
1.050510263234416186e+02
1.038796136858542951e+02
9.342901623097534980e+01
1.197244609110313291e+02
1.219575364949431133e+02
1.031224954306167945e+02
1.106980383594918180e+02
1.251145254348983684e+02
1.073404468393564883e+02
1.042218812542763260e+02
1.050818030178424891e+02
1.190113966745318095e+02
1.061800725992375050e+02
1.154752092594455348e+02
1.075659720242759363e+02
1.079916469161090902e+02
1.119520324583898088e+02
1.077658349406895866e+02
8.721306226169471643e+01
1.170265982771645099e+02
1.218351085613820004e+02
9.839974309884438242e+01
1.218766841026730106e+02
1.075648336505686871e+02
1.160374605130143806e+02
1.053458024176418064e+02
1.085829159926924774e+02
9.841490163432145266e+01
1.117424960709564346e+02
1.165598550076106790e+02
1.089083034319160674e+02
9.278295340733384933e+01
1.197008465132356463e+02
1.137874546628516299e+02
1.167814318867513634e+02
1.020989716680425801e+02
1.623244991374247945e+02
8.004717460153911190e+01
1.022081061959344481e+02
7.850199107224874240e+01
9.306823742904359165e+01
9.546708867011734867e+01
1.010593362531071051e+02
1.128921969000506209e+02
1.497530586985737386e+02
9.239351093444702201e+01
1.076917549705944595e+02
1.093897070021780138e+02
1.035106785934163014e+02
1.017840737132510753e+02
1.224713035182164020e+02
9.082599215736517806e+01
1.257984365659711159e+02
1.088478015156264860e+02
1.007368238318761939e+02
1.027897779815371564e+02
1.041085819710709615e+02
1.026261651082162700e+02
1.193110878243521000e+02
1.194804955451248105e+02
1.059758735240414467e+02
9.806935689719244920e+01
9.550341760452251094e+01
1.339078764789119873e+02
1.118367735377952528e+02
1.033802577872425985e+02
1.129526107946448121e+02
1.176279550239989078e+02
9.852320242190070587e+01
1.206889972064002876e+02
9.836337225418277797e+01
1.085066671413283217e+02
1.098273215481174816e+02
1.281906838488185656e+02
1.077939671287134900e+02
1.215448224298230855e+02
8.621376255950778500e+01
1.329503695029853247e+02
9.839890473141511507e+01
1.238215762479390065e+02
1.084538318259955361e+02
1.035275564129753434e+02
1.294600912088052382e+02
9.835620305102213479e+01
1.089322444740477778e+02
9.584838620558828381e+01
1.137806370934830369e+02
1.046523025683300290e+02
1.101984109842679231e+02
1.298041784806756880e+02
1.158796632789228198e+02
1.065815924660653309e+02
1.026480719955852550e+02
1.087954265903181010e+02
1.258065647629110089e+02
1.007861850064860647e+02
1.115199559231579371e+02
1.039130451355805036e+02
1.306242990557961150e+02
1.090914379846568636e+02
1.103191979925309028e+02
9.172785939611739536e+01
1.043886188660192147e+02
1.072446695854785474e+02
1.057187798772501424e+02
1.017242260350744232e+02
1.196522349951079178e+02
1.093020011090911652e+02
1.115095550850010966e+02
1.158364884057049409e+02
9.423337037990624765e+01
1.129536066706243957e+02
1.255105008190731013e+02
1.010482443897839744e+02
1.075262799699104335e+02
1.093038191185889048e+02
1.159888282118563438e+02
1.125094454826787569e+02
1.151776750036986385e+02
1.005079958448056772e+02
1.020838249476412329e+02
1.002702098763947447e+02
1.242161222964508198e+02
1.067179815084707002e+02
1.099021874289265526e+02
9.589249870681453558e+01
1.190195203386663394e+02
1.026511841846570974e+02
1.046030064101751123e+02
1.148188607408013695e+02
1.159367125396918823e+02
1.113392398413214863e+02
1.075035148991696303e+02
1.104770085374423019e+02
1.082777613468351774e+02
1.156959032745837419e+02
1.012620021791133382e+02
9.527679049397946187e+01
1.232915885773763733e+02
1.009367469782930584e+02
1.006388695732163256e+02
1.145198055145991987e+02
1.020946574802056261e+02
1.210724688000000953e+02
1.146942754892668432e+02
1.019027635921769246e+02
9.653744065810857933e+01
1.059431086093793084e+02
1.159775937293772330e+02
1.334925979225548360e+02
9.708089106182440275e+01
1.113662074295069857e+02
1.217119401810035129e+02
1.014397406052257793e+02
1.083476338320538446e+02
1.115924242002234905e+02
1.015671845383922971e+02
1.183920503566867382e+02
1.108784684208381037e+02
1.075292264667773736e+02
9.711593512665909600e+01
1.231400157031254139e+02
9.600502360442295924e+01
1.084720822005367609e+02
1.140176414480769438e+02
1.071749729781401754e+02
1.170471962419927792e+02
1.109824946567551081e+02
9.838785272394498804e+01
1.021024873491660117e+02
1.211619624699596187e+02
1.076244519303206175e+02
9.910131365983318119e+01
1.133031876487669081e+02
1.128285391382135572e+02
1.040400616049226130e+02
1.132561792249651660e+02
1.223963232825136203e+02
9.569966823835481762e+01
1.085675949204438950e+02
1.092056021350262967e+02
1.096686435326496110e+02
1.168709626778896080e+02
1.090086869662123661e+02
1.029507842346981903e+02
1.150597106959369853e+02
1.033214429752798367e+02
1.241889353203766859e+02
9.112745315976943061e+01
1.037662838580674531e+02
1.104256375139749338e+02
1.109145671630745653e+02
1.154265351649475235e+02
1.154664594990373843e+02
6.992176337755267923e+01
1.095745316986920699e+02
1.129455942257678913e+02
1.052985153111928724e+02
1.047221205254614063e+02
1.067550485515211136e+02
8.669044809423522224e+01
1.088369673310157282e+02
1.065488911728654529e+02
1.241150392932237736e+02
1.170813657198186348e+02
1.184758424142077615e+02
1.178339738023196333e+02
1.104710437998599133e+02
1.002904937582547547e+02
1.062095014242095061e+02
1.016351167057689082e+02
1.072011267651540436e+02
1.061989782002163025e+02
1.182597102061247227e+02
1.080060240786358605e+02
1.162201971237183500e+02
9.983189406610544836e+01
1.247641082760871427e+02
1.034024784901558434e+02
1.064750363295987228e+02
1.069038319882220378e+02
9.738721012961069334e+01
1.192181777460041729e+02
1.226757047342471196e+02
1.077618325358038476e+02
1.106044329442435981e+02
1.023517153981915015e+02
1.106970347424444157e+02
9.985719564377650670e+01
1.157397457597945021e+02
1.082567631913895951e+02
1.212461291474941731e+02
1.362631316768336660e+02
1.060194267710865432e+02
1.013587184698035770e+02
1.103247656770342218e+02
1.018040040363449776e+02
9.051756209532437936e+01
1.143255184802665667e+02
1.057843979089249586e+02
1.160005164155034834e+02
1.228791496640733953e+02
9.100732956125186490e+01
9.716399395642190484e+01
1.150542474116751350e+02
1.269667231892156565e+02
8.725056627708077883e+01
9.697285083640144876e+01
1.385812863481754107e+02
9.575295581246757592e+01
1.029921554074796859e+02
9.511057282598409301e+01
1.032285726831178323e+02
1.228736337118801032e+02
1.310913509128212127e+02
9.941466779624158789e+01
1.072599452937010653e+02
1.110521049133943876e+02
1.247498802507694222e+02
1.170678234572335583e+02
1.036067310811417883e+02
1.047427012828540995e+02
9.271707374607484553e+01
9.394963056242991684e+01
1.051522116998456511e+02
1.158771173012987248e+02
1.451819706726509480e+02
1.048329208335709524e+02
9.279746158911096643e+01
1.087177674032138270e+02
1.063059370845228386e+02
1.101045219318770734e+02
1.084788608667055314e+02
1.077825568396364275e+02
1.152949319260183216e+02
8.611655819490317754e+01
9.604288844806700354e+01
1.138860468491898104e+02
1.124223827046489816e+02
1.184724484237269451e+02
1.063467666090674015e+02
1.079360285231251595e+02
1.137233523520648504e+02
9.715420527536358009e+01
9.950214034231703408e+01
1.016828234241600626e+02
1.110286701530579876e+02
1.083255888846816504e+02
1.112672442685481968e+02
1.222984385326219012e+02
1.212180919946736992e+02
1.141553121453569020e+02
1.150022188291942769e+02
1.029621696584049033e+02
1.028194876553925639e+02
1.077307536648694537e+02
1.176211291098718306e+02
1.084962827272512271e+02
1.157804704499912418e+02
1.103563505653416428e+02
1.155203208297499771e+02
1.253496624202446270e+02
9.677853137667912620e+01
1.056766971960619941e+02
1.029767751648255683e+02
1.075820842807539037e+02
9.977850724650420489e+01
1.144111344646827888e+02
1.185212291438272558e+02
1.055616171078418830e+02
9.838599104573665954e+01
1.009244446145280705e+02
9.923504534489919138e+01
1.143961691457528929e+02
1.094572984763527757e+02
9.798527660016283392e+01
1.245266775084289463e+02
1.170392334891283639e+02
1.095529722899798912e+02
9.425535024466213940e+01
9.446912269263603434e+01
1.315844696472260296e+02
1.313496422701946358e+02
1.064663640000603380e+02
1.027446010578148758e+02
1.107570099313289802e+02
1.014100930995695364e+02
1.132237375481713713e+02
1.005706079494770790e+02
1.161072532913636479e+02
1.131274613199708625e+02
1.125684984742016042e+02
1.238872261342479391e+02
1.153796097938497667e+02
9.200633697100316510e+01
1.100314328585401853e+02
1.001537248332169270e+02
1.284733248332584310e+02
9.817579626901985534e+01
8.956771028092865095e+01
1.123411833591251252e+02
1.126005800982264020e+02
1.135980651851151464e+02
1.012387204193913846e+02
8.665376582054716437e+01
1.167030271297316233e+02
1.069478393450829827e+02
1.117160228129070418e+02
1.284440244727612708e+02
1.182362062721818035e+02
1.277102867620012461e+02
9.273245777869892947e+01
1.039162735354140921e+02
1.117725464179889201e+02
9.928647564220034383e+01
1.194491836409243319e+02
1.156775136503591597e+02
1.043509804616165866e+02
1.201986088012388905e+02
8.388216861377198086e+01
1.036220193299555348e+02
1.094575249783542148e+02
1.034817531208138774e+02
1.122037157152461759e+02
1.041443585172396240e+02
1.191295717050850271e+02
1.068866400718498397e+02
1.108758765598015827e+02
1.091997498563906106e+02
9.618157282787153406e+01
1.018467950942006865e+02
1.251119302399137183e+02
1.132117959656164032e+02
1.047749060295456616e+02
9.977897610142362339e+01
1.233631517811565459e+02
1.317642043275233164e+02
1.015732379066270710e+02
9.840417685994080443e+01
9.131520223533676983e+01
1.003199782520509160e+02
1.277616835156028543e+02
9.925532708803218895e+01
1.229227323096008178e+02
1.099818015344863369e+02
9.996820016411174947e+01
1.164213258486074380e+02
1.235510701196391210e+02
1.107675872627697657e+02
9.713695988622335165e+01
1.233328180618770631e+02
1.080632591306392953e+02
9.394920828725598483e+01
1.016154987856003373e+02
1.044162932827923385e+02
1.120958579363780956e+02
1.022875913981967813e+02
1.159150379137820011e+02
1.096083631628592201e+02
1.114556363188866897e+02
1.002324962048905093e+02
1.132933178658561530e+02
1.218202394383680769e+02
1.073770728915579156e+02
1.166403796055372482e+02
9.732722508253162630e+01
1.213813478346966974e+02
1.024946412770855630e+02
1.176482292838724248e+02
1.036546812746797457e+02
1.039479475762985032e+02
1.058634081419894528e+02
1.020928123724489893e+02
9.979287061402754944e+01
1.417640305220830896e+02
1.145928388758905356e+02
1.158450294618480427e+02
1.222300183052842897e+02
9.922152600142818812e+01
1.072826649320394665e+02
9.364340812881084730e+01
1.048516709430821408e+02
1.134506520593388501e+02
9.955394261680891077e+01
1.039035143811914139e+02
1.356526858165249223e+02
9.936762421693001102e+01
1.104293230174181843e+02
1.152085999418550273e+02
1.319086439342138135e+02
1.005896854087234686e+02
9.799848868207345731e+01
9.564410553663175563e+01
9.407494365306902750e+01
1.108705313785092130e+02
1.003043415022422238e+02
1.137792018449533629e+02
1.278986815702061648e+02
1.071147366546420727e+02
1.144814256932909160e+02
1.030306585737500882e+02
1.072197485446795611e+02
1.102429134330394049e+02
1.075175230733367471e+02
1.144710587192353302e+02
9.340980756950681041e+01
1.305223307611001076e+02
1.106023170786448304e+02
1.128614285876343502e+02
1.179896570683806374e+02
1.082703039157687357e+02
1.226763196987566147e+02
1.015652123627403398e+02
1.046966654803251942e+02
9.784589863549432209e+01
1.066083352722445028e+02
9.938136044150348880e+01
1.190457010931280166e+02
1.079909614604528230e+02
1.042113435368035397e+02
1.188380823250770817e+02
1.108912380669936795e+02
1.135275697903632732e+02
9.964678436091867297e+01
1.078972720406182901e+02
1.366644804925462608e+02
8.582284236342525219e+01
1.015224463103568127e+02
1.177429679651777406e+02
1.186161484669933230e+02
1.071774198356991263e+02
1.107694468969355057e+02
1.007682175815007497e+02
1.152617109020225001e+02
1.090674739850597632e+02
1.240810741063197185e+02
1.270728258591731219e+02
1.012158445778781726e+02
9.608655519696384317e+01
1.019861104079240164e+02
1.092590909799494625e+02
1.232801450367900600e+02
9.145214252114409703e+01
1.035553254921513542e+02
1.073193701250065999e+02
1.086888424479399475e+02
1.329713714456068487e+02
1.080506317695454612e+02
1.069597823173418618e+02
1.110451128841103099e+02
1.216338215594358871e+02
1.205385231228869856e+02
1.227845494782897902e+02
1.034645824704296331e+02
1.049841990297949224e+02
9.744474868016180835e+01
1.029092763822727079e+02
1.225117208148203218e+02
1.208236772487240529e+02
1.072454450162004207e+02
1.008601068712286235e+02
1.170684692229765176e+02
9.501989202002692991e+01
1.094550885561641422e+02
1.037561737473890702e+02
1.183187375048863998e+02
1.061970351308745109e+02
1.215019754421786473e+02
1.106039047265055899e+02
9.526505913588781027e+01
1.140914589066093754e+02
1.115445703441834127e+02
1.066921273962305889e+02
1.193487005477446985e+02
9.947537247129194782e+01
1.034315941456919745e+02
1.116492907004932675e+02
1.003693386980443449e+02
1.171199461117734302e+02
1.046960844174531928e+02
1.054762005332989077e+02
1.038179811070996692e+02
1.158748612034453060e+02
1.093181464754712522e+02
1.161678811730223657e+02
1.071297182832838075e+02
1.088439584684328878e+02
1.013414310758756329e+02
1.077960188951210228e+02
1.293987367232854808e+02
1.011133378222265833e+02
1.075699532850596398e+02
1.034137135377062435e+02
9.002032811493540976e+01
1.244908343272563656e+02
1.204329824991924625e+02
1.073460095415516520e+02
1.086047531439164544e+02
1.302119591993793506e+02
1.075110278692854706e+02
1.305649821669920811e+02
1.077651170341571287e+02
5.932090189421495552e+01
1.137413710291441191e+02
9.189306632320572987e+01
1.204341171507770554e+02
1.215423994404774248e+02
1.134970895722278215e+02
1.224317928139638667e+02
8.966085909769240914e+01
1.104911271357955229e+02
1.218051728748911984e+02
1.133679574001816945e+02
1.069721197221132485e+02
1.122232352318400785e+02
9.288086595768658071e+01
1.162850116821534527e+02
9.278867042623795669e+01
9.658407505489029177e+01
1.348714399565161273e+02
1.043351729160213353e+02
1.056878998182050680e+02
9.996402609003831685e+01
1.117688089877039488e+02
1.062778384505264455e+02
1.182826952725154683e+02
1.173829708234458309e+02
1.028205355320455823e+02
1.219378378425453207e+02
9.594437923015794922e+01
1.086767148831783487e+02
1.103126378118078890e+02
1.078277987282618113e+02
1.116831503352263297e+02
9.933039200875585095e+01
9.409797957752466857e+01
1.174687101282109438e+02
1.324311286112966002e+02
1.022509765267399331e+02
1.113517815690622967e+02
1.042980800335431155e+02
1.174791495551378517e+02
8.816021034780889920e+01
1.100377541037873641e+02
9.327006209399175418e+01
1.378410868038595538e+02
1.104409658234768301e+02
1.140422646013063144e+02
1.151783885952702917e+02
1.043659112992651501e+02
1.250649868617712173e+02
1.036087912095009642e+02
1.124146977708231816e+02
1.015810811501589086e+02
1.071148566504683259e+02
1.108607713213955321e+02
9.659367052730414116e+01
1.213243453752500471e+02
9.381540138586113642e+01
1.128174765614220973e+02
1.171762395580752667e+02
1.021335396095936972e+02
1.023684750705691471e+02
1.203366635120557220e+02
1.152244040794996920e+02
9.935363065372483504e+01
1.170304211615071779e+02
1.070763458113002855e+02
1.312343877049627281e+02
1.116454455809240898e+02
1.073797422990802062e+02
1.022624990135384309e+02
9.339140579889711091e+01
1.015285385248221672e+02
1.009080831777755236e+02
1.139170097437264388e+02
1.009098449301379077e+02
1.097507534248188250e+02
1.265228601689647263e+02
1.011663598257024717e+02
1.072879033368656394e+02
8.434133998404959698e+01
1.121688337081307338e+02
1.139364477585477147e+02
1.288567408140418991e+02
1.078316197692840888e+02
1.107727287054615886e+02
1.101197046240837238e+02
9.359776683865375446e+01
1.180285830709625543e+02
1.153812100614628662e+02
1.159757274276756647e+02
1.140691527761110535e+02
1.089060204127324312e+02
1.179603396846069501e+02
5.463196506181388656e+01
1.109197777789517119e+02
1.425716202835139086e+02
1.021900018673539421e+02
1.147485713206943529e+02
1.058222267455286243e+02
1.106964906739085706e+02
1.016695303424135517e+02
1.204124125320082612e+02
1.211164746822503844e+02
9.556641107934852641e+01
1.076067206531730847e+02
1.096267109529708250e+02
1.241205691495613053e+02
1.026330750313201889e+02
1.029842641424220631e+02
1.076678878716883645e+02
9.137499837796289626e+01
1.138800829356824522e+02
1.259906624039014815e+02
1.089791212350079519e+02
1.106984947102830006e+02
1.046048093609287832e+02
1.146211141335218429e+02
9.215954245209184137e+01
1.154840913942942962e+02
1.168662041230832784e+02
1.065923736419026255e+02
1.109866498735858045e+02
1.208247788405702039e+02
1.271388388560552443e+02
1.005034860162251107e+02
1.021447700217622270e+02
1.331943156136653670e+02
1.205994774112466388e+02
1.242763339652731673e+02
9.692026988872382276e+01
8.684627421900228228e+01
1.050162557624101396e+02
9.642710938159855516e+01
1.118148693374236302e+02
1.321314145150602144e+02
9.523966373804884711e+01
1.157874331725876829e+02
1.220678627292883505e+02
9.864723746782775038e+01
1.016674683749411940e+02
1.067485906632158077e+02
1.147001205835047415e+02
1.119550349613080158e+02
9.536429520993031872e+01
1.092408782614771354e+02
1.237076766336198830e+02
8.787694099311541152e+01
1.279952581293094482e+02
1.066372668074356085e+02
9.335365997487238587e+01
1.306778239545633937e+02
9.114486011596591197e+01
1.141122037981990474e+02
1.177305283436831331e+02
1.086111793095490583e+02
1.092781403766179267e+02
1.117012795659450859e+02
1.055111188546092222e+02
1.052443231027229302e+02
1.149304355919645531e+02
1.103027395073160477e+02
9.276722232430726933e+01
1.258334001367975077e+02
1.067162233860847067e+02
1.050932613475935824e+02
1.080332854128344167e+02
1.066935454641096470e+02
1.048398042959538827e+02
1.168788063162948276e+02
1.146518587390250161e+02
1.111825570802236030e+02
1.206675309736038741e+02
1.032504999197390987e+02
1.227417963888793935e+02
9.469417496087361030e+01
1.043147601486084852e+02
1.065533024880806039e+02
1.120829890296062388e+02
1.019251139145501952e+02
1.135587529822912387e+02
1.100581359702688502e+02
1.064714976881860764e+02
1.128274528230282101e+02
1.143125177139042421e+02
1.041566092462986006e+02
1.303458971942162634e+02
1.069931075583670435e+02
9.786821833363241296e+01
1.009279661241205872e+02
1.255102444130516943e+02
1.223244528905553068e+02
1.127210956717893140e+02
1.058237325085989369e+02
8.278811327294791056e+01
9.666639832965783796e+01
1.075060234792407101e+02
1.103970879839621944e+02
9.695631336849641002e+01
1.098669425495899219e+02
1.091795176819031070e+02
1.016722330148548821e+02
1.307311286582531977e+02
1.074333316301652843e+02
9.355251126467804568e+01
1.116768268359512888e+02
1.013690699957262922e+02
1.081805044397161737e+02
1.138298295800195348e+02
1.015190508937771483e+02
1.005996498227509051e+02
1.032176660091527793e+02
1.156140612652060895e+02
1.215195018536851279e+02
1.184930421229585420e+02
1.217907394067170515e+02
9.921789116060728020e+01
1.041385370221726134e+02
1.198892025541396720e+02
1.175663607311538215e+02
1.087302088898732535e+02
1.085933512643358938e+02
9.751925740260870157e+01
1.061036116924903467e+02
1.199372013283779950e+02
1.028259200706909127e+02
1.053673251406008120e+02
1.143116901555722080e+02
1.161645102135467624e+02
1.088827446947832129e+02
1.079706667402100919e+02
1.039120423055987885e+02
1.142988104743663911e+02
1.381174123511467258e+02
1.050236192037113057e+02
1.077478018419535601e+02
1.156690265000761144e+02
6.266104656949858054e+01
9.835208433113609772e+01
9.302814311070852682e+01
1.683120477434121938e+02
1.130873994484231275e+02
1.068988359750231183e+02
1.250737259932082992e+02
1.085643412985524634e+02
1.131691841739471585e+02
9.665732176915776108e+01
1.177352377249866464e+02
9.598494806873088692e+01
1.180160872010231969e+02
1.133588710408060507e+02
9.739152521909925042e+01
1.203143287264269503e+02
1.105966965689117671e+02
1.044763932390539054e+02
1.104436782873468132e+02
9.737072383582801649e+01
1.236308453524844850e+02
1.070371372002063595e+02
1.105821336852713728e+02
9.170771097264487537e+01
1.365809417458560517e+02
9.770251076150975678e+01
1.122342642567735282e+02
1.026464713733336680e+02
1.106666913404428385e+02
1.017073335337421582e+02
9.524044103529759298e+01
1.133224846740319833e+02
1.029214235407361144e+02
1.349437189559527894e+02
1.011902200954422568e+02
1.114443689857895663e+02
1.062980682849956651e+02
1.067655169740522751e+02
1.172263935118873945e+02
1.171635099474055295e+02
9.639473523532089416e+01
1.146189493281564893e+02
1.121134291762426614e+02
1.117870014370998746e+02
9.883890207306616560e+01
1.139471192616059625e+02
1.043397793359569334e+02
1.055401665593482505e+02
1.220248087332738294e+02
1.111661821908085273e+02
1.028302471287883861e+02
1.130345076363752099e+02
1.021977578787676038e+02
1.113878520384377708e+02
1.167653447535909805e+02
1.163617770347812126e+02
1.127708203304834882e+02
1.112075723310787509e+02
8.617177140906873944e+01
1.137997509239141181e+02
1.080258317698019681e+02
1.224305801382263468e+02
1.084954392390894640e+02
1.206070662212736835e+02
7.179867329491617056e+01
1.208947134326006676e+02
1.133002921541657599e+02
1.037984776073739113e+02
1.149694703512709282e+02
9.370284059410175814e+01
1.060218531596656391e+02
1.015915846325491003e+02
1.123228122211762212e+02
1.016798561213046526e+02
1.199605007391241713e+02
1.062759864583488678e+02
1.136218784254993324e+02
1.003573121376848434e+02
1.048797896941470498e+02
1.116782807658482284e+02
1.026362850197300958e+02
1.211532569646163040e+02
1.032227707945787500e+02
1.114028631744854749e+02
1.152111838050932562e+02
1.184873993387382853e+02
1.036726660063145573e+02
7.959409943938818799e+01
1.371203858410776206e+02
1.198332487213800448e+02
1.060381463802978175e+02
1.230244637836291730e+02
1.038298821736256912e+02
1.101089508358830500e+02
1.025030511767180883e+02
1.093437408770595312e+02
1.279601023639715862e+02
1.107768143501828320e+02
1.154505385585892299e+02
9.971965954726815085e+01
9.919895494956790571e+01
9.923629306149730667e+01
1.255037680492218186e+02
1.100165531742226932e+02
9.745970983480201255e+01
1.195961517444517028e+02
8.578191027414708003e+01
1.104158627654839364e+02
1.009653772226068895e+02
1.088462645189383551e+02
1.251820235422636642e+02
1.152296060253499377e+02
1.024903079887228614e+02
1.045146590830365341e+02
1.201417816446418669e+02
1.123754417694686225e+02
9.793906761635437874e+01
1.126024368699237215e+02
1.074962606750799381e+02
1.036629122424136114e+02
1.193308181032189310e+02
1.207520199034479447e+02
8.787077501433907400e+01
1.062721058647456829e+02
9.873567180663452802e+01
1.216492643648691967e+02
1.308174133574816551e+02
1.139590724803313861e+02
1.110753734464680207e+02
8.916076488886562856e+01
9.790441617721383238e+01
1.114630723655566982e+02
1.097592535973998196e+02
1.077624434972022556e+02
1.120610655582403012e+02
1.133386476145486199e+02
1.094686938642367124e+02
1.043915662568563221e+02
1.129646747197090662e+02
1.198930770890827517e+02
1.052949679988506659e+02
9.538091618255359094e+01
1.214388649280526664e+02
1.021627119951881184e+02
1.154696228730773981e+02
1.256054528404954453e+02
1.246751681952373332e+02
9.494213489714594800e+01
9.374060335173356862e+01
9.463608063712516127e+01
1.211132372653426330e+02
1.143707529219098689e+02
1.179801149988591078e+02
9.406284760764580710e+01
1.054625561656255144e+02
9.938363643183751606e+01
1.127577109824196100e+02
1.041785995789302888e+02
1.232637670241789607e+02
1.154661396226593979e+02
1.180065866321838683e+02
1.089965924278167080e+02
1.006938919873542488e+02
1.037892803887558841e+02
1.087423021696583021e+02
9.923223067171070966e+01
1.089188052399530875e+02
1.157698787700293366e+02
1.076870314712797381e+02
1.001757914408277372e+02
1.217207437011197158e+02
9.500297901698115766e+01
9.414383216483044237e+01
1.186532286509646497e+02
1.172208902248908515e+02
1.119206089337604766e+02
1.169098132528215785e+02
1.076663612294242256e+02
1.058996625314999136e+02
1.015235345423299975e+02
1.041385705322919222e+02
1.201194554939324206e+02
1.164222037508827015e+02
1.021234203732473986e+02
1.095773675515363408e+02
1.227721855168026934e+02
1.190453284943111214e+02
1.004299229107793394e+02
1.037077885402807738e+02
1.187362960824861915e+02
9.816153508251834126e+01
1.107938206921206188e+02
1.216040875830879031e+02
1.162221327466934042e+02
8.582853701003693914e+01
1.187244542868441926e+02
1.053589079102159047e+02
1.244542097301422814e+02
1.140035912848715327e+02
9.942395157468119749e+01
9.227187188359134495e+01
1.082068970210307697e+02
1.109015140559741042e+02
1.250414651604098282e+02
1.086174738551714256e+02
1.192838023027395309e+02
1.078760381712131959e+02
1.124100661322789847e+02
9.015993145628928573e+01
1.146020952176288006e+02
1.044146455786665797e+02
1.082747343464914280e+02
1.070367002400844569e+02
1.187493319434965713e+02
1.207573868184841785e+02
9.684186561210921695e+01
1.105215629043331518e+02
9.415174606286194603e+01
1.180598482111226417e+02
1.066550404693698368e+02
1.021549555698710918e+02
1.248505930315264720e+02
1.121921931221277902e+02
1.101313807633084281e+02
1.010912413348680445e+02
1.046367246320779003e+02
1.039600509548236147e+02
1.247523486924746692e+02
9.463896566006135913e+01
1.049129904568646054e+02
1.069412155993319260e+02
1.114825261413218129e+02
1.055240519376735620e+02
1.281398117041550506e+02
9.722054606394901555e+01
1.096916544436936789e+02
1.100900422304547135e+02
1.053949038712701167e+02
1.227532343419799901e+02
1.106025003711167045e+02
1.070232838309824359e+02
1.112774494581372124e+02
1.014197135176543298e+02
9.770119529652200185e+01
1.240635695335761994e+02
1.152737741220251309e+02
1.178568617442987545e+02
1.120720661543654302e+02
1.067570212802212239e+02
1.136550727015171276e+02
9.856729720017612806e+01
1.060257860102267955e+02
1.029168265598228658e+02
1.109966801066442486e+02
1.233774492125107258e+02
1.130555590146543778e+02
9.635545440566033903e+01
1.089938675943344037e+02
1.175786152578405819e+02
1.131429432753467523e+02
1.146597548625084499e+02
1.064463472901243506e+02
1.027838973854636464e+02
1.091072688046856030e+02
1.120833199501659010e+02
1.163503165514085538e+02
1.091265419506820677e+02
1.013616678872710253e+02
1.159508629503233408e+02
1.069434652875564353e+02
1.111229577415526677e+02
1.027554573438618633e+02
1.168360953563636571e+02
1.076812849320228906e+02
1.315651442907534943e+02
1.120011947144555648e+02
8.908896188938257410e+01
1.246020088357875437e+02
9.218267709813382282e+01
1.092624510585787903e+02
9.828897536693095560e+01
1.217916136832043179e+02
1.028652436078982646e+02
1.100592101227403106e+02
1.125351879631642618e+02
1.199984729560486301e+02
1.111805246478794942e+02
1.194979632350814427e+02
8.621245104037754459e+01
1.304502862881279839e+02
1.154999125388725787e+02
1.217375433454869835e+02
9.903807252740284639e+01
1.005248185506826815e+02
8.403620785306092955e+01
1.290906216612176536e+02
1.093034783533154410e+02
1.087242884197369364e+02
1.336661682734915644e+02
9.668566575146418529e+01
1.004900567669786540e+02
1.223027364860970039e+02
1.257873876323164239e+02
1.067921863020841187e+02
9.153577103281298832e+01
1.034656089396689396e+02
8.831646969243436729e+01
1.084646630186720557e+02
1.132980811921915034e+02
1.139973230139285647e+02
1.259297425075305767e+02
1.052157874337816139e+02
1.002178307629369840e+02
1.212340807765075823e+02
1.001982275526198691e+02
1.101763721592214154e+02
1.102784005223596040e+02
1.135714312687116632e+02
1.081051128798021495e+02
1.044538047514265031e+02
1.152269647051529518e+02
9.685166397156156393e+01
1.099691900982172967e+02
1.202859853965589565e+02
1.087689980375997010e+02
1.049516608373032227e+02
1.086414609231259334e+02
1.157765320899281960e+02
9.251604903605310426e+01
1.163728534825722818e+02
1.161765828646143461e+02
1.113916067620414623e+02
1.026729860364990259e+02
1.116202051229152516e+02
9.969202502377663677e+01
1.275934435645592799e+02
1.033995487118839236e+02
1.104191757162284659e+02
9.957796569322822222e+01
1.251244739787506290e+02
9.633602521785961414e+01
1.126399377389985688e+02
1.138347385845555380e+02
9.812128358408105555e+01
1.166251518935728058e+02
1.166076631057180464e+02
1.183195175096023348e+02
1.267920382766239840e+02
1.044899813648417819e+02
1.267154443500253649e+02
8.975861546226289533e+01
9.679053706068542340e+01
1.128806727434817105e+02
1.178127606572622881e+02
1.086320637179435096e+02
1.016940546506228742e+02
1.049665947164164521e+02
1.060850603085957573e+02
1.178990115915420063e+02
1.175943751636068271e+02
1.066870534676267255e+02
1.042597645601175032e+02
1.011584670656124700e+02
9.478970646229234376e+01
1.120841113645347349e+02
1.077455534792041902e+02
1.191089848705043579e+02
1.180224124206244198e+02
8.868659665576262796e+01
1.365918404326978077e+02
1.326231520145672675e+02
1.145442598460419106e+02
9.578067733391876004e+01
1.082369309999656224e+02
1.300737260327960030e+02
9.988565035631928879e+01
1.072474820289793769e+02
1.155438636510485537e+02
1.035375585153497440e+02
1.158754026584513639e+02
1.152894856873359828e+02
1.042939733686075527e+02
1.018434531134103622e+02
9.669665497188208292e+01
1.037336609362161681e+02
1.180532749657177050e+02
1.174469098820558202e+02
1.030039458734209603e+02
1.167586748250560191e+02
1.033390812686478313e+02
1.025348133020915924e+02
1.220578557133216293e+02
9.596611001708809852e+01
1.037709178271628332e+02
1.240826582581708806e+02
1.116444671978662058e+02
1.198586797378386848e+02
1.110221024473677005e+02
1.128697663019280100e+02
1.067529640065674101e+02
9.237893963719396595e+01
1.299333709778321975e+02
9.741239173422248143e+01
1.137627149906394379e+02
9.503955358259446484e+01
9.809446236991148282e+01
1.240035365036775090e+02
9.642549263580468732e+01
9.399321161962934923e+01
1.160039875559703972e+02
1.286154424806410361e+02
1.136958458822675766e+02
1.061912139518615419e+02
9.864828954775073555e+01
9.458633425872633893e+01
1.139655895030240345e+02
9.893354672230364599e+01
1.158726955601597126e+02
9.789641163536370527e+01
1.210083944242617662e+02
1.246753253765819096e+02
9.712759497188581292e+01
1.044568976836007579e+02
9.123438336552619887e+01
1.164702994562112224e+02
1.386757249497661917e+02
1.110301242477429895e+02
9.151579362030288678e+01
9.109771085731262019e+01
1.192416871569416941e+02
1.003601092018622438e+02
1.083702234035926182e+02
1.118183287118154396e+02
1.086736731460199366e+02
1.229462304385901632e+02
1.008023846810664992e+02
1.027211314918873057e+02
1.034357855250808598e+02
1.085927360095539314e+02
1.260891354839655776e+02
1.149713223536348892e+02
1.108611031674325460e+02
9.322923586421127595e+01
1.154549048083612774e+02
1.177321730043562695e+02
1.121127125978841832e+02
1.087684605502227413e+02
1.094332340559019769e+02
1.226780344663863502e+02
1.081872648108987391e+02
9.830769530971706160e+01
1.083095819620384788e+02
9.989397734026798048e+01
1.084093217759320282e+02
1.090893190235765502e+02
1.093365320711017716e+02
1.039466745973601576e+02
9.826184579513893880e+01
1.176653924033248444e+02
9.926801388185558039e+01
1.138800931834951200e+02
1.207745443532529634e+02
1.040392091237922330e+02
9.046224026790365258e+01
1.167365166602303788e+02
1.108990102597291809e+02
1.153496619100058638e+02
1.162680740699875628e+02
1.501882230820519908e+02
9.614218858099103215e+01
8.367872474477977107e+01
1.181583945537267937e+02
1.067809186667153369e+02
9.183906443732938385e+01
1.134730609475782046e+02
1.223429514808489103e+02
1.010066067285862914e+02
1.141993577282081560e+02
1.030263726474613009e+02
1.310702502898796808e+02
9.119912191544950986e+01
1.107080234504603595e+02
1.218720721008640453e+02
1.223368648014785691e+02
1.191031580727743062e+02
9.389230342372270854e+01
1.107458167220366505e+02
1.218974316545754988e+02
1.112542363245633794e+02
9.777418598992424847e+01
9.793950744427301913e+01
1.134902952075632356e+02
1.136413748306479050e+02
1.038014654028466452e+02
1.256460999294786518e+02
1.069928687811083705e+02
1.067219574988053097e+02
9.728573657037607347e+01
9.252221536771537558e+01
1.151957228309582462e+02
1.048809411943681624e+02
1.124484539578064215e+02
1.028139304435347583e+02
1.210043080771859962e+02
9.518224606641663854e+01
1.078772773972969219e+02
1.145430649695212537e+02
9.932536121776030313e+01
1.211393090823470686e+02
1.166427484885694525e+02
9.372575655067187483e+01
1.040171939795459650e+02
1.150523343400355998e+02
9.747923538947097200e+01
1.156661950223088411e+02
1.140107907571115646e+02
1.169383219833406997e+02
8.328465328974782267e+01
1.221200497025499061e+02
1.174948370833486848e+02
1.131216536949511067e+02
9.716127120062944300e+01
1.083464883075711214e+02
1.195080225700891674e+02
9.977323671639250335e+01
1.080429334115571294e+02
1.049117050081106157e+02
1.178286653464619604e+02
1.082543243602963230e+02
1.025881720149018008e+02
1.147899273778741929e+02
1.171524640175153849e+02
8.903421283233099359e+01
1.253324130535500274e+02
1.230954360057689172e+02
9.640539976553736778e+01
1.317119203292557188e+02
8.639749804750714191e+01
1.190638125014225892e+02
1.013021420938686390e+02
1.144759982469589517e+02
1.144974986962781429e+02
9.886300148426010992e+01
1.227839700313566027e+02
1.085339576442789848e+02
1.094018695195937880e+02
9.042730973899249136e+01
1.188998423935218369e+02
1.207174508575968872e+02
1.049653378903083478e+02
1.147659062603727591e+02
1.467127616196227393e+02
1.017404850626691513e+02
8.170796379823090660e+01
1.252027452061583261e+02
8.950699721176384571e+01
1.087442936011008214e+02
1.311652240995491070e+02
9.429747199351483289e+01
1.046238503699725726e+02
1.072493139872661772e+02
1.087147054406011790e+02
9.653754652872659392e+01
1.139544872932211348e+02
1.109107642406142986e+02
8.523970718509920630e+01
1.170624775930246102e+02
1.264926935168323041e+02
1.069816098584888664e+02
1.165498885503387925e+02
1.035307040487578263e+02
1.215425676584955426e+02
1.102229837748381556e+02
9.585286730114546572e+01
9.878600874947498767e+01
9.621019834736445375e+01
9.882460733331539871e+01
9.858848251805937934e+01
1.365395428695141788e+02
1.184988843368414990e+02
1.346388815790986939e+02
1.106083616061350909e+02
1.176571826998866470e+02
8.953403444868590100e+01
1.014286879545187787e+02
9.104995771201450339e+01
1.383136843685569488e+02
1.108904128278639547e+02
9.726231676909297619e+01
1.229864337692710450e+02
1.189308711961404015e+02
1.147014478098455470e+02
9.412598791666646036e+01
1.045531572251966281e+02
9.688822597201840381e+01
1.123745812368675132e+02
1.214456738505247699e+02
8.108034856973245041e+01
9.605259710398027551e+01
1.198212163846100253e+02
1.075793538490172239e+02
1.021509025937375412e+02
1.130142970101792628e+02
1.162586614144547639e+02
1.018332539321771719e+02
1.122299240937411753e+02
1.295557086962601545e+02
1.165330788763349119e+02
1.124805879931019064e+02
1.038844585131867859e+02
1.049434531645903945e+02
1.291668446726696970e+02
9.161803991805282976e+01
9.593059630164448492e+01
1.066199027479703005e+02
1.260675360181473224e+02
9.705704787805494504e+01
1.203137859400830649e+02
1.182544494894129485e+02
1.169009097860777189e+02
1.014250250573294068e+02
1.232126156710273790e+02
1.141178395591110615e+02
9.094696907567923461e+01
1.108536429260299769e+02
9.591399015244587645e+01
1.188929164578213715e+02
1.005156378401976127e+02
1.124831187263836227e+02
1.240366965097723408e+02
1.051675458679708441e+02
7.809505354464076277e+01
1.101123213532465854e+02
1.306904938470154036e+02
1.090244427624776051e+02
1.040488863302160638e+02
1.150672914171328927e+02
9.161198641971755308e+01
1.207029939832204946e+02
9.621091077929291657e+01
1.192931534300553977e+02
1.214779132018202290e+02
1.055473157630662087e+02
1.155954555148225751e+02
1.113043976562569100e+02
1.056217401716149453e+02
1.254720979039971809e+02
1.080222587157729492e+02
1.030616077033253077e+02
9.010767937116105486e+01
1.180905869883550139e+02
1.106043635374905989e+02
1.154076450365880788e+02
1.144011719029975325e+02
1.051881572913439413e+02
9.092514752236651532e+01
1.118692462305900222e+02
1.191243802874667637e+02
9.551822170009786817e+01
9.396954851673145015e+01
1.231940903128269014e+02
1.241421573643623475e+02
1.035088989665723886e+02
1.161754745377055826e+02
1.153473423690793283e+02
1.074808996076703949e+02
1.201438830560685176e+02
1.203842300778122478e+02
9.036280410346275005e+01
1.022873952957574630e+02
1.098343815312363461e+02
1.110176124871073853e+02
1.034293077312289739e+02
1.058739381030856492e+02
1.175686395959577055e+02
1.299673967493249904e+02
1.107357768423671445e+02
9.933311932146092715e+01
9.148592866983918270e+01
1.093865934399666173e+02
9.997987184001978278e+01
1.063704000042928897e+02
1.069795650626713552e+02
1.124388402077593412e+02
1.093153794514782504e+02
1.135673832027826364e+02
1.277990654000645065e+02
8.523935984492355544e+01
1.105446005576549169e+02
1.128984513905627551e+02
1.036060231246028280e+02
1.001158140589598418e+02
1.202609745741213203e+02
1.097484231218190018e+02
1.096156917442928318e+02
1.109200027322562789e+02
1.141729934708127985e+02
1.080013795930184699e+02
1.070492491676035343e+02
1.068278330774948586e+02
1.069852679171366105e+02
1.011248179092561230e+02
1.245467431672109484e+02
1.217835921218879207e+02
1.003604965556612854e+02
1.038523571330457003e+02
1.249521219065716195e+02
1.095869581907361834e+02
1.049915163633501720e+02
1.132147655896877012e+02
9.720288375375881174e+01
1.251654472581548418e+02
1.030432621663830304e+02
1.041501991387862631e+02
1.079802809425031569e+02
1.008177128941518248e+02
1.060646858384992726e+02
1.330489013972201064e+02
1.030259740857252808e+02
1.067384679354100143e+02
1.011417346581357037e+02
1.221174810808519453e+02
1.191295340139851930e+02
9.905871782391074021e+01
1.098997471848722824e+02
1.029848983057841423e+02
1.139788375731827301e+02
1.054721608985842494e+02
9.605118211964844477e+01
9.941323701893905707e+01
1.327983526304630004e+02
1.069423044978447308e+02
1.093136314752874938e+02
1.096216666318805579e+02
1.218204006933744949e+02
9.882301903186966285e+01
1.095691120615861820e+02
9.154420047952005746e+01
1.070563319152825557e+02
1.204844941356740122e+02
1.112742903877568921e+02
1.199518939803676147e+02
1.088413087397694170e+02
9.884286202923692599e+01
1.245359522172671944e+02
9.262793541968102318e+01
9.573504548767782296e+01
1.135565923561351980e+02
9.755597153000556432e+01
1.233137731227979259e+02
8.248623168946286910e+01
1.349250004631294075e+02
1.152371372450285492e+02
1.206406727458847854e+02
1.151401021422299920e+02
1.259295593295866809e+02
9.799321293981006420e+01
1.067975906005155053e+02
1.198176111414228302e+02
9.500042778233196827e+01
1.106225671089622011e+02
1.078802987571784655e+02
1.043649556079231502e+02
1.228802510022906773e+02
1.147173228470306725e+02
9.605704083291708173e+01
1.112495062820626543e+02
1.156711132784911484e+02
1.118004306983207812e+02
1.055964546887234832e+02
1.013967580867306850e+02
9.753717869029269139e+01
1.244284034668141175e+02
1.048139303096201331e+02
1.090222596910547139e+02
1.110129415628108518e+02
1.086488680206838495e+02
1.152553602109328637e+02
1.079356790502004628e+02
1.025261844698106017e+02
1.110646052505284302e+02
1.130858941885121709e+02
1.097469653960826861e+02
1.066950549872555172e+02
1.162673546010652075e+02
1.109740576691577445e+02
1.101796366994424261e+02
1.170250036100748048e+02
1.046941753077773427e+02
1.099351537598278270e+02
1.030686590771990581e+02
1.080174910837173172e+02
1.144282342500411431e+02
1.142099976125562648e+02
1.130586155372794650e+02
1.071491574217571241e+02
1.173707667356617605e+02
8.755243529753178677e+01
1.248479260919598772e+02
1.106877712966429073e+02
1.077890603472961430e+02
9.594760917426980029e+01
9.855285781415291524e+01
1.193047371844847078e+02
1.252469211660486508e+02
9.231910045547333254e+01
1.116361275431849691e+02
1.132850015491286797e+02
1.111756923888280397e+02
9.842260718932317332e+01
1.031618691298977950e+02
1.168506296878879027e+02
1.119705098080930981e+02
1.045590071352152250e+02
1.018380872835492568e+02
1.159717594894586625e+02
1.211343745479049403e+02
1.094189789847163610e+02
1.056591464557788385e+02
1.128322713938893571e+02
8.173935608029292155e+01
1.245790390054371954e+02
1.037172782478627227e+02
1.144735237929926512e+02
1.141519438330610257e+02
1.058818468949784375e+02
1.136973200023715833e+02
1.048724313387261731e+02
1.111973867158751830e+02
1.033734389617082741e+02
9.360447737861703388e+01
1.189302423870352357e+02
1.017536437145914903e+02
1.072099006643601342e+02
1.285171889002665466e+02
9.826404967857116901e+01
1.197283756106416632e+02
1.183582795578105475e+02
1.034629129097079669e+02
1.020174819221425793e+02
1.108772330218125006e+02
1.085676491353387547e+02
1.140595401811103500e+02
1.164701781238212277e+02
1.128486960090782105e+02
1.180878219154121069e+02
9.213799542458940550e+01
9.683446045075906738e+01
1.232349889851037261e+02
1.155058973975999521e+02
1.022099289597757377e+02
1.132459138824693667e+02
1.193454325176391961e+02
1.175253987548027084e+02
1.093609308342650195e+02
9.602311198208633414e+01
1.115787480032820156e+02
1.024200116745388840e+02
1.090872624987106292e+02
1.210719948536853963e+02
8.729197201088672387e+01
1.041612361455126461e+02
1.093446256118410247e+02
1.058343796535947519e+02
1.296015604388029487e+02
1.135783677295177370e+02
1.256853262048359738e+02
9.684126585517748254e+01
1.007039727658244743e+02
1.076542333699068905e+02
1.117411430263072276e+02
9.955132721234727455e+01
1.362896335563737580e+02
8.343915864703078000e+01
1.110039886365025126e+02
8.804447477665570432e+01
1.266465841744463603e+02
1.139181427839471468e+02
1.207778915083397919e+02
1.027389059239665698e+02
1.004480762944944843e+02
1.280966821134781242e+02
9.084906280552083047e+01
1.087341331444317376e+02
1.074675587962143339e+02
1.028761151714245017e+02
1.110051179327371074e+02
1.138923083259925733e+02
9.799979746002679803e+01
1.170308506253522154e+02
1.126438954465241835e+02
1.100871427540034944e+02
1.205479103437617141e+02
1.168018493313218045e+02
1.061014075474618181e+02
9.791334452744074213e+01
1.124064392524794869e+02
1.156260257538586700e+02
1.134531648798111263e+02
1.102541252249116326e+02
1.167287793092962431e+02
1.157518339020349032e+02
1.062479321972339221e+02
9.134653262013912922e+01
1.192954761377998238e+02
9.039488179906484788e+01
1.298878011979657856e+02
1.083394848927992911e+02
1.098582834266221369e+02
9.839297835382511437e+01
1.048644863017324553e+02
1.090199244413364568e+02
1.147072419101519500e+02
1.192342618874868236e+02
1.089933629889820850e+02
1.031284630794763331e+02
1.157720687517290656e+02
1.030422677387809927e+02
1.085646045173450034e+02
1.225489252684950543e+02
1.043301470200092069e+02
1.116201107604967859e+02
1.096893804345839385e+02
1.001335933219744163e+02
9.890293494093153015e+01
1.074453050799088913e+02
1.289649804076966859e+02
1.113120718316185673e+02
1.009288565093442571e+02
1.262000448790324754e+02
1.014403047337063697e+02
1.181088415408173518e+02
1.114542567070170520e+02
9.976968862699357032e+01
1.146554571125366380e+02
1.106885812036960743e+02
1.036214185095042524e+02
1.150608218247107430e+02
1.040511487272450069e+02
1.102376326161990931e+02
1.228492414513842874e+02
1.014821800039537152e+02
9.869767490364480977e+01
1.293302917616325658e+02
1.078970412180533316e+02
1.167941679839183564e+02
9.368774196371315099e+01
1.270643384316072115e+02
1.135362531240071888e+02
1.139138325512451217e+02
1.008417122132919275e+02
1.047375212244854197e+02
1.124464793861652367e+02
1.178193471700181618e+02
1.026694535597175388e+02
8.194889029781761280e+01
1.009466162023800990e+02
1.349696865195858209e+02
1.237281008693578883e+02
1.184201875596413629e+02
1.000255469315651595e+02
1.076218905360095874e+02
9.740537673853435763e+01
1.138609200244766839e+02
1.003959134264475068e+02
1.262541905335214238e+02
1.063543552936406229e+02
9.792422935314591825e+01
1.154667803410346494e+02
1.056714436267878625e+02
1.103116470108053164e+02
1.083347051092130471e+02
1.098288328715623976e+02
1.067834170655443700e+02
1.170668035728764664e+02
8.403387102972115485e+01
1.221480882499538723e+02
1.204602815782933902e+02
1.107132489907318416e+02
9.487093930751670712e+01
1.080070978548514944e+02
1.203996148843686598e+02
1.003235104963933679e+02
1.073386043129340237e+02
9.762910301717901973e+01
1.313317626522248815e+02
1.017613630117751171e+02
1.025139001604973572e+02
1.183414121729567370e+02
1.065058988460629195e+02
1.090443960039388429e+02
8.452335023536475944e+01
1.415620201196909704e+02
1.193617339168646652e+02
9.429293553428101404e+01
1.105852020310293682e+02
1.056025640908197403e+02
1.134714485581994552e+02
1.000247777434325087e+02
1.289714611519931111e+02
1.052116372438922980e+02
9.906577338621279694e+01
1.008845360939054814e+02
1.191628133012845581e+02
1.085288294736714789e+02
9.471431473318013161e+01
1.265273605488163469e+02
1.076257309069768127e+02
1.123210600030739528e+02
1.148272929085147211e+02
1.218615115457556044e+02
1.083352329632635787e+02
1.082095377473557818e+02
1.165121418195756604e+02
1.226222019696137551e+02
1.019842045350310826e+02
9.936543922031935949e+01
9.993631718781364270e+01
9.303430283959860958e+01
1.219622622535552523e+02
1.221891936501729106e+02
1.009813467070525945e+02
1.187001962474125349e+02
1.161707428421748034e+02
1.063688474863849649e+02
1.188682631933810683e+02
9.247594436903506221e+01
9.996421950994216843e+01
1.013133478234204574e+02
8.983358410484210310e+01
1.113277985007739517e+02
1.099522241673954568e+02
1.343715699028807080e+02
1.244361024240511426e+02
1.132571089294154945e+02
1.101360616361567537e+02
8.553715112099550311e+01
1.039443403702929061e+02
1.180836672741044850e+02
1.114040460479817938e+02
1.111205325377961373e+02
9.477416620152402515e+01
1.072085037761135879e+02
1.184352513417796189e+02
1.134714156027999223e+02
1.181489970507496565e+02
1.209125901096726921e+02
1.083671513475223946e+02
1.043512811767842550e+02
8.661492437272751488e+01
1.134647872374460462e+02
1.119516186794032961e+02
9.856193586689144581e+01
1.045304172944390757e+02
1.191694269483451620e+02
9.741476298208188211e+01
1.246969902523385514e+02
1.009163110481320444e+02
1.099852065138657906e+02
1.173004281027673841e+02
1.017016390356325530e+02
9.952327765014821637e+01
1.350878989928394560e+02
1.264912873136538991e+02
9.422082094447550560e+01
1.040353061757594872e+02
1.269493347350447152e+02
1.156382429494938435e+02
1.021106103358231678e+02
1.055640559777598639e+02
9.721215680265096637e+01
1.055634879566157878e+02
1.052793115565305726e+02
1.083366503732150221e+02
9.717020040633222777e+01
9.849984758442968769e+01
1.138333267409026348e+02
1.315504774032775401e+02
1.144436998122491218e+02
1.131445933652241678e+02
1.072477101255628469e+02
1.208675748458161934e+02
9.003703355277765752e+01
1.072191302326920379e+02
1.146904745817901414e+02
1.060200091801910389e+02
1.057988603246724324e+02
1.048503474797712727e+02
1.071465037230064183e+02
1.187460200500499070e+02
1.154463076155869459e+02
1.014374875801539702e+02
1.167441270093193566e+02
1.168249168818606449e+02
9.162539596400620212e+01
1.157362330978830443e+02
9.684531986023644379e+01
1.085030480293108042e+02
1.161046776458407805e+02
1.068121546739594976e+02
1.129711197451670444e+02
1.139930860109975725e+02
1.023253398624637640e+02
9.948239105463584053e+01
1.213957670467511605e+02
1.185714080871302798e+02
9.694213725021677419e+01
1.182721684047684789e+02
1.073568477930413536e+02
1.195457732314876864e+02
1.092373826768235290e+02
9.952374362581554124e+01
9.907235798233968183e+01
1.186414605137383802e+02
1.223120062468790934e+02
1.002158053261969428e+02
1.251205418205522761e+02
1.134236546597902588e+02
1.045020608769401917e+02
8.405813736935944291e+01
9.208420676575836694e+01
8.745963527291290518e+01
1.209148951345020180e+02
1.166169045625497347e+02
1.042371743137770892e+02
1.293227817450258215e+02
1.106031095205249102e+02
1.205683524291339523e+02
9.760178153136018864e+01
9.842116679089512843e+01
1.155185030886732989e+02
1.064037197913842903e+02
1.176336460293577915e+02
1.033842437279311497e+02
1.039228275869483156e+02
9.559905457444052956e+01
1.358322910439715940e+02
1.218357175271811030e+02
1.050041064023139796e+02
9.667697018971151124e+01
1.326724488113454186e+02
1.118381278957613603e+02
9.443981470806798484e+01
1.224317476973480723e+02
1.017110487336214817e+02
1.085609255607323860e+02
1.066364174090713988e+02
1.099157204853435132e+02
1.061894179292579992e+02
1.249316770810237500e+02
1.270493070919280427e+02
1.013062713800676136e+02
9.828145797317272070e+01
9.882059102570072184e+01
1.003354518815619798e+02
1.084940390973402060e+02
1.189994683814938838e+02
1.054840230557014280e+02
9.910446681583825068e+01
1.181304069236098115e+02
1.072982305800198617e+02
1.050342466163599795e+02
9.773651982204823696e+01
1.032341404702422381e+02
1.060935075461965909e+02
1.175011737525425417e+02
1.236206757016336866e+02
1.207575064712669644e+02
1.074664890406164091e+02
1.184362479465310685e+02
8.922558154813009423e+01
9.464918176494424529e+01
1.067900408493486140e+02
1.309337701369368858e+02
1.025144703731280629e+02
1.226374934030160944e+02
9.741943803633164123e+01
9.144234458776946894e+01
1.266424517249122061e+02
1.080962419319214973e+02
1.247910932143973923e+02
1.027221512585190055e+02
1.007066631896465339e+02
1.011036723345770696e+02
1.155972979342961082e+02
1.243189254211823283e+02
1.121887349962614593e+02
1.030481397145080393e+02
1.271635837854354634e+02
1.067155059614513561e+02
1.247624112757250714e+02
1.180759987985854593e+02
9.149627576830512510e+01
1.221245671287555439e+02
9.247888683666224097e+01
1.095974629459326337e+02
1.179723048262235920e+02
1.021267381162305128e+02
1.030747577542664857e+02
1.149733733274212426e+02
9.386967360974993824e+01
1.331771819545870414e+02
1.039073757910435063e+02
1.375862382049799351e+02
1.128821281015419942e+02
1.023366785186639589e+02
9.110540600531552968e+01
1.038417254948131756e+02
1.059349101145649996e+02
1.028025652285609652e+02
1.159080885569086519e+02
9.481230567161975387e+01
1.299824726706628724e+02
9.916260074150176251e+01
1.074070724334829805e+02
9.891372156709775254e+01
1.170120257970657462e+02
1.270248749776575181e+02
1.032171087558346585e+02
1.058870226749598942e+02
1.026158377402991135e+02
9.580263675665177914e+01
1.109552988111981762e+02
1.207437260116165021e+02
1.055906101167193185e+02
1.048514285641506660e+02
1.258159086337560950e+02
1.060458883802015038e+02
1.009815236652192851e+02
1.055346675361554531e+02
1.076275015071111909e+02
1.104173550188147459e+02
1.064768259758879623e+02
1.015473818979938017e+02
1.232326282201252781e+02
1.144546570571777693e+02
1.053940605170066505e+02
1.061746177745255721e+02
9.411858890084987195e+01
1.147207046238346493e+02
1.119356290049943254e+02
1.071296217713360477e+02
1.074526662432822093e+02
1.182393472362851554e+02
1.099646069299155329e+02
1.026072749517692415e+02
1.133302654902917084e+02
1.250177642400291376e+02
1.070241301648262180e+02
9.861991162440168068e+01
9.871692869673340454e+01
9.028977473403688236e+01
9.101634355110239483e+01
1.039179692765068665e+02
8.466305590027957351e+01
1.057449509765099265e+02
1.114982383534680253e+02
1.209204483523840565e+02
1.210923540106030032e+02
1.112311688298061512e+02
1.224579810475072037e+02
9.756611475542838718e+01
1.055175486870029573e+02
1.066078437597186763e+02
1.125462404107832697e+02
1.065603392933022064e+02
9.897287553928953230e+01
1.170695406047594815e+02
1.210942480714108882e+02
1.058115164577949230e+02
1.079683412255789250e+02
1.024329468111078398e+02
1.282460660571269671e+02
9.646490557789783793e+01
1.154875778398201192e+02
1.094258300840621558e+02
1.400483762416992874e+02
9.430642565081657835e+01
8.190340113457963866e+01
1.043458059367559656e+02
1.067898900897371703e+02
1.089570751769141168e+02
1.236249189587760924e+02
9.959934912550755826e+01
1.070612569843457464e+02
1.081540557423022193e+02
9.404209950914004423e+01
1.169717015983721353e+02
1.276883855652770308e+02
1.009222141632964735e+02
1.240641954220175620e+02
9.166429852864997940e+01
1.156935832490030265e+02
1.060631893270623749e+02
1.039274688576018946e+02
1.014253758197499593e+02
9.716787079008835804e+01
1.329117197773445014e+02
1.007098787809870686e+02
1.208270700879386794e+02
1.124310472196699209e+02
1.064745325368005524e+02
1.260435755644627989e+02
9.192415856744982250e+01
1.166430263083664300e+02
1.077196142005859372e+02
9.663267655344904483e+01
1.089772327485670900e+02
1.186393059366649112e+02
9.101408137064392179e+01
1.146510932977394219e+02
1.128567746677057926e+02
1.084224314259368782e+02
9.865677964712553205e+01
1.066460903882598501e+02
1.083316332280162300e+02
1.113847080059617412e+02
1.196873167443754937e+02
1.106885398504276168e+02
1.097687087880687642e+02
1.045036601028050995e+02
1.050884364494989711e+02
1.024270733895200607e+02
1.155273054877333436e+02
1.189188281363909994e+02
1.149678081852572689e+02
9.629507362623144218e+01
1.223474510110690403e+02
1.126806342722090761e+02
1.048074544908253074e+02
1.193911141003414116e+02
1.154716989206040409e+02
9.694050379609146262e+01
1.079417080201060628e+02
1.247409357254458087e+02
9.228080720156567907e+01
1.054952321161560889e+02
1.188028478060912789e+02
1.002701863001874187e+02
1.156449330106209601e+02
1.201132436527087606e+02
9.344422961348810475e+01
1.168214152423208247e+02
1.216825485740139072e+02
9.881179655468550038e+01
1.065683536430985754e+02
1.259719154620028547e+02
1.176166774792278886e+02
1.083064194181421271e+02
8.446998570061914791e+01
1.031197427407449396e+02
1.156319348737407324e+02
1.016659205281797682e+02
1.091766342066435413e+02
1.117342679772993392e+02
1.177904591647316295e+02
1.182094400487625023e+02
9.845686198646737353e+01
1.066234815229955331e+02
1.118739525830267070e+02
1.228380074398635173e+02
9.989829618194580974e+01
9.965512315561056766e+01
1.123784235963713627e+02
9.820437673641789900e+01
1.332205254087461412e+02
1.082044318941065484e+02
1.123256522420253702e+02
1.101377735804510110e+02
9.713046188597692776e+01
9.881343316108582542e+01
9.931642194095046250e+01
1.381712384862766783e+02
1.097520390329974447e+02
1.066245239222225791e+02
1.023671458005650408e+02
1.037222426022320008e+02
1.158668365410884604e+02
1.252610045587516936e+02
9.715967561254841200e+01
9.528012463196012050e+01
1.118300438732924107e+02
1.005124223515028916e+02
1.080685417164499142e+02
1.185988856893713574e+02
1.055176770144882141e+02
1.066846004660551444e+02
1.155576835112257754e+02
1.179648260297624489e+02
1.115388938272078576e+02
1.006195638498835621e+02
1.200249719296868989e+02
1.139216379312008485e+02
1.008062849212776371e+02
1.040081277967318840e+02
1.099775263410799369e+02
1.076567839637372970e+02
1.183956744998342003e+02
1.089774477198928082e+02
1.158230204338432117e+02
1.005859858505290845e+02
9.786703177037364298e+01
1.140994422363517913e+02
9.742604691191162658e+01
1.180665268226883882e+02
1.238902432142279650e+02
1.117412286410829836e+02
1.002390180976336183e+02
1.234802106003108548e+02
1.004728600459109060e+02
1.186210673027160567e+02
9.447982586154647322e+01
1.021112482025042567e+02
1.129943903755209931e+02
1.075232730166168977e+02
1.053666461860445764e+02
1.247573469535016386e+02
1.043016487049272740e+02
1.117353966912795613e+02
1.180594209795763732e+02
1.145858132401441765e+02
9.486691145582062745e+01
1.158095462856000069e+02
9.994177847979496221e+01
9.755564889154857156e+01
1.150661301334615558e+02
1.244917523385010867e+02
9.261125440753011162e+01
1.119014626683508169e+02
1.095513697112518372e+02
1.039569576023429391e+02
1.248873651880940940e+02
1.095494629733672980e+02
1.101896077554803526e+02
8.480324667165908181e+01
1.153423871709378687e+02
1.092510281022278065e+02
1.161139813715775091e+02
1.200043765906962250e+02
9.947219405971871709e+01
1.060918377048708265e+02
1.036034785700509246e+02
1.003788552409174457e+02
1.137058679384761035e+02
8.227407294808024574e+01
9.031644952629700640e+01
1.353961110181913057e+02
9.521818929217107552e+01
1.044186834104100967e+02
1.092541087306914989e+02
1.603515591703817904e+02
8.249744419733144696e+01
9.028152702107846039e+01
8.581718068576847713e+01
1.222514750403159098e+02
1.050478184324394988e+02
8.711421549680325427e+01
1.226799018085450541e+02
1.262462352382481043e+02
1.249693434735079620e+02
9.670761750256444600e+01
1.010550059515678925e+02
1.109782615465809101e+02
1.134841353962428485e+02
1.074580680080599961e+02
9.939404722254140268e+01
1.093042565821108525e+02
1.128838278071189620e+02
1.039258753554652657e+02
1.297961423653698319e+02
1.004134345878862860e+02
1.124367153154884988e+02
1.427457460064471775e+02
8.334362999991977006e+01
1.045211916051558774e+02
7.911307575152159188e+01
1.087337812371010557e+02
1.103688452325360032e+02
1.190109204719774709e+02
1.219925973232887912e+02
1.103613331588042428e+02
1.015878467072288771e+02
9.115896190384385989e+01
9.693029735210164688e+01
1.005956946624433783e+02
1.114446055230400390e+02
1.285630441296083006e+02
9.069327566389380024e+01
1.255016877342869321e+02
1.157009262821330680e+02
1.057693946015661766e+02
1.061158546014205086e+02
1.077883039796489868e+02
1.039957747798958820e+02
1.160151631409133017e+02
1.095270818881377011e+02
1.118266361271477507e+02
1.072929425794203695e+02
9.450719103859938741e+01
5.544627156063343421e+01
1.250657292576159421e+02
9.413080119089200082e+01
1.129591920419951379e+02
7.516346559295921281e+01
1.227601538183291012e+02
1.034131855813144369e+02
1.146129837383017360e+02
1.046809547307377528e+02
1.058021786230814740e+02
1.033921030864566006e+02
1.113152958466311304e+02
1.101470063226052645e+02
1.149447316385860205e+02
1.010733092734800920e+02
1.025230974116718983e+02
1.156242471645401793e+02
1.202441987782469113e+02
1.207131021441742149e+02
1.031326856909380325e+02
9.397445534897613584e+01
1.160620226096998522e+02
1.019885618766820841e+02
9.503206649870351441e+01
1.050155997811962720e+02
8.335242770509751153e+01
1.195075147585033761e+02
1.123856579683191370e+02
1.260644467736955363e+02
1.162639946961792816e+02
1.082357043787511515e+02
1.174910006201004649e+02
1.261691148116052830e+02
9.979871544994792032e+01
8.432973587465939147e+01
9.997366358700038802e+01
1.001968625584756438e+02
1.202792326180407940e+02
1.068889712909197272e+02
1.170133866260377147e+02
1.104757717111982345e+02
1.218296983744711355e+02
1.080171966380610087e+02
1.101302394919272132e+02
9.822517300532702222e+01
1.040582078941460509e+02
1.144030143867075111e+02
1.241764080998319173e+02
1.121194951239150299e+02
1.068624267700224664e+02
1.205238544478347080e+02
1.134035646901097749e+02
1.016195615845000049e+02
1.037687198372588142e+02
1.152580511389180060e+02
1.008644446954543810e+02
1.112891691496288331e+02
1.095528294142424102e+02
1.036756540183211257e+02
9.923615957114914465e+01
1.326824134421863448e+02
9.795193926643682403e+01
9.656003404306085258e+01
1.181052024755502146e+02
1.153294406945398691e+02
1.170075777798700329e+02
8.496945799205046512e+01
1.178732528051346975e+02
1.074718659802819047e+02
1.347972442721625157e+02
9.347071394934253874e+01
1.022638435349508370e+02
1.090425614165340704e+02
1.081553129166347844e+02
1.120384507602204422e+02
1.030202189648998683e+02
1.061601579328134335e+02
1.077760596366519792e+02
1.216921340759147796e+02
1.043708344111987145e+02
1.109688745534091510e+02
1.225665833048684448e+02
1.126803966850908978e+02
1.239817422053856575e+02
1.321766985990452383e+02
9.137029042751476027e+01
9.924452547781223188e+01
8.643130987357582740e+01
1.125768210913623619e+02
1.104470509324599874e+02
1.040671577525683205e+02
1.243253328028336142e+02
1.131177810179341776e+02
1.002702277666015505e+02
1.047679501125088137e+02
1.018283432759208438e+02
1.284924215976897415e+02
1.120687362347223512e+02
1.107096136701162834e+02
9.682663110556975994e+01
1.097811030074217200e+02
1.162696959128601435e+02
1.212271715256051579e+02
1.031059401127388639e+02
1.095181221296645759e+02
1.125776267768777501e+02
1.052752365709211517e+02
1.182704296474044838e+02
1.196355640247768548e+02
1.024928887674403768e+02
9.850386104141566079e+01
1.115675866742645610e+02
1.210390667560128293e+02
7.824694469301176980e+01
1.203881855610221550e+02
1.139533674860664121e+02
1.032871345318030620e+02
1.054964835434071375e+02
1.094895973209854105e+02
1.028282354975854105e+02
1.176464970895485465e+02
1.077146710298241459e+02
1.174249669801714759e+02
9.564434032279118014e+01
1.063775717475083127e+02
1.097475764112884491e+02
9.677812374508084758e+01
1.151011588368809697e+02
1.170421658503818350e+02
1.009349661299915226e+02
1.170520677079862821e+02
1.086362043317354846e+02
1.050260258162926021e+02
1.122598439437822009e+02
1.236234271216072926e+02
1.034047430915002224e+02
1.044548645895177827e+02
1.060148329176677748e+02
1.091681114009092681e+02
1.087842329584322272e+02
1.202514726908800071e+02
1.028588645155915486e+02
1.359184556405219837e+02
1.111195067897566844e+02
8.669721736645647070e+01
1.093649352532772809e+02
1.055973580836211028e+02
9.942696711646190977e+01
9.888966601683463864e+01
1.210020298455503962e+02
1.282808137641190456e+02
1.108291433029500723e+02
9.985719213385861792e+01
1.062850897480036707e+02
9.820022208670567920e+01
1.295118074935500658e+02
1.106781560172012746e+02
9.964160249079078824e+01
1.121075897715189740e+02
9.953054389172160654e+01
1.187196365136290268e+02
1.074512818964603440e+02
1.135433667590988307e+02
9.066926755950134975e+01
1.213851406360815162e+02
1.147813167228801774e+02
1.038931091179162394e+02
1.156258166018796487e+02
9.754169308080156497e+01
1.163161763139023037e+02
1.054422226243354004e+02
1.067218609882793601e+02
1.141287940971413093e+02
1.028559089747415811e+02
1.042773823043184080e+02
1.149562603181308020e+02
1.139982857220396397e+02
1.126544114981728484e+02
1.152323610253106239e+02
1.028865441051938205e+02
1.061193126249875576e+02
1.110927808270894417e+02
1.088751529664107238e+02
1.128478978619574917e+02
1.069740569275445381e+02
1.033626348735918441e+02
8.782696720041361971e+01
1.179513945957660468e+02
1.206513836481967417e+02
1.036883649141998092e+02
1.163787110573852743e+02
1.079294083905235198e+02
8.486149895041117475e+01
1.242490014662504905e+02
9.338583494803076235e+01
1.098729616008350973e+02
1.083764067215060720e+02
1.276066964957698957e+02
1.244974994820490366e+02
9.804099218756870471e+01
1.134202131079653526e+02
9.672019231922025995e+01
1.063827525796512674e+02
1.168766606860227455e+02
9.734194982352474312e+01
1.126913404331455695e+02
1.218129354128302282e+02
9.570855154267950127e+01
1.198760059593990803e+02
9.785706362814971726e+01
1.117985791068486208e+02
1.024111190922395025e+02
1.075040031357551413e+02
1.173188594069645916e+02
1.247807545763692900e+02
9.370180258564830922e+01
1.223884812164893532e+02
1.101010090604301297e+02
9.991400805857740863e+01
1.058451092904658708e+02
1.189619092770999771e+02
9.726748308213996097e+01
1.183710395524658594e+02
1.134406402633505735e+02
1.163543092063941913e+02
1.099890594573944611e+02
1.018199813136746457e+02
1.165197919988878965e+02
9.483365042777118958e+01
1.076920958075790793e+02
1.195208077981114059e+02
1.112654839610834898e+02
1.052683952222922983e+02
1.017184637866760681e+02
1.264008096666044594e+02
1.072192687587170212e+02
1.166216502469330294e+02
1.009753066016386072e+02
1.008730119181874869e+02
1.308581567883796879e+02
1.056828261819886592e+02
1.088303759106355670e+02
1.287685740218283001e+02
1.013062725210485695e+02
1.083776189041619205e+02
1.025829341261606515e+02
1.090765249981454872e+02
1.034366035130095440e+02
1.140015432157674695e+02
1.199637907741481939e+02
9.974279093160171783e+01
8.640577252966160415e+01
1.083372859804509147e+02
1.052194067970436038e+02
1.365144702171780295e+02
1.276679712684477863e+02
9.546793222539376700e+01
1.244306490997268213e+02
9.695566211606357854e+01
1.025935691837315034e+02
1.008674894912327886e+02
1.041815239179127701e+02
1.190866706834745230e+02
9.838578711746053784e+01
1.095836026020133289e+02
1.011413518767243431e+02
1.218107657121306033e+02
1.150922244235859466e+02
9.800869245461360890e+01
1.034215048946609841e+02
1.074216295810911674e+02
1.065188032592012490e+02
1.180035190315371381e+02
1.140459450653947613e+02
1.111019790174359656e+02
1.082351284406982046e+02
1.245905339308830975e+02
9.716076000599555584e+01
9.765882245352068480e+01
1.104372788022459417e+02
1.035230357932132534e+02
1.055445950045974826e+02
1.102512437201626625e+02
1.157187736005017058e+02
1.105772591113553034e+02
9.194916776734088160e+01
1.115366983159219387e+02
1.020061184864753301e+02
1.303838095794718015e+02
9.408140572928310519e+01
1.206782900151633839e+02
1.247603436491350664e+02
1.063196533572733671e+02
9.217189733444010358e+01
9.642970564921179744e+01
1.206803023494961593e+02
1.122509112843500958e+02
1.210991011208724331e+02
1.075314228759446991e+02
1.239961084214320408e+02
9.674511819491316089e+01
1.088239981697104071e+02
1.000352767825053064e+02
1.111576827189274468e+02
1.156844201382124879e+02
1.001792815318087548e+02
1.036198428031522525e+02
1.200140896328119595e+02
1.134548132368187510e+02
1.015261817177953958e+02
9.406139483538433410e+01
1.262545804513194412e+02
1.157979148315743601e+02
9.774503509502555687e+01
1.072124898865395579e+02
1.101444224738597057e+02
8.935655047399758644e+01
1.098680178025387875e+02
1.192512467339353037e+02
1.252509018449959513e+02
1.131572261223832356e+02
1.011993255874354674e+02
1.055928080826862328e+02
1.048883318395438948e+02
9.799042281284275191e+01
1.091364519232551373e+02
1.169218478259830363e+02
1.144087721951821948e+02
1.116450366974892461e+02
1.071068071810987590e+02
1.196846232454300463e+02
1.188107238109245429e+02
1.240250721049733471e+02
1.086926608342362215e+02
9.792140979719579263e+01
1.035717809597513082e+02
1.128673942910026398e+02
1.093656578231756100e+02
1.261254557769113234e+02
1.045573827104209244e+02
1.087405221013677448e+02
9.982641967204733646e+01
1.102675186460177912e+02
1.047516400054405068e+02
1.069335251556475868e+02
1.008957017462984851e+02
1.084942012789797587e+02
1.206456448774572294e+02
1.088690781504884484e+02
1.101718576933065208e+02
1.337532997254690486e+02
1.078888786117898206e+02
1.091399430065907978e+02
1.146313739301741919e+02
1.151387197338368935e+02
1.115825631583129933e+02
1.018686626046196437e+02
1.054344112529350070e+02
1.072453380480330907e+02
8.222525782102464120e+01
1.174161995598535810e+02
1.038598174720971201e+02
1.060731963486835099e+02
1.081713156061675676e+02
1.169115955955939086e+02
9.040952886741946770e+01
1.252869361908389720e+02
1.056360269979402631e+02
1.194774953833473887e+02
1.067596196866172278e+02
1.041150328054992684e+02
1.100457116391085890e+02
1.026240266542521056e+02
1.139082444147748419e+02
1.149639425284008354e+02
1.007354591059832529e+02
1.111267747739568108e+02
1.190485225967164951e+02
1.031549407951579695e+02
1.078116796045921006e+02
1.176658846073920159e+02
1.124938562250076330e+02
1.209818359901230451e+02
9.052782587448703566e+01
1.053197027560653680e+02
1.051111621668619733e+02
1.073551072725663573e+02
1.187260730727460611e+02
1.025759921999662083e+02
1.167480082111581510e+02
9.979823742182620094e+01
1.090402129074025197e+02
1.207384592473975147e+02
9.977422324043740787e+01
1.104191774921151961e+02
1.147028724750390154e+02
1.121966912580676308e+02
9.559269009292786734e+01
1.032730181671742002e+02
1.173396018560573708e+02
1.061640876184612239e+02
9.409632772264703249e+01
1.081620758864079761e+02
1.245248684662720962e+02
9.333993371640015368e+01
9.980257322308639800e+01
1.107381026112905857e+02
1.256636063711218299e+02
1.155597298491435083e+02
1.083075751685877464e+02
1.099359981849575973e+02
1.117352619925828492e+02
1.103494621715417026e+02
1.072804236189891327e+02
1.034765004868700800e+02
1.136602295163046676e+02
9.671625827394650798e+01
1.139104388077964387e+02
1.102272103115226685e+02
9.973927616057959256e+01
1.242090197219353200e+02
1.112810653183123293e+02
9.766351485968321811e+01
1.251816145159110789e+02
1.054211724558542755e+02
1.144719620996425533e+02
1.158580896319124776e+02
1.018122658716176261e+02
9.836209702355020568e+01
1.136532246319826385e+02
1.133647269401342754e+02
1.077703826604218023e+02
1.054337671706122421e+02
1.131357376581073879e+02
1.151764033732114427e+02
1.093931830774646272e+02
1.060251644835915812e+02
1.182358474342836132e+02
1.075474937320845612e+02
1.003684664625176879e+02
9.677428763912040210e+01
1.132123171592712083e+02
1.218482722594994385e+02
1.262189812730413365e+02
1.065287968467449247e+02
1.142517619467431587e+02
1.024424391191138994e+02
9.777485716145055505e+01
1.081518794594129531e+02
1.038575928913823958e+02
1.048878309553081891e+02
1.100609204135999732e+02
1.100026898274131497e+02
1.057144020371289770e+02
1.210892167586499966e+02
1.163582359107000599e+02
1.180218715505655211e+02
1.209713486617231410e+02
8.710179681617535152e+01
1.145313802365241713e+02
1.026086084513988652e+02
1.177105790938538235e+02
1.305650447324256618e+02
1.020909175977715222e+02
9.193903882838634445e+01
1.107267180474160284e+02
1.282210576320306927e+02
1.101734693529145233e+02
1.125609882750614901e+02
1.026220974378168478e+02
1.276324438750332035e+02
1.211422429422908351e+02
9.596106716268943160e+01
1.131834617848791567e+02
1.181349136860184075e+02
1.087359981883637232e+02
1.146696392190859086e+02
1.057496882804976934e+02
9.349658280780396069e+01
1.056607598735740083e+02
1.106632233418470719e+02
1.139120052291324612e+02
1.026342019098104856e+02
1.115683548472632083e+02
1.116672243207999742e+02
1.142084891492813057e+02
9.906497130818628705e+01
9.717204030427743078e+01
1.148561683375496614e+02
1.165413672685037625e+02
1.122919567332591555e+02
1.034421133477590473e+02
1.070072694495316625e+02
9.974051737917288563e+01
1.220590711986526884e+02
1.189341614160808405e+02
1.029257348545250181e+02
1.097317493666898258e+02
1.209617211535443744e+02
1.010362415186849603e+02
8.136885888755146823e+01
1.366039946778386991e+02
1.083441709635268495e+02
1.074738001251537440e+02
9.142821115179268077e+01
1.055003923977860154e+02
1.036183930493783549e+02
1.271169192238633343e+02
1.156842040591158565e+02
1.065725198069299609e+02
1.164554881989617598e+02
1.084811814448795957e+02
1.071579039114753158e+02
9.974990702397377618e+01
1.166084189754445930e+02
1.165395140280876944e+02
1.006463641564727425e+02
1.077757633469004617e+02
1.161373751695243044e+02
1.056159003356756756e+02
1.098786066737177549e+02
1.035237880181678207e+02
9.098205221553371302e+01
1.240264739581508877e+02
1.114514494336497137e+02
1.168272680492154620e+02
1.070143787549892949e+02
1.170239077477871348e+02
1.163406013882696470e+02
1.042458511126466618e+02
1.022507329300440233e+02
1.258193411958824726e+02
8.803514225735779064e+01
1.076154674617933154e+02
1.168809598776279159e+02
1.253780576489338472e+02
9.129171774350784574e+01
1.022785100640244877e+02
1.068094208429147756e+02
1.035315554255338952e+02
1.310483399069848076e+02
1.091837099042911774e+02
9.765444229038408253e+01
1.147924111666837348e+02
1.006714518530146307e+02
1.100892650053395556e+02
1.093759026691142964e+02
1.207750582107876482e+02
1.029728668781854566e+02
9.578063990194853261e+01
1.153325442229739366e+02
1.028522949131949673e+02
1.265320275380284727e+02
1.108580629655786822e+02
9.773276248941130007e+01
1.001618112214456318e+02
1.131923025872538204e+02
9.931373857367812263e+01
9.797335200275514921e+01
1.068222439573619766e+02
1.192760457808379471e+02
1.124558304947494776e+02
1.170243311151969436e+02
9.779533336979703506e+01
1.165870847877764902e+02
1.055298291994549800e+02
9.626648094261427957e+01
1.271549572127122758e+02
1.133634710140705835e+02
8.934880873168587812e+01
1.075476190378989259e+02
1.127296712096406992e+02
1.070708753943158626e+02
1.070961810498589983e+02
1.265000743622235007e+02
1.087854443659751240e+02
1.084512879351829469e+02
1.095725635507204174e+02
1.071099041866145996e+02
1.189541873620693480e+02
1.034369818056004107e+02
1.382267748252787953e+02
8.590106842506199314e+01
1.151462243085244523e+02
8.723637839761596524e+01
1.061075576739497563e+02
1.085025421720726513e+02
1.172700793042035770e+02
1.051742154439047994e+02
1.174194757836252734e+02
1.183093737177172358e+02
9.412225764887277535e+01
1.040989996299669116e+02
1.031287093655645606e+02
1.028308341196386380e+02
1.126409332501396960e+02
1.129337067917908257e+02
1.054640756282352783e+02
1.188893492635860838e+02
9.971930044941642279e+01
1.281111621326918453e+02
1.049972830128264718e+02
1.045357001932373890e+02
1.161855181332144156e+02
1.041456257172875297e+02
1.009562603912096819e+02
8.784277846281990776e+01
8.465488526680879033e+01
1.044127504140321321e+02
1.006923094425328884e+02
1.115814133952058000e+02
1.363968700236982272e+02
9.711887297333218783e+01
1.060113624024157417e+02
1.074886511569321925e+02
1.028348801987636136e+02
1.177491307009321702e+02
9.892565978749323108e+01
1.194706885833594754e+02
1.073368852347914100e+02
1.072156694640173242e+02
9.979357344609658753e+01
1.167742087661933255e+02
1.276060023042567906e+02
1.115559159607789042e+02
9.390897688042900882e+01
1.013543155566956528e+02
1.138094922444683874e+02
1.248185791626613792e+02
9.810963158639118831e+01
1.059064185113577850e+02
1.086293114731768554e+02
1.012188486134797785e+02
1.083775266095398848e+02
1.070146495701970366e+02
1.117701147867563947e+02
1.199049844948291366e+02
1.078063272274806650e+02
1.004981812880393335e+02
1.156971779176416391e+02
1.006051685169223475e+02
1.258730596508693083e+02
1.030903875356961521e+02
1.077613810518189439e+02
9.060525236510684977e+01
1.134924207857958152e+02
1.089428449119823767e+02
1.160609591700563499e+02
1.325317629182661392e+02
1.168428892618704964e+02
1.028174250495722930e+02
9.725182493121815241e+01
9.691912180476418825e+01
1.070466705656858295e+02
9.780726541610761160e+01
1.186154190663727093e+02
1.053093361388739027e+02
1.029992442647454709e+02
1.150400786830840900e+02
1.159749455075366313e+02
1.141702885998278987e+02
1.007002368820475624e+02
1.161858011146262157e+02
1.186770391508072606e+02
1.173535951168491493e+02
1.006653953140671263e+02
9.617353740401112816e+01
1.202786433264833619e+02
1.037067304448975307e+02
1.215273160645075166e+02
9.600974626465033168e+01
1.084817080936841052e+02
1.197630213867998634e+02
1.113589235477825099e+02
1.177577565738799308e+02
1.034230648173071359e+02
9.621245455722670670e+01
1.230782993048807867e+02
1.191392690520401061e+02
1.059755283379660966e+02
8.807273416375485908e+01
1.134524235035867576e+02
1.340819138931571501e+02
9.898151653403905925e+01
1.216252135234456375e+02
8.823977702972858594e+01
1.006215914545650918e+02
1.017441353460295090e+02
1.165283212513337787e+02
1.039741388350608418e+02
8.927026839069743858e+01
9.737146237087833356e+01
1.187241673432002358e+02
1.308665453897839939e+02
1.077273137949870119e+02
1.041151154537086541e+02
1.219752054912363519e+02
1.139326313092433622e+02
9.813187867604472103e+01
1.112529386045306836e+02
1.175458637594704214e+02
1.259955106913561025e+02
9.422639815889975523e+01
1.005550370192039225e+02
1.143527139753844040e+02
1.036962353873255722e+02
1.088999170267452143e+02
1.103143689346812693e+02
9.661413210456751699e+01
1.185495536486738217e+02
1.144181925722364923e+02
1.058397283423227577e+02
9.457756898490180220e+01
9.298052156711464988e+01
1.383369965736300742e+02
1.145631847967626697e+02
1.131532984532999393e+02
1.020796038983101397e+02
9.156638986304383820e+01
1.218618434333100851e+02
1.104295017421434864e+02
1.060094337183603272e+02
1.261925436764021384e+02
1.024642305016907073e+02
1.006480491819170169e+02
1.203773170420478493e+02
1.152535080974501227e+02
9.973701027570186284e+01
1.110103588198083457e+02
1.089279264950831418e+02
1.232490733846966009e+02
1.149659333651783584e+02
9.883159651950458624e+01
1.058974993216122300e+02
1.249017296909805452e+02
1.208072424057948382e+02
1.112862114074704323e+02
9.702595075864945784e+01
9.354098039364801309e+01
1.142571274268970285e+02
1.094871553465317504e+02
9.955041663766193949e+01
9.873718029804761898e+01
1.095986292949756802e+02
1.259243959412655443e+02
1.239319687529385590e+02
9.207826214717013613e+01
9.467962326547743146e+01
1.296374432693593519e+02
1.018126856973051702e+02
1.095814025567624412e+02
1.200334803405553572e+02
1.292150692454157479e+02
8.756767191667211137e+01
9.880880462738673486e+01
1.028960063258417108e+02
1.159626069418396526e+02
1.115005363156397777e+02
8.352975642354303432e+01
1.355812706499327760e+02
1.157583569714644653e+02
1.015386942738489608e+02
1.083258263016573864e+02
1.282652585925508220e+02
1.117945807500575341e+02
1.001190956253937543e+02
1.030495944423436043e+02
1.153009678961983440e+02
1.131952240053398668e+02
1.180037009196659170e+02
8.998532665540938069e+01
1.143499136728105725e+02
1.022337156902709268e+02
1.144529235445131121e+02
1.097693251255546301e+02
1.047303806535471011e+02
1.142758484566222279e+02
1.111130285646321170e+02
1.109207764094706050e+02
1.013734151529128980e+02
1.120881520502712760e+02
5.801805153628646394e+01
1.150957125420315634e+02
1.361220388150257463e+02
8.922490472810866891e+01
1.354297217319998765e+02
1.072887406767265759e+02
1.000240875529784859e+02
1.099847186408593842e+02
1.090220523680962401e+02
1.176719380681765017e+02
1.071501449358381706e+02
1.121349067862507525e+02
1.107087964640034556e+02
1.016806779361355098e+02
1.203503801220073655e+02
1.040423465994348362e+02
1.073682833494558651e+02
1.115036283625775013e+02
1.190396553846690466e+02
1.121816935793649321e+02
9.794654531804658859e+01
1.247553755642648667e+02
1.043396381675348863e+02
8.715942652009445624e+01
1.026566973621882255e+02
1.246836903244194730e+02
9.291340671360705983e+01
1.092168317047219404e+02
1.156502742831037693e+02
1.112389211835187410e+02
1.209816591873875495e+02
1.276843737236513192e+02
9.567857270335251485e+01
9.877141978939407352e+01
1.004944868670733058e+02
1.099214776828014095e+02
1.045118322415502519e+02
1.172725410104493449e+02
1.046703099290455441e+02
9.904516148599816461e+01
1.178447438840820212e+02
1.137157141307880011e+02
1.153074580690972510e+02
9.911817875961936863e+01
1.088380386561414213e+02
1.050740389475394494e+02
1.228166273779317095e+02
1.017494786442931058e+02
9.655483809534348438e+01
9.807200925192775287e+01
1.116702005470008316e+02
1.101395382009668253e+02
1.120510616961112902e+02
1.194672342558395712e+02
1.054363151269910901e+02
9.512039087798960679e+01
1.019407048475830493e+02
1.296624690356129292e+02
1.220605699105393995e+02
1.072441133379502247e+02
1.029645644536258686e+02
1.079610078308188150e+02
1.261717828640390593e+02
9.337181269164321407e+01
1.003309657768178766e+02
1.149511580429068545e+02
1.148180061107919130e+02
9.666331980666461732e+01
1.121510115078816625e+02
1.363654995777079932e+02
1.018454254587742298e+02
1.019131538360081493e+02
1.021871744078725186e+02
1.113914994006864703e+02
1.062814144123795614e+02
9.976091770212916288e+01
1.079630132649031680e+02
1.118833541703914989e+02
1.191222544061661495e+02
1.032790291829454787e+02
1.269104275169984817e+02
1.124324297683737370e+02
1.105954586319898851e+02
1.210443603777476227e+02
9.693791290197286514e+01
