-5.438966588335136798e+00
-5.393779511477616140e+00
-5.324138668307965894e+00
-5.127277969137408853e+00
-5.463554978855228228e+00
-5.463168290595034726e+00
-5.505596105383064653e+00
-5.483019534225419100e+00
-5.502789463219261101e+00
-5.515017095647269940e+00
-5.507299792137738237e+00
-5.469468466214118862e+00
-5.112678041369563608e+00
-5.122746877982637947e+00
-5.105314577923860675e+00
-5.122765852346569559e+00
-5.142304332170723136e+00
-5.142503938809908526e+00
-5.120289425017688245e+00
-5.128278648074109825e+00
-5.148197717475081703e+00
-5.157620908647739810e+00
-5.124663573030931119e+00
-5.399561451816471624e+00
-5.434676447625893303e+00
-5.477370655087231199e+00
-5.513173973244938075e+00
-5.044717573820840073e+00
-5.415369497690663891e+00
-5.438443907773908848e+00
-5.368920692554155494e+00
-5.322972372930545149e+00
-5.388684939267109009e+00
-5.157649226226968864e+00
-5.429835443141862505e+00
-5.447991889484571360e+00
-5.417083844751492627e+00
-5.123249088563174070e+00
-5.504134136171298763e+00
-5.550432153861369677e+00
-5.725005941872956861e+00
-5.423127945616233347e+00
-5.523976666719705442e+00
-5.700639327757623498e+00
-5.522023523572693549e+00
-5.550271034038241069e+00
-5.481054710848240141e+00
-5.532093624697043133e+00
-5.570484644965839394e+00
-5.714737589864255618e+00
-5.481872845951616391e+00
-5.469803673416690160e+00
-5.539520846644564678e+00
-5.591761773584163819e+00
-5.446467686247124185e+00
-5.480965122390498934e+00
-5.501425660529048578e+00
-5.545713154098494968e+00
-5.585161547648421987e+00
-5.664163672881847411e+00
-5.651878204568846265e+00
-5.749954476325102704e+00
-5.746989134409186128e+00
-5.648627780887109040e+00
-5.644889065106185377e+00
-5.632467069845077390e+00
-5.630096307519374399e+00
-5.645247982386797148e+00
-5.671874163335992591e+00
-5.628119295029667235e+00
-5.673060899316792138e+00
-5.630400723114439288e+00
-5.684565954166940216e+00
-5.622807872254194095e+00
-5.652846421881669414e+00
-5.753715380821869729e+00
-5.644580671166497865e+00
-5.631719444897052895e+00
-5.641551118026818301e+00
-5.656352907627187676e+00
-5.638348176929984135e+00
-5.633765293913270078e+00
-5.636350081335957718e+00
-5.628656428071918683e+00
-5.636812453069362405e+00
-5.657135113688543271e+00
-5.645456981948153263e+00
-5.660526890230907604e+00
-5.651223440618712068e+00
-5.730378474037659764e+00
-5.718032110391297884e+00
-5.738714318669193126e+00
-5.657514416226538501e+00
-5.706890488913836990e+00
-5.704450696042529856e+00
-5.717080535039208655e+00
-5.706695821920794387e+00
-5.687725048208587708e+00
-5.513222321276099791e+00
-5.579384060838119552e+00
-5.533162779884182925e+00
-5.567035635158370077e+00
-5.511559034959441661e+00
-5.550140358925625073e+00
-5.514783908371534871e+00
-5.569661132560772110e+00
-5.632373389254122564e+00
-5.521832264863023809e+00
-5.472550781532853570e+00
-5.514313065442490114e+00
-5.532267018290693450e+00
-5.501610834871388356e+00
-5.479026635895120734e+00
-5.540258118729168402e+00
-5.480905160206632765e+00
-5.541997852021047777e+00
-5.532106984198754240e+00
-5.599890074037476850e+00
-5.548209477295859671e+00
-5.544870960400589688e+00
-5.515135407230657982e+00
-5.536628916173219395e+00
-4.743453976458329002e+00
-4.654829911911615881e+00
-4.600594710470076620e+00
-4.827750816199388062e+00
-4.789418115179495672e+00
-4.746900647535922779e+00
-5.061315464573977962e+00
-5.073140255933474840e+00
-5.037017173752448507e+00
-5.101403920969435291e+00
-4.759871790184792673e+00
-4.753856224471859626e+00
-4.658173703837710455e+00
-4.694818118696191256e+00
-4.776336322617215302e+00
-4.661636027272727745e+00
-4.649278321113215817e+00
-4.637258298588970540e+00
-4.616984738498901564e+00
-4.720755555372886825e+00
-4.638495877328777439e+00
-4.619655649949627296e+00
-4.611027408157767127e+00
-4.717722155298874398e+00
-4.712783783829076256e+00
-4.740226138023640345e+00
-5.494569093793066905e+00
-5.445906479348226803e+00
-5.380271970466008469e+00
-5.513260302739557694e+00
-5.665366796025642415e+00
-5.718370971602290354e+00
-5.594509841459185395e+00
-5.143585422061279111e+00
-5.213475208061332467e+00
-5.233265591598294186e+00
-5.758224294764853646e+00
-5.774053038209755684e+00
-5.783943797044321933e+00
-5.733679402361207877e+00
-5.767477727785942143e+00
-5.543483586025137022e+00
-5.516610237974024500e+00
-5.546328829548654582e+00
-5.523700868223656357e+00
-5.542304715789875047e+00
-5.664150802757180969e+00
-5.732736369221664852e+00
-5.290361312861318055e+00
-5.227136575742715507e+00
-5.275559050790996629e+00
-5.302073208329182386e+00
-5.323353070506059659e+00
-5.515399948866367197e+00
-5.289515194808569021e+00
-5.332592450878518520e+00
-5.341473094651334463e+00
-5.334578794055304662e+00
-5.329433395725215128e+00
-5.303497580739584549e+00
-5.314123612918605133e+00
-5.301072941471409727e+00
-5.309212766063064137e+00
-4.719668502265059296e+00
-4.736635513386019625e+00
-4.714849790135884788e+00
-4.721386808973170979e+00
-4.732312092260333891e+00
-4.723851160981071828e+00
-4.708734388555749995e+00
-4.727278882531050996e+00
-4.732180403461160090e+00
-4.716628032144696725e+00
-4.732389101569220102e+00
-4.697693181964826437e+00
-4.691388371575427207e+00
-4.712685111267753690e+00
-4.700403782415559562e+00
-4.703935102848173955e+00
-4.691586596537158371e+00
-4.685912210082253893e+00
-4.700047507827834536e+00
-5.192516419857146737e+00
-5.128842913186901775e+00
-5.139135613913382805e+00
-5.123913727957004838e+00
-5.164309294338080392e+00
-5.163598916643866055e+00
-5.190305604042901422e+00
-5.161203701252505383e+00
-5.159859751218837332e+00
-5.381253725577479941e+00
-5.334404352304588315e+00
-5.322401907031551360e+00
-5.322282013952879254e+00
-5.278478682437321545e+00
-5.395233172335904825e+00
-5.383311452916552220e+00
-5.320619784643821681e+00
-5.291028034789543533e+00
-5.103167597545334999e+00
-5.262211638106649936e+00
-5.232033247900408135e+00
-5.342626366658978831e+00
-5.300244494228370407e+00
-4.881795905486651321e+00
-4.857730558787570097e+00
-4.861324255767915048e+00
-4.871453916866740563e+00
-4.872083568123015240e+00
-4.778870505793175738e+00
-4.696889719155863396e+00
-4.722074854075891004e+00
-4.881697115532953823e+00
-4.875857622237947275e+00
-4.951276502066905394e+00
-5.263398062754946594e+00
-4.919366132136585357e+00
-5.270578250131635833e+00
-5.277423049462620419e+00
-5.202003478026971273e+00
-5.153014416582657908e+00
-4.907246784671094986e+00
-5.194798924193502643e+00
-4.959488452063964381e+00
-5.339926504240327887e+00
-4.949707134378737550e+00
-4.896461156838144646e+00
-5.308666770333334561e+00
-4.940164528303603753e+00
-4.933516882073989862e+00
-4.958076360460766274e+00
-5.240768254011033633e+00
-5.230607972490185276e+00
-5.243542811127017700e+00
-5.217013781361246494e+00
-5.148387425409038265e+00
-5.249872432640154685e+00
-5.250341496450806389e+00
-5.231775644164130767e+00
-5.235214720126481147e+00
-5.116749190385104562e+00
-5.064989957053176006e+00
-5.136182530833939275e+00
-5.138676241867590200e+00
-5.152309799006697943e+00
-5.125893276568270984e+00
-5.256979538694702470e+00
-5.230535732356472067e+00
-5.111956360617814887e+00
-5.141125027535419889e+00
-5.112468682420913346e+00
-5.557827355481207654e+00
-5.556414823738318631e+00
-5.572347454958516799e+00
-5.558706741653683281e+00
-5.573760608202590561e+00
-5.566024758878658218e+00
-5.534900786701781428e+00
-5.561648040836852935e+00
-4.737832322546401187e+00
-4.746874485435767177e+00
-5.090203852065450896e+00
-4.719464867046681888e+00
-4.753556417889004848e+00
-4.799008948850460143e+00
-4.813894793195917288e+00
-4.770493099540369819e+00
-5.681226625102762995e+00
-5.645266212877882772e+00
-5.509583704922697223e+00
-5.562283261098071030e+00
-5.542485168481468882e+00
-5.504129716575060449e+00
-5.536249328908361633e+00
-5.626186862577628567e+00
-5.691763292913981864e+00
-5.671702779937659145e+00
-5.672452915971655685e+00
-5.635375968545997871e+00
-5.652002479980793304e+00
-5.635135062932179473e+00
-5.645923982583677336e+00
-4.759584426003741875e+00
-4.759117449712556791e+00
-4.728577008488032973e+00
-4.735890585581903345e+00
-4.738079479842425279e+00
-4.725115526586514569e+00
-4.735432405376550413e+00
-4.743277582701676209e+00
-4.788101188817391218e+00
-4.794686382843930339e+00
-4.808201466981108396e+00
-4.779891152341637195e+00
-4.791176296719416250e+00
-4.731134141566908369e+00
-4.746067757927205477e+00
-4.808959750012156142e+00
-4.706101074884494473e+00
-4.821316540060168521e+00
-4.842454836972886589e+00
-4.814799998783318102e+00
-4.813480358897306743e+00
-4.753782277669323264e+00
-4.778086988726155226e+00
-4.811066232732251535e+00
-4.794202832955815730e+00
-4.766072766817313955e+00
-4.801355665652338622e+00
-4.821440644487545946e+00
-4.823681048463480892e+00
-4.808303249117581224e+00
-4.825648914449910620e+00
-4.829151007143519081e+00
-4.800031413603533359e+00
-4.808754284782438049e+00
-4.823328334137466200e+00
-4.824266480180826377e+00
-4.845836716687972334e+00
-5.102448477453393139e+00
-5.109037056307213831e+00
-5.101835938014827043e+00
-5.097114947904168858e+00
-5.100326260861923089e+00
-5.108729514951874329e+00
-5.294867786471999516e+00
-5.290629411647570279e+00
-5.290755113628974549e+00
-5.286593476933967750e+00
-5.291861416645612159e+00
-5.291706637140053182e+00
-5.287820178513322311e+00
-5.289954951880035949e+00
-5.284387753363493978e+00
-5.286962411611261459e+00
