-5.183781248955484422e+00
-5.194017371007087824e+00
-5.795294628122348080e+00
-5.395028134607747994e+00
-5.390474997920136957e+00
-5.316886408671874342e+00
-5.470900497210402946e+00
-5.214674436667059432e+00
-5.241258120764303641e+00
-5.275371264720729592e+00
-5.474149406012731589e+00
-5.342137832301536271e+00
-5.331110037642443622e+00
-5.464496002459582336e+00
-5.274049939821128241e+00
-5.295374413046427975e+00
-5.519186456760860615e+00
-5.441254301308754648e+00
-5.445547425057365665e+00
-5.459514164015567772e+00
-5.345862245439629845e+00
-5.338201662421051985e+00
-5.286134488998367686e+00
-5.371353510964905098e+00
-5.490688096598439039e+00
-5.442513552904899576e+00
-5.693308209683062060e+00
-5.470221161813200617e+00
-5.488444146430405901e+00
-5.282532518334981830e+00
-5.265853565939480063e+00
-5.335598387104725226e+00
-5.486136236342630923e+00
-5.465765343531415965e+00
-5.412300652295960468e+00
-5.257377840837585303e+00
-5.260502539898514129e+00
-5.607480004558839326e+00
-5.564848873503752458e+00
-5.651180654711047247e+00
-5.212631847818030906e+00
-5.286252401259686096e+00
-5.765668400560700846e+00
-5.584926473323086782e+00
-5.112063534664144981e+00
-5.230177428729556155e+00
-5.738628085148199887e+00
-5.193371487220807659e+00
-5.574919046246502141e+00
-5.137366439541182217e+00
-5.562854943388893858e+00
-5.594165233495976608e+00
-5.260701063776432207e+00
-5.634700679751386332e+00
-5.051207706837018918e+00
-5.518895592573980657e+00
-5.510706609013354296e+00
-5.582675107007978532e+00
-5.518463958868791153e+00
-5.531145107332814170e+00
-5.543746705413789222e+00
-5.776231694540785888e+00
-5.777102250923649152e+00
-5.780845270734921826e+00
-5.530351055154698159e+00
-5.615075122124729035e+00
-5.587914074581283863e+00
-5.591275238036047313e+00
-5.777166917838020943e+00
-5.601375260091453256e+00
-5.548109624402008500e+00
-5.578180891054306478e+00
-5.581384298164238089e+00
-5.652776508673548861e+00
-5.541642228537079440e+00
-5.565820783399061611e+00
-5.589660215075158867e+00
-5.598623155601753609e+00
-5.584454180193083594e+00
-5.141610601190615526e+00
-5.529151385912991934e+00
-5.591408914060950863e+00
-5.570636484111219033e+00
-5.629444649057758987e+00
-5.587382047428538279e+00
-5.645721497297385483e+00
-5.080686750617542380e+00
-5.598792426829153790e+00
-5.618197748809579117e+00
-5.093695297243025166e+00
-5.614247076927384228e+00
-5.555269399126732566e+00
-5.543282784396552643e+00
-5.590240099791985884e+00
-5.088132987305921340e+00
-4.916095738950405192e+00
-5.780333779064324773e+00
-5.595200272864979674e+00
-5.590169088188920554e+00
-5.520774640774437358e+00
-5.569745376147704263e+00
-5.180129425682645561e+00
-5.612456712524037883e+00
-5.545199178550113572e+00
-5.622768531306990170e+00
-5.780750522759462662e+00
-5.590669151618882005e+00
-5.565234426653967503e+00
-5.614432690848458307e+00
-5.647926200674000086e+00
-5.592700058878683045e+00
-5.550733027406071329e+00
-5.602061303699053418e+00
-5.772438944037033615e+00
-5.657896223412851811e+00
-5.545052274239770540e+00
-5.780344025543171504e+00
-5.561709497727572504e+00
-5.582385089399457989e+00
-5.634748060646220580e+00
-5.554917720149577853e+00
-5.558776138992056026e+00
-5.577375576627764175e+00
-5.761699969930452525e+00
-5.775996652239574480e+00
-5.531439762095289758e+00
-5.586897118032679188e+00
-5.521350696753661857e+00
-5.573302519038398017e+00
-5.436227908781460449e+00
-5.445554910348596955e+00
-5.529672122906592158e+00
-5.671927688125550482e+00
-5.650958349430307948e+00
-5.592390786570098804e+00
-5.588846003572830234e+00
-5.694027455975561480e+00
-5.588899416945053211e+00
-5.377395241663331049e+00
-5.532002099027281794e+00
-5.542184552427610100e+00
-5.611971432883364308e+00
-5.696286660532965840e+00
-5.544608305802917414e+00
-5.596192798327786377e+00
-5.543586551408231422e+00
-5.694159061080716455e+00
-5.778414161780704106e+00
-5.539793350218328527e+00
-5.543309640856875831e+00
-5.603493737033870659e+00
-5.577478216435501679e+00
-5.560190841904433690e+00
-5.592015857072263785e+00
-5.337333061382163457e+00
-5.258993482749507287e+00
-5.535964098242589060e+00
-5.597857089512291218e+00
-5.298795858921900859e+00
-5.276576815159145006e+00
-5.523047702001105286e+00
-5.689895771631507060e+00
-5.560171609507058577e+00
-5.633398225612263666e+00
-5.570233650130696823e+00
-5.352610991513004457e+00
-5.582141177650153274e+00
-5.109730800703831122e+00
-5.537314569076657200e+00
-5.106251792652428456e+00
-5.325588050156388142e+00
-5.555450893743045349e+00
-5.620296004616748498e+00
-5.596169926008462525e+00
-5.574251946267831492e+00
-5.133944190170518951e+00
-5.770702814950230852e+00
-5.572186323381963291e+00
-5.205885463156963766e+00
-5.684289169863912861e+00
-5.551988010417812980e+00
-5.571049832288942127e+00
-5.612346097034932590e+00
-5.565881151738637733e+00
-5.753238000288291687e+00
-5.522262561016679783e+00
-5.249556268382010060e+00
-5.105655121626214488e+00
-5.585879057527956881e+00
-5.546947709823704997e+00
-5.575173428912266083e+00
-5.518142092372375629e+00
-5.559700768857519293e+00
-5.565399043128223866e+00
-5.706941607204320199e+00
-5.787362727805067664e+00
-5.587368398876561670e+00
-5.610949680100142167e+00
-5.568911819119795048e+00
-5.691452497713425984e+00
-5.602308578920407456e+00
-5.795683306007547664e+00
-5.228512932957780635e+00
-5.609918316744074929e+00
-5.265269954432454824e+00
-5.567095931492834993e+00
-5.594271856599273285e+00
-5.587014479255820731e+00
-5.590922582444919797e+00
-5.611281960852561923e+00
-5.377795780661388747e+00
-5.597642074649355592e+00
-5.767530558816528874e+00
-5.601979754715545212e+00
-5.563128591018361213e+00
-5.444405917063056322e+00
-5.606225249580591097e+00
-5.570450833908037858e+00
-5.523252034318826276e+00
-5.545003829395856343e+00
-5.290607588391920579e+00
-5.555139499634650591e+00
-5.598800445182823715e+00
-5.708544356873748171e+00
-5.253997624338495598e+00
-5.555930120385619730e+00
-5.698835766619053445e+00
-5.571662486823053761e+00
-5.572747230150736364e+00
-5.306429303331298364e+00
-5.602844979329860919e+00
-5.578945998489001745e+00
-5.709699901305993031e+00
-5.614103215655086743e+00
-5.609406658030049897e+00
-5.681928278780232766e+00
-5.608537643511449566e+00
-5.567139858827279575e+00
-5.062943254314359542e+00
-5.789722267953526291e+00
-5.517951844396166372e+00
-5.552237116673130579e+00
-5.308983067448528992e+00
-5.557354352595822888e+00
-5.589558008298901370e+00
-4.985849664689593119e+00
-5.565747388061942580e+00
-5.559048288661160520e+00
-5.581124715230211919e+00
-5.574083507805202231e+00
-5.599544425311419715e+00
-5.615892413671232042e+00
-5.532323278797314892e+00
-5.779475596896219258e+00
-5.620515255094034934e+00
-5.651214499448013129e+00
-5.595604399569076293e+00
-5.611008322647676572e+00
-5.125572744923710289e+00
-5.157470799850526255e+00
-5.611126312415687600e+00
-5.583115092374308475e+00
-5.747752769864271194e+00
-5.555427995642329364e+00
-5.522974541691620054e+00
-5.673451601336232386e+00
-5.773305855453110702e+00
-5.054722560216616145e+00
-5.691152749765287844e+00
-5.587505660640954552e+00
-5.537285771032085080e+00
-5.534266849076938222e+00
-5.578099576320230568e+00
-5.131638707353300077e+00
-5.085601374299359989e+00
-5.633531659740533826e+00
-5.562355720936561276e+00
-5.708319692094057984e+00
-5.608725826128276637e+00
-5.767867140469058462e+00
-5.595964884437833575e+00
-5.108409216850449575e+00
-5.562847671747314315e+00
-5.714445558081194143e+00
-5.554132765397912230e+00
-5.513075453178466034e+00
-5.606826311797805218e+00
-5.588970759057331428e+00
-5.582512720704628784e+00
-5.676166633342507595e+00
-5.165012525794381304e+00
-5.572104640939634201e+00
-5.590229116152065636e+00
-5.275694208637657923e+00
-5.785851789530376266e+00
-5.687948497594435437e+00
-5.615157667993503132e+00
-5.581221070980275201e+00
-5.074068721308032437e+00
-5.761756937319920446e+00
-5.591070628277384991e+00
-5.560138783904743143e+00
-5.539556199596984420e+00
-5.521210040987098111e+00
-5.571045273606703319e+00
-5.587353594860487327e+00
-5.584218213347321047e+00
-5.260591468747719546e+00
-5.558521918776577309e+00
-5.647431707628446595e+00
-5.567583047098945137e+00
-5.594515167927354149e+00
-5.134893967076016530e+00
-5.777863510149109594e+00
-5.677728762106380778e+00
-5.611784218529898283e+00
-5.691079893046481430e+00
-5.059049020898640059e+00
-5.606096857290752133e+00
-5.775230205050601917e+00
-5.588770900989958434e+00
-5.298634158139705619e+00
-5.564853696041836884e+00
-5.602755831048001234e+00
-5.774224912614362992e+00
-5.303553885439324489e+00
-5.599773661698900007e+00
-5.662723925697177307e+00
-5.615181808926148044e+00
-5.771894556228421180e+00
-5.225529414697627217e+00
-4.961564864743165160e+00
-5.585839059161613385e+00
-5.541862252277200085e+00
-5.540898594963478807e+00
-5.774492023068101609e+00
-5.669505556636528887e+00
-5.334563902219505493e+00
-5.598632072956651662e+00
-5.604241987160675897e+00
-5.234809601996404105e+00
-5.572532498139577406e+00
-5.667040230526440681e+00
-5.560259611116292966e+00
-5.615683094515812712e+00
-5.772354408467869291e+00
-5.763351232675949731e+00
-5.566809131782848752e+00
-5.603083314474298859e+00
-5.053140504691608470e+00
-5.599452939498271498e+00
-5.039036285529157055e+00
-5.107950379655767925e+00
-5.673172681049657662e+00
-5.578205938260229146e+00
-5.581869625535786028e+00
-5.606149715687182677e+00
-5.596149116919870714e+00
-5.688512939506624733e+00
-5.226869293193672661e+00
-5.620524010301711115e+00
-5.165443585061274767e+00
-5.622826904935769754e+00
-5.592731197845448143e+00
-5.536238162832558096e+00
-5.588259628637725740e+00
-5.577160237905779638e+00
-5.572824933809374492e+00
-5.603824932098245171e+00
-5.626116240423701953e+00
-5.638773965772045926e+00
-5.599106513281840058e+00
-5.779268778417657515e+00
-5.593179004238444385e+00
-5.001654555685578707e+00
-5.267807156336044017e+00
-5.263317869824200912e+00
-5.340219061762710773e+00
-5.654674285501233300e+00
-5.211948042882426080e+00
-5.694193759751552619e+00
-5.693576978282494316e+00
-5.563781772863883646e+00
-5.570109279902865751e+00
-5.212718125853511353e+00
-5.251355531710162339e+00
-5.620139592757799285e+00
-5.569061412762398078e+00
-5.190861361157158349e+00
-5.534165900856429232e+00
-5.434869790876012630e+00
-5.553597927998962902e+00
-5.756911112475067149e+00
-5.618282606060263973e+00
-5.595228778249638601e+00
-5.633054471657019668e+00
-5.560644958673666594e+00
-5.193839824874849853e+00
-5.601442408427117492e+00
-5.754698004208932183e+00
-5.573087835652357214e+00
-5.558438801030552767e+00
-5.632265517053272497e+00
-5.611706023460415693e+00
-5.599186594086729585e+00
-5.557382367373554288e+00
-5.543174928605967722e+00
-5.367067377877428491e+00
-5.133225765649084060e+00
-5.172882278025110914e+00
-5.050936529843465195e+00
-5.577260544563076294e+00
-5.624793553078799135e+00
-5.563272530860468024e+00
-5.627376718098910935e+00
-5.159517127528675751e+00
-5.608557196046874971e+00
-5.120046800946447263e+00
-5.586444175596548156e+00
-5.565724673772061593e+00
-5.659007449205647688e+00
-5.390530172599271808e+00
-5.656432863929219401e+00
-5.657078735120176560e+00
-5.301983848926445475e+00
-5.610290726477718870e+00
-5.532505400887083979e+00
-5.324610719912342915e+00
-5.589619964741666003e+00
-5.584301089246543448e+00
-5.598553846922999178e+00
-5.684918397174301141e+00
-5.602862297615000209e+00
-5.326356593544295137e+00
-5.671004250518371315e+00
-5.749590518455834243e+00
-5.619229301266095433e+00
-5.593237088013371938e+00
-5.762693843236621483e+00
-5.330378371364650647e+00
-5.178248696200436818e+00
-5.087928119989811648e+00
-5.572615908499421344e+00
-5.620286842331263522e+00
-5.578029914512559806e+00
-5.596828145816837186e+00
-5.215792633168314651e+00
-5.200348099781058053e+00
-5.396685980437705865e+00
-5.826557039939342708e+00
-5.420315061461696615e+00
-5.437022204787237634e+00
-5.214179873884138949e+00
-5.184626275039591725e+00
-5.303637162794746729e+00
-5.167380980551202541e+00
-5.204493491309563069e+00
-5.201471212677559741e+00
-5.136659859172294951e+00
-5.221607210553918854e+00
-5.347266213782274846e+00
-5.754928961057942161e+00
-5.070935862407670136e+00
-5.437982710861791524e+00
-5.433984289145041835e+00
-5.352720897841047432e+00
-5.320644256605186584e+00
-5.437007205653206832e+00
-5.339231784970714045e+00
-5.186677142228510284e+00
-5.392124930170763442e+00
-5.856198156915538355e+00
-5.204494238877920509e+00
-5.616664899449117065e+00
-4.956367081355498527e+00
-5.163606477908666115e+00
-5.352764786320879153e+00
-5.309639258098776793e+00
-5.374880750468865820e+00
-5.288105044600066584e+00
-5.523962459002176750e+00
-5.185206063071094107e+00
-5.010282238126873899e+00
-5.331580568274283394e+00
-5.316854646241440996e+00
-5.856211580135353145e+00
-5.312041826309149783e+00
-5.788303068888302150e+00
-5.316857502147686709e+00
-5.428369214250241548e+00
-4.565791834744723943e+00
-5.292348152952175866e+00
-5.405289414494638400e+00
-5.136660749858926067e+00
-5.172975411845198934e+00
-5.835769896635244258e+00
-5.768079229915640482e+00
-4.628366636863881389e+00
-5.145565123955752718e+00
-5.220615849108485307e+00
-5.320598396090570503e+00
-5.470125006812978974e+00
-4.984467274341001009e+00
-5.374882142602177559e+00
-5.197379020182517628e+00
-5.186676650144367962e+00
-5.188579623648301720e+00
-5.310887182016017505e+00
-4.773775560179626787e+00
-5.374880254846942762e+00
-5.703124398152222163e+00
-5.011089573277095255e+00
-5.317455790586982367e+00
-5.356133318759732198e+00
-5.297715510345716083e+00
-5.198353268216253653e+00
-5.297124172389105823e+00
-5.321808610816304963e+00
-5.292350171051108276e+00
-5.392092455363448167e+00
-5.470076497579570152e+00
-5.196197502604131380e+00
-5.411670930762035425e+00
-4.982926884164150749e+00
-5.397240062382540060e+00
-5.204494587520563265e+00
-5.835769749857935729e+00
-5.070937346242920363e+00
-5.300468654492584086e+00
-5.101149684650713390e+00
-5.083189210529547530e+00
-4.628363515335216505e+00
-5.330170106515546458e+00
-5.363129874104458850e+00
-5.091792096384764932e+00
-5.171963876683661532e+00
-4.435701757357977115e+00
-5.280030553574762919e+00
-5.410867581332286846e+00
-4.816093577430795136e+00
-5.079218186310991534e+00
-5.171962211671528031e+00
-5.167381154186664993e+00
-5.167380950823827312e+00
-5.201621669483585286e+00
-5.366596321892109778e+00
-5.360527333494340851e+00
-5.083817515414062349e+00
-4.696552881563620829e+00
-5.184156766384663051e+00
-5.180526972984751843e+00
-5.768056054470879879e+00
-5.302878690405028017e+00
-5.320788429773465111e+00
-5.186676250121244891e+00
-5.411661533248357969e+00
-5.669421989551362451e+00
-5.297715195620187778e+00
-5.188578825531747540e+00
-5.318816670414238779e+00
-5.757243217687281422e+00
-5.375708305843774681e+00
-5.205498609807001742e+00
-5.098751155939408974e+00
-5.757251384569075370e+00
-5.393227195899639170e+00
-5.348356334096998843e+00
-5.200348755115512311e+00
-5.754930890765580287e+00
-5.065865890689939199e+00
-4.981222715722449124e+00
-5.181090223632116576e+00
-5.356202000303655453e+00
-5.197378255778601464e+00
-4.821911179366058953e+00
-5.377943761630518793e+00
-4.831582412644416458e+00
-5.270973280537088357e+00
-5.240514511626741978e+00
-5.436979531009768607e+00
-5.292931943035511289e+00
-4.588856463411305597e+00
-5.397239239268134092e+00
-4.723805981630128770e+00
-5.320612981690517884e+00
-4.953251264336683057e+00
-5.369104819598734757e+00
-5.347850664104478291e+00
-5.038021113713512023e+00
-5.263925845870479847e+00
-5.186674037726835884e+00
-5.410842876525348011e+00
-5.352749366860683367e+00
-4.885834373705145062e+00
-5.167381451118247426e+00
-5.348358213645140857e+00
-5.061878197149137115e+00
-5.397459148181819266e+00
-5.211865366075601358e+00
-5.136663112469918246e+00
-5.201621441755985842e+00
-5.167569668782482140e+00
-5.234454941316019294e+00
-5.086513435964598706e+00
-4.454269646231796997e+00
-5.050459732233447241e+00
-5.835771210177921553e+00
-5.300470470763039010e+00
-5.201621316760984826e+00
-5.185048649483358751e+00
-5.211868713672805242e+00
-5.185206184794176387e+00
-5.420365707639278163e+00
-5.386500119886167504e+00
-5.347041285022056556e+00
-5.347849739121569357e+00
-5.703129482864990329e+00
-5.196198580364951525e+00
-5.357726839376627304e+00
-5.186677003687283793e+00
-5.323425468596548527e+00
-5.783806072082218641e+00
-5.437042776014342493e+00
-5.305463375788891156e+00
-5.347562183858912022e+00
-5.386933008508603571e+00
-5.318800944342680026e+00
-5.825733657094456674e+00
-4.494469935050621423e+00
-5.027472187888756494e+00
-5.323227496864483044e+00
-5.187405679459405228e+00
-5.172969215907381013e+00
-5.206975727215286120e+00
-5.171961270597867255e+00
-5.774175469005018435e+00
-5.300467619621601401e+00
-5.411670833388247281e+00
-5.142629707241388459e+00
-5.376445949324134332e+00
-5.305723069442953133e+00
-5.356463867451327410e+00
-5.142623766545741049e+00
-5.161054633000231817e+00
-5.084974079937292224e+00
-4.972846474594292410e+00
-5.365270268902003536e+00
-5.386528130628687627e+00
-5.346935495734622457e+00
-5.726931657441978629e+00
-5.155168752515713493e+00
-5.400196414475551876e+00
-5.293065959517964991e+00
-5.347850920185151402e+00
-5.311972293209145768e+00
-4.872326301564404716e+00
-5.616663573163288348e+00
-5.196198274927921190e+00
-5.181091280903961760e+00
-5.214186680122542938e+00
-4.579675985279288319e+00
-5.270415120011201715e+00
-5.340538620091547450e+00
-5.292353415271755956e+00
-5.305466217759096992e+00
-5.387036916510361095e+00
-5.262442290718531090e+00
-5.188577500723213554e+00
-5.116765484280076492e+00
-4.959228542865757206e+00
-5.144933519394379040e+00
-5.278539915717687769e+00
-5.186099387630894952e+00
-5.204494469929935363e+00
-5.393220925555683110e+00
-5.768081067598851419e+00
-5.375707814555812369e+00
-5.356101466479120887e+00
-5.076556380851023675e+00
-4.945513310619900516e+00
-5.236752142103162200e+00
-4.983672057366225872e+00
-5.136944378001594202e+00
-5.206316550612529070e+00
-5.155126777808311189e+00
-5.096806654530947611e+00
-5.082100513897665373e+00
-5.139613935447535198e+00
-5.344718495693003391e+00
-5.317451782116147108e+00
-5.262855134441799088e+00
-5.145620297323051595e+00
-5.127799200788664358e+00
-5.757242195085384928e+00
-5.173687064341356390e+00
-5.145662201548132586e+00
-5.241554762930184630e+00
-5.410856256590973246e+00
-5.277172969564256633e+00
-5.126667656974298382e+00
-5.348357572958234663e+00
-4.504882499776526217e+00
-5.444519919935330243e+00
-4.993562958287943054e+00
-5.757239411645514338e+00
-5.186675667359427422e+00
-5.196197734029678550e+00
-5.403099887306135329e+00
-5.335134403664913094e+00
-5.856217152721113983e+00
-5.039794108255952310e+00
-5.214180867995661828e+00
-5.300468654653945677e+00
-5.055814080576596758e+00
-5.197184205915946542e+00
-4.869607597015280120e+00
-5.214732307339518869e+00
-5.214733218429612904e+00
-5.179491673501030569e+00
-5.246281428369350408e+00
-5.343136650791676878e+00
-5.400327044694410716e+00
-5.357718121026564972e+00
-5.181091899716213867e+00
-5.207995557812754583e+00
-5.374884088881437094e+00
-5.205499445947941339e+00
-5.308997524619975650e+00
-5.336413001332560135e+00
-5.418479890666884735e+00
-5.076444992905377873e+00
-5.333957869242738070e+00
-5.347852177712137056e+00
-4.589911527871985086e+00
-5.299627173112444467e+00
-5.328915565196850501e+00
-5.347849506448495660e+00
-5.320564893010428342e+00
-5.366194412377349288e+00
-5.186767570006073136e+00
-5.318817505706220139e+00
-5.347564428570639627e+00
-5.352395980582288715e+00
-5.115395342278882929e+00
-4.828135715079322487e+00
-5.061919623148584790e+00
-5.078357715260118255e+00
-4.961953106431591820e+00
-4.874157583369112423e+00
-4.811380867117688531e+00
-5.060207772948865923e+00
-5.258173810907265988e+00
-5.067003015085456141e+00
-5.262904800470385780e+00
-4.807803511192133783e+00
-5.029024380327818733e+00
-4.894689033434328707e+00
-5.080791944185894415e+00
-4.859690217620618924e+00
-4.916453304273049163e+00
-5.161103593245706556e+00
-4.863585943971501457e+00
-4.953713178037203235e+00
-5.004477819643263103e+00
-5.275804950700336171e+00
-5.042479636434035406e+00
-4.876459682354346903e+00
-5.344044654803018268e+00
-4.950065823330372261e+00
-4.917065501556602491e+00
-5.078959543758834627e+00
-4.867473519826857498e+00
-4.917086814767325897e+00
-4.744217537430041709e+00
-5.136180856235400327e+00
-5.159713314222276637e+00
-5.202315399496606929e+00
-5.073334477372163143e+00
-5.166851916018277535e+00
-5.161723277238795760e+00
-5.253298342913566010e+00
-4.839371184765682621e+00
-5.012795411259810763e+00
-4.948412706355478363e+00
-5.060330803685855194e+00
-4.940855203495264192e+00
-5.120515827589607660e+00
-5.243281669299373782e+00
-5.128234212466222353e+00
-4.866292807953496613e+00
-4.863808827149907366e+00
-4.986740973489014905e+00
-5.154297081575061945e+00
-5.092181700494869290e+00
-5.084161161866813217e+00
-4.985972782040855478e+00
-5.159278253850676954e+00
-5.022101089465865087e+00
-4.873952627816584560e+00
-5.063340922468524852e+00
-5.300004221955965988e+00
-4.477778531193067124e+00
-5.639207249648563014e+00
-5.675384158925525391e+00
-5.303743374294735524e+00
-5.835735703088220205e+00
-5.606105345139113183e+00
-5.835734754345117459e+00
-5.633230263432953855e+00
-5.675387056963471011e+00
-5.633296715681230360e+00
-4.755835730137334849e+00
-5.633255492888163296e+00
-5.626751327150958382e+00
-5.834839253980685037e+00
-5.732626822446420967e+00
-5.303914213456457638e+00
-5.638090414257357352e+00
-5.645779288610603963e+00
-5.293041241668776209e+00
-5.627592551856445802e+00
-4.960837534685555106e+00
-5.732635016923127047e+00
-5.633197383115065016e+00
-5.639216853245123673e+00
-5.240043997760446715e+00
-5.675425329351004855e+00
-5.840964134665231455e+00
-5.209773149212883148e+00
-5.605777054096875212e+00
-5.731724669871433697e+00
-5.334739322376886861e+00
-5.355588041592285187e+00
-5.645536992622498751e+00
-5.639140673846152474e+00
-5.648423638493019538e+00
-5.638222928604139206e+00
-5.418362915084749432e+00
-4.575548765470159651e+00
-5.640862106423918831e+00
-5.731852339647066863e+00
-5.675388885221710034e+00
-5.675388371802962517e+00
-5.667047456419614271e+00
-5.572856484388386100e+00
-5.728001060365876640e+00
-5.673654266855074013e+00
-4.285289858169563537e+00
-4.438318269958104523e+00
-4.756678137770683712e+00
-5.495249466213938838e+00
-5.355571759981738289e+00
-4.754834821970851166e+00
-5.269143368065885902e+00
-5.825182788384350552e+00
-5.559301961747516785e+00
-5.639214930491920796e+00
-4.988993283921320021e+00
-5.334728923182511018e+00
-5.276540561978700694e+00
-5.608387894976160304e+00
-5.335551394702830130e+00
-5.633196789964567408e+00
-5.299949771564550716e+00
-5.639791830784564475e+00
-5.739272790643727085e+00
-5.262776919834963429e+00
-5.639653312309166111e+00
-5.675432872822694819e+00
-5.728037381548170437e+00
-5.675362663378898276e+00
-4.440098125893874759e+00
-5.639119629634170572e+00
-5.648425292932648389e+00
-5.732593680454051821e+00
-5.338246071618243604e+00
-5.834101462598905385e+00
-5.520676963440378948e+00
-5.648419598964386168e+00
-5.840937945811291776e+00
-5.831398801721259240e+00
-5.529352975812497739e+00
-5.814853322239123656e+00
-5.838263525765863271e+00
-5.316345359683660732e+00
-5.358836642336521905e+00
-5.675415628296958559e+00
-5.355584067500480216e+00
-5.675360218418512126e+00
-5.680220213629104897e+00
-5.732349645610459454e+00
-5.345266236003172189e+00
-5.030468251053519246e+00
-5.630085297977131198e+00
-5.826166037406460774e+00
-5.675424249292591483e+00
-5.157523771859735540e+00
-5.629949957439639441e+00
-5.733551015282409402e+00
-5.648409918135967267e+00
-5.312038257504457128e+00
-5.629829533171894163e+00
-5.105344871533765705e+00
-5.727992595159513201e+00
-5.736128124702588593e+00
-5.825196520465839356e+00
-5.610949493307838765e+00
-5.675343928466652699e+00
-5.838173715085156701e+00
-5.565150874682844417e+00
-5.732381582441423262e+00
-5.680278562309263535e+00
-5.675326638021313208e+00
-5.633208482699539665e+00
-5.345273981774428584e+00
-5.639509718128268290e+00
-5.834150588896889644e+00
-5.640806289706227439e+00
-5.835746138731956023e+00
-5.277243593732715787e+00
-5.732580035672910412e+00
-5.374572717950844236e+00
-5.628828938348472199e+00
-5.633119787934006695e+00
-5.736161969196689192e+00
-5.841052602059276566e+00
-5.352349059078099991e+00
-5.334777242518529583e+00
-5.831343961145725174e+00
-5.735310638804392624e+00
-5.834822473354217109e+00
-5.608198331983218488e+00
-5.633152807344877111e+00
-5.345274416411407437e+00
-5.620054451374040916e+00
-4.150161294184847804e+00
-5.675387947754503948e+00
-5.645797029816911561e+00
-5.835254465372868182e+00
-5.334797672774019617e+00
-5.733626819235106531e+00
-5.633146299372523202e+00
-5.620089070651936858e+00
-5.239876906813316637e+00
-4.147756235550472681e+00
-5.707760191667689220e+00
-5.639129126219981636e+00
-5.728020210758884900e+00
-5.657356867526209143e+00
-5.735387221963651250e+00
-5.163874484250987607e+00
-5.639133460966703204e+00
-5.633178280682543004e+00
-5.639210948523452949e+00
-5.666992875678025676e+00
-5.299910228793143219e+00
-5.835278592888235139e+00
-5.303828128400562392e+00
-5.027543040117897100e+00
-5.632491133322682586e+00
-4.302346380104980383e+00
-5.625220069329294859e+00
-5.645112405891386409e+00
-5.345283738689571962e+00
-5.233378622635004085e+00
-5.835291970402928463e+00
-5.334767313270250888e+00
-5.620178644051030403e+00
-5.316403748888207659e+00
-5.675339172369192831e+00
-5.734330163085576082e+00
-5.648375518009522089e+00
-5.673646602618848789e+00
-5.307819388046382869e+00
-3.973646070164156274e+00
-3.745402065564116700e+00
-3.331116655515264480e+00
-3.745402065564116700e+00
-2.615985556243455079e+00
-3.776661133756576305e+00
-3.745402065564116700e+00
-4.048767680605119601e+00
-3.296231417843686451e+00
-3.383282561228481367e+00
-3.294105798821861608e+00
-4.024012097802886601e+00
-4.005260430707884289e+00
-3.803895305997596843e+00
-3.983942181002662064e+00
-4.024810480564976700e+00
-3.072296044560602457e+00
-3.745402065564116700e+00
-3.117575383481112183e+00
-3.963238147898698660e+00
-3.303987507899460496e+00
-3.745402065564116700e+00
-3.621301721972724152e+00
-4.099620142890612051e+00
-3.745402065564116700e+00
-4.013753488785964940e+00
-3.827081517866084859e+00
-4.132110766897546306e+00
-3.877120893267530288e+00
-3.861921255442661849e+00
-3.983384120118944605e+00
-3.976491020129675924e+00
-3.694103948986616537e+00
-3.631955890287192013e+00
-3.461406303736157319e+00
-4.891227719121959083e+00
-5.001186687251833796e+00
-5.197071326715930972e+00
-4.991897156567078220e+00
-4.765754848544468736e+00
-5.036327471650402288e+00
-4.853265853522607642e+00
-5.233416157241330247e+00
-4.732456882974862111e+00
-4.939023824676830543e+00
-4.882966146608451297e+00
-5.254799967123111593e+00
-4.991918267253495856e+00
-4.869357191812682117e+00
-4.897184948920005887e+00
-5.147061668390574773e+00
-5.239326514037569993e+00
-5.292868463902954623e+00
-5.047505055304276844e+00
-4.920238966564986605e+00
-5.082992473816779544e+00
-5.126242782442422374e+00
-5.149997804452254080e+00
-5.261084913811784780e+00
-5.079880426930216686e+00
-4.754038811655925123e+00
-5.244039541740763255e+00
-5.205576632443887242e+00
-5.222536935590480489e+00
-5.487851946781318269e+00
-5.233440535729664944e+00
-4.955667878162329565e+00
-4.994299122817588810e+00
-5.443979029189192964e+00
-5.549391720095200320e+00
-5.175691324433495666e+00
-4.855386859380685927e+00
-5.294944624876474215e+00
-5.036830619644590001e+00
-5.178729617689235454e+00
-5.040286132775172234e+00
-5.212021237467959978e+00
-5.007925701299423160e+00
-4.897350396692570662e+00
-5.602398318087588258e+00
-4.992744296071458088e+00
-4.727279094096894951e+00
-5.402458534862895512e+00
-5.387883142562409411e+00
-5.230415865527455743e+00
-5.273582185594940519e+00
-4.763663540515420181e+00
-4.821541683387192911e+00
-4.557538739713810294e+00
-4.821519428102492455e+00
-4.554060413317433387e+00
-4.673637669982575460e+00
-5.206166059575822125e+00
-4.748318532642240797e+00
-4.743807645365904158e+00
-4.828866660853074144e+00
-4.883678832618921106e+00
-2.832527938110450449e+00
-4.967036768750506148e+00
-2.282484519961760938e+00
-1.609839420423959666e+00
-2.803523992589615599e+00
-2.742469666666597305e+00
-7.640709032101675735e-01
-1.292716754266955759e+00
-3.523067914756524033e+00
-1.961925219957584732e+00
-2.621945291809423484e+00
-2.265026775580273544e+00
-3.637792023616317483e+00
-2.872184218209424600e+00
-3.253439506505974688e+00
-2.851174641253554576e+00
-3.538659954077572944e+00
-2.045064412350083405e+00
-1.966425606373991997e+00
-3.681350243141714884e+00
-1.546806662033598290e+00
-3.946047167246653942e+00
-2.010437564959556056e+00
-2.743311689891441585e+00
-3.426279876559287008e+00
-3.670281051304970621e+00
-3.038705150019581858e+00
-2.708232800299068987e+00
-2.359718372139635090e+00
-3.221823966127653094e+00
-2.930466551259469643e+00
-2.724472961227450529e+00
-3.624679143337732778e+00
-2.900307700747904782e+00
-2.909223581171640038e+00
-2.903329269591166106e+00
-3.105793267028087001e+00
-2.577629745225711755e+00
-3.494075771686408594e+00
-2.782392508697167255e+00
-3.829651858289988553e+00
-3.500527591219098955e+00
-3.244910011424726459e+00
-2.201847070883443447e+00
-3.230710211595619885e+00
-3.370690619752660933e+00
-3.274569281559759126e+00
-3.294693176443539873e+00
-3.088633771148096230e+00
-1.237613357015550752e+00
-2.697145422301678419e+00
-2.958607809425631618e+00
-2.698058141958970868e+00
-3.579298660704152368e+00
-2.966075686472510853e+00
-3.283512654650457829e+00
-3.886210652508905294e+00
-2.838226819534030554e+00
-3.569322440729855828e+00
-2.553402828158505944e+00
-3.451862318170832111e+00
-2.387921485101143215e+00
-1.816165464453558087e+00
-4.519949427848258594e+00
-2.233306083916198670e+00
-3.544830293501634699e+00
-1.172208176160884907e+00
-3.709039516205148157e+00
-3.518439572510553948e+00
-2.676577140431934509e+00
-3.401202298472970398e+00
-3.696096862423938312e+00
-2.766618708035236018e+00
-4.175585690173079456e+00
-4.682288932980670282e+00
-4.441254588989926866e+00
-4.076044093821184156e+00
-4.743331858886281616e+00
-4.202141329950301873e+00
-4.144366423357926266e+00
-4.025137260319200827e+00
-4.408585881615625368e+00
-4.266260969427498217e+00
-4.902093998004309228e+00
-4.479114630654312812e+00
-4.435884968336903711e+00
-4.489596336236336249e+00
-4.170159150759563005e+00
-4.361462138679318201e+00
-4.802447357569158193e+00
-4.298931424248133126e+00
-4.407497883535944183e+00
-4.246107376126331268e+00
-4.494163876616767084e+00
-4.135138944112911830e+00
-4.816855003384964640e+00
-5.001537151079069154e+00
-4.145878176172998586e+00
-4.624517764218909477e+00
-4.783313456240668948e+00
-4.988257856468482743e+00
-4.356269844561642124e+00
-4.835323405466013469e+00
-4.519094945653368889e+00
-4.158848018473437769e+00
-4.185221488630416431e+00
-4.221184224388259132e+00
-4.535723356341295975e+00
-4.480561415005179349e+00
-4.448701463193783567e+00
-4.273670751181867900e+00
-4.207691909031915145e+00
-4.265882512695750250e+00
-4.543413381069061785e+00
-4.246294393026355252e+00
-4.772213851961554454e+00
-4.797981340656215288e+00
-4.624796428518205715e+00
-4.283430275382984043e+00
-4.768951307134795314e+00
-4.883053605117009255e+00
-4.218584202759078750e+00
-4.738643193122788588e+00
-4.258308693028662439e+00
-4.232962006326386195e+00
-4.757271818831942056e+00
-4.464233530199273048e+00
-4.921843918156683984e+00
-4.746776695053042339e+00
-4.471295641354931405e+00
-4.224386775075397615e+00
-4.543491776333639542e+00
-4.252247045937019188e+00
-4.499255800148330486e+00
-4.361088442787246500e+00
-4.526153082197775568e+00
-4.431672964882489296e+00
-4.439779822947412136e+00
-4.082056553916479480e+00
-4.287624635483735069e+00
-4.321620810761574560e+00
-4.298466404758729986e+00
-4.246371142984136426e+00
-5.136620690199358741e+00
-4.422029736905504826e+00
-4.134705996627670466e+00
-4.314813315666399696e+00
-3.420933031916190803e+00
-3.645310561221624113e+00
-3.217955519311571866e+00
-3.990541223474769250e+00
-3.723782184718706478e+00
-2.972619240943046748e+00
-2.669862522035659325e+00
-3.704209240217620547e+00
-4.028214416903550976e+00
-4.042662512055458457e+00
-3.015083683131970282e+00
-3.953991994676754995e+00
-3.709325897972178154e+00
-3.742508686472925561e+00
-3.124157302938345815e+00
-5.034651904985553372e+00
-4.303907321503929850e+00
-4.343496577795313840e+00
-4.799765790189083781e+00
-4.730681949122815588e+00
-4.584813026854036799e+00
-3.068551533663500752e+00
-3.790363506559865758e+00
-3.368930609168285795e+00
-3.356509643651431229e+00
-3.679511086445608203e+00
-3.558791378759463608e+00
-3.679863831833860122e+00
-3.506784894644267236e+00
-3.284722908206402447e+00
-3.569009585981993915e+00
-3.582120350340566084e+00
-3.785188225849324350e+00
-3.197112278604492541e+00
-2.957375834050751884e+00
-3.090961128623185505e+00
-3.264010949965148622e+00
-2.996526755919625362e+00
-3.210987212730723961e+00
-3.778274002459723224e+00
-3.507603193262029517e+00
-3.183320246374833573e+00
-3.441966608023926621e+00
-2.524435459685665517e+00
-2.934238327275360270e+00
-2.992316607582211851e+00
-3.542317849139916319e+00
-3.736444502888088159e+00
-3.213558833840865159e+00
-3.046106351531481238e+00
-3.503090755792978239e+00
-2.809035888513417234e+00
-3.220226316549795520e+00
-3.471281726936353618e+00
-3.526811290415190481e+00
-3.038044031367785891e+00
-3.372880645198050864e+00
-3.576840567251005076e+00
-3.538653203961383387e+00
-2.927124954040498217e+00
-3.242776437329967898e+00
-2.988712653245728212e+00
-3.678909931199823014e+00
-3.580330725385574286e+00
-3.721293306233476095e+00
-3.506657597754646805e+00
-2.964818552237328042e+00
-3.299286124907615747e+00
-3.218057460362241162e+00
-3.771006274979185946e+00
-3.519025914383700826e+00
-2.687665125795533960e+00
-3.773833539547277294e+00
-3.388659389210282757e+00
-2.831135844474432339e+00
-3.480688553607837576e+00
-3.040758058490555360e+00
-3.073745639859466472e+00
-3.664292043051561087e+00
-3.620523946322177444e+00
-2.962331994664389789e+00
-3.555045039377632055e+00
-3.378409232943967222e+00
-3.072214549191020883e+00
-3.505115201369405131e+00
-3.560128060502985470e+00
-3.732521923232988481e+00
-3.026701627185780286e+00
-3.445101196826052981e+00
-3.418572450332988399e+00
-3.754911055508032280e+00
-3.098660116672152132e+00
-3.767661078385212914e+00
-3.328169027495927690e+00
-3.318622854277124556e+00
-3.352489595951549717e+00
-2.836577771638725043e+00
-4.695450383708494435e+00
-4.514924991784043051e+00
-3.986621717187042613e+00
-4.166046262455414428e+00
-4.349751349977053927e+00
-4.094798717384870557e+00
-4.556662783714966025e+00
-4.692502724984443319e+00
-4.365530286490343137e+00
-4.198698241987456115e+00
-4.718358257102268638e+00
-4.499882292597087385e+00
-4.146423023457027845e+00
-4.454651683613542801e+00
-4.484898987344929644e+00
-4.000400359244913773e+00
-3.406522257110800478e+00
-4.168667739787938586e+00
-4.518613258302798918e+00
-4.626950998388958958e+00
-4.558685423949413007e+00
-4.494792810928618820e+00
-4.109417573274162905e+00
-4.821459901455609653e+00
-4.365949076311448351e+00
-4.241430264735077671e+00
-4.444015074521366238e+00
-4.188406584627974993e+00
-4.688118790179790274e+00
-4.172466018015785316e+00
-4.225386538105433409e+00
-4.078261016585378762e+00
-3.963444497452486726e+00
-4.652021273902306575e+00
-4.557516390666665806e+00
-4.617321818461696203e+00
-4.518360721959025383e+00
-4.638950235489430085e+00
-4.382173592969857978e+00
-4.686798059209484890e+00
-4.215821282840258810e+00
-4.428561796693345265e+00
-4.358520834962654078e+00
-4.281015647243556543e+00
-4.402893931495459157e+00
-4.233663320289250187e+00
-4.366563081907214539e+00
-4.565356557824759243e+00
-4.403960433170521327e+00
-4.489888680783375996e+00
-4.535648355411781019e+00
-4.402258129693801258e+00
-4.655234659796510854e+00
-4.618952340537425094e+00
-4.673342692616238025e+00
-4.481471730531355391e+00
-4.530219959862145096e+00
-4.641067361374060951e+00
-4.393572569496696723e+00
-4.522107244456754493e+00
-4.573335103571473326e+00
-4.199769261770984308e+00
-4.560524165009489650e+00
-4.335621834341853997e+00
-4.427391201086718020e+00
-4.475766467704486828e+00
-4.585944281464007233e+00
-4.791581054412687557e+00
-4.457699076731779009e+00
-4.619535153754357637e+00
-4.475177842771187464e+00
-4.408941266276205084e+00
-4.517060712833743885e+00
-4.439588926803508251e+00
-4.401133222226550679e+00
-2.491872926217558071e+00
-2.331656792535311773e+00
-1.018819912757601642e+00
-1.558276001963706303e+00
-3.878737685814374281e+00
-2.457976931887799310e+00
