-5.438027985300690759e+00
-5.392237837220113406e+00
-5.321784940083365889e+00
-5.138317903408572640e+00
-5.465508912531979568e+00
-5.465551528209167564e+00
-5.505507253815837387e+00
-5.483423498607865376e+00
-5.499937964816531633e+00
-5.511263105568954934e+00
-5.509261336209005933e+00
-5.471846081832536512e+00
-5.118194486539034749e+00
-5.134680801225601776e+00
-5.122543218302636703e+00
-5.129791465990336974e+00
-5.148368144885508535e+00
-5.141369720591033143e+00
-5.129290674686569851e+00
-5.129683248658350792e+00
-5.156632564476973712e+00
-5.163340304451097040e+00
-5.134126139542605216e+00
-5.402058177154635210e+00
-5.432734780050126666e+00
-5.480516557657135301e+00
-5.516847953865550380e+00
-5.067292447811962752e+00
-5.413023892505870016e+00
-5.434483225784905613e+00
-5.369957754504371295e+00
-5.333573746189393283e+00
-5.392198282961143008e+00
-5.158091890507493282e+00
-5.431985399185743191e+00
-5.449991243571687072e+00
-5.418005517386516701e+00
-5.123570603062976403e+00
-5.505914273914861212e+00
-5.551741111212662005e+00
-5.725919171170163580e+00
-5.421389956531569077e+00
-5.524603778116544461e+00
-5.700996171784161959e+00
-5.523840406802942304e+00
-5.548758963747578932e+00
-5.479436238154835159e+00
-5.534972839952600587e+00
-5.568887844431509748e+00
-5.716751580926346499e+00
-5.483172778133070580e+00
-5.471947978877522267e+00
-5.540426911391344689e+00
-5.590650745190976600e+00
-5.449008036826793244e+00
-5.481568170838830412e+00
-5.500314513581919584e+00
-5.545829311087809188e+00
-5.584877804512240473e+00
-5.664381519861528602e+00
-5.657172096037225373e+00
-5.747933284370541074e+00
-5.746061617811578870e+00
-5.650312032803055828e+00
-5.644848744230112736e+00
-5.636565730524068840e+00
-5.635847977571408762e+00
-5.644684141894598106e+00
-5.670510747729490042e+00
-5.630419269539946647e+00
-5.673574842740840118e+00
-5.629192428238494195e+00
-5.683875651855461619e+00
-5.621632352159432244e+00
-5.652271365283189297e+00
-5.750519105375715867e+00
-5.643856777318688067e+00
-5.631621127194203602e+00
-5.640131635747477112e+00
-5.655018108355364781e+00
-5.639696721484760644e+00
-5.633248263219066132e+00
-5.635190758485565610e+00
-5.626106968334074310e+00
-5.635614150417838530e+00
-5.659789245471649188e+00
-5.644235785802625749e+00
-5.662762084447765076e+00
-5.652670873253854644e+00
-5.731267705150783875e+00
-5.718747183521120547e+00
-5.738273042298384752e+00
-5.657453761005473147e+00
-5.708413638424322478e+00
-5.704466481398199562e+00
-5.718096530026766544e+00
-5.707512715651028579e+00
-5.688933692738878278e+00
-5.512992652795674076e+00
-5.582427030030774340e+00
-5.535736696921117250e+00
-5.564225273650503567e+00
-5.510757280186236784e+00
-5.544740465057860668e+00
-5.513502134947501965e+00
-5.569379544200302234e+00
-5.635183960122609470e+00
-5.519618180424749276e+00
-5.472276088918649251e+00
-5.512732005454047624e+00
-5.529441242356990749e+00
-5.499670805295954423e+00
-5.478003798491251075e+00
-5.536951783187768150e+00
-5.485419827377021385e+00
-5.542850412356043144e+00
-5.531171286744008597e+00
-5.597004424716698345e+00
-5.550618147707885086e+00
-5.544927260724456630e+00
-5.516561767755028711e+00
-5.539532673190077361e+00
-4.736934166148836667e+00
-4.667068144218518455e+00
-4.613714881524090039e+00
-4.822378344693992069e+00
-4.781724068070278832e+00
-4.742752687529733890e+00
-5.063754206899261590e+00
-5.071378537342146942e+00
-5.038999207815971992e+00
-5.098723880292925337e+00
-4.591731250160441924e+00
-4.624422615595125130e+00
-4.578769954479025017e+00
-4.694742567353837437e+00
-4.767162490590140855e+00
-4.657845623019073678e+00
-4.641732171678983221e+00
-4.622670535127832103e+00
-4.618939831106133376e+00
-4.733711316484182419e+00
-4.631235628551657157e+00
-4.617608720607661255e+00
-4.602259293551400177e+00
-4.717008127752778002e+00
-4.713802789558495299e+00
-4.737573879819862555e+00
-5.501390159421643666e+00
-5.452178493838364837e+00
-5.389661842021295612e+00
-5.515294513464801263e+00
-5.670092243326079640e+00
-5.720393274183666499e+00
-5.600000168556096725e+00
-5.147846973764280243e+00
-5.220110456353021178e+00
-5.238921658345700116e+00
-5.759801714469940492e+00
-5.775061471916134614e+00
-5.782813013938614688e+00
-5.735580624488154200e+00
-5.769380149199382579e+00
-5.542926832208648236e+00
-5.519475241293053891e+00
-5.547606815707136541e+00
-5.527645206725344984e+00
-5.543598066701467708e+00
-5.667222867340389492e+00
-5.734427143461857668e+00
-5.289565355850125883e+00
-5.238028543958359151e+00
-5.277554642223339698e+00
-5.307543225877758175e+00
-5.335275520935033988e+00
-5.518269017442630542e+00
-5.307544244969617964e+00
-5.348828374026754595e+00
-5.360232876771513943e+00
-5.352484681040581727e+00
-5.344994345708345307e+00
-5.309914762391631626e+00
-5.320352654136943471e+00
-5.309507156491973134e+00
-5.315470227291229754e+00
-4.714184004942976181e+00
-4.735132426689109941e+00
-4.709105384947737782e+00
-4.719151447072406746e+00
-4.728437737994355849e+00
-4.726390071663219672e+00
-4.710835646387550923e+00
-4.721854075646753301e+00
-4.734303304089112707e+00
-4.725101893347234849e+00
-4.733181723093950133e+00
-4.697318211192870407e+00
-4.684166537976960143e+00
-4.709722435937522711e+00
-4.686446384843108603e+00
-4.700222593638423874e+00
-4.685514593853577381e+00
-4.681016293489725477e+00
-4.688478135149195758e+00
-5.199791514345456278e+00
-5.128930197896737653e+00
-5.145086285509718138e+00
-5.134108543250517798e+00
-5.167676101099972108e+00
-5.174237743106361975e+00
-5.194830023578592026e+00
-5.166494314966015189e+00
-5.164554505657445560e+00
-5.389947929230528345e+00
-5.345036363640828903e+00
-5.330966327498104285e+00
-5.332432525905058007e+00
-5.289777165325778796e+00
-5.402053057182208740e+00
-5.388594982747595630e+00
-5.326021025180565971e+00
-5.292293872275223521e+00
-5.098416268628193748e+00
-5.263417495663244239e+00
-5.234273292881230333e+00
-5.344193315603634531e+00
-5.305268364912584467e+00
-4.873563844827287106e+00
-4.848419821969207177e+00
-4.853310899454382543e+00
-4.862837459709909993e+00
-4.864892277359136763e+00
-4.761470791166897421e+00
-4.698687512973528158e+00
-4.711325283458979385e+00
-4.868979303031381711e+00
-4.862864565008875317e+00
-4.951263044565462401e+00
-5.267995080534476848e+00
-4.919854990865768052e+00
-5.274629550809643241e+00
-5.282540160755516467e+00
-5.206673369532512474e+00
-5.161806876634059904e+00
-4.909773661271744416e+00
-5.209156528912311401e+00
-4.961596731568939767e+00
-5.346852597726632794e+00
-4.946356037694067176e+00
-4.896367581331727337e+00
-5.319548083422287910e+00
-4.938988767251512257e+00
-4.930942003042516397e+00
-4.956819352040800375e+00
-5.253671224153632302e+00
-5.241577529678092873e+00
-5.254589941124696573e+00
-5.231453551364865895e+00
-5.138638181437187313e+00
-5.252105002204765505e+00
-5.248881417018369078e+00
-5.231691645823981496e+00
-5.244528178840962340e+00
-5.118099529265267122e+00
-5.070404831960831693e+00
-5.147596835054192965e+00
-5.140047775886385395e+00
-5.161864910062057277e+00
-5.129576040055547459e+00
-5.266382067670444478e+00
-5.239777359018909841e+00
-5.109625250657032325e+00
-5.146914750053985799e+00
-5.119503953526592710e+00
-5.553612567408574563e+00
-5.552530645797701503e+00
-5.574504797400274825e+00
-5.561602968791794943e+00
-5.573813334288524324e+00
-5.547983004043675948e+00
-5.538451888519409394e+00
-5.560835369728942545e+00
-4.735227162831109560e+00
-4.741260943362374469e+00
-5.086040889963374667e+00
-4.709826308956952090e+00
-4.640906118503885125e+00
-4.642449473210481514e+00
-4.668189305059247118e+00
-4.641844573334284796e+00
-5.677193856022303642e+00
-5.644562854744015645e+00
-5.515148791550416263e+00
-5.558410226503792906e+00
-5.538324685867685560e+00
-5.507611522608517163e+00
-5.538941320903417065e+00
-5.622009718822431168e+00
-5.689402926185761267e+00
-5.671459268793450192e+00
-5.672744854966738970e+00
-5.634527537969717947e+00
-5.650322804561160872e+00
-5.635938702895119334e+00
-5.640053827215134596e+00
-4.766918856649951408e+00
-4.759029927342523614e+00
-4.733094243450533867e+00
-4.738728991229129051e+00
-4.735774169704152214e+00
-4.720391063584310487e+00
-4.736177242623214489e+00
-4.742181152987325454e+00
-4.790918307688185607e+00
-4.793381632365545819e+00
-4.799720533708391024e+00
-4.779896757409498598e+00
-4.793111995214235144e+00
-4.730995856063464622e+00
-4.743018756619894916e+00
-4.822208368911194754e+00
-4.702656675682090004e+00
-4.823425238766771095e+00
-4.842736753147220519e+00
-4.811704221626768252e+00
-4.812991286937934987e+00
-4.754914842818703136e+00
-4.786811445904005424e+00
-4.804725231360752247e+00
-4.791239485435934142e+00
-4.774574773209325329e+00
-4.797776400898700722e+00
-4.824911179070316969e+00
-4.819188470829403492e+00
-4.809722124902329199e+00
-4.822062828913440846e+00
-4.830113894142749942e+00
-4.799214108132451528e+00
-4.813732089027358718e+00
-4.828766338896257615e+00
-4.831151709882465894e+00
-4.859051119978002653e+00
-5.095220936657097965e+00
-5.100237406027440912e+00
-5.092961992648802116e+00
-5.085965323141537375e+00
-5.092380677930303357e+00
-5.101375702688060620e+00
-5.306693460977881749e+00
-5.302648641955554965e+00
-5.297352210323872157e+00
-5.296897501283974741e+00
-5.302664330881036392e+00
-5.302993506374547472e+00
-5.296897282280903063e+00
-5.300389364298071726e+00
-5.295125925982409498e+00
-5.297347138318855286e+00
