1.098251206995422962e+02
1.237628616257249234e+02
1.022028225789654101e+02
1.036015604031076265e+02
1.063735028055912863e+02
1.101056688802106862e+02
1.068896360608800506e+02
1.078012377909282122e+02
1.016687124935641862e+02
1.160293045950543842e+02
9.816456853693563289e+01
1.243987562225831738e+02
1.013662888610830493e+02
1.174159057115034841e+02
1.219725656437162087e+02
1.130106871343249964e+02
1.022844322391238450e+02
1.001994838492996820e+02
1.045195681310096631e+02
9.821139693655081260e+01
1.100349074344724158e+02
1.180873792177104633e+02
1.111290475023358226e+02
1.088000925508751067e+02
1.027928509866569726e+02
1.064543125687122256e+02
1.091736570953402747e+02
9.833991290286290621e+01
1.030026764563507555e+02
9.353693765643440372e+01
1.233744507051560930e+02
1.210458716199106277e+02
1.092770590513544846e+02
1.021465256957299772e+02
9.523830618915559398e+01
1.176423662116150268e+02
1.179341852876178649e+02
1.109948066893662286e+02
1.119721140900502547e+02
1.023954242902050851e+02
9.818511834536799654e+01
1.116107304780899483e+02
1.050894553350304648e+02
1.169562094384491360e+02
1.197466315135319661e+02
1.198692654762410399e+02
9.293777394582109252e+01
1.068677141817764351e+02
1.132857880035904685e+02
1.189147849293501764e+02
1.003502324404253585e+02
1.055976012852310930e+02
1.279961208163606585e+02
1.228457853732879528e+02
9.763509301576075927e+01
1.190426016191572813e+02
1.145310447236507798e+02
8.930255658960835774e+01
1.013049720053715248e+02
1.225345683540316486e+02
1.200377432306809737e+02
1.073213556957555568e+02
9.565787083971889615e+01
9.742271015954666780e+01
1.395172990649887481e+02
8.854941806309670937e+01
1.034989519358216512e+02
1.090682786623051328e+02
1.100883088183488923e+02
9.810558475798795541e+01
1.137556902876079050e+02
1.205816741425596774e+02
1.086465229477086041e+02
1.004555834266223968e+02
1.057566261764814612e+02
9.909547870232856326e+01
1.053663267536158088e+02
1.356760316258727812e+02
1.032576383588276059e+02
1.011907365542656407e+02
1.209709469685687537e+02
1.275675411698777282e+02
1.098303222917916742e+02
9.556247638122803778e+01
1.297611453660285576e+02
1.097261361348438413e+02
9.971392442569842274e+01
1.049892309162689088e+02
1.067292103309799245e+02
1.028603015361143918e+02
1.431582190255031719e+02
1.179040253438050740e+02
9.994917107770550047e+01
9.755445515738983886e+01
9.630447129109396087e+01
7.872713034409949273e+01
1.133696802802733856e+02
1.020408746272282201e+02
9.817891947186274137e+01
1.101445846762902505e+02
1.107349093692877915e+02
1.175570971562889326e+02
1.154861805518712288e+02
1.206840906055062277e+02
1.243025428992012280e+02
1.109083692825297049e+02
1.124591610769205943e+02
8.312124036103958247e+01
8.996670530948905764e+01
8.497323614276929504e+01
1.099909883144207470e+02
1.093847836625060950e+02
1.378810910242592058e+02
1.122059194555970407e+02
9.651989247412458894e+01
1.025132182579102817e+02
1.132424320175392580e+02
1.020213440994594976e+02
1.116383362797561887e+02
1.086829017931370061e+02
1.173587446798648557e+02
1.031106271612263754e+02
1.135177264403827877e+02
1.150435986306901270e+02
8.764752002747475501e+01
1.205453492186224906e+02
1.138305135538119544e+02
1.007881066052974717e+02
1.146224181290192945e+02
1.164424305521722545e+02
9.712670814313372603e+01
1.131957323676247711e+02
1.123682959740016969e+02
9.995297388997725818e+01
1.351412926553369118e+02
1.113490836639497559e+02
1.083943217855298684e+02
8.835113824186814213e+01
1.036545906304735638e+02
1.148501114340297704e+02
1.076674209144158567e+02
1.070403404728244112e+02
9.278668360452185482e+01
1.264593101219851974e+02
1.050183128606351772e+02
1.052471551904588409e+02
1.168265710942691413e+02
1.114011939495511712e+02
9.993048524919502995e+01
1.214637319881886697e+02
1.020973147514813775e+02
1.038407770125517260e+02
1.314896535004861846e+02
1.116740857903530753e+02
9.678387879458449561e+01
1.164676861662378400e+02
1.173788565958495553e+02
9.971926764545855804e+01
1.140601899568017927e+02
1.103023756408458524e+02
1.196580211156512235e+02
9.599751813367613806e+01
9.985328670043720933e+01
1.340213809047591837e+02
1.021319189309993902e+02
9.885383446552751252e+01
1.076952148627156873e+02
9.546653777603940227e+01
1.077328831461749985e+02
1.067917301101511640e+02
1.201613643789899868e+02
1.159166874598507491e+02
1.015068850485239409e+02
9.697151634433022593e+01
1.307756263085067019e+02
1.008256407576335931e+02
1.124330754914227697e+02
1.098037025715483281e+02
9.680564097561844505e+01
1.131896843619496167e+02
9.328856108546001735e+01
1.137210562935922695e+02
1.150440852667134664e+02
1.200954558634230693e+02
1.218968054117683550e+02
9.824372257382721330e+01
1.195404353707186402e+02
1.124296811425667073e+02
1.078237513001612200e+02
1.121053199498679902e+02
1.083366197755395604e+02
1.124171777438194937e+02
1.031327949896562757e+02
5.808641167804999128e+01
1.164919343588502443e+02
1.204550220393106059e+02
1.135091877465297046e+02
1.714384467345331586e+02
6.877753415003999748e+01
9.991147430072786051e+01
1.123558306091948253e+02
8.833450681624422884e+01
9.953385723729088852e+01
1.240627934458956503e+02
1.066930681477528822e+02
1.075209840695376613e+02
9.790579142331297646e+01
1.007130388567788088e+02
1.210454834650315803e+02
1.202172894511729453e+02
1.317847711517628966e+02
8.883723596178721493e+01
1.044090223560237831e+02
9.394172843898508063e+01
1.063498456246742307e+02
1.055710943382857039e+02
1.081412718271821092e+02
1.006505860531432148e+02
1.188511653536924513e+02
1.040241418815731436e+02
1.175481816328268252e+02
1.210071466629450896e+02
1.025955949612131235e+02
9.215433121071666278e+01
1.241154642625175626e+02
9.876242829165387604e+01
1.136752647173369866e+02
1.038571583765125155e+02
1.041185534968935258e+02
1.234981569752803381e+02
7.789199039459766993e+01
1.104811968729845688e+02
1.257355566673808767e+02
9.971594099153320201e+01
1.067684706509131445e+02
1.108234833652862079e+02
1.211147905286847362e+02
1.167276256634416143e+02
9.963705918528994232e+01
1.019141257904569500e+02
1.229618397312244866e+02
1.262214958507985187e+02
8.701528854446199546e+01
1.052803964177844875e+02
9.904849051739290644e+01
1.089032457295864447e+02
1.199298740380296380e+02
1.098383507801804342e+02
1.147571751150443902e+02
8.777186869446002504e+01
9.957155290430813466e+01
1.222690511639245869e+02
9.256703117519731450e+01
1.153761660781326412e+02
1.033407071441587419e+02
1.147564447231913931e+02
1.183354223634992906e+02
1.107624889080511537e+02
9.234521217101988100e+01
9.795483188430183930e+01
1.205457342687059707e+02
1.256698175438529290e+02
1.011983190535893016e+02
1.178171728702196503e+02
1.198271727896085963e+02
1.019797036422998957e+02
1.218064734409469594e+02
9.844188258012745507e+01
1.089687139144012065e+02
1.001300263115677751e+02
1.085596215840429437e+02
9.425366289403109477e+01
1.018736731369199759e+02
1.231553117573546103e+02
1.125065809862013708e+02
1.124232139098062788e+02
1.016395444887950674e+02
1.072153661970618259e+02
1.145113764000077907e+02
1.053996709861606433e+02
1.227039356456559176e+02
1.043252440318727992e+02
9.401924544997008582e+01
1.051445497155687576e+02
1.150393387994594576e+02
1.159512953452895658e+02
1.142144760954695926e+02
1.111527588579531880e+02
1.076387257044407590e+02
1.010288934058855830e+02
1.373485190500006183e+02
1.017509879138600866e+02
9.186843003548784736e+01
1.118442047658265466e+02
1.113391045733536657e+02
1.096538701958967010e+02
1.187703276868821405e+02
1.046858241118376469e+02
1.122451454190669864e+02
9.841431558180542538e+01
1.402540235228557322e+02
1.087450053158757868e+02
9.425394748139780177e+01
8.465759735991430546e+01
1.109058277136881685e+02
8.569353696860034120e+01
9.026890440553978578e+01
8.629150801080641031e+01
1.012918674677403601e+02
1.722950171444287832e+02
1.202967665921452465e+02
1.064065663142803828e+02
1.054047333317597008e+02
9.873130815660081794e+01
1.141860267646826941e+02
1.114026718373314679e+02
9.590812395701574644e+01
9.843174391151967484e+01
1.016033097283787185e+02
1.137709309727347033e+02
1.350007442393785198e+02
1.042435742438036499e+02
1.048258353115734849e+02
1.253175509527027884e+02
1.115832933785414554e+02
1.098746749510621328e+02
9.789483488939359290e+01
1.040389309546643375e+02
1.235386531595149080e+02
1.175927181593845603e+02
1.086402220046911680e+02
1.129963667377595300e+02
8.168893004059782470e+01
1.031747281739892799e+02
1.147407220757586686e+02
1.078841130415471525e+02
1.201566461104075074e+02
1.030079817320528548e+02
1.038786364199981023e+02
1.055477333221383702e+02
8.767025859781674058e+01
1.069078444159582091e+02
1.379800244073226452e+02
8.684999468954019619e+01
9.733250572856744043e+01
1.046790911291839734e+02
1.356351498692260691e+02
1.055511568770795492e+02
1.157537689564490080e+02
1.140930913648724498e+02
1.206542328765881393e+02
1.243679825473895022e+02
1.106435788210955167e+02
1.002739536768662134e+02
8.165129038467323142e+01
1.336047906323058214e+02
1.128808808010890203e+02
1.093559382247433689e+02
1.025342824243530799e+02
9.950930363358884279e+01
8.967223458853524676e+01
1.134079994951076742e+02
1.109707174433753067e+02
1.038663354359456008e+02
1.063973649768531686e+02
9.473735317076119600e+01
1.266042374445041645e+02
1.173754387479523444e+02
1.159292132637154253e+02
1.063854779838015361e+02
9.203553758441843513e+01
1.037582835146139644e+02
1.008313744671940242e+02
1.073860799551075189e+02
1.155060687850780567e+02
1.124086768023532130e+02
1.151751582478948706e+02
1.344963837897643373e+02
1.047591954410959261e+02
1.054967288920526727e+02
7.012492621900916845e+01
1.199437007117181366e+02
1.013880884478998468e+02
1.245201912814895024e+02
1.070665424300320012e+02
1.117491700407742172e+02
1.188704286701543253e+02
1.148177009680761387e+02
1.178695426029525493e+02
9.680097457607242006e+01
1.099222974568383790e+02
1.177059597400815250e+02
1.059922660926232965e+02
1.068904284327245193e+02
1.168123069969632866e+02
1.079213700560412263e+02
1.207263320932744506e+02
9.955211138943684546e+01
1.070709202127372208e+02
1.174338775760922573e+02
1.046687315208835258e+02
1.029957623825119697e+02
1.127145506141360727e+02
1.035131231490272938e+02
1.164686382102138396e+02
1.073141486860171483e+02
1.126268444397378659e+02
1.039647963123514529e+02
8.452205378246645751e+01
1.097593235370914755e+02
1.262782120131483197e+02
1.030819074505570256e+02
1.058122345417402386e+02
1.114933745580179476e+02
9.910158658114569619e+01
1.105266559065205740e+02
1.068809354626731789e+02
1.038938112270444947e+02
1.401858296903814107e+02
9.955170378256845254e+01
1.015511287505868694e+02
9.812300750026169283e+01
1.124157629230122524e+02
1.036409094859424300e+02
1.187706154658031323e+02
1.085053389096465537e+02
9.346620763195124937e+01
1.196170097907721441e+02
1.004806048976266624e+02
1.057107907739060551e+02
1.280314621887265787e+02
1.216176775346921488e+02
1.063945337810316829e+02
9.680524773373697656e+01
1.000225823646895407e+02
1.051832845576341668e+02
1.017694691804973246e+02
1.142435483514953205e+02
1.025103435334261803e+02
1.288997458089594943e+02
1.076194398272764232e+02
1.159375846646007773e+02
9.059791097065739507e+01
1.243391467305255844e+02
1.106508301936144676e+02
1.020501630270631352e+02
8.605624026829165985e+01
1.148002109722855693e+02
1.287965494765238361e+02
1.154579656891779962e+02
8.664284889743717599e+01
1.257193782174903447e+02
1.217621560821373237e+02
1.376098522304069149e+02
9.512947127352137500e+01
8.642094263204332094e+01
1.034862884637344251e+02
1.091684548944870556e+02
1.319939471374763116e+02
1.035640782221753255e+02
1.061579732306294943e+02
1.031342292736203063e+02
1.019896763163643101e+02
1.086787189205266770e+02
1.041118170871313993e+02
1.185415046708175595e+02
1.119759218843162643e+02
1.144445745475676688e+02
1.031059842210083133e+02
1.037867780678106726e+02
1.108940161644037090e+02
1.227267383185967446e+02
1.071253321298760284e+02
1.069779903932472394e+02
1.146602352806394549e+02
9.187167619725721579e+01
1.122005806828517080e+02
1.148697889281195188e+02
1.012586445326546567e+02
1.104651873433653009e+02
1.110963651206930365e+02
1.088682790930285904e+02
1.100766837530588589e+02
1.046312851964888182e+02
1.130380731646633024e+02
1.026255750612965301e+02
1.152181341971932227e+02
1.185572174916344039e+02
1.023605726346531526e+02
9.962304480964971276e+01
1.322352420656555694e+02
1.097805815753642804e+02
9.699048777571495350e+01
1.036421018835491878e+02
1.091707154116433713e+02
1.152836040510461970e+02
1.171424379995970213e+02
1.145973912343315533e+02
1.126327685558276244e+02
1.094729853480139639e+02
1.146273193546517462e+02
1.247698324760166741e+02
9.578555324515913583e+01
9.761871649340366730e+01
1.225950077501663031e+02
1.082329942641617464e+02
1.280522435078808030e+02
9.593631294216608296e+01
1.187789019604825427e+02
9.643017659029140987e+01
1.010914257501310942e+02
1.082518964243356976e+02
1.310573489293756779e+02
1.195045329517974011e+02
1.005442863015399553e+02
1.146007058597049024e+02
9.909395507135364767e+01
1.105793772654966176e+02
1.104640004971734726e+02
1.076593218547351967e+02
1.130029286546697733e+02
1.007446636200500052e+02
9.457796545108929820e+01
1.099128543304344134e+02
1.296506117532149744e+02
9.760843890438248138e+01
1.145688849206817395e+02
1.159136915716336489e+02
9.620158101606587309e+01
1.164407736189426714e+02
1.135121320264764080e+02
1.021838469139297416e+02
1.113788446956290841e+02
1.271032222455227725e+02
1.119431703939974057e+02
1.046418412350961944e+02
9.945154392346462657e+01
1.102808507535407188e+02
1.208286775326431410e+02
1.011658588615193111e+02
9.686175520132228201e+01
1.038441558723280025e+02
1.223883893265033436e+02
1.016619426053897683e+02
1.023279759338303023e+02
1.145636601204186320e+02
1.113331783330005749e+02
1.092486077634359418e+02
1.166073992107931900e+02
1.052987861529018829e+02
5.178866210294084738e+01
1.370885207528521619e+02
1.130254912143246031e+02
1.156792946906867172e+02
1.168962026233137550e+02
1.197083208998983110e+02
1.261563283443163215e+02
9.693456603781251602e+01
1.122981512917878177e+02
9.808435504057716514e+01
8.850107185516762343e+01
9.523946983108663744e+01
1.013838593089635083e+02
9.767649815104935840e+01
1.253018103511621604e+02
1.166819798049974821e+02
1.121351007709285170e+02
9.300034846599689331e+01
1.068397181138395098e+02
1.084126770870448553e+02
1.080945328588463781e+02
1.289605488621549512e+02
1.088348466652238073e+02
1.121344923738664363e+02
1.096351808345551575e+02
1.137100127792443658e+02
1.027617634535351385e+02
9.569045180578599741e+01
1.212662276638066317e+02
1.204343296657660574e+02
1.005537514446655649e+02
1.162459064040111514e+02
1.087894755897368810e+02
1.000625906844862669e+02
1.108113432731003343e+02
1.068478668121957895e+02
9.840715483635962357e+01
1.203271750750386957e+02
1.027847593249489648e+02
1.022821167961874238e+02
1.195654029372673079e+02
1.180130687196183885e+02
1.079134322519138323e+02
1.068886232259264801e+02
1.226900919895722382e+02
1.006612616361208836e+02
1.116641130426817057e+02
1.149169124423799531e+02
1.113054062964039019e+02
9.058048942872731857e+01
1.082805905200794143e+02
9.733627348998216178e+01
1.077294783560917324e+02
1.178144846287258076e+02
1.130562511828059655e+02
1.109961307816241316e+02
1.274354035793893587e+02
1.185737317865879703e+02
1.105641038808802392e+02
9.731646531376192399e+01
9.191226352062594174e+01
1.067987699154274566e+02
1.269950152567072479e+02
1.049890104304791549e+02
1.026623529624138627e+02
1.010555805906673328e+02
1.076829445368273781e+02
1.138154123722773221e+02
1.173756947309484815e+02
1.018023563508236293e+02
1.043259231818460364e+02
1.193970207309475455e+02
9.897826261154941108e+01
1.145460326099038610e+02
1.005785524204981698e+02
1.077112759544157541e+02
1.145920409792249046e+02
1.168115116741081181e+02
1.069767421270539529e+02
1.101039769324301432e+02
1.132410687489406058e+02
1.037947942638657679e+02
1.118267723298106944e+02
1.068702515870531897e+02
1.177342902492207060e+02
1.015035582960389320e+02
1.190448977472178314e+02
1.023817599818026451e+02
9.463620658981788836e+01
1.210839859463728629e+02
1.034589823408345381e+02
1.134163915102711258e+02
1.240378708495529878e+02
1.018672233038044226e+02
8.359830015946670301e+01
1.219207508950999568e+02
1.033624380678509880e+02
1.163274159249955488e+02
1.144853913779176509e+02
1.234701718046129741e+02
1.086560592398964644e+02
1.114348564368156502e+02
9.478480147374874321e+01
1.198598157183692479e+02
1.008838592593806709e+02
1.153344131776200499e+02
1.012525666651448830e+02
1.203018775709305430e+02
1.157234951087931876e+02
1.148877207775828140e+02
1.056589221871727204e+02
1.028180542314529902e+02
1.110404905908101796e+02
1.001870702424142650e+02
1.012411751949258161e+02
1.265029162634448596e+02
1.142532508043196913e+02
1.226063242760059353e+02
9.783472041052294799e+01
1.185931085262124469e+02
9.629652439852957002e+01
1.007262418958029002e+02
1.199276210512971659e+02
1.237832964756233878e+02
1.037342354126448782e+02
1.194187181526784229e+02
9.525317729161108105e+01
1.099086768406867520e+02
9.667290343945535369e+01
1.129838188866349071e+02
1.157731456087635848e+02
1.073139760925489412e+02
1.048790891860003569e+02
1.035783315609650117e+02
1.117034994428052670e+02
9.976270646457324176e+01
1.115595078870519643e+02
1.127457878071519843e+02
8.788622999571582284e+01
1.224450765011876996e+02
1.189765333224503934e+02
1.081818650921369596e+02
1.021014025300935941e+02
1.045261695836505709e+02
8.679788255302284483e+01
1.056132709906901539e+02
1.450935533984711014e+02
1.258251619285570229e+02
1.061269860992736653e+02
1.103736625367100999e+02
1.168032157138320599e+02
9.395900975841136926e+01
9.958838787653191105e+01
1.126851580733598723e+02
1.192130853305330334e+02
9.495615237787227159e+01
1.150002532016394667e+02
1.239016478373127228e+02
1.011278991104580598e+02
1.023150694137039523e+02
1.038868886997215810e+02
1.003222736519831244e+02
1.128943035042069880e+02
1.199744653691821412e+02
1.146047725814226368e+02
1.044548172085881390e+02
1.029414280203926921e+02
1.354495066332580961e+02
1.120180149406120904e+02
9.322779005786978246e+01
1.024387841198106202e+02
1.043017995518711274e+02
1.072209235094869655e+02
1.020570300160254931e+02
1.173421211673414746e+02
1.062552642390224094e+02
1.040224352285290479e+02
9.690964830663250495e+01
1.074713844780116290e+02
1.053898242954516036e+02
1.337491049534986871e+02
1.015298839225605292e+02
1.063866758260421932e+02
9.858527911396849674e+01
1.201745900420785489e+02
1.113219063697649460e+02
1.151961593052200641e+02
1.149717639659522348e+02
1.095014282523209914e+02
1.203337891785955662e+02
1.004533814522850292e+02
1.212888869016431101e+02
7.896929252355357676e+01
1.219816636390311260e+02
1.180643830648575090e+02
1.068632922979887354e+02
1.000514800619998539e+02
1.065594645303110610e+02
1.010070523345121103e+02
1.151915092020443581e+02
1.010400636182948091e+02
1.076493100482046259e+02
1.083816072300547688e+02
1.128276613785808564e+02
1.111625529146277103e+02
1.110546401171733635e+02
1.232425901823871897e+02
1.152763920094667185e+02
9.362425296245308459e+01
9.753339860256146210e+01
1.248807099462134573e+02
1.242355573901411816e+02
1.145708456598712814e+02
1.012709926733975578e+02
9.313048850076999940e+01
1.156017005481265301e+02
1.036591822251417057e+02
1.120436967613963759e+02
1.088650991133333576e+02
1.019365248403139077e+02
1.232025482461028218e+02
1.012228814413201547e+02
1.083232034985315551e+02
1.066819489939199741e+02
1.081638507162367659e+02
1.196859510716195558e+02
1.117766219848665656e+02
1.059145736745026625e+02
9.988928336906110417e+01
1.151586561794864707e+02
1.078928762895893101e+02
1.044890520845954569e+02
1.224416091362212882e+02
1.114454287225213989e+02
1.086914473263264114e+02
9.858694761159864584e+01
1.127942819479084307e+02
1.200362585491834722e+02
1.039707043475087147e+02
1.085750144021843084e+02
1.153810859397931665e+02
1.133220440199885246e+02
1.088029817913551369e+02
1.083551763940354249e+02
1.020662867578230930e+02
1.070323528575369494e+02
1.028544326893603511e+02
1.122298987152233423e+02
1.175530591671833918e+02
1.009663659475069579e+02
1.162069706240340707e+02
1.107099505943238000e+02
1.097553553810091813e+02
1.161953221015290865e+02
1.041226747275508870e+02
1.042591091958127691e+02
1.110108908872236810e+02
1.026621273739032745e+02
1.271839875606508912e+02
1.123259017123270240e+02
1.039667574282364058e+02
1.063394237228603174e+02
1.026100543944457684e+02
1.101011921544989320e+02
1.082581555448644792e+02
1.205498556233521441e+02
1.139360138598507746e+02
1.113397391025021932e+02
9.149398391680618658e+01
1.232449987886213165e+02
1.032208728557469044e+02
1.094275343717515625e+02
1.061807543477533358e+02
1.104524280145461148e+02
1.018511517725332141e+02
9.840167261544610255e+01
1.081111693637917597e+02
1.109786844212004127e+02
1.131808701170781859e+02
1.094945002808302377e+02
1.153699693185551496e+02
1.180223029118638891e+02
1.108233277680333373e+02
1.120682610888930952e+02
1.126665174138880445e+02
1.067363371377500556e+02
9.383475057289641086e+01
1.127060708246152245e+02
1.178297864815922793e+02
1.010797542235615225e+02
1.011956377357670362e+02
1.182150399852956895e+02
1.125725504624325026e+02
1.041623004655369726e+02
1.026128144503251463e+02
1.135358649336626513e+02
1.052532339772214556e+02
1.093595860193080398e+02
9.384347354313328538e+01
9.384168437146054487e+01
1.071196007868527857e+02
1.163781470639586502e+02
1.222328347672870450e+02
1.092592768217572541e+02
9.984182878569589548e+01
1.195513739412600529e+02
1.266831766739424552e+02
1.031739870931348833e+02
9.952484478078223162e+01
9.626013646352325281e+01
1.257755866106211471e+02
7.874678269318921764e+01
1.266047336369351086e+02
1.047277725988717236e+02
1.137323753462060836e+02
1.116211468702884844e+02
1.163727778965244966e+02
1.137533447779077562e+02
1.075276705416291065e+02
1.175986647193488750e+02
1.044378763950518731e+02
1.162772460048916940e+02
1.047568065887507061e+02
1.129556465634382789e+02
1.029096262373889061e+02
1.091592354643182148e+02
1.101050820844460816e+02
1.084589009709030449e+02
1.015983955591808012e+02
1.150702328929810960e+02
1.048976748175013967e+02
1.227156637937275434e+02
1.009519230728223107e+02
1.229160350283786158e+02
1.283903050328075324e+02
8.988799990722567657e+01
1.043890693748042793e+02
1.090256626983819501e+02
9.342557572902909158e+01
1.079818635647557414e+02
1.148117869473434780e+02
1.213149757549999066e+02
1.040251396348393484e+02
9.677865448325640330e+01
1.089573422173642427e+02
1.088528117367962977e+02
1.120230896077771661e+02
1.122968775121751719e+02
1.095607521845181793e+02
9.016291749733156280e+01
1.212697249126715775e+02
1.214556928807162421e+02
1.132735094885741347e+02
9.028394042102938499e+01
9.396864485878522544e+01
9.560244648472237827e+01
1.445063636614348468e+02
1.079812492245138600e+02
1.221878779002667699e+02
9.396401675897811856e+01
1.122739684870804950e+02
1.047903890291316173e+02
1.013661525007351543e+02
1.140884771042932471e+02
1.147059680675812388e+02
1.084404947562199624e+02
1.210993390307146171e+02
9.953041968490263969e+01
8.918197848902579494e+01
1.098487659259676974e+02
1.086644112725793860e+02
1.279037027952463177e+02
1.322656220851204694e+02
1.082611821778204728e+02
1.085506494751703030e+02
1.099317128350969881e+02
1.027797003924590484e+02
8.422977031246001900e+01
1.264109526891874395e+02
9.876002684470060444e+01
1.131595485749365082e+02
1.111681536910759434e+02
1.024215605992942670e+02
1.028483900457756448e+02
1.032192425594064389e+02
1.099496944316088758e+02
1.204729922782944271e+02
1.203282819321803458e+02
9.333510664863332806e+01
1.128314219665756895e+02
1.057410282199660685e+02
1.106559247224568452e+02
1.123544510380812937e+02
1.219140432247635744e+02
9.818427253626560969e+01
1.123051440666645533e+02
1.071973727635431715e+02
1.055122868508372278e+02
1.113940154783065282e+02
1.117583849170947730e+02
1.101406826768692753e+02
1.045074085052065982e+02
1.068735578411541525e+02
1.230896934434252898e+02
9.953452173427967864e+01
1.139777868086286361e+02
1.131217632106077389e+02
1.014205858126794197e+02
8.534697809839686045e+01
1.075893711677040017e+02
1.342475043925981879e+02
1.108888859667297595e+02
1.286129160133652647e+02
1.010134155668869909e+02
1.010926901532499045e+02
9.777163624743838000e+01
1.135459855368351469e+02
1.033311380041370455e+02
1.111323445332229198e+02
1.106438623617412986e+02
1.082305467889774206e+02
1.332067923053664344e+02
8.870133620843070332e+01
9.231581000436391093e+01
1.068907448109093821e+02
9.935144222404005632e+01
1.621429923956324615e+02
1.333599147543264110e+02
1.263984608490336399e+02
7.957958172642086936e+01
9.257096316500883404e+01
9.002887987885817722e+01
7.364034077179528026e+01
1.107061471785488180e+02
1.179829134616903872e+02
1.053935278655239074e+02
9.774273935774851907e+01
1.165472721862118561e+02
1.325462556169495087e+02
9.944631841027602093e+01
1.038278770407870155e+02
1.010142396888795417e+02
1.182707093041236277e+02
9.726576533541256708e+01
1.158480937583168213e+02
1.147074594544691166e+02
9.682687700417947951e+01
1.152050032512937605e+02
1.096835425219569373e+02
1.127707416312019433e+02
1.132768727570117022e+02
1.142407168935352217e+02
1.046330812034332638e+02
1.051760945917159944e+02
1.166476503663636777e+02
1.049496976024284720e+02
1.171549758846901597e+02
1.070970458569822767e+02
1.164557639109978453e+02
1.017613667756367306e+02
9.756447453820769056e+01
1.072122270471065519e+02
1.077098639207890898e+02
9.739956444108794642e+01
1.149030373423544944e+02
1.038745839827131050e+02
1.215533154317958662e+02
1.078433484791816710e+02
9.832014965034743170e+01
1.098897820827996270e+02
1.023530784926553423e+02
1.062753392406370523e+02
1.054893818380813997e+02
1.109348201023338589e+02
1.195796116358251027e+02
1.108646000106763410e+02
1.006232783798988493e+02
1.040309563494647307e+02
1.125343353421075676e+02
1.288838619628360789e+02
8.727035746552179774e+01
1.122884273749749440e+02
1.087982306329888758e+02
1.210548561681664808e+02
1.343700431595005682e+02
9.264662398569002733e+01
1.167637492054242472e+02
1.121005248817626807e+02
1.159467553576612886e+02
1.081039561647417599e+02
9.859609913087446387e+01
1.038092425936095538e+02
9.237651800966004600e+01
1.186228076966894207e+02
1.030292337162333496e+02
1.051389574803793465e+02
1.166032280978648146e+02
1.185882331975457191e+02
9.114386997975311999e+01
1.140745861367553857e+02
1.274645515662763984e+02
9.749832870607960444e+01
1.128634466458435952e+02
1.009129471670289036e+02
1.016684959740564409e+02
1.126851163952425594e+02
1.275331028200385504e+02
8.981848539777121232e+01
1.091490184377991852e+02
1.256990039647015465e+02
1.048489778148863252e+02
9.922900936098490376e+01
1.195077726612951921e+02
9.976792436908183959e+01
1.257211561274712466e+02
1.231691346979703923e+02
9.593707395074646627e+01
1.030738273812112453e+02
1.053207999828455996e+02
1.151836769465201371e+02
1.301639058396185646e+02
1.032390218778559046e+02
1.157999384037197501e+02
1.227150673181867262e+02
1.016531068909025493e+02
1.044433367471873169e+02
1.021676368016459833e+02
1.079453979308509304e+02
1.024387334399320935e+02
1.102963672271211806e+02
1.053704591654784508e+02
1.138556530939988534e+02
1.099754748262807738e+02
1.139506459398118210e+02
1.120377058564927069e+02
9.313692173170429101e+01
1.081887640739206375e+02
1.057401778051137171e+02
1.157945676214622637e+02
1.197721803686513198e+02
9.579277206428569968e+01
9.560729166666766332e+01
1.216011101702532358e+02
1.170769652832512406e+02
1.058625576834058251e+02
1.190898962541965602e+02
1.206199907498912438e+02
9.168753667906078419e+01
1.076116045787047852e+02
1.206188551112677914e+02
1.065988068928252375e+02
1.084973639381969122e+02
1.226711748209254722e+02
1.222966693943258463e+02
1.015962335923748014e+02
1.236451601515464773e+02
9.379125619316771179e+01
1.293282747185009782e+02
9.834278332340345230e+01
1.029663528744985257e+02
9.834021576480456872e+01
1.098219060821462989e+02
1.171663861455458715e+02
1.017294005119395592e+02
1.068354182439385056e+02
1.067111223699627374e+02
1.124378616122203454e+02
1.114948142347706010e+02
1.143647794171239127e+02
1.187093000557975842e+02
1.048845660902574224e+02
9.536087148493083987e+01
1.097448760157132028e+02
1.137161077245584693e+02
1.116238320581307306e+02
1.186552041168581439e+02
1.163960570988097487e+02
1.039791212217443643e+02
9.575899733112539991e+01
1.014518745069580490e+02
1.079904463071307390e+02
1.174934819743668868e+02
1.249313452959122799e+02
1.026394427720731244e+02
1.046435989953938588e+02
1.210442985145804471e+02
1.000247605407834612e+02
1.121282640618055240e+02
1.183078909548883644e+02
1.184074613872082864e+02
9.927975505933102340e+01
1.083749563265622555e+02
8.186669632055451018e+01
1.278051685448007930e+02
1.374221760296744606e+02
9.795702656797440966e+01
1.125479678043632106e+02
1.081542538680122050e+02
9.542339799175768178e+01
1.281616008102623141e+02
1.134228671449030514e+02
9.746093254796763006e+01
1.162177024643525840e+02
1.180853597217613640e+02
1.079000030694736409e+02
1.188602576390557033e+02
9.455887617938272172e+01
9.865588030070561842e+01
1.070859308744659160e+02
1.069057915659889062e+02
1.080948328845598212e+02
1.072226270835302131e+02
9.826226455060967169e+01
1.303180134849459648e+02
1.229941879623922318e+02
9.728966619284084061e+01
1.035272322985765499e+02
1.015841309278285109e+02
1.231167072404157494e+02
9.554957136678855534e+01
1.253255124553723903e+02
9.527445330400914258e+01
1.085851652737043338e+02
1.114822136532429084e+02
1.114350846125125827e+02
9.882036735878305933e+01
1.311997508893014697e+02
9.770270775969049737e+01
9.764513585777223170e+01
1.298437955989646184e+02
8.679599799032942542e+01
1.124626784286728451e+02
1.025160133525980370e+02
1.143073209483034276e+02
9.922328527131077180e+01
1.077745414730615892e+02
1.170049481172461014e+02
1.081685129968081043e+02
1.086419464612340278e+02
1.055370207302067058e+02
1.081772161028263071e+02
1.253477000053325412e+02
1.004145577941799132e+02
1.078013590437641369e+02
1.031943569772918181e+02
1.085180092997720323e+02
1.177667797516940169e+02
1.048040188485661730e+02
1.077481273607538412e+02
1.135129329368878217e+02
1.218794091901357035e+02
1.002243639260715895e+02
9.436509464404481662e+01
1.109999439487995545e+02
1.193402656320536579e+02
1.073070043491422041e+02
1.135636340192984193e+02
9.654779444870915484e+01
1.082535322604632171e+02
1.196205143007873772e+02
1.156557459117961031e+02
1.008766515494727543e+02
1.083731342307907397e+02
9.159480170933272802e+01
1.135679277066379314e+02
9.532151839028256290e+01
1.255404596840808296e+02
1.160664153789581121e+02
1.265521878291229143e+02
1.065194309108044308e+02
1.245154991794960324e+02
1.279084126750389743e+02
9.972565019753284332e+01
1.064658693449504057e+02
1.051588759007821778e+02
1.064143798135811494e+02
1.104491032487979396e+02
1.144352636010515454e+02
1.090345495742583068e+02
1.206352930874922436e+02
9.885325219024612409e+01
1.099111800343987824e+02
1.007186683017257707e+02
1.029093628358011046e+02
9.992332514011886246e+01
1.290661276541587199e+02
8.806884385325605535e+01
1.219289229708873279e+02
1.386630627130697064e+02
1.158444683102491979e+02
9.906497168174674073e+01
9.145463399693761630e+01
1.063700918405231306e+02
1.089277371235076828e+02
1.092854712699678288e+02
9.884921199940461634e+01
1.134421997375099380e+02
1.189767883883424702e+02
1.013194407359049762e+02
1.097873634618307648e+02
1.210188938553426254e+02
1.081428632042301246e+02
1.238159710493469419e+02
9.143497452274777970e+01
1.111569790085194853e+02
1.019736634785054434e+02
9.842331142742565930e+01
1.012646472370822295e+02
1.289634074120295963e+02
1.123685320357729438e+02
1.165002264057205963e+02
1.222331722911860368e+02
1.083670601729777303e+02
1.088136781921176350e+02
1.187960578534241876e+02
1.065235017421331918e+02
1.055319748038027257e+02
9.548185259068762321e+01
1.178140077491332676e+02
1.118798257491529995e+02
9.486976269546917706e+01
1.168342501057037737e+02
1.148235385537056175e+02
8.749189747714254395e+01
1.149612384843268558e+02
1.097430317653472969e+02
9.972611634043994400e+01
1.056579366151451325e+02
1.289667256294275148e+02
1.022561140408258211e+02
1.029137925574444665e+02
1.425858183516494364e+02
1.057953279959778286e+02
9.784939359188116725e+01
1.014709129690440079e+02
1.107697145784393769e+02
1.181592512764985372e+02
1.001537398157040428e+02
9.947929366374339111e+01
1.141903781300572263e+02
1.147836927298381653e+02
1.027872208472622333e+02
1.176418687118019761e+02
1.088106067929239487e+02
9.214627742664865195e+01
1.233217145999624336e+02
1.118021370315622391e+02
1.149521161008469647e+02
1.166840394004175465e+02
9.671375746411631269e+01
1.004270484166768540e+02
1.135979529562211638e+02
1.153797697443868344e+02
9.536947971297470872e+01
1.141489628850643641e+02
1.074713839280478851e+02
1.021375757686984684e+02
1.061211005214602494e+02
1.263780615490731662e+02
1.118944396086102273e+02
1.193933319480761668e+02
9.577915170432335401e+01
1.250844423033806265e+02
9.792235448976337864e+01
9.531591451043792063e+01
1.063632410783397972e+02
1.259879972615863863e+02
1.122097915560763823e+02
1.042558200808279025e+02
1.092824004813614494e+02
1.031761118705960882e+02
8.982849927297920090e+01
1.170527006207292544e+02
1.306908605370725240e+02
9.042430060874529829e+01
1.239698189217380957e+02
1.210148383378774213e+02
1.129228020964665404e+02
9.035227031763432137e+01
1.094953365528747469e+02
8.995646728695926697e+01
1.038460242812842864e+02
1.204449504241971312e+02
8.438075951097991378e+01
1.064978802123538770e+02
1.064927582677192959e+02
1.161484561029631806e+02
1.213926922655603704e+02
1.150511300336179090e+02
1.148248704113660779e+02
9.505124000425396957e+01
1.048825509185533775e+02
1.210927120721160577e+02
1.195545831842589450e+02
9.735404370724366174e+01
1.353466509817826307e+02
1.002167963865511524e+02
1.020319488967264050e+02
8.686347902048817105e+01
1.244079118576855052e+02
1.171544584002306522e+02
1.114091010144519487e+02
1.034003526879988470e+02
1.089894920513026904e+02
1.001142578788183926e+02
9.231708762576923277e+01
1.297677965463972498e+02
1.123006223622297171e+02
1.150292439057807883e+02
9.681439663822379771e+01
1.115852404835283664e+02
1.076888350025649714e+02
1.057509373701306714e+02
1.094455914931577780e+02
1.027338511347041248e+02
1.129168021774476642e+02
1.176166648197390856e+02
1.079939442194404222e+02
1.104625872446469828e+02
1.302944964722984196e+02
1.140709389721646687e+02
9.402593875696251757e+01
1.160324241117705668e+02
1.242770833297393267e+02
1.035184312956409656e+02
1.104133720769288516e+02
1.138565478800223048e+02
9.744344978239416832e+01
1.061512629083728143e+02
1.103634264936927138e+02
1.062893990177536807e+02
1.086857421445574232e+02
1.165642940458592847e+02
1.174307966921988395e+02
9.625517573710666852e+01
1.230233644925691436e+02
1.121871276434248870e+02
7.565270885174292914e+01
1.233090600526526259e+02
9.218075412141665481e+01
1.139196340247779915e+02
1.105079299757414759e+02
1.020519038596456340e+02
1.007513810890163057e+02
1.161058619672708261e+02
9.611053130271152156e+01
1.299709694005491372e+02
9.818232421858780867e+01
1.353950528153062010e+02
9.663102104176620344e+01
9.995152524377566294e+01
1.156711939683082875e+02
1.112222303915845174e+02
1.209254599989955210e+02
1.043134187066691254e+02
1.093695256293448779e+02
9.686935700199637722e+01
1.133373745851857421e+02
1.061965583945516727e+02
1.240102668500429104e+02
1.036420722473430374e+02
9.735440443734569271e+01
9.843325945204736627e+01
1.318126326609109071e+02
1.137899289685597353e+02
1.051466188197208993e+02
1.322547860497297734e+02
1.039474290345666105e+02
1.044392706378669828e+02
1.040428156330856808e+02
1.069983975558244111e+02
1.012759130862109060e+02
1.047995719636407728e+02
9.695806148660764734e+01
1.065246988432622288e+02
1.095508226318742828e+02
1.228911552327807755e+02
1.124857271466286335e+02
1.045773392911876414e+02
1.143334303589752352e+02
1.111067290189630512e+02
1.129029933781054922e+02
1.019769772763759619e+02
1.111032916202854892e+02
9.869541367545467381e+01
1.054925292215630179e+02
9.111931100006023598e+01
1.219222161419934736e+02
1.088016357981845346e+02
1.223375010855089187e+02
1.065253596430132745e+02
1.118808139888609361e+02
1.037041914734334824e+02
1.164004220115473487e+02
9.835174839266034041e+01
1.094637921305822772e+02
1.179329725375237103e+02
1.035360529431261654e+02
1.112371063578813448e+02
1.098678665418088656e+02
1.066094091666857508e+02
9.049855115301409114e+01
1.176494450750768976e+02
1.007165412739990131e+02
1.277452167434612988e+02
1.109358420137246242e+02
1.157625746686782122e+02
9.831324100251291043e+01
9.274373459203546588e+01
1.074511236678082042e+02
1.309208411853950906e+02
9.911457563768448153e+01
9.595244628896379879e+01
1.178497023450190255e+02
1.134808806030572867e+02
9.843611101441582889e+01
1.289632923342933566e+02
1.144534725026146305e+02
1.027117218985249281e+02
9.915272291856229003e+01
9.971688785999241134e+01
1.341946552854325319e+02
1.022647178267623644e+02
1.239857936377835586e+02
1.121194228090852505e+02
1.106453717249485464e+02
1.146909117755699441e+02
9.364569642659634496e+01
1.322040490633996512e+02
1.102781208039089194e+02
1.076541052952172350e+02
9.643761289700933048e+01
9.810121276092050380e+01
1.103156032207603516e+02
1.028482281833489225e+02
1.106337981011342748e+02
1.133334589575080571e+02
1.191456894404438174e+02
9.761125439359719280e+01
1.112245083226617481e+02
1.222360438191618357e+02
1.018734129835886364e+02
1.139659987303243724e+02
1.002486863684128338e+02
1.034785038024300547e+02
1.034459821952448948e+02
1.134766126752703599e+02
9.760230590422202113e+01
1.306606151495167580e+02
9.418906146341122110e+01
1.113472926772505929e+02
1.229003976055881822e+02
9.690790796283943109e+01
9.448021511222121660e+01
1.249178554528566423e+02
1.144387837363817226e+02
9.644722341432864710e+01
1.020711035401805020e+02
1.182044251725588708e+02
1.175372000778534840e+02
9.317881824981419925e+01
1.109380919662488338e+02
1.112979178226714083e+02
1.082317706724608541e+02
1.099842631112668414e+02
1.038429802503921309e+02
1.154659655822183595e+02
9.688700807619557054e+01
1.209865745004809412e+02
1.015156514198588980e+02
9.435662303838626030e+01
1.065774604986863636e+02
1.240378097512636089e+02
1.231968586476843228e+02
1.019910678088061644e+02
1.133100424603659917e+02
1.136340442369463517e+02
1.143639005963845818e+02
8.656524497750200453e+01
1.177038419066636834e+02
1.079681160424045316e+02
1.061433472344171918e+02
1.091809844079966751e+02
1.227983099376259872e+02
1.247006380728483776e+02
1.109823601134382614e+02
1.213281665427129639e+02
1.084870781544065466e+02
8.828442918149465868e+01
9.867791736468498698e+01
1.029158464676730489e+02
1.014696545087413142e+02
1.120905645066651743e+02
1.105593157282936403e+02
1.144366579777224473e+02
1.180038519387778422e+02
1.272876500644788678e+02
9.698592496812901231e+01
1.078598016668862840e+02
1.006854128808359832e+02
1.113171018124577216e+02
1.106176091998393076e+02
1.147167164588681487e+02
9.704143487890520703e+01
1.158880994591720253e+02
1.136877216095595173e+02
1.119643261032083501e+02
1.018968613996215424e+02
1.168811115185378071e+02
1.129159671847166209e+02
1.084838500828714984e+02
1.108612792585453803e+02
1.094607977501161002e+02
9.618318122763321298e+01
1.206064872410694164e+02
1.035622676797565873e+02
1.057000846687004696e+02
1.061378219996822736e+02
1.124065496868732197e+02
1.074710595211131334e+02
1.106248883318626071e+02
9.337403436774911825e+01
1.158753563584516399e+02
1.046126636423487355e+02
1.127879819271430080e+02
1.176384432830923572e+02
1.028667674070750024e+02
1.276877197530178307e+02
1.051437745880929384e+02
1.026923070639935105e+02
1.214282966716259153e+02
9.904513413167309466e+01
1.316683529069189831e+02
9.066963186190369584e+01
1.045436975823239862e+02
1.174671848065491560e+02
1.076175757010887537e+02
1.000883041104619053e+02
1.049230405643701118e+02
9.974561779921806703e+01
1.190793396711008398e+02
1.108107205468231911e+02
1.224655844493828738e+02
1.158254096982477108e+02
9.402980436175832324e+01
1.053216261040936246e+02
1.052171587327643607e+02
1.290813177752716854e+02
9.659504174482640337e+01
1.060133797712636721e+02
1.001998677640358011e+02
1.122182374272330492e+02
1.103379983689530803e+02
1.246902459231565103e+02
1.144047111654728752e+02
1.052114787024793543e+02
1.002216819929010825e+02
8.891274894081041680e+01
1.223678449296307349e+02
1.009186352172637271e+02
1.246346757946541004e+02
9.270206738906621524e+01
1.140729136014407459e+02
1.147065394222288575e+02
1.083381824417784571e+02
1.054815923326025882e+02
1.109489525831164798e+02
1.052792646904045171e+02
1.159810269616145035e+02
9.888035868937745931e+01
1.187327658233649146e+02
1.036758275314469699e+02
1.061604971231575831e+02
1.343853821710559657e+02
1.024200906670125022e+02
1.085644878165310701e+02
9.752724999185542742e+01
9.938438039994474593e+01
1.160168691094819167e+02
1.124647595165018004e+02
9.544344143609779962e+01
9.359291288455486324e+01
1.282464373779113487e+02
1.141521127340931798e+02
1.179770104929460501e+02
1.124116316129959046e+02
8.494084804644619169e+01
1.195551339377989279e+02
1.048998037982984499e+02
1.024290146312330023e+02
1.050830826345536053e+02
9.867538329908099115e+01
1.210212868442854983e+02
1.009805384909911652e+02
1.244694471736863903e+02
8.486427203499832217e+01
9.770641844811937915e+01
1.276953710335054240e+02
1.313002997881445992e+02
1.204193166183140846e+02
9.618486625152996794e+01
1.139711701324207809e+02
1.081109825808710951e+02
1.156414488852616245e+02
9.943515133561172092e+01
1.087397610887233270e+02
1.174705649432710572e+02
1.194896827312189203e+02
1.109769595714457466e+02
1.016421603973139440e+02
1.157677373942685364e+02
1.099176063759056063e+02
1.148683512769736126e+02
9.301776017422562859e+01
1.163084492344676590e+02
1.086322586622710133e+02
1.021156122887772426e+02
1.101738426879768298e+02
1.221167596865563070e+02
1.009813067979364973e+02
1.145509068101021626e+02
9.436293656659417195e+01
1.071107896734510376e+02
9.588299815120201686e+01
1.264576521841888024e+02
1.167905741280126648e+02
9.402278592157443882e+01
1.176642667787018013e+02
1.132008240427033599e+02
1.163720050649054798e+02
1.099293376130927840e+02
9.549199597061381439e+01
1.136379653288109495e+02
1.075515868443024061e+02
1.133263263554462270e+02
1.352469459204739337e+02
8.654809195950390688e+01
1.036140503558826538e+02
1.037885336173189330e+02
1.087955889969520058e+02
1.147352636461754116e+02
9.230775363748904283e+01
1.213825808683530312e+02
1.249038151733056452e+02
9.944383878623007433e+01
1.057224681606820269e+02
1.206728348467140535e+02
1.012871680307259794e+02
1.147671125007110504e+02
1.003535505145875248e+02
1.132944603958149372e+02
1.023283971727479695e+02
1.016974896995389486e+02
1.079610373004950077e+02
1.167133963232664229e+02
1.236821093432136394e+02
1.067272557005701827e+02
1.010218383914755833e+02
1.004127757077268370e+02
1.205196594459792436e+02
1.141516595919762551e+02
9.111567024951690996e+01
1.136158370200834895e+02
1.150471281093740004e+02
1.148396232354513700e+02
9.426487039838794146e+01
9.696336611345782330e+01
1.057383468206727883e+02
9.547835376679395836e+01
1.490650593972913782e+02
1.321942077132201803e+02
1.044682957745884693e+02
8.939669837764611771e+01
1.039228317950656333e+02
1.215974953277621466e+02
1.008521589969793553e+02
1.227990317126206037e+02
1.245215756450900386e+02
1.039487729344780291e+02
1.062310614117827328e+02
8.968897390193544084e+01
1.003540513155780332e+02
9.605188434577007683e+01
1.347080944790324395e+02
9.632446642668602976e+01
9.775961497432238900e+01
1.188848334882038245e+02
1.137034725004802738e+02
9.597436256686192735e+01
1.175671428786959183e+02
1.213692625049829132e+02
1.148626468820829132e+02
9.994999370597287225e+01
1.049980747275814252e+02
1.272340470987586940e+02
9.615739061039910496e+01
1.122366384880393326e+02
1.243867094984242243e+02
9.472725879214740985e+01
9.849494083157723878e+01
1.213733414123513938e+02
1.075442167421028756e+02
1.072636211949089073e+02
1.052722886485726690e+02
1.073186397891850135e+02
1.132238817267290756e+02
1.196491660025312598e+02
1.137554522097921108e+02
9.770582923671372555e+01
1.037497438259806586e+02
1.285481439063414939e+02
9.900748251521976329e+01
1.022040113618768373e+02
1.285797078775721332e+02
9.827604893402607900e+01
1.274368747703241240e+02
1.015454713989212507e+02
1.139362605414210918e+02
1.331912750273869506e+02
1.072916542267279425e+02
9.836516295216540584e+01
9.164294510734009691e+01
1.035979174082005301e+02
1.268365829094400112e+02
1.257267904948307233e+02
9.468993083197402427e+01
9.957517562731162286e+01
1.035922421128628059e+02
1.211909528326474543e+02
1.081754551170277381e+02
1.077423650229957133e+02
1.031688525911383891e+02
1.143865247101323774e+02
1.143500488362301013e+02
1.111979274435689575e+02
1.058995510733246732e+02
8.765578987699996105e+01
1.167534256333137961e+02
1.059558724689547944e+02
1.259507601068821856e+02
1.134523608367562417e+02
1.051608936814134836e+02
1.006013655240459883e+02
9.769721980051262733e+01
1.122799607845538503e+02
1.054671265702416179e+02
1.120015246655955821e+02
1.253597413954428959e+02
9.622192814378365711e+01
1.056149613845280300e+02
1.215092218808947990e+02
1.075975633123505588e+02
1.016102133588314729e+02
1.157924372654874077e+02
1.264525141973170435e+02
1.097047224928197835e+02
9.579983355739955186e+01
1.133998148777217665e+02
9.894031629280777906e+01
1.079119194776658617e+02
1.098102147704115339e+02
1.136227103986917371e+02
1.122645924439374880e+02
9.582914242565455254e+01
1.191337828447412335e+02
1.242707302620018481e+02
1.179430702771077506e+02
8.891365728780925792e+01
1.065441605491053423e+02
9.981500948281934882e+01
1.103316102186543333e+02
1.043693072503315449e+02
9.284383081442184960e+01
1.462775386826595820e+02
1.002735230002550963e+02
1.245234924575170226e+02
9.698074957735214241e+01
1.154822370373828022e+02
1.157372589068132669e+02
1.034403687916179138e+02
9.788937641065808748e+01
1.234309334235473727e+02
9.962718693337919262e+01
1.052175810716318836e+02
1.032424456936997075e+02
1.172208145476529211e+02
1.050791294430648719e+02
1.030546264157109704e+02
1.281028560600931314e+02
9.943610282256489086e+01
1.075351288422541245e+02
1.024874996162441931e+02
1.089372625419600098e+02
1.083519232088833206e+02
1.164069749660216075e+02
1.121217759356841412e+02
1.103464125410408627e+02
9.779655469224347542e+01
1.114489205470627553e+02
1.012220207057954724e+02
1.017622755643041330e+02
1.330936040752873453e+02
1.278764694109593876e+02
1.163895378983214215e+02
1.134921488696570151e+02
1.324407679188154532e+02
1.051149953802910346e+02
1.040047543185630161e+02
9.655357057241285190e+01
1.121219932412855798e+02
1.021983836258922906e+02
8.552952424030755196e+01
1.018127632879419622e+02
1.070239506465724446e+02
1.402029737768657185e+02
9.826910944022375816e+01
1.160849130494370343e+02
1.103690496095617419e+02
1.166000902107601433e+02
8.854870900553316915e+01
1.143440030764107860e+02
1.254688909318146557e+02
9.937805875708563974e+01
9.373301950136611538e+01
9.939349399404532903e+01
1.409012004460486196e+02
1.158700265440567705e+02
1.040926496878685867e+02
1.033868385896369517e+02
1.024084493979754171e+02
1.021649190462930221e+02
1.161346311809422076e+02
9.904738578039251706e+01
1.238893477565357841e+02
1.099885597476659171e+02
1.082577478981511376e+02
1.057505336823034270e+02
1.023987440954197154e+02
9.682107981229279403e+01
1.282340106590002620e+02
1.137794808674650398e+02
1.097355852065375927e+02
1.354856952957611327e+02
1.066969934813954524e+02
1.100856545581781063e+02
1.098666578710592745e+02
1.219885552100468118e+02
8.867025001804415751e+01
1.026369036840889351e+02
1.164947891312651933e+02
1.054591329911804110e+02
1.007491575964835420e+02
1.159590889601777945e+02
1.134845504071861342e+02
1.230629788006736476e+02
9.902218402166747069e+01
1.048864575817053719e+02
1.152982352255210685e+02
1.181347283507890467e+02
9.023269455412481932e+01
1.210051114484617329e+02
9.868102832895068843e+01
1.042932351423165329e+02
1.194693371345005346e+02
9.992027842645630642e+01
1.130735539118472559e+02
9.247724380652704212e+01
9.496580204080648002e+01
1.049781178117105611e+02
1.145228248396087594e+02
1.264645498505339987e+02
1.137931821117880133e+02
1.234962074223866324e+02
9.575441986202072542e+01
1.451937311591921116e+02
9.973563001466631306e+01
1.009345445464398381e+02
1.257161803211486699e+02
9.495836733257652895e+01
1.208299734115092150e+02
9.840306380314687829e+01
1.118549697734590609e+02
1.135663800376256205e+02
1.035430972895109960e+02
1.084311434435552002e+02
8.792049254477416298e+01
1.251110842329524928e+02
9.279342802747468966e+01
1.017779029360447538e+02
1.328133054832098310e+02
1.156006785508191399e+02
1.031834622520032809e+02
1.075076367820791745e+02
1.026516963190764216e+02
1.072153066814855862e+02
9.527306727182364909e+01
1.365319720512466404e+02
1.009619406841539018e+02
1.055014828116688079e+02
1.150433349987123819e+02
1.172366566724468555e+02
1.101731512315444235e+02
1.080006372724689925e+02
1.229894933845960736e+02
1.192761565818559717e+02
1.093753055687083844e+02
1.075389152015310970e+02
9.540395042256666613e+01
9.590746253125153942e+01
1.041401047761420529e+02
1.184287591572931007e+02
9.251320611116392456e+01
9.548866089586536532e+01
1.414680898397501778e+02
1.068127478935994361e+02
1.258584741788543795e+02
9.395547894487349083e+01
1.109068154341102712e+02
1.006768892560928919e+02
1.096391567146607144e+02
1.141488356673991262e+02
9.121121588491006094e+01
1.098420006886465785e+02
1.222331097805482756e+02
1.096760009728825906e+02
1.084240030033746081e+02
9.373407683254653477e+01
1.306333006349990455e+02
1.057094169610616916e+02
1.018882422202728719e+02
1.223742420830109268e+02
1.064719278255543315e+02
1.078405422954528916e+02
1.211489316279072881e+02
9.286021118967124721e+01
8.739894577298186107e+01
1.281772795556547351e+02
9.925133391625492152e+01
9.323964196409639271e+01
1.112958428647951905e+02
1.082551381734310070e+02
1.160614282056775437e+02
1.245594915083800203e+02
8.544203277065101076e+01
1.044879256750914323e+02
1.288729317694895258e+02
1.118127317761444317e+02
9.568813990098216493e+01
1.192986773406729668e+02
1.004746429529295426e+02
9.802689534229891422e+01
1.252005937922119756e+02
1.104252331204899917e+02
9.846573076066630392e+01
1.076331340321913075e+02
9.266634195810901531e+01
1.104844528850211987e+02
1.105423425137922919e+02
1.095588639660055321e+02
1.239274159404316578e+02
9.501687426489675659e+01
9.840671615676411932e+01
1.125316971372884609e+02
8.385595121577669886e+01
1.194973527254247188e+02
1.102836741160176501e+02
1.202592212699041596e+02
1.015438139698435407e+02
1.161561918510141282e+02
1.002998361734992585e+02
1.107920862778142066e+02
1.005626289578950292e+02
1.302432140695779594e+02
1.046263105740691799e+02
1.065398604119804418e+02
1.013694247795547625e+02
1.008746451981472205e+02
1.134932318806868352e+02
1.009321518515777285e+02
1.285700090720763455e+02
1.078136910805147721e+02
1.073605674714831082e+02
9.714309911432842171e+01
1.079964576195352635e+02
1.146907822672168180e+02
1.312604063558042640e+02
9.288634586011191629e+01
1.075124338842157101e+02
1.189348251789859745e+02
1.022332455142766321e+02
1.101834273161384061e+02
1.041384127180125034e+02
1.126035840856322352e+02
1.050385924274724658e+02
1.008330647604562103e+02
1.044143907497976187e+02
1.010753489091415247e+02
1.291131480644807539e+02
1.128854651184686588e+02
1.064917510596552717e+02
1.031312251346153346e+02
9.891384470352208780e+01
1.063159305506771091e+02
1.215730709669039840e+02
1.178525866796370565e+02
1.080339975865791473e+02
7.896617889719475158e+01
1.231743944516576335e+02
1.726360784204419474e+02
7.561258050921649954e+01
9.877620804364319440e+01
1.126836238454660588e+02
1.226655782997171542e+02
1.055089363734868755e+02
1.217175898834107670e+02
9.422477531482547874e+01
1.071722375511286458e+02
9.839032328869069488e+01
1.143849908649498843e+02
1.007028246578753681e+02
1.224316493997845470e+02
1.175440702345760400e+02
1.081387913400904210e+02
1.176143083441513113e+02
9.776735124709098557e+01
1.080348961886271866e+02
1.051720892275777146e+02
1.157885010951548992e+02
1.226992913493385089e+02
1.031312763494690756e+02
1.178328915343167296e+02
1.123941868216317914e+02
1.085542698200837890e+02
8.730616457254380691e+01
1.249127691550373385e+02
1.015246294782396177e+02
1.112242039475289204e+02
1.008259823615908886e+02
1.104348444062216004e+02
9.800457181750144287e+01
1.298631593173848273e+02
1.003551425613536452e+02
1.010902630741693002e+02
1.299309919935222410e+02
1.016306835573095100e+02
1.178687402510963693e+02
9.797281064912104398e+01
1.026342107903441558e+02
9.258678260817646333e+01
1.274253934813071254e+02
8.763098621696359203e+01
1.112709143344094542e+02
1.174895489556656543e+02
1.172955601671908994e+02
9.421112648325004102e+01
1.054834305388622084e+02
1.110464292502552439e+02
1.009835277599008805e+02
1.292350866506906186e+02
1.126341827318337039e+02
1.035529395924134519e+02
1.114380669592867292e+02
1.142962760069587063e+02
1.011784720063012060e+02
1.399011024529359872e+02
1.031204065165667600e+02
1.158739011736227695e+02
1.126676249411144539e+02
1.228788016542275159e+02
8.957949762830499196e+01
1.101368523373690920e+02
1.218584443922181464e+02
9.689325043912430147e+01
1.076297815806718603e+02
1.215795240705346174e+02
1.135538224418210405e+02
1.018729909731860630e+02
1.186998622307949773e+02
9.989009071498340120e+01
1.123735655932436543e+02
1.078290777874701547e+02
1.161281801486558720e+02
1.104333522470792701e+02
1.052387395383807842e+02
1.164432920348392599e+02
1.015296382986437322e+02
1.053581318699304319e+02
1.139538892341946621e+02
1.033507648432459973e+02
1.046398620911451189e+02
1.074342244643247852e+02
1.320120420453899044e+02
8.941836222532784006e+01
1.124571444931849982e+02
8.865113645416221289e+01
1.138380568470451095e+02
1.070381556318650667e+02
1.102371065145273263e+02
1.229939582863799785e+02
1.180590562780947863e+02
1.193555213511608173e+02
8.044756713275060633e+01
1.063627368303915546e+02
1.141939089698017682e+02
1.171145495931512528e+02
1.136249129223339054e+02
1.027152472926838698e+02
1.098196308700250654e+02
1.195741703866858074e+02
8.699279960817015933e+01
1.241206401522093614e+02
1.077493483251713116e+02
1.083048017259187503e+02
1.270336574255065614e+02
9.985946357453325106e+01
1.037981669383165553e+02
1.067886871243229763e+02
1.164663257071701850e+02
1.098623538891888813e+02
9.787380085661669682e+01
1.048031384007953761e+02
1.139406169462722715e+02
1.141942450847245851e+02
1.049560889741707115e+02
1.253232895195242946e+02
1.149525980581220921e+02
1.023511948804620744e+02
1.201033425179256682e+02
8.939747869613000830e+01
1.208757239514052770e+02
9.144738685141547307e+01
1.164239926805112475e+02
1.340530905816734162e+02
8.665971861674863419e+01
1.085389872264973832e+02
1.013174810073893326e+02
9.928001611634876156e+01
1.244398011920055325e+02
1.114703294159857450e+02
1.142822422884489981e+02
1.050335770239003637e+02
1.004421638729528752e+02
1.092678615057870672e+02
1.209945532219317528e+02
1.066137235203730285e+02
1.129430546638945572e+02
1.058298860944942561e+02
1.058074634148613882e+02
1.075843210804391248e+02
1.146520308313074850e+02
9.852554850458663793e+01
1.131549114093418069e+02
9.296184379066291115e+01
1.232150216543385426e+02
1.211476412556025650e+02
1.035456255464877700e+02
1.172079738646048668e+02
9.675900656544492051e+01
8.182388321199459824e+01
1.484991979067214345e+02
1.042200715953030823e+02
1.165499360790714718e+02
9.309399066087489416e+01
1.348519462113652310e+02
8.289415251314134991e+01
7.663381106050555047e+01
9.642770384118249183e+01
1.139999957336186753e+02
9.899824426503064956e+01
1.359928939045253742e+02
1.037584347099554236e+02
1.020058496923829807e+02
1.343634468766306611e+02
1.091275746725773814e+02
9.839859642044258692e+01
1.044311700632408844e+02
1.057475973322489438e+02
9.937790919573625104e+01
1.179865842627465327e+02
1.126731387679796086e+02
8.500764583586135359e+01
1.289394124972837687e+02
1.041510877044654109e+02
8.571063152427640830e+01
1.185838119644673583e+02
1.157774840214807597e+02
1.123638983790995525e+02
9.597340115593526377e+01
1.001424970484101351e+02
1.121028902208213651e+02
1.090852634457742028e+02
1.259309743549631975e+02
1.071637680851205516e+02
1.166562822856459292e+02
8.174523036544357524e+01
1.064594522831686163e+02
9.623459083739392383e+01
1.047869946702577835e+02
1.162049679191882348e+02
1.135647870348071109e+02
1.244500309722515112e+02
1.007009932348687045e+02
1.027016608147427519e+02
1.060697834335874319e+02
1.261743856849938510e+02
1.127489293854092836e+02
9.961971790470207111e+01
1.091632675051989594e+02
1.117263834460477909e+02
1.125398976213508035e+02
1.063981043084715878e+02
1.011113942553825353e+02
1.144434921910338261e+02
1.224538444400708102e+02
9.771134579805419662e+01
9.538235102521034037e+01
1.060224666180674973e+02
1.145782858224942373e+02
1.161778068387653917e+02
8.976555527314366145e+01
1.219815621005442949e+02
1.165519672785983119e+02
1.031686137439352393e+02
1.094375045811468254e+02
1.140028014008325385e+02
1.161308870521434358e+02
1.285157008077473506e+02
9.611370679131050565e+01
9.450852715022358552e+01
1.012619677663582252e+02
1.018300435446773236e+02
1.285574376268087633e+02
1.090237431302673912e+02
1.039092868475736964e+02
9.081961512155719163e+01
1.142852205938136620e+02
1.100492274948078943e+02
1.204206574866209678e+02
1.073961258384746316e+02
1.136250302548859565e+02
1.014202280083906231e+02
1.015237782942046323e+02
1.098207557727911166e+02
1.069786330685408586e+02
1.016478491029735665e+02
1.142197200882322221e+02
1.140636123190889322e+02
1.091552381107985781e+02
9.434975258819714838e+01
1.016649821375457350e+02
1.079888082568596133e+02
1.207926954220413478e+02
1.142242688281294392e+02
1.138764161933539185e+02
1.076779694985179674e+02
1.091847157222358362e+02
1.040567810311111714e+02
1.053086959635638920e+02
9.184867624638985717e+01
1.352458639265076386e+02
1.092032643107308019e+02
1.028911118202519788e+02
1.167525245656443218e+02
1.068176045025976890e+02
1.062653811607005139e+02
1.145001103496369268e+02
1.093358318723556266e+02
1.088043260696867236e+02
1.090579408262556598e+02
1.031426477984541918e+02
1.079373766420270471e+02
1.182011379060991629e+02
1.090913385855145918e+02
9.557311916116805151e+01
1.180016973224896191e+02
1.057215988726895972e+02
1.151565337332689296e+02
9.719041249830202389e+01
1.056307225968918573e+02
1.105946251658237713e+02
1.000583712092967659e+02
1.206235486890496276e+02
1.211665029559706426e+02
9.691244111752145329e+01
1.102397532520545980e+02
1.054430248065533533e+02
1.002781588858554898e+02
1.133768452940225302e+02
1.166805324477611236e+02
1.094822139513704826e+02
1.062170035077185304e+02
1.202084560935515469e+02
1.139356838901923936e+02
8.920622480438311186e+01
1.028388721834548392e+02
1.181059503846578309e+02
8.329301945403862817e+01
8.392583199716682429e+01
9.683940251258128740e+01
1.037377879376910528e+02
1.028430240357713643e+02
1.125289918379341287e+02
1.162871994698859766e+02
1.008643094514778511e+02
1.070376909999123001e+02
1.150307739926303725e+02
9.995640130328017392e+01
1.040642899214594053e+02
1.174608494639575014e+02
9.405404259071782747e+01
9.818809869758231912e+01
1.166305684523453579e+02
1.025064734364206913e+02
1.262195808068443910e+02
1.142605381736728276e+02
1.099571612175502935e+02
1.038609244683992472e+02
1.055551619065624749e+02
1.066378789881613898e+02
1.242069545601487306e+02
1.048113228542612489e+02
1.026251887602308273e+02
1.009254268604186819e+02
1.338708863728198253e+02
1.045089485034242500e+02
1.109821517096114150e+02
1.002077865020610972e+02
1.016591377068632625e+02
1.048806183165728356e+02
1.275075971294398727e+02
1.024694898999703980e+02
1.168552183844054042e+02
1.002459773790186546e+02
9.295426881851369671e+01
1.061774617266173664e+02
1.161899778754669512e+02
1.255515535944085599e+02
1.178818133251203903e+02
9.858925237503723338e+01
1.309261570064833506e+02
1.044526128759894164e+02
1.061683940132452193e+02
8.960326023047514354e+01
1.032935287936091271e+02
1.244009523422612205e+02
1.235569878413343901e+02
1.175286620253192922e+02
1.021514425081832798e+02
1.010069287571452890e+02
1.158803939336295059e+02
1.207770613800646089e+02
9.833743824180216109e+01
1.153048223916294148e+02
1.036797277982344099e+02
1.085388721096648936e+02
1.091196890078351913e+02
9.343392256507816285e+01
1.081435963130119688e+02
1.145318130913020127e+02
1.214684381553093999e+02
1.161188683460179476e+02
9.853755301196251537e+01
1.064481493006660884e+02
1.063385263683323672e+02
1.013641030394366140e+02
1.290201818143596597e+02
9.743460196339439960e+01
1.020928546587979611e+02
8.627603517213157147e+01
1.234053467854373451e+02
1.050027379011625754e+02
1.286531291870122118e+02
1.181109198372874118e+02
1.053752786439378184e+02
9.323654101151734608e+01
1.182166878136851267e+02
1.169361646676961897e+02
1.010045754528515545e+02
1.153404333806674913e+02
1.362528224493243840e+02
7.641330931653791936e+01
1.081856236775962969e+02
8.434077388553610888e+01
1.130769231913038766e+02
1.076158635553164515e+02
9.524364973299822168e+01
1.259693561922778429e+02
1.114188968113113702e+02
1.050536546206079151e+02
1.111863579755976730e+02
1.202154440954706587e+02
1.160103331594419274e+02
1.089766775212315082e+02
9.730603541754911134e+01
1.046454597974147305e+02
1.084894161916176216e+02
9.866479173205446784e+01
1.246393654682344589e+02
9.662177666169914403e+01
1.029848958189301271e+02
1.201043579059679303e+02
1.169476184658464035e+02
1.012058880028440768e+02
1.138615170137305199e+02
1.010999222115766685e+02
1.188683588351850204e+02
1.055703769039866842e+02
1.005563241413502880e+02
1.004230549118368288e+02
1.202481470452898549e+02
1.104969891982871815e+02
1.123681188978686691e+02
1.013373150796759887e+02
8.908283909561917824e+01
1.074795434545747526e+02
1.255011491789827289e+02
1.167613009541359048e+02
1.088306550087762758e+02
1.136970652719192998e+02
1.052308854443889601e+02
1.207215368976162893e+02
1.090195843961460440e+02
9.760078422840551582e+01
1.090226316664688540e+02
1.159293258549091661e+02
9.672450700816480662e+01
1.325378233150835854e+02
9.583877112404833554e+01
9.339933469714293324e+01
1.029896303108919398e+02
9.528209239513886075e+01
1.066485060238412643e+02
1.194107532509098917e+02
1.153636131383597387e+02
1.133564725179001442e+02
1.113057529014687077e+02
9.519089714405316727e+01
1.279632262412206813e+02
1.064086421904960531e+02
9.957898847370573492e+01
1.112949242919285666e+02
1.068201527989957356e+02
1.233981161746732340e+02
1.066847521409360269e+02
1.016931305710932207e+02
1.265851059362352231e+02
1.013975138223719910e+02
1.017538941373060339e+02
1.297698965131313003e+02
9.911615237028701131e+01
1.092282216790023739e+02
1.082054985777734117e+02
1.074051517220660088e+02
1.063771427187693348e+02
1.011580233835408933e+02
1.264815456778446503e+02
1.026435604530234826e+02
1.093721454642400772e+02
1.081774540175709944e+02
1.035412728932305555e+02
1.078561179713867375e+02
1.264844841600945102e+02
1.068064804381438222e+02
9.895772565539651566e+01
1.109554636446700755e+02
1.043044564111649777e+02
1.096360567884475330e+02
1.195244442836178820e+02
9.828394922076643070e+01
1.107808532980579344e+02
1.119598699339955772e+02
1.143203013707795606e+02
9.915326927446420768e+01
1.052499942005826910e+02
9.958428017978914681e+01
1.105818022783968502e+02
1.278804334590534495e+02
1.019119529864288438e+02
7.903055694201904657e+01
1.397747552052710489e+02
1.094462025503234059e+02
1.205049649126817854e+02
1.133201297465214452e+02
1.037448377785206191e+02
8.988854840639049826e+01
1.146401887610685861e+02
9.770944606871003657e+01
1.088398429746078051e+02
1.264060591109007134e+02
1.236766729754939718e+02
1.032810286424238910e+02
9.926376882025039095e+01
1.087115542389785787e+02
1.035455906530895618e+02
1.148247084272334320e+02
1.071637497628821052e+02
1.024343640777479720e+02
1.196758773782067919e+02
8.768388440011945306e+01
1.248508999121603154e+02
1.018864439970961371e+02
1.040542420139545925e+02
1.196928281871185931e+02
1.164850257102561812e+02
1.028915160058158023e+02
1.050035552295144612e+02
1.327566332862920717e+02
1.172101403093390246e+02
1.021811726818574186e+02
1.065560290578387708e+02
1.101758319791994865e+02
1.171502139759947028e+02
1.014306684162840071e+02
1.093596359153500686e+02
1.111218815161956712e+02
1.097398535744113417e+02
1.059994173914442968e+02
9.552178984181584553e+01
1.232692888387351502e+02
1.215253277330562725e+02
1.050350902524689189e+02
1.104463570980528146e+02
9.344863785746433393e+01
1.189943884306140802e+02
1.022643385139484593e+02
1.070886297451664859e+02
1.076160324469971954e+02
1.153750911970253696e+02
9.971110079466050991e+01
1.037507674410960021e+02
1.093475680929767009e+02
1.205848051162952714e+02
1.034105332536515789e+02
1.293917777962942921e+02
1.173276827497216459e+02
1.002321079750489901e+02
1.003762594786138749e+02
1.012105242094087316e+02
1.304106908186234364e+02
1.251220430725577586e+02
9.941845809914936183e+01
8.560218162518944496e+01
1.036781072322804533e+02
1.112502719207825947e+02
1.153661556805497668e+02
1.092481953221267617e+02
1.260101609139553034e+02
1.096117555500425311e+02
9.865460855010466901e+01
9.573016732171328158e+01
1.184567036934998754e+02
1.159608171594925210e+02
1.133824387706695518e+02
1.104735057644724918e+02
9.883372315564791677e+01
9.617684226383126145e+01
9.888875460048842569e+01
1.347996149151982479e+02
1.150400539003964582e+02
9.282831536565524289e+01
1.186373328464803336e+02
9.634375088843889046e+01
1.232795742945312867e+02
1.094459131928866498e+02
9.916317925800888133e+01
1.031202124692804603e+02
1.030709228985151782e+02
1.305889664034265252e+02
1.072945408282144939e+02
1.119761342420996471e+02
1.196115649309707436e+02
9.900545997067806070e+01
1.196261986153307362e+02
1.114378896383591524e+02
8.986793535384012444e+01
1.082530988551608999e+02
1.282398087320261482e+02
1.144670995373826798e+02
1.111957680414853087e+02
1.085294894879139349e+02
8.289430718141277055e+01
1.051136399067572569e+02
1.007537225270392724e+02
1.081033481764419975e+02
9.691938146817186350e+01
1.246677884617879073e+02
1.182186708561746400e+02
1.062943066344870999e+02
1.028165308073807722e+02
9.869725825213930648e+01
1.072913105281537014e+02
1.107054786755888358e+02
1.283654187939586393e+02
8.830639031620511048e+01
1.071221094662665223e+02
1.083038230750290012e+02
1.164917008534645504e+02
1.146680894634022820e+02
1.172036708247829324e+02
1.063683530145458889e+02
1.151487368949551922e+02
1.058448462827015248e+02
1.067565222225493500e+02
9.096249257181383996e+01
1.024599078427152534e+02
9.780727494751894824e+01
1.441469370938695818e+02
1.020622429778041607e+02
9.762200150966712897e+01
1.287684894960039230e+02
1.238735509658760066e+02
9.508710492876511466e+01
1.128198266952779960e+02
9.531979123381479724e+01
9.732175129476998166e+01
1.031666810537099366e+02
1.029134738629072672e+02
1.074237074064090507e+02
1.238753268690579574e+02
1.066004635800826179e+02
1.144148019619780143e+02
1.048237521033070152e+02
9.721818233070796111e+01
1.113533723022197677e+02
1.136368292570434448e+02
1.061411301712701345e+02
1.106860145532970563e+02
1.102532460527128251e+02
1.044197562132996211e+02
1.068318759147256429e+02
1.052064854973689734e+02
1.190825233233460807e+02
1.241200799278682041e+02
1.031418863693980228e+02
1.110378092681355895e+02
1.085374366115957798e+02
1.278318650813572503e+02
1.139536092443730979e+02
1.020072838151655503e+02
1.029688794505257050e+02
9.850483945492182158e+01
1.071329070454690537e+02
1.087832779814155657e+02
1.075494281326775905e+02
1.069034765587358180e+02
1.033215103041847129e+02
1.222033469747800183e+02
1.091347986414383087e+02
9.993073749339110634e+01
1.172448101221946359e+02
1.356967562506776233e+02
9.732087161080269766e+01
9.818049878575509126e+01
1.385950070004776364e+02
1.066783075751291676e+02
1.181850189623388729e+02
8.547945886256250958e+01
9.945103564947964969e+01
9.456918681193685927e+01
9.123660267906842591e+01
1.189259798574782394e+02
1.125889809516307309e+02
1.239114901785464582e+02
1.141594902819297914e+02
9.716641314471608837e+01
1.114234682473181408e+02
1.022698612559170215e+02
1.169176290920780161e+02
1.094914355076300723e+02
9.823851927322493793e+01
1.180865338578638557e+02
1.040533619646511454e+02
1.080080867496691752e+02
1.168126635733357688e+02
1.094973429086257539e+02
1.042457513255769470e+02
1.135642696635247972e+02
1.005949306653281496e+02
8.620937462695907527e+01
1.270073992595995804e+02
1.373393125771399923e+02
1.003509679794181437e+02
1.088148431152040274e+02
1.096741506493045080e+02
9.732140230803518932e+01
8.932276802425678852e+01
1.084191799860232095e+02
9.009324701798854562e+01
1.359891818895895597e+02
1.243202952982358056e+02
1.046984760064866578e+02
1.351636492541321672e+02
1.020406393157202700e+02
1.056591626712425551e+02
1.213932436717156520e+02
8.932564510156399251e+01
1.061962037711207785e+02
1.082287833881617729e+02
1.241813040428002921e+02
1.081901677823879879e+02
1.173561638752706102e+02
9.018256560236052621e+01
9.559610233297898674e+01
1.092107820699974639e+02
9.381439972041870590e+01
1.063237867221174326e+02
1.264308224969753809e+02
1.197330174058602097e+02
1.227096695187448177e+02
1.191420183704458253e+02
9.170812404603786661e+01
1.016095077786257121e+02
1.063862144479323320e+02
1.155734283423718125e+02
1.042970383601999202e+02
1.101369737985226891e+02
1.084658152949448038e+02
1.115695742717639405e+02
1.057597173556123664e+02
1.014837705892116162e+02
1.189581477511750904e+02
9.630894145516454330e+01
1.111717579042339850e+02
1.200790936152115762e+02
1.146277513480297898e+02
9.530460889059672525e+01
1.093332626694162428e+02
1.086497904857720158e+02
1.054764606156419831e+02
1.236803756581601448e+02
1.226417782838019264e+02
9.389239779526612040e+01
1.097629756851769400e+02
1.178556944077148643e+02
1.094611596960872788e+02
1.102849227444918085e+02
1.176796541742963740e+02
9.866207299889859428e+01
1.005929489793355458e+02
1.091355837832887374e+02
1.232692668896654311e+02
9.494671532711555528e+01
1.088008014521995790e+02
1.061213098784511573e+02
1.128747535666102095e+02
1.157125667315905702e+02
1.088997303508636776e+02
1.005836566451372818e+02
1.082700105482353621e+02
1.347644378102118878e+02
8.243851293030473926e+01
1.217251381068508351e+02
1.110211210093326173e+02
1.027381352091740183e+02
1.300204542026974650e+02
1.094733788392405103e+02
9.964160063064932160e+01
9.559613876664460008e+01
1.075166682810322669e+02
1.155736058895560774e+02
1.068533909690643924e+02
9.896199579042144023e+01
1.288163832439005887e+02
1.110501574842966050e+02
1.163902625325190314e+02
1.043148061362390564e+02
9.538370368250632225e+01
1.017808296950575908e+02
1.036264160271837085e+02
1.022510126405343840e+02
9.828183382258308143e+01
1.072821433239006268e+02
1.386798185354956843e+02
1.119696304583522277e+02
1.234758677409290186e+02
1.112772185959729967e+02
1.128840904989814646e+02
1.033249319725319992e+02
1.185098240347897445e+02
1.097411293690181679e+02
1.079689125031505341e+02
1.036861736557147822e+02
1.141021583286593142e+02
1.127288433345891434e+02
1.066049550291837704e+02
1.007458944380412191e+02
1.118270153952217925e+02
1.109098863532404522e+02
9.415163297580835433e+01
1.303310948973309848e+02
1.015437791180590921e+02
1.023385721545219980e+02
1.120778575441148064e+02
1.142993761535594786e+02
1.050012536313016085e+02
1.149981205197348686e+02
1.079284744369328450e+02
1.300316499657229770e+02
1.006697915128447960e+02
9.447977764273856849e+01
1.077377173926547442e+02
1.081775213431391052e+02
1.218877453590209967e+02
9.518473504565673693e+01
1.191357532263469210e+02
1.001054871907147543e+02
1.097433818301475981e+02
1.341472797423641623e+02
9.282074759018517796e+01
9.682217379419512326e+01
8.287983937256133515e+01
1.279464451482769931e+02
1.055844395085707106e+02
1.322455805513736209e+02
1.219647712480933990e+02
9.736977019889461360e+01
8.223044489002919022e+01
1.019908414937452363e+02
1.141287281732448093e+02
1.057546573246795703e+02
1.145774743063912524e+02
9.611924614308726689e+01
1.003145987613568337e+02
1.244144878317563041e+02
1.009750485347737765e+02
1.295336170184247635e+02
1.035363543477818240e+02
9.886518583756065937e+01
1.324250174353124692e+02
9.601551623233650901e+01
1.256795093331787854e+02
9.668391227952010070e+01
1.018647956237449108e+02
9.323198675959115178e+01
1.043989112837115414e+02
1.392496418320079954e+02
1.166790062911723567e+02
1.027159513679384730e+02
1.104341443794339455e+02
1.178535021847122692e+02
1.182883237321273100e+02
8.617325717196438006e+01
1.175956566715290421e+02
1.037897786370741926e+02
1.075646322347481600e+02
1.068652812595891675e+02
1.212549988417625997e+02
1.126706692913709986e+02
1.039132201299799476e+02
1.236461318017354074e+02
1.082495694323925477e+02
1.004498063279020528e+02
1.033031340924781034e+02
1.124504094517829742e+02
1.081273490800259083e+02
9.067387073559501687e+01
9.929292829531650000e+01
1.065737906805615864e+02
1.399328613494790829e+02
1.083456596801728153e+02
1.057260637243350914e+02
1.073487441879237139e+02
1.144784520857167252e+02
1.117811690377874072e+02
1.054330371295346538e+02
7.953075147604175754e+01
1.290177408007868394e+02
1.103726785861316131e+02
1.091276950511554276e+02
1.053731969490142575e+02
1.009939328375542118e+02
1.222904503497431108e+02
1.083776090210086096e+02
1.053038825471327016e+02
1.112106719111589825e+02
1.082640494084963052e+02
1.153660787262936935e+02
1.049970403801805929e+02
1.187137910195686317e+02
1.008145582713887194e+02
9.965437656592870042e+01
1.161823982545228802e+02
9.936504000008957860e+01
1.358359292513144680e+02
1.027695679783211062e+02
1.040639411688587757e+02
1.224555537006937982e+02
9.546272635727027023e+01
1.218970109611669415e+02
1.189063182928042863e+02
9.404420096722958533e+01
9.471431359162342289e+01
1.077293149059536717e+02
1.211715084499586510e+02
1.170672165899801200e+02
1.197120115452303963e+02
9.647878045764008448e+01
1.009449236809258679e+02
1.105781353225149957e+02
1.124055462182356564e+02
