-5.438967944538435795e+00
-5.392903676077636987e+00
-5.321243211851303556e+00
-5.135993573895293984e+00
-5.464999354588758074e+00
-5.467034492899228049e+00
-5.505584243756893592e+00
-5.483267482556078320e+00
-5.500072996256029079e+00
-5.513643636650332525e+00
-5.509632949002684299e+00
-5.472707708891245026e+00
-5.120443801199799694e+00
-5.130522343651774619e+00
-5.120718501778595666e+00
-5.132496987856385751e+00
-5.150515769451091685e+00
-5.142844335042896731e+00
-5.127189432909141864e+00
-5.133225812851503811e+00
-5.153489090060497269e+00
-5.162228595571468404e+00
-5.131489468827378886e+00
-5.398250800560633778e+00
-5.435261540149315174e+00
-5.478583342082118612e+00
-5.513670458647699668e+00
-5.056590982819018087e+00
-5.412455403476594817e+00
-5.436881710080426977e+00
-5.369201619207879972e+00
-5.330137492660682597e+00
-5.389408350333166453e+00
-5.157633686630335390e+00
-5.430854304544587841e+00
-5.447464719144825551e+00
-5.416614038599915304e+00
-5.124033663108286341e+00
-5.506370192334625102e+00
-5.555371993604190983e+00
-5.728230901806107056e+00
-5.426971383313624386e+00
-5.529342957181773599e+00
-5.703123067991374029e+00
-5.527380909813123466e+00
-5.551902567364630059e+00
-5.484329619885830454e+00
-5.535784315713574877e+00
-5.573440688817460575e+00
-5.719020239093424607e+00
-5.487672569178145388e+00
-5.475793034797247216e+00
-5.544526166023591607e+00
-5.594612145407530157e+00
-5.451692563533155678e+00
-5.485813318727847943e+00
-5.505299382836556177e+00
-5.549116344868169293e+00
-5.589020529092126210e+00
-5.668178188982318844e+00
-5.658003582525709341e+00
-5.753493632350403786e+00
-5.751451882063849830e+00
-5.654350767727246208e+00
-5.648013288294203349e+00
-5.636355437047396499e+00
-5.634957388947180235e+00
-5.648544975242789867e+00
-5.674664317588972828e+00
-5.628515911058425303e+00
-5.676845156155621908e+00
-5.632875887781588986e+00
-5.687268235861667520e+00
-5.626681331478907921e+00
-5.656944802364323621e+00
-5.756030411503180844e+00
-5.647810262034584028e+00
-5.635037824719902666e+00
-5.644593352262744723e+00
-5.659167354252173432e+00
-5.642304505995909381e+00
-5.637599554304826732e+00
-5.636982387511170423e+00
-5.630920790408834087e+00
-5.637963947609772042e+00
-5.660018052905399166e+00
-5.647388682648837310e+00
-5.663758434755698623e+00
-5.653025084125543387e+00
-5.734641784861619129e+00
-5.721422942714513127e+00
-5.739512091261019577e+00
-5.661020764377715508e+00
-5.710906144538556717e+00
-5.707401669766622554e+00
-5.720057873475138166e+00
-5.709845118879614212e+00
-5.691765895494387273e+00
-5.514180156595722693e+00
-5.584940955259175333e+00
-5.539246732470990864e+00
-5.568789575866320618e+00
-5.512186081668726700e+00
-5.548258180681336249e+00
-5.515727919261422585e+00
-5.573733628022289999e+00
-5.637814818546331708e+00
-5.522656492078846568e+00
-5.476665057111358870e+00
-5.515532214828271051e+00
-5.534059630789223583e+00
-5.507491850758737151e+00
-5.481495264577437965e+00
-5.542657345033238592e+00
-5.488365750600996407e+00
-5.547423326046203584e+00
-5.533667061079769134e+00
-5.601680774051400746e+00
-5.553849295063953306e+00
-5.545543403605345034e+00
-5.517666947629081164e+00
-5.541522526359124790e+00
-4.733350422844306848e+00
-4.656542780833954787e+00
-4.602219512925502798e+00
-4.823003515722094292e+00
-4.783532165066485931e+00
-4.742769218240936446e+00
-5.068250906845808146e+00
-5.074956516920226868e+00
-5.045801921526199330e+00
-5.104289840931591549e+00
-4.714634293159486234e+00
-4.706011619825904546e+00
-4.641392367299133959e+00
-4.682139232108807114e+00
-4.773804542340907453e+00
-4.654070431216805304e+00
-4.644752034491638426e+00
-4.629455784075070746e+00
-4.621949131173362701e+00
-4.728441409485492741e+00
-4.626625510299634314e+00
-4.611118232710157194e+00
-4.600992200409352861e+00
-4.718708871815665340e+00
-4.706202106822477305e+00
-4.735938642302317092e+00
-5.496883365220260664e+00
-5.447880028736155289e+00
-5.384694460497272850e+00
-5.515063334507911641e+00
-5.669051833461064227e+00
-5.721694197819703120e+00
-5.600383205904343242e+00
-5.148421831866162535e+00
-5.209433152986333582e+00
-5.234885429110784472e+00
-5.761567170102525282e+00
-5.776497320929406598e+00
-5.783332389251820693e+00
-5.737214049435590546e+00
-5.770901210365598999e+00
-5.544134989556029680e+00
-5.519483985746455268e+00
-5.547425431725762301e+00
-5.525543739031931523e+00
-5.543172681038230465e+00
-5.667792107438113014e+00
-5.736108628675863130e+00
-5.296520655761579377e+00
-5.229323612624886763e+00
-5.283200493152014232e+00
-5.307773570102725103e+00
-5.333509848777211459e+00
-5.516944990523743542e+00
-5.296326020936220402e+00
-5.337364226912555409e+00
-5.348707394839451901e+00
-5.341038303835613732e+00
-5.335139538970573803e+00
-5.306576095243944025e+00
-5.314764053184989123e+00
-5.303753170793391369e+00
-5.308367589120207342e+00
-4.717330497675682466e+00
-4.731545262058371115e+00
-4.708195751791078187e+00
-4.716310200586905310e+00
-4.725949206803963243e+00
-4.721168376342355089e+00
-4.707121803000860361e+00
-4.722308732241942586e+00
-4.730218775590785185e+00
-4.716103261572959227e+00
-4.729835210199669682e+00
-4.692743433899704719e+00
-4.697178176265677685e+00
-4.716190034522994345e+00
-4.692835124003205571e+00
-4.707322044490604540e+00
-4.689056297361463344e+00
-4.681723914025285538e+00
-4.690098761578409992e+00
-5.198219902059436848e+00
-5.127162520233664367e+00
-5.139574372799410540e+00
-5.128021873231754846e+00
-5.163392860626972336e+00
-5.170194588862706553e+00
-5.188642502564968950e+00
-5.161551902504573519e+00
-5.164519958621634821e+00
-5.384769964744501536e+00
-5.339659549101022584e+00
-5.323015818486431350e+00
-5.324978324951519681e+00
-5.283106287552641334e+00
-5.398329201826952861e+00
-5.385887603918815714e+00
-5.321779586982634314e+00
-5.292023878905890655e+00
-5.098577138211444648e+00
-5.261127521656098871e+00
-5.232617213843028026e+00
-5.343469921031059222e+00
-5.303510350226939174e+00
-4.884520089681545052e+00
-4.854990191675438105e+00
-4.860313046618092159e+00
-4.866953391563876075e+00
-4.871448821635297577e+00
-4.769608741958980325e+00
-4.713862830253960468e+00
-4.729070815592582022e+00
-4.883174739707228262e+00
-4.878780627480154841e+00
-4.950901074729317841e+00
-5.263838697626016305e+00
-4.916387768261343716e+00
-5.268935523667432896e+00
-5.276910499119321862e+00
-5.199684204823155298e+00
-5.152431506431719654e+00
-4.908885165696255548e+00
-5.199076591210780585e+00
-4.958264086103339352e+00
-5.342617304760672425e+00
-4.948837432775850864e+00
-4.898115222723564699e+00
-5.311335161135582794e+00
-4.939949212413837110e+00
-4.932230402273840575e+00
-4.957970458290195559e+00
-5.246815477160188479e+00
-5.234602257012185511e+00
-5.244584599060592822e+00
-5.223369944815142496e+00
-5.141891665784392274e+00
-5.244333141563108924e+00
-5.245806629946833333e+00
-5.230714467959409752e+00
-5.235544261086270801e+00
-5.113283498760313961e+00
-5.068875463707631646e+00
-5.142601718359204988e+00
-5.136767211942383504e+00
-5.157402779042877583e+00
-5.123920709814212771e+00
-5.259081827821748156e+00
-5.228090169551963484e+00
-5.109690675439447105e+00
-5.143160518852721630e+00
-5.114464144500678877e+00
-5.561475098364526914e+00
-5.559956166025545876e+00
-5.575649465717182451e+00
-5.563235608428048984e+00
-5.576672479059106458e+00
-5.568838038891116504e+00
-5.541971445524854545e+00
-5.567264060428457562e+00
-4.732154349885703049e+00
-4.741486795009556943e+00
-5.093338374587300876e+00
-4.707737407373962846e+00
-4.710577925998026494e+00
-4.749323387361481963e+00
-4.653412645949455140e+00
-4.718332233758316008e+00
-5.682343638799871144e+00
-5.648087957314785967e+00
-5.519062641481584208e+00
-5.569171962363009598e+00
-5.546886456597850845e+00
-5.512892337019268396e+00
-5.543186428386000841e+00
-5.623895628763345478e+00
-5.693281123791122056e+00
-5.674797393117041011e+00
-5.675923085920633326e+00
-5.638151213497542003e+00
-5.654362793984018865e+00
-5.639135730097854626e+00
-5.643052173447355990e+00
-4.757436293261197768e+00
-4.754772227387612737e+00
-4.727811272542457033e+00
-4.734921931265185790e+00
-4.736527421470415611e+00
-4.720961601757750259e+00
-4.728210795351153628e+00
-4.737277319038196488e+00
-4.784040594883423481e+00
-4.788740854276047898e+00
-4.798608672965443134e+00
-4.782375253406882187e+00
-4.785162028101592746e+00
-4.725542099234377957e+00
-4.745459228284619080e+00
-4.812592018603124799e+00
-4.702017791046984918e+00
-4.820961081001454929e+00
-4.843796477345502005e+00
-4.817114948765195415e+00
-4.808335497784423929e+00
-4.747217988282208978e+00
-4.779856908367633217e+00
-4.798524223681116752e+00
-4.790942022846082615e+00
-4.765516621035927436e+00
-4.797717145030933494e+00
-4.823434198426165942e+00
-4.816508084951068192e+00
-4.799849101948310270e+00
-4.815495725353434509e+00
-4.827701939391129571e+00
-4.795930284409843480e+00
-4.809240324324375315e+00
-4.821442111247725926e+00
-4.825236214063882478e+00
-4.843689882933665203e+00
-5.108562111780603487e+00
-5.111312127077910716e+00
-5.106358567617673039e+00
-5.101108255359013022e+00
-5.103427710894690605e+00
-5.111492402625616549e+00
-5.296058283463474403e+00
-5.290871822919402057e+00
-5.287555256262852943e+00
-5.285665859289652602e+00
-5.291253816708779922e+00
-5.292061357331605542e+00
-5.286376470341317635e+00
-5.290446708937531106e+00
-5.283829138182039031e+00
-5.287962229230226185e+00
