1.060809496459595351e+02
1.263804552317750023e+02
8.293003988217697042e+01
1.046874800665286358e+02
1.146178923782514119e+02
1.210544695905985293e+02
1.124877224207032924e+02
1.148267039195209520e+02
1.120184648136228702e+02
1.156515202711942862e+02
1.055113785869674246e+02
9.450620202108599699e+01
1.299328764187792444e+02
1.028257207328782528e+02
9.723061521679319696e+01
1.015127669315807282e+02
1.050428429899467204e+02
1.229081077620477060e+02
9.938385982840861743e+01
1.130383987083538955e+02
9.636853793391775014e+01
1.196005081958967935e+02
1.109487908310834285e+02
9.641919417800581016e+01
1.175570986238503508e+02
9.877413537385255893e+01
1.098686246010188796e+02
1.256312321904186007e+02
1.268426647324851047e+02
1.023949411318215681e+02
5.317379743219459698e+01
9.101525260159137076e+01
1.294295366033937285e+02
1.271727982502011116e+02
9.165012466634283328e+01
1.008459289297771875e+02
1.194157054854720172e+02
1.028567826022060672e+02
1.140532074507925415e+02
1.176393763797383656e+02
9.958295739070298680e+01
1.069435773463371504e+02
1.163164331719831068e+02
1.197083478661455587e+02
9.223003082889681536e+01
1.013173803313083283e+02
1.145673669398452290e+02
1.182376114821751401e+02
1.116046677480554621e+02
9.929433349303623402e+01
1.102118313659367175e+02
1.162634712873093292e+02
9.304853744328214304e+01
1.071958689672573684e+02
9.893960162927844237e+01
1.172082005768730966e+02
1.222197973990032551e+02
1.229223388465227345e+02
1.289611991977588445e+02
9.623638534130920164e+01
1.016174695152166407e+02
9.851027201220672680e+01
1.008005174713172067e+02
1.248487218144549473e+02
1.031025187462182799e+02
1.113287220195149132e+02
1.124753544887210097e+02
1.099415135982796698e+02
9.934879269914235067e+01
1.095455036505529733e+02
1.204075109458805741e+02
9.936401829272682562e+01
1.182148572468197898e+02
1.154950920197067177e+02
1.120940311403643221e+02
1.050605463967286823e+02
1.118025830755296397e+02
8.582330404148463288e+01
1.244210408316247367e+02
1.155077535830636180e+02
1.196706248744701355e+02
9.761454806589311772e+01
1.193086933546804715e+02
9.841100570946358062e+01
9.754557413110708808e+01
1.115738953620984404e+02
1.187449143339192119e+02
9.478259009772840216e+01
1.100257529017537337e+02
1.141036770197221131e+02
1.103700742279671800e+02
1.088836721453065479e+02
1.117190261660475556e+02
1.015163627803854638e+02
1.206834897214179989e+02
1.109957528461576288e+02
1.064121824870318136e+02
1.172096240156478189e+02
9.863168678945032752e+01
9.857929090845075848e+01
1.072878658903494653e+02
1.280930516373585704e+02
9.899714182441616117e+01
1.058525753231748467e+02
9.715768376060729850e+01
1.151549711305761434e+02
9.837592748776746987e+01
1.156400847412704422e+02
1.094653198354768620e+02
9.917915144051998766e+01
1.126478149546592817e+02
1.190771047712838424e+02
1.238940113724783600e+02
1.036254243111998647e+02
1.095215236937235090e+02
1.074900618970013966e+02
1.055260014630856773e+02
1.054691708516735815e+02
1.103065625575774646e+02
1.038605509515455338e+02
1.014999975033100981e+02
1.161742569003367009e+02
1.008616794040393785e+02
1.230507268206624900e+02
1.139905552024310964e+02
1.175700257852026596e+02
1.113144884822934841e+02
1.021129265282575744e+02
1.167970530960363220e+02
9.330009049815444655e+01
1.020749578275238889e+02
1.255485512727462805e+02
1.052467399216308195e+02
1.193069487560395743e+02
9.689364672117524435e+01
1.032484818336732957e+02
1.222332649144181858e+02
1.049129507434993371e+02
1.206826258955398004e+02
9.999177440623638802e+01
1.038245692315276472e+02
1.011649358792600992e+02
9.197257051914336046e+01
1.010226118140193137e+02
1.200288404644143441e+02
9.502131117616256972e+01
1.139549017883750395e+02
1.004158608619649584e+02
1.014277807772756148e+02
1.158017399555183289e+02
1.262651782243286931e+02
8.883348193366778389e+01
1.072567033247981669e+02
1.228974019804119706e+02
1.026239892945748124e+02
9.557556201563409104e+01
1.267398747236473753e+02
1.167768552623784046e+02
9.538595390445713917e+01
9.483179587716585957e+01
1.030380397935090855e+02
1.253488742893339349e+02
1.109286467585818343e+02
1.185581719379537162e+02
1.183441921968906883e+02
8.900916976297645533e+01
1.081817495326892669e+02
1.259197283151388262e+02
1.089117204953501528e+02
1.040928442149594559e+02
1.297549839294102298e+02
1.040060121056691429e+02
1.154736988842263514e+02
8.835409843473820501e+01
1.029656524830523807e+02
1.128870689126948292e+02
1.260023660230762914e+02
1.156028250394555243e+02
1.239095980575341684e+02
9.121264647629422484e+01
1.166390290785937225e+02
1.067072913408595980e+02
9.238489187853997464e+01
1.056946915881217990e+02
1.156334027159950892e+02
1.044747769449925272e+02
1.082117697769369187e+02
1.130111582823289211e+02
1.098645119310407949e+02
9.998049337444588502e+01
1.117346569432354926e+02
1.106184838905590766e+02
1.073236358449360495e+02
1.110271520248754058e+02
1.150730030269136535e+02
1.209543841928874741e+02
8.296431781567041241e+01
1.038773970885747957e+02
1.145588554865213382e+02
1.093472907059798302e+02
1.230921419630283680e+02
1.124508282265223045e+02
1.177972714981776790e+02
9.283030719299598843e+01
1.048299436200803143e+02
9.745455600135259999e+01
1.298235167966113011e+02
1.067272614098232566e+02
1.036524030547160464e+02
1.115896175764969485e+02
1.122277194502630380e+02
1.171130028253968476e+02
1.047864710598838229e+02
9.931341160447460936e+01
1.223606924900998223e+02
9.318495994492936063e+01
1.099868619233199070e+02
1.216565823479791817e+02
1.100899439109549576e+02
1.035379447011593186e+02
1.094343972652907837e+02
1.219258258864931577e+02
1.110776653717498732e+02
9.429326022828968235e+01
1.145045097448068105e+02
1.079420232692747703e+02
1.078800562245338028e+02
1.104170282369380232e+02
1.072244926666388380e+02
1.213357829113088826e+02
1.011629967526650233e+02
1.072429077971394378e+02
1.028056085240366571e+02
1.187368328554150025e+02
1.028808657052147026e+02
1.050079889881016442e+02
1.186737024158338443e+02
1.085475471482987615e+02
9.606277025122015800e+01
1.030439342818787480e+02
1.102803039418093931e+02
1.149029703801720785e+02
1.211557841170212697e+02
1.220545304430109468e+02
9.824711428798211443e+01
1.088507227192057769e+02
1.157531306838628353e+02
1.117975454323869684e+02
9.659383530017359476e+01
1.082716950585025302e+02
1.186107471704038687e+02
9.648099316731935460e+01
1.146921891288663033e+02
1.132954532194385564e+02
1.040469968466288293e+02
1.079579089466209894e+02
1.058932739444973663e+02
1.033367046264361733e+02
1.160510904098515539e+02
1.167629256435904352e+02
1.056176267637432886e+02
1.144910596354411894e+02
1.146018156241305945e+02
1.190583228928309154e+02
9.824006724546556768e+01
9.899385047723698960e+01
1.085109489474353808e+02
1.189951664091550754e+02
1.180962111967058377e+02
9.563851246707716314e+01
1.010942024760409765e+02
1.203998641633555735e+02
1.025390726732750863e+02
1.207606725622142108e+02
1.041543754798602919e+02
1.245060406890808196e+02
9.382481075270523263e+01
9.749057930082369694e+01
1.122313604180376103e+02
1.048064371053910122e+02
1.185782195779985955e+02
9.943934905910604982e+01
1.174968073787106704e+02
1.078942931085681209e+02
1.067723252080454017e+02
1.019226106480903269e+02
1.334673444084076834e+02
1.054909330830720506e+02
1.099039062644548324e+02
1.101542185604770339e+02
1.134342654745726122e+02
1.199074136291746981e+02
1.000021171254168308e+02
1.029270552486307508e+02
1.311401690361654460e+02
9.769187270942710200e+01
9.887531314960969553e+01
9.945595797900590185e+01
1.110509789411300119e+02
1.198658865573215166e+02
1.029436480961702927e+02
9.661638948966603380e+01
1.093969769637429579e+02
9.239990156305232460e+01
1.101039592087378480e+02
1.086681157793506571e+02
1.084955424623715174e+02
1.084989814800050993e+02
1.073935994893985253e+02
9.415364246251859015e+01
1.040453175017547807e+02
1.216796589934331081e+02
1.367384810110238789e+02
9.887240251359364152e+01
1.039244364519869350e+02
1.173241566586202822e+02
1.112328666060709850e+02
1.038895404658498052e+02
1.045538399054547369e+02
1.021631200911952391e+02
1.179465665006024437e+02
1.136563390424299484e+02
1.018337900735773758e+02
1.241743549436542082e+02
1.005344845827453071e+02
9.669666494097728560e+01
1.178409286661259614e+02
1.151712828110044882e+02
1.083156808809644787e+02
1.056462505178413807e+02
1.075022716368040534e+02
1.160709601777557367e+02
1.058938932285586247e+02
1.018077301517838720e+02
1.070495619408087862e+02
1.177286897341189018e+02
1.093357014859617777e+02
1.080420366830039001e+02
1.081354385366447133e+02
1.045294229654351597e+02
1.006882984992004282e+02
1.251303141279689726e+02
1.061249888408642619e+02
1.252461662037576815e+02
8.682445096613355418e+01
1.205142031258641850e+02
9.606362045720078413e+01
1.131003345463445555e+02
1.043047821572749143e+02
1.210208158581722415e+02
9.781467852019368081e+01
1.020632853035895238e+02
1.203563840220346464e+02
1.122875230433086955e+02
9.751685272174279362e+01
9.708847429970455778e+01
1.233927274497198567e+02
9.579004463284796600e+01
1.150286770972349046e+02
1.221699060431304531e+02
1.109263848695249948e+02
1.053435447217662073e+02
1.240918485027679026e+02
1.088912993392073076e+02
1.000663201086378962e+02
1.068889604219341436e+02
1.115878727768713503e+02
1.178588994719305987e+02
9.342915972458686724e+01
1.036920156861567790e+02
1.002052434357272404e+02
1.287441478004419935e+02
1.291159396615417165e+02
9.051199972007388794e+01
9.712497245845254668e+01
9.168252215238685210e+01
1.237946899596069841e+02
1.215642970757077563e+02
1.065223413790351543e+02
1.137611040637980011e+02
1.263161901277219954e+02
9.702222882073577637e+01
8.742377602192580355e+01
1.154999199536823511e+02
1.025592627992827630e+02
1.142369754402885889e+02
1.016742115290763167e+02
1.160502637112397366e+02
1.266081086910098463e+02
9.410179797089396914e+01
1.062715838544678775e+02
8.900811665139048046e+01
1.184181592739167286e+02
9.288499459190254015e+01
1.196648682426644683e+02
1.060221861399856067e+02
9.095023212372511523e+01
1.188751644377162222e+02
1.140837232964194357e+02
1.124147444613002733e+02
1.197821854518189326e+02
1.088354128551869593e+02
1.111127138664543139e+02
1.143409339395808786e+02
8.821231876065543531e+01
1.153402097543432632e+02
1.127457022854125626e+02
1.120573151311349136e+02
9.846070397477922143e+01
1.221268686320953378e+02
9.203425857623990680e+01
1.076805720545918490e+02
9.708846534441450160e+01
1.068422934967226183e+02
1.219523122341631449e+02
1.045091102882814056e+02
1.176490495476896996e+02
1.071533591061283488e+02
1.148503991764912513e+02
9.867906343968975591e+01
1.161868704261317760e+02
1.013304201748193947e+02
1.174611206364348419e+02
1.042038024999253309e+02
1.108897935830202641e+02
1.103570121987778094e+02
9.898306103788588928e+01
1.016611786776956308e+02
1.055135612055820786e+02
1.290475093143444667e+02
1.192315510315393112e+02
9.951862749948296027e+01
1.045772566530841488e+02
1.003381530086255680e+02
9.188371232402271005e+01
1.430681340156660610e+02
1.114747450189706370e+02
9.262240696113371996e+01
9.667601183653509622e+01
1.120436892074785220e+02
1.178103573760873246e+02
1.209995532729914061e+02
1.050897235350704619e+02
1.397215779588738940e+02
9.621179523449059445e+01
1.076318623868686046e+02
1.011346093430957040e+02
9.983230002774507739e+01
1.031078517828133130e+02
9.705659874254035913e+01
1.115727311443576326e+02
1.266282130168913795e+02
1.052910449567609419e+02
1.121454760592048956e+02
1.070422717662382723e+02
9.441802707008493201e+01
1.283473167559058083e+02
9.862076421454460728e+01
1.154069182890731042e+02
1.064336222587625969e+02
8.568150308042588392e+01
1.211063647447996203e+02
1.122912267074318606e+02
9.031345362241602004e+01
1.086807964755929987e+02
1.039445654185278443e+02
1.199331576574486320e+02
9.553034330111391625e+01
1.022850742698027346e+02
1.110588802963644781e+02
1.042565465043710162e+02
1.183084012022959541e+02
1.213399169196600980e+02
1.256348107004614292e+02
1.071487748223661782e+02
1.072324093772473645e+02
9.096159630912032412e+01
1.023363697767631493e+02
1.247744306711740165e+02
1.159765763316679994e+02
1.190057133119917978e+02
1.116731979356643762e+02
8.768152384863371651e+01
1.221004599085197668e+02
9.666874996071905457e+01
1.171826788166575568e+02
9.816419034081926043e+01
1.068809515056930479e+02
1.209699711489646603e+02
9.529000225300571003e+01
1.188146014565663222e+02
1.028729125270359930e+02
1.043396376071787728e+02
1.249587526798515142e+02
1.008336178670209904e+02
1.099481838140342234e+02
9.490632260352732885e+01
1.171930210907428460e+02
9.899932860733774476e+01
1.230000943930688777e+02
1.160950935646141886e+02
9.024061105530930149e+01
1.335464574120285590e+02
1.109514870278392351e+02
1.141887306583674899e+02
9.334912158915513203e+01
1.065151908539724985e+02
1.186888426768266953e+02
1.087034157858158068e+02
1.071105075198983343e+02
1.200713747789987735e+02
9.901757032565946304e+01
1.093038687911078881e+02
1.110988193669351176e+02
1.114396666763375663e+02
1.041786829498168174e+02
1.153131010672134380e+02
9.822413484426786567e+01
1.175086339686383639e+02
1.100485013016560174e+02
1.050372233677696983e+02
1.105882069292753869e+02
1.031236386771574445e+02
1.204098623504307710e+02
1.009189648352968334e+02
1.032873671895913219e+02
1.318227632314838900e+02
9.940970070448480556e+01
1.306962359502678339e+02
9.336830740767169345e+01
1.104887530089005168e+02
1.050624494266278788e+02
1.059288214020784977e+02
1.090175778633270340e+02
1.005644586124777362e+02
1.178215618297618761e+02
1.021823376164263948e+02
9.675918488849578125e+01
1.105238539400894950e+02
1.260220105798808277e+02
1.017823795543672389e+02
1.180460357329733370e+02
1.042836987584639274e+02
1.222904049101952779e+02
1.074348021392670063e+02
1.013966745753162400e+02
1.011238735195718021e+02
1.131547173605519134e+02
1.071520895074808521e+02
1.144212158096838579e+02
9.788400173666832416e+01
1.204998800768582470e+02
1.081561809626161903e+02
9.867818419116865414e+01
1.241772018039935546e+02
1.184181655789980852e+02
1.166228670760527990e+02
1.171951877608942141e+02
7.593601820786301460e+01
1.138112162656821198e+02
1.075134208959359938e+02
1.326741307856144374e+02
1.079604505168877608e+02
1.132522043681260158e+02
1.032834794397882376e+02
1.084959800262947169e+02
1.050078483444672486e+02
1.181517096184327755e+02
1.097216411863612109e+02
1.134297601934604955e+02
1.233254369622042788e+02
9.272001747543528438e+01
1.121667780590201744e+02
1.009478680342887174e+02
1.139972414897219437e+02
1.154280456964162624e+02
9.768542621134805870e+01
1.158621106053313241e+02
1.215123789337938973e+02
1.135721897142391441e+02
1.020276386265621227e+02
1.025180220645125928e+02
1.040281140951515084e+02
1.131134601311822223e+02
9.577883714341434995e+01
1.106817450785777623e+02
1.083549213065366246e+02
1.009428759208930586e+02
9.262288775898325355e+01
1.477396612968686895e+02
1.165406520251233360e+02
9.566142716906526289e+01
1.044331147811949876e+02
9.416708299114370107e+01
9.273136479276998045e+01
1.000054567061517048e+02
1.126418591787944905e+02
1.330469220319307055e+02
1.111060800544044156e+02
1.281475537394013600e+02
1.041193089921019919e+02
9.895726933139584958e+01
9.572938299645974780e+01
1.155549400168570742e+02
1.143621350705138013e+02
1.070132263577132363e+02
1.115642115182189826e+02
1.044610874577597741e+02
1.303426078819448719e+02
1.007186806677530058e+02
9.870683690685334000e+01
1.006327072346618081e+02
1.127929017276715200e+02
1.059472871781065066e+02
1.067874037803372289e+02
1.154744832299156627e+02
1.144824659036899845e+02
1.026689558489428009e+02
1.042335404468816051e+02
1.171286818880627152e+02
1.036996649680055498e+02
9.376476576106010441e+01
1.300219489446944010e+02
1.159777265203139649e+02
1.111524261430345746e+02
1.072795432600795351e+02
1.182315128170156981e+02
1.037727941982578272e+02
9.775165556906985387e+01
1.104518415526880375e+02
1.175144772739587751e+02
1.159022505685747859e+02
1.027610157363223919e+02
9.873209976743288507e+01
1.090343538516923019e+02
1.121459843948205304e+02
1.125576339400664523e+02
1.120649443579406750e+02
1.099436304170930612e+02
1.153896528839914311e+02
9.340747167234438564e+01
9.769453459104637716e+01
1.248325400995564962e+02
1.090251442043525003e+02
9.255922655512122788e+01
1.295913685325833455e+02
1.048817170785159618e+02
9.395837738895454549e+01
1.114599837664193416e+02
1.052161763506932743e+02
1.165903871726729477e+02
1.152818404358313131e+02
1.047980234374009143e+02
1.036092028623429542e+02
9.739872587343221255e+01
1.274085281113750767e+02
1.165776352450635045e+02
1.093908841994847734e+02
1.150332394005655203e+02
9.213532069067943553e+01
1.065280999637303410e+02
9.729620088450029414e+01
1.253088981459558653e+02
1.025264750467203356e+02
1.310058871257877797e+02
1.139511201701081120e+02
1.089315119649988191e+02
1.205782587667422092e+02
1.089855047110886801e+02
1.053129624378333489e+02
1.123878382199042676e+02
1.048772222427798368e+02
1.104146073779458845e+02
1.165702151732129437e+02
1.072593249913830391e+02
1.229788936365803380e+02
1.059076202986539670e+02
1.102145514887709652e+02
9.412921649677232949e+01
1.116373001452667353e+02
1.101056580630779820e+02
1.068574354972984679e+02
8.781428874076286206e+01
1.273844932455005932e+02
1.030187846760762369e+02
1.203087103350455891e+02
1.020542900640305390e+02
1.248791705493975570e+02
8.239435067313772265e+01
1.195032470365393493e+02
1.184456593934552728e+02
1.022793892296561467e+02
1.082171140124390831e+02
1.088593247025020503e+02
1.024784548370248132e+02
1.084169586097656293e+02
1.049193821658930403e+02
1.062536095924270541e+02
1.251758027316677442e+02
1.170545143635662555e+02
1.185925239609178163e+02
8.871945627110987687e+01
1.169858479325307883e+02
1.113834149176442310e+02
9.708606039668941889e+01
1.184544106281224174e+02
1.293399853733989175e+02
1.158459816615375644e+02
8.975532387521785438e+01
1.042880940265718834e+02
9.348374907108005516e+01
1.066399330733633803e+02
1.108900367259185487e+02
1.251502780874495073e+02
1.114814182273184144e+02
1.082045496163123204e+02
9.386985632723532547e+01
9.603632119787678789e+01
1.106357224034913713e+02
1.164994427537952362e+02
1.108680448642406731e+02
1.285459928891224592e+02
9.435010308824281822e+01
1.201278978282756356e+02
1.204830316229537601e+02
1.022347254923572422e+02
8.849684992073537160e+01
1.020355544372214780e+02
1.107602466525819409e+02
1.334936221156132774e+02
1.058412792480600899e+02
1.119551927242176390e+02
1.318730663436642772e+02
1.079519732913901464e+02
9.158272525666973252e+01
1.090907895089668926e+02
9.636222051349379569e+01
1.189762667559772069e+02
1.023204640047191987e+02
1.120603234225252720e+02
1.096886823772008910e+02
1.114732342907079783e+02
1.261381594688354966e+02
9.525901573909673914e+01
1.141729011818395776e+02
1.061541632420944552e+02
9.615386315664719064e+01
1.027937580259468575e+02
1.154441453040892753e+02
1.221324437432782020e+02
1.450561185480529502e+02
9.527284769118715246e+01
9.439925330560070904e+01
9.750322660362866145e+01
1.050701116635863031e+02
1.236410618240091708e+02
9.598783114481690859e+01
1.029732730045181768e+02
9.288091039105135849e+01
1.199247792577616281e+02
1.099907988597046682e+02
1.249997400244164254e+02
1.039060018840713866e+02
1.194175019871569958e+02
1.117672153316870265e+02
9.468565220049099196e+01
9.329011724418245421e+01
9.675777331135084580e+01
1.213821987681968295e+02
1.204101500211382216e+02
1.160370865794734385e+02
1.009596014983711569e+02
1.158930059769415095e+02
1.202909738431184650e+02
1.126416571734622352e+02
9.934755410554537036e+01
1.063653843285409550e+02
1.155256657623142047e+02
1.242163678818532020e+02
9.829498508181869454e+01
1.019036576378494914e+02
1.032153347836270854e+02
1.121456474990628607e+02
1.029301328728403320e+02
9.797689910872249186e+01
1.311094135128735729e+02
1.308123862157535768e+02
9.967884427711223339e+01
9.900878956392594432e+01
1.098504708135579193e+02
1.339998809120181988e+02
1.113337319858378294e+02
9.855937601809293369e+01
8.900161724359976745e+01
1.043754589761975922e+02
1.119809168370254753e+02
1.135353012749263826e+02
1.227275049124195618e+02
1.155708744100385417e+02
9.264516363759028650e+01
9.861750502856354217e+01
9.780354506558595062e+01
9.345465591508428815e+01
1.307083700087084424e+02
1.170804795507167313e+02
9.724606427702975964e+01
1.199925257382794399e+02
9.512386311844241504e+01
1.121033379488632562e+02
1.086650663095532110e+02
9.518117210785145232e+01
1.317354894529074727e+02
1.124542514178544508e+02
1.127814149461843130e+02
9.653870610878411185e+01
1.052215692824988196e+02
1.105089868828098503e+02
1.211790170796019765e+02
1.076843542144390824e+02
1.028478626805016347e+02
1.245805233877919278e+02
9.881816076872232202e+01
9.953861483855304471e+01
1.040440300137362470e+02
1.236383800045962289e+02
1.077552135427544044e+02
1.076731824864607603e+02
1.110043548117776027e+02
1.192347948131704953e+02
1.120569428269342609e+02
9.882274484678438853e+01
1.264245032933291100e+02
9.963966286333507583e+01
1.044643233629372787e+02
1.019330369630800277e+02
1.076925851881266851e+02
1.174803327186238988e+02
1.000456737143121870e+02
1.130231635304283202e+02
1.066234817757334667e+02
1.251825882508831427e+02
1.060040258760256080e+02
1.046950604507315603e+02
1.135104339191340586e+02
1.123665584823994408e+02
1.001234727855079569e+02
1.148788465954381053e+02
1.013309177025472536e+02
1.042683040042828964e+02
1.232749369787357239e+02
7.816312850889090669e+01
1.038477149686070362e+02
1.326819312269680324e+02
8.817433798288433877e+01
1.267429092206766654e+02
1.150917241788871763e+02
1.023013434148098639e+02
1.388950308466342847e+02
9.456237434298850530e+01
9.814714472100375531e+01
1.336906279694111106e+02
1.028152708814743050e+02
1.028905687286112425e+02
1.172149017913578035e+02
1.033041290776743466e+02
1.020738865804201794e+02
1.155291776108449824e+02
9.587982991982636349e+01
1.283099667559002057e+02
9.976793582823110285e+01
1.096629199032786204e+02
1.019499375449834417e+02
1.066791097389020280e+02
9.688692420962087226e+01
1.189642853836929106e+02
1.146537111851568653e+02
1.138475958094341820e+02
1.033730262933067650e+02
1.252289150326066931e+02
1.089880429481547282e+02
9.383246198632282642e+01
1.148915385789057098e+02
1.096811134109127011e+02
1.226874003071595780e+02
1.179674056104234694e+02
8.881921920670966131e+01
1.016456154825626470e+02
1.142006323208702838e+02
1.116040540278312960e+02
1.128343019100079090e+02
1.196511250841590623e+02
1.096904764926965754e+02
8.983171208459926049e+01
1.059742289601302048e+02
1.164679235400697763e+02
1.072817581504819060e+02
1.268115001613712707e+02
1.070265570555047390e+02
9.594532485169430913e+01
1.032367918830914704e+02
1.132467396562318243e+02
1.085877070345489415e+02
1.242335011582405713e+02
1.029803767236270033e+02
1.012072472198585018e+02
1.182572714944989798e+02
1.026284957357642469e+02
1.375140852193231922e+02
1.017451566875956530e+02
1.036797970156605970e+02
1.076685266472017020e+02
7.928637860435861739e+01
1.309465933557842732e+02
9.979196633092139734e+01
9.316997151771104768e+01
1.449226370285301186e+02
9.503639363026431397e+01
1.068390009210694700e+02
1.065421431016632141e+02
1.161406975900982133e+02
9.725888514321025013e+01
1.180762745095596955e+02
1.008950491747499001e+02
1.033629219433395576e+02
1.205479367613485522e+02
1.010251620754917354e+02
8.923482868336959939e+01
1.057632280606693911e+02
1.236098226712180832e+02
1.177081149127082824e+02
1.119962318656483689e+02
1.276549091465472543e+02
9.108188532081031497e+01
9.790095674761762723e+01
1.269785387180677816e+02
1.158130542113387804e+02
1.055629939781329512e+02
8.324004524328645971e+01
1.193727944546637332e+02
1.008023837773276767e+02
1.187068825554480327e+02
1.260894043676438514e+02
9.381002114051044316e+01
1.178932535169292208e+02
1.060989805826830121e+02
1.054071463083596711e+02
9.439809038023462051e+01
1.316234091514005513e+02
9.334850605519085320e+01
1.097956748011928880e+02
1.193277434278655846e+02
1.276834897426533644e+02
9.501764353475026326e+01
1.062706300870586347e+02
9.329303855739563289e+01
1.050133078178939030e+02
1.133467896606700265e+02
1.074914982327391755e+02
9.997857448719089746e+01
1.348527631943019855e+02
9.501715559845852965e+01
1.162224235765939397e+02
1.125485247689876047e+02
9.919866121404336923e+01
1.203405689040814224e+02
1.004409902439584528e+02
1.035931761137383376e+02
1.148742248018112093e+02
9.173278461286393792e+01
1.182462291781160246e+02
1.339638375653383946e+02
9.533854450525008417e+01
1.043672000949302685e+02
1.091650440611617654e+02
8.813162846183848842e+01
1.230080719262995643e+02
1.196131369800389734e+02
1.067985100586528233e+02
1.101940813064290552e+02
1.039776801195143747e+02
1.054816822349797434e+02
1.116802985193206723e+02
1.033275829757697863e+02
1.233374778699921990e+02
1.075223074399564638e+02
1.082942967389020055e+02
1.029984074888289598e+02
1.292589156671316744e+02
1.081923820684870492e+02
1.020723409470286356e+02
1.048313511950060644e+02
9.950914178120440567e+01
1.043640816242342595e+02
1.136405309376147841e+02
1.090935415591188615e+02
1.235275616559229377e+02
1.002874001662564467e+02
1.045811142760376811e+02
1.070748298239991954e+02
1.140269347872572610e+02
1.145743597901569473e+02
8.968035746076789394e+01
1.031746004707491693e+02
1.227399108445816438e+02
1.200720948889017734e+02
1.044014097208643648e+02
9.390078383509796822e+01
8.728584836747906195e+01
1.230021455913468316e+02
1.188768248917239987e+02
9.916392906146271002e+01
1.062064804006271146e+02
1.133204773026728702e+02
9.534049269161400275e+01
1.259339498234614041e+02
1.121499988035171071e+02
1.067145047215013705e+02
1.190446177283920264e+02
1.112319901698608646e+02
1.086731863900462116e+02
1.099730319381094858e+02
1.010012098290403344e+02
1.074655454180447975e+02
9.257452569595056957e+01
1.192685441358957945e+02
1.080356732624660339e+02
1.120271439265767555e+02
1.155567735460151368e+02
1.062944038198546224e+02
1.289243730686473839e+02
9.747791993151722068e+01
1.132293521718208780e+02
1.039718311196851488e+02
9.451662842822092614e+01
1.206777802841170200e+02
1.263915844711272740e+02
1.037762962160082623e+02
8.468339524631504389e+01
1.115654889974319701e+02
1.129385338711920781e+02
1.152312485151521315e+02
1.004959254886017561e+02
1.068448356819310305e+02
1.093934714502688905e+02
1.388798125971698596e+02
1.135865692781282661e+02
8.564357475372402462e+01
1.135891957320151562e+02
1.185779140316170839e+02
1.111367845309841726e+02
1.135725128865848887e+02
1.080794962133451378e+02
8.873333996213354169e+01
1.104542038642219950e+02
1.243994486716584476e+02
9.721519004813751508e+01
1.095715146096804204e+02
1.075770536993344137e+02
1.056753976823499954e+02
1.088035766150780148e+02
9.865573302222597363e+01
1.093806340737679506e+02
1.077486853406440446e+02
1.121631478926313719e+02
1.189938419170726149e+02
5.347917607094180426e+01
8.829026465495270770e+01
7.061929445753206380e+01
1.658058813596438483e+02
1.178186269836238012e+02
9.461343133840958330e+01
1.133924901142608945e+02
1.187788710516580153e+02
9.482574355338182670e+01
1.191384939389754720e+02
1.079239423217225919e+02
9.836757623858001409e+01
1.039282562700575312e+02
9.896030087098500871e+01
1.277619249801043537e+02
1.161363140463980983e+02
1.194760093890182873e+02
9.943739228626945703e+01
1.028625784246869728e+02
9.684690488855423496e+01
1.073266189406668047e+02
1.325764495556094573e+02
9.224558736824936034e+01
1.215673514292726480e+02
1.174008312792836222e+02
9.901623403486698294e+01
1.116300186703072370e+02
1.108759671630669885e+02
1.066120287763579455e+02
1.176272395281708043e+02
1.073225116044057899e+02
9.407860012581267029e+01
1.139399417206184211e+02
1.164802875784336891e+02
1.112190188602865391e+02
1.027470628633182059e+02
1.286588587371701067e+02
1.036097761418788110e+02
1.058528012702280137e+02
1.015954648372368467e+02
1.139889335215531645e+02
1.073458943423022021e+02
9.527311806190424193e+01
1.267102432723468297e+02
1.132770032318605757e+02
1.097913797655940868e+02
8.824829779321969170e+01
1.075567916114152212e+02
1.249234649583729038e+02
1.113893403593637714e+02
1.090635158253733863e+02
1.166071720814456683e+02
1.069120959815275143e+02
1.238023589969679392e+02
1.159414222369632768e+02
8.050774494517841617e+01
1.254529449672823915e+02
8.833851490461519518e+01
1.041850055733044655e+02
1.006923537702036668e+02
1.199092930690155754e+02
1.134773498294309491e+02
8.480607445879587658e+01
7.773519529636035941e+01
1.263331021464468336e+02
1.114445852758769036e+02
1.316288557940203816e+02
1.109678090662629160e+02
1.136884936534092247e+02
9.780815762122445278e+01
1.081126599555348946e+02
1.368861729661398954e+02
1.053926393739013321e+02
9.086999174615968400e+01
1.031151572013937994e+02
9.727760561449929355e+01
9.146772025399680217e+01
9.672769820764433746e+01
1.295192397115512790e+02
1.294039188088545984e+02
1.118188892422636371e+02
1.165045156299201494e+02
1.115314653298840994e+02
1.141978789337203466e+02
1.041481755808038088e+02
9.691617508666556091e+01
1.112235230765044633e+02
9.822430139000728389e+01
1.124892558185640468e+02
1.014476008615489064e+02
1.096764088413760447e+02
9.921062117092192523e+01
1.071844065242918873e+02
1.222654805326263414e+02
1.152358404107192911e+02
1.181417759625870190e+02
1.186914741901531301e+02
9.422858289051640668e+01
1.016816846194070791e+02
1.197976402082173166e+02
1.045458790743280559e+02
1.138815600859564796e+02
1.127386044914980801e+02
1.007782356919199600e+02
1.038187581588342994e+02
9.804929553103632145e+01
1.270543078182211474e+02
1.067149332885299629e+02
1.010338690274344202e+02
9.939493677095056512e+01
1.204891592517557513e+02
1.219928093381417682e+02
1.032808161473436144e+02
7.334702649686356324e+01
1.206584120149290413e+02
1.005761844025326752e+02
1.231499767170200528e+02
1.011985956148349288e+02
1.251077764325930559e+02
9.917751581734923150e+01
1.022634663318179662e+02
1.023974770432988493e+02
1.110561626831249384e+02
9.350601551681900503e+01
1.415517751723427295e+02
1.080424319025638908e+02
1.093880711750765471e+02
1.090195700322380219e+02
1.014304567794052758e+02
1.298673334238483221e+02
9.337481750156970861e+01
9.650869483813403349e+01
1.138183711698629139e+02
1.210387264315293407e+02
1.175225081448697040e+02
1.341000851108366874e+02
8.198365296063052199e+01
1.032562194355340779e+02
1.071690376810696819e+02
1.062412396284885290e+02
8.931857540091816361e+01
1.086648791491093675e+02
9.764523774987553395e+01
1.117702261214870134e+02
1.170339693935776353e+02
1.241297974188610311e+02
9.042970645058093737e+01
9.480938035076465553e+01
9.608887503252469742e+01
1.403917327277119682e+02
1.016348471233049793e+02
1.167102123163128198e+02
1.063173578465957974e+02
9.120645578808078824e+01
9.899214069567454999e+01
1.037073028238937837e+02
1.315109850300084986e+02
1.165576751290434885e+02
8.019711595392477932e+01
1.180748056974706373e+02
1.162738612035755210e+02
1.171368262751083762e+02
1.118432269474046450e+02
1.025117662647118379e+02
9.425233652487915492e+01
1.170307977861771320e+02
9.966957663672735634e+01
1.290846272307811660e+02
1.112182372361527030e+02
1.055990890745820678e+02
1.132894246732588499e+02
1.063836137552629140e+02
1.078575273084493062e+02
1.123119799873547038e+02
1.050996097555887161e+02
1.095663805199959597e+02
1.162465925545505598e+02
1.053274897931335801e+02
1.236499782565383896e+02
9.539288124577615235e+01
1.133649018392126919e+02
9.687516547039038528e+01
1.211040424258012393e+02
8.471560951356291014e+01
1.069117487634098325e+02
1.285557136599486512e+02
1.148601435810361124e+02
1.251669075935848383e+02
9.714717408413460475e+01
1.041577027698794353e+02
1.045549164163101921e+02
1.089680224146663363e+02
1.098250670116147916e+02
1.029500486289518761e+02
1.128664889028300138e+02
1.282711124698893457e+02
9.725933457362093293e+01
1.055879090753530676e+02
1.126680696314241601e+02
1.026472823948753756e+02
1.152491440313637554e+02
9.578625235098310498e+01
1.117530116629815922e+02
1.169431456666656572e+02
1.381760677188902662e+02
1.066445063638424102e+02
1.054863890645841877e+02
1.235200004609258144e+02
1.012373546480620377e+02
1.103799483050828059e+02
1.072608046214968738e+02
1.228526188576632734e+02
9.063778715677499065e+01
1.201804360641845904e+02
1.130494786583817017e+02
1.244465893265625738e+02
8.715413099837319066e+01
1.030182574074207480e+02
1.201061134757364925e+02
1.099066946989278080e+02
1.082180016366153268e+02
1.055688655611518243e+02
1.195902216118426367e+02
9.950810323415076653e+01
1.036720766362367954e+02
1.180170749275079345e+02
1.189945495059486404e+02
1.164498314329264446e+02
1.012576551642853815e+02
9.627841330212253013e+01
1.161416866249348203e+02
1.080425268976367761e+02
9.850770230841435193e+01
1.205546105840965936e+02
9.873431448501899865e+01
9.823353183943498834e+01
1.072257951246245256e+02
1.290078970140495755e+02
1.107968009363184194e+02
9.303741248662581143e+01
1.025259203058209323e+02
1.083137240104682917e+02
1.316352161619742560e+02
1.037099125916515447e+02
1.164517732405094250e+02
1.049249516098934123e+02
1.137562142660049602e+02
9.037466269089394189e+01
1.091381609032449234e+02
9.441170005580741531e+01
9.034217959946438725e+01
9.616364523872759662e+01
1.324769078015116861e+02
1.129277630641952896e+02
1.207357193525547814e+02
1.020740726032999959e+02
1.174319349132481989e+02
1.239147156476232681e+02
1.050915012687669332e+02
1.023845524527873607e+02
1.154174487891709617e+02
8.991817913784510097e+01
1.028512826809143661e+02
1.123961700350042747e+02
1.139959966457181082e+02
1.215133621490074489e+02
1.086999717273692738e+02
1.084086765217117403e+02
1.047418678377778321e+02
9.690154252193246975e+01
9.878200969289065370e+01
1.111119537918661564e+02
1.153360723009683255e+02
1.207404689312990769e+02
1.022084346845231408e+02
1.011263885289716598e+02
1.053979193934135736e+02
1.241071653957565672e+02
9.927698963855972636e+01
1.229053461010050370e+02
9.698142150103954862e+01
1.109688882941685364e+02
1.052055482343392470e+02
1.105593882244171908e+02
1.083084898541860923e+02
1.184173172416477229e+02
1.118164744817133993e+02
1.065997887908415294e+02
1.052056932522186656e+02
1.209766173261809286e+02
1.019132702555942842e+02
1.093570391330071487e+02
1.183755111870702024e+02
1.016717112204196809e+02
1.041605967814829938e+02
1.107179948893839736e+02
1.027942197725841993e+02
1.148581212460790653e+02
1.138911990158544256e+02
1.095863920121201147e+02
9.974908236786217230e+01
9.839378340403901291e+01
1.147677768743196651e+02
1.314752125417380171e+02
9.657911056573220776e+01
1.155428627694456765e+02
1.095497016931597472e+02
9.794628710667272742e+01
9.701874399282723971e+01
1.272024392540725017e+02
1.152261653351401236e+02
1.078993213592423785e+02
1.112505631844528011e+02
1.277410592225377428e+02
1.136318721762179109e+02
9.711879371027859520e+01
1.069570157190197506e+02
1.089892002249528815e+02
9.747747958813097569e+01
1.109266675860122007e+02
1.064924216049043366e+02
9.697387387522276470e+01
1.143226433513116262e+02
1.037196175247852352e+02
1.229480328444746391e+02
1.109901697907574771e+02
9.917854744510954390e+01
1.130001043799172464e+02
1.022529397696782780e+02
1.171200735605051335e+02
1.123242088484271619e+02
1.100249923005398927e+02
1.151446246922167376e+02
1.007442908121569332e+02
1.122774294482740629e+02
1.147535561694881778e+02
1.026858478544451145e+02
1.002887293802530735e+02
1.179489466975225582e+02
1.094341907641779130e+02
1.040666842732085939e+02
1.095673723330506135e+02
1.095206428290834566e+02
1.124416619929553889e+02
1.224136138973878900e+02
9.857323015355187579e+01
9.997781054147220914e+01
1.142431592179028002e+02
1.129040848360423581e+02
1.015521214455055343e+02
1.042881876030966595e+02
9.299089980897943519e+01
1.096095679464777817e+02
8.823149518717177386e+01
1.516078652655714336e+02
8.332426112484507996e+01
1.384701983371728602e+02
9.424613270911162033e+01
1.086381773094152976e+02
1.193069282498578900e+02
1.120437815239105248e+02
1.088062797089005329e+02
1.018399828130012139e+02
1.047640281625979384e+02
1.035598918045777737e+02
9.797377102499906698e+01
1.333610667862335788e+02
1.017809578601965086e+02
1.112767647203256161e+02
1.040079338084696872e+02
9.221273565322297827e+01
1.352860096868036237e+02
1.027864338861517837e+02
1.064262084167058191e+02
9.479792959636613148e+01
1.152797268085670908e+02
1.000345262447918202e+02
1.101712924939524783e+02
1.208740759905264213e+02
1.044823382785129695e+02
1.025899341936248561e+02
1.155749618218269887e+02
1.194582704136504958e+02
1.052198360918934839e+02
1.097782291928165819e+02
1.159407204092753432e+02
1.028639861451432296e+02
9.335016751865047979e+01
1.249499387285779335e+02
1.291914963831306125e+02
1.084099313709092769e+02
1.096637759352265959e+02
9.829832364906410191e+01
1.016510856835450056e+02
1.078391724961623623e+02
8.843175729342311797e+01
1.162365188284810245e+02
1.211242414575629880e+02
9.868070847873522666e+01
1.169917570380112153e+02
1.111729724984153052e+02
9.656363484621860493e+01
1.255848435415316402e+02
8.910722622984953034e+01
1.056187827700063622e+02
1.174939366901438405e+02
1.205437626759307221e+02
1.115270936695174697e+02
1.161038027437865736e+02
1.135518034089029413e+02
1.090331196055640532e+02
8.653643160496019959e+01
1.161434085574093444e+02
1.067859741406879550e+02
1.027177444096582946e+02
1.109204132045889537e+02
9.266633226928142619e+01
1.257785489440707352e+02
1.146505317050834378e+02
1.013053543026731518e+02
1.125475832309052180e+02
1.043690403916170908e+02
1.232776421382062750e+02
9.465973776091040293e+01
1.175816131082413278e+02
9.422253677738008548e+01
1.255894026021997689e+02
1.096419510978166301e+02
1.157899852214277132e+02
1.018383735846034597e+02
1.070885632669978662e+02
9.437658798760823231e+01
1.204925175298934334e+02
9.496217067258322686e+01
9.844183998473594954e+01
9.507404276484697903e+01
1.186515622689075258e+02
1.234018664578664328e+02
1.254805310001736558e+02
9.328330742251699803e+01
1.104078634875832847e+02
1.237741298959926297e+02
1.162937185521566903e+02
1.043208720678043591e+02
9.838284035655173909e+01
1.001711697198158362e+02
1.101894386783425119e+02
1.166062615215116267e+02
9.875315020901014407e+01
1.145229177336817514e+02
1.033350041690858632e+02
1.115112953381460699e+02
9.679956588334523815e+01
1.012705869366936469e+02
9.685951039803714480e+01
1.206816192434586270e+02
1.159307157767589729e+02
9.311994154421427083e+01
8.602661233326301726e+01
1.316365238198603151e+02
1.106773372229277328e+02
1.020464868123878119e+02
1.105390838535269182e+02
1.295691003338637870e+02
9.728754092467553960e+01
1.130419946012728616e+02
9.456581376670489192e+01
1.032445037801685146e+02
1.322024824144216666e+02
1.082528972848732565e+02
9.955372483591752086e+01
1.003467307678162399e+02
1.046097273081415437e+02
1.114351751144173903e+02
1.234941650691127535e+02
1.133920890378985149e+02
1.087233215970306475e+02
1.012703060312476993e+02
1.129675064132868840e+02
9.244927173387111452e+01
1.119963142089681867e+02
1.021357064954419513e+02
1.082477822789408606e+02
1.149800896263676435e+02
1.226512267707345245e+02
9.382884294782866164e+01
8.737654031554478706e+01
1.022823155684691585e+02
1.268487212047134562e+02
1.117545960717679776e+02
1.123499938267291753e+02
1.133744394280932113e+02
9.395617197236295226e+01
9.940960472478610654e+01
1.335567418532224053e+02
1.070922756905115989e+02
1.164849040888254166e+02
1.034573753177193538e+02
9.817262130333880066e+01
1.229509183632649751e+02
1.069469017021743298e+02
1.082404261107221259e+02
1.114755999392330779e+02
1.085816939324747068e+02
9.796224514560071839e+01
1.105113825463962769e+02
9.927795303818284367e+01
1.201061733908316143e+02
1.210543336825314213e+02
1.052410797663588369e+02
1.234062420162623681e+02
1.117372301580772813e+02
1.154172034876464608e+02
1.006841761464018248e+02
1.039687693457277646e+02
9.779077204169387016e+01
1.239361798681831885e+02
9.973282031045665974e+01
1.206824090676902017e+02
1.201243206447035448e+02
9.462968980017890885e+01
1.140263270869618708e+02
8.997141474313463050e+01
1.197390667855101896e+02
1.105087780891459914e+02
9.989021014933874199e+01
9.394159301141652918e+01
9.989592567229540521e+01
1.192865878745339927e+02
1.277654684806612408e+02
1.069126885206731146e+02
1.140154999524056763e+02
1.099870958036317745e+02
1.081804137272653179e+02
1.066738211953256865e+02
1.204099430111209728e+02
9.574790512009568033e+01
8.937770907160660272e+01
1.165927527025928612e+02
1.163292797825885003e+02
1.151700212891117303e+02
1.054065336585418891e+02
1.116210223879126318e+02
1.110876297422902326e+02
1.061556884018574038e+02
1.264330445599580770e+02
1.115517449476613621e+02
1.005843013864039506e+02
1.184651327137119665e+02
1.007860111229535249e+02
1.006615624793839174e+02
1.234774059240855024e+02
1.100628379313668859e+02
1.094707261695058662e+02
1.132688589943335700e+02
1.088351868691570132e+02
1.022184387858820998e+02
1.126983719170228397e+02
1.144610903423799897e+02
1.275793762638465836e+02
9.921213155774847792e+01
9.790473003193137913e+01
1.213844526676643625e+02
9.713269086136862995e+01
1.112844629439983777e+02
1.121870364706124832e+02
1.095214443941989373e+02
1.136707291507314324e+02
9.345158862294998414e+01
1.153619106767611413e+02
1.065568974265638360e+02
1.141769323158357849e+02
1.269675671677419047e+02
1.123381864017159302e+02
9.201502768688058609e+01
1.026893323232657735e+02
1.220131336289521613e+02
1.099776437514427414e+02
1.162881913167778407e+02
1.035323078391021738e+02
8.788212745174273266e+01
1.154023323315312837e+02
1.049947355227126309e+02
1.212600906039673276e+02
1.066972124888046949e+02
8.594042473672189431e+01
1.162982498198079355e+02
8.772325033501627445e+01
1.189479333831696408e+02
1.186969415261554275e+02
1.182723800323014842e+02
1.111325562698003893e+02
1.085985390014862588e+02
1.092823683182309082e+02
1.095162052048332555e+02
9.571638957127797198e+01
1.218888607032122593e+02
1.096439106044327474e+02
1.146125409042240761e+02
1.125381413785844700e+02
1.203779451770655555e+02
8.020645467013399355e+01
1.149120101418561575e+02
1.026710639015392559e+02
1.094441241779277476e+02
1.092184810053314550e+02
1.075842976505560671e+02
1.030008771900733535e+02
1.228802559629921234e+02
1.072601137212843412e+02
1.200246736660983515e+02
1.113559187745153451e+02
1.246437769906042377e+02
1.105961389783662554e+02
1.113465144699160589e+02
1.182168128792265662e+02
1.191969574481388037e+02
1.046809975859343353e+02
1.030244810991709272e+02
1.052282840743522172e+02
1.050391370563716720e+02
1.138889588209442252e+02
8.775746961585241479e+01
1.373128119552743840e+02
9.272622553201841811e+01
1.058773085454766516e+02
1.056663555030473418e+02
1.256371513328903973e+02
1.087208686657195500e+02
8.121009035569969114e+01
1.057080339451243844e+02
1.233097009046927184e+02
1.103001436222229188e+02
1.081428342010256642e+02
1.206694740567889568e+02
1.094573680475178037e+02
9.889403661248417166e+01
1.204485330485659915e+02
9.958051175723963411e+01
1.163607914348776120e+02
1.034307851555909110e+02
1.050909243581855321e+02
1.016370025783572970e+02
1.215400468266526559e+02
1.068832714723935737e+02
8.850160562778857809e+01
1.404434400439381534e+02
1.071387913033897519e+02
1.088412743029706036e+02
1.183659256505544874e+02
9.562672477739987187e+01
1.260660073877011484e+02
1.021611024936568981e+02
9.994002021260281765e+01
1.133482787353997452e+02
1.086500708540971800e+02
1.040569395528146828e+02
1.063921613293064183e+02
1.131424872699309532e+02
1.264370331791905642e+02
1.134988792244931801e+02
9.162983546747007324e+01
9.718244828727691242e+01
1.274760556034567998e+02
1.097231251688669289e+02
1.118533040314697331e+02
9.261764928131803742e+01
1.085686254084523483e+02
1.200691183235897768e+02
1.250047527744816307e+02
1.139041310520951669e+02
9.843527513956517794e+01
1.127827284841332869e+02
1.060322339516911967e+02
1.169538997697170544e+02
1.177410909589055734e+02
1.079911488467885903e+02
9.666719866935228822e+01
9.875325524889461803e+01
1.285841395091424886e+02
1.057453231808282510e+02
1.113281719484555623e+02
1.145227978303185381e+02
1.146905761055243147e+02
1.070650237814065520e+02
1.190690621315949898e+02
1.057786957417078781e+02
1.082632618835984601e+02
1.103274546135249778e+02
1.061991084739476037e+02
1.028117193149601576e+02
1.287767559260625774e+02
9.813747307183115254e+01
8.329001392860152464e+01
1.326919382173890654e+02
1.147095277215819635e+02
1.056727476199400400e+02
1.093735644726723280e+02
1.116784188078208189e+02
1.042642971165748946e+02
1.064242079637519964e+02
1.183642589534108680e+02
1.025117764810579359e+02
9.724911072164600512e+01
1.120724375318143160e+02
1.282681020037493909e+02
1.000043338234814030e+02
1.158497894736294569e+02
9.775119316680429904e+01
1.216716348326838357e+02
9.966758040207616887e+01
9.860160311628442287e+01
1.083804253306341252e+02
1.265678816121328225e+02
1.128127586334119030e+02
1.338269794963220818e+02
1.084392237549879781e+02
1.005865188747565782e+02
1.009139636329792182e+02
9.480188569566021783e+01
1.036046732558506278e+02
1.006831744045962864e+02
1.264694827823830536e+02
1.237296288090939669e+02
1.050322654318757003e+02
1.228753354762493046e+02
1.173833895366008448e+02
1.085199870234211375e+02
9.560871691548044282e+01
1.038195754860240072e+02
1.052601575420888054e+02
1.021725360178020594e+02
1.025579771184593056e+02
1.111102461657218186e+02
1.307044271006654697e+02
1.015707943392317532e+02
1.176995877063668985e+02
1.070953057598386238e+02
1.246179428174895065e+02
1.066141971695138864e+02
9.603617317777003848e+01
1.027976012335774243e+02
1.026181647995876460e+02
1.018044850011706615e+02
1.112656530444550924e+02
1.020389239842887719e+02
1.138104587395936989e+02
1.228633342575589467e+02
1.117990947755894240e+02
1.054341992596245063e+02
1.146255408933402293e+02
1.081042218655531570e+02
1.033342914149778409e+02
1.135282390794184266e+02
1.266499336556225188e+02
1.115358969116334293e+02
1.123498367445033921e+02
9.471357653712934166e+01
1.002997293070257143e+02
1.092345465019697599e+02
1.171180074105771638e+02
1.074538994529353602e+02
1.009108624186507939e+02
1.075471806746802912e+02
1.171836758837695811e+02
1.057473873228026946e+02
9.275504147841793667e+01
1.094678970601132875e+02
1.072228066934922310e+02
1.110180946692494075e+02
1.104919739662004332e+02
1.218775020193099010e+02
1.201835089918835990e+02
9.615964691760869698e+01
1.079764322770840295e+02
1.269070850286410916e+02
9.354718838475019993e+01
1.115922081572752376e+02
1.005530096547940815e+02
1.109241422581850003e+02
9.025753949517539354e+01
1.239419132080790718e+02
1.233789217603159472e+02
1.101078416305294070e+02
9.754622900523547457e+01
9.275510257852410234e+01
1.144604755017038258e+02
8.965585345536025841e+01
1.211411217043522868e+02
1.177093902688329052e+02
9.877125135121296751e+01
1.030267191666400493e+02
9.818526993035233374e+01
1.170286897385977767e+02
1.127855376422450036e+02
1.012710942564154664e+02
1.105265718749488144e+02
1.168096182237900678e+02
1.114973965141413714e+02
1.056790513300992700e+02
1.179551994893484732e+02
1.049054455748693186e+02
9.679557471789168233e+01
1.095460383108027429e+02
1.292339181057158726e+02
9.483328226311553522e+01
7.173557526873295842e+01
1.446817534350585674e+02
1.122250143757722327e+02
1.017581299893306550e+02
1.104258954817695582e+02
1.120564785281748499e+02
1.225448776089671270e+02
1.043187683451466796e+02
1.036335181589911230e+02
1.104744628607150077e+02
1.106588277838779817e+02
1.273125431678405874e+02
9.825714991591422631e+01
8.750863633495765725e+01
1.072976709254565719e+02
1.232447682219586937e+02
1.155604753972274210e+02
1.123146845393964099e+02
1.096927641180388804e+02
1.063118733139331624e+02
1.054544896256276871e+02
9.730745989130144835e+01
1.204117912896967795e+02
1.195246003730550370e+02
1.083112961794606406e+02
9.727963725462088007e+01
1.071681694110918954e+02
1.021311549030723285e+02
1.048153308786665860e+02
1.137518001247397592e+02
1.019517833888477440e+02
1.305183270901936794e+02
1.039828154363454615e+02
1.227012030036172519e+02
1.240371598179187203e+02
9.990142195577855944e+01
9.392230294535336554e+01
1.023059904072420636e+02
1.022627763925426763e+02
1.183161567804308731e+02
1.151058314957924722e+02
1.183131893145925915e+02
9.995998571547239919e+01
1.146103561772991100e+02
1.124570490102139217e+02
1.059134374121938293e+02
1.155027391901387119e+02
9.998355734627276092e+01
1.067427363085808878e+02
1.131344538967467628e+02
9.768818253372853633e+01
1.258439275331692215e+02
1.120371248361463898e+02
7.813022363505051260e+01
1.281904336735247796e+02
1.094585916392378664e+02
9.245669751724696539e+01
1.059812461346818253e+02
1.131663641064873644e+02
1.168112220577219063e+02
1.156438257743992892e+02
1.042155732761125506e+02
1.015988501019304238e+02
1.086505986989702848e+02
1.357864624477935536e+02
1.065357522354871094e+02
9.824021450869916805e+01
1.054989623862557409e+02
9.734026497044366977e+01
1.217274723213627539e+02
1.294266443231967685e+02
9.004850738313859893e+01
1.150973793798373634e+02
1.147473728258771501e+02
9.448574733128396019e+01
1.195587613896722559e+02
1.155411168124377355e+02
1.020358833771977913e+02
1.111994573518564948e+02
1.254875281417988475e+02
9.759009424120817755e+01
1.116682047775128694e+02
1.083832181789227178e+02
9.953874550462865045e+01
1.111037079731723480e+02
9.614863882363933101e+01
1.097648453882790278e+02
1.297993236754435316e+02
1.045253169458104310e+02
1.215354105255427015e+02
1.179744603720252769e+02
9.654112006876839303e+01
1.057245886338837693e+02
1.070490405840226629e+02
1.170366957251965232e+02
9.890735995777363598e+01
9.642619675531902601e+01
9.446185600923067227e+01
1.406871791900493918e+02
8.897727105009346360e+01
1.019595083649470979e+02
9.877633896204091002e+01
9.554783326684723477e+01
1.305998235223685242e+02
1.162098993459823504e+02
1.056397081208547206e+02
1.296548471883083096e+02
1.071665850309291557e+02
9.733032101621185461e+01
1.088575960513629184e+02
9.641731354588698366e+01
1.170270928805622077e+02
1.098991881893876439e+02
9.719440863664478059e+01
8.974208704314294494e+01
1.087725580877050646e+02
1.145483461062354422e+02
1.305395485136489242e+02
1.161748553212453032e+02
1.105720727950604214e+02
1.018591737853608805e+02
9.529419854826521430e+01
1.131715619867724598e+02
1.298915351777144735e+02
9.279277684969298434e+01
1.067420382183145193e+02
1.100869749958417430e+02
1.096183639507884067e+02
9.892372281567955383e+01
1.150277532482895282e+02
1.057523253061722102e+02
1.165909702644607790e+02
1.090337207323811981e+02
8.669467559613818253e+01
1.106084071988120030e+02
1.448455329700734353e+02
1.072960611613128208e+02
8.952824679660264451e+01
1.038823730677474941e+02
1.072692861838651908e+02
1.168036142375533473e+02
1.167398573086011453e+02
1.156321291190066631e+02
9.967545020730601379e+01
9.248035471677759745e+01
1.349407918801532560e+02
1.023623956663406318e+02
1.031461808774995319e+02
1.155256654249185857e+02
1.229123019633290994e+02
1.072385380888874522e+02
8.932788176695920868e+01
1.115894149775570696e+02
1.093068412937233091e+02
1.011019781648219436e+02
1.030315702008650618e+02
1.292524268008033630e+02
1.075733458490069552e+02
1.122525424322859635e+02
1.019535676825167201e+02
1.116261504568124820e+02
1.156024141050610154e+02
1.030596038590633299e+02
1.164310646125824036e+02
1.178642328143662041e+02
9.003160387055871183e+01
9.272514099904849161e+01
1.020606822396480453e+02
1.219241720738022536e+02
1.044785167432462032e+02
1.130625369725713796e+02
1.121473060932631398e+02
1.260489204219754811e+02
1.243247281350301705e+02
9.131958641861621118e+01
1.009455170626002456e+02
9.305483673225958796e+01
1.165639437533681928e+02
1.167267167600654005e+02
9.730650633061590327e+01
9.315222134758170114e+01
1.027986390263474306e+02
9.755824935065457737e+01
1.497632661196327604e+02
1.123015996172727000e+02
9.195595879653724580e+01
1.058654521272532634e+02
9.579892393339530088e+01
1.232463298951448820e+02
1.235870580337603855e+02
1.158084623559333721e+02
1.056975170206483341e+02
1.070533059562273337e+02
1.048794833142223695e+02
1.169878381875710289e+02
1.052966203099616962e+02
1.036291665778437618e+02
1.032182332430619454e+02
1.241261614667785409e+02
9.870056897934432527e+01
1.056015073995385620e+02
1.178078997641845120e+02
9.871650890896098929e+01
1.169529125394791862e+02
9.915008987426757869e+01
1.161807684348929541e+02
1.188299921437890703e+02
1.060951311426146333e+02
9.557269099306795113e+01
1.103592073622097018e+02
1.154438747446186824e+02
1.235932337531731946e+02
1.030922017100654386e+02
1.086383775628318205e+02
1.018123142219262292e+02
1.140090831400452345e+02
1.138316889491543691e+02
1.258829967589801129e+02
1.053869085025896197e+02
9.590005906873399510e+01
1.113578402075520302e+02
1.130805318362041305e+02
1.155542609509283380e+02
1.214410439614007657e+02
1.090383688627755845e+02
1.242428703273255763e+02
1.127668094956954121e+02
8.578107661050053423e+01
1.095380388233670317e+02
1.178242974549905853e+02
1.104258278318295226e+02
1.178880100310221337e+02
9.989976362242641983e+01
1.104511440698525035e+02
1.258079365748197631e+02
9.984384111865998079e+01
1.108625372599462509e+02
1.068848752720617341e+02
1.096067177555536745e+02
1.218556729272947052e+02
1.133904623751405154e+02
9.926471745453090989e+01
1.134505602081309661e+02
9.837163483450197532e+01
1.059785358080627162e+02
9.633146313887739609e+01
1.068940759174950870e+02
1.167487193644648329e+02
1.224889560240722517e+02
1.048770725176614320e+02
1.150794055937816012e+02
1.174041135431822767e+02
1.082829342951582277e+02
1.031547389841952196e+02
1.370206729924268814e+02
1.044550864808447699e+02
1.098512226246635777e+02
8.790715459706939328e+01
1.035139721878973518e+02
1.036745207168952874e+02
1.366837984427652373e+02
9.563341662025752044e+01
9.721164434434965074e+01
1.165200822196637347e+02
1.083334768900107292e+02
9.551970213095057716e+01
1.195354857933674850e+02
1.144015071587179762e+02
1.172478687413634617e+02
1.088850145640376610e+02
1.015684147026684343e+02
1.110130170412552815e+02
1.062881339386265580e+02
1.033243956582960976e+02
9.238095463937088425e+01
1.192817441606587323e+02
1.239682402907190664e+02
1.190440909673301775e+02
9.915269020531091826e+01
1.094156232287088528e+02
1.223189802948577665e+02
1.008171168100746797e+02
1.052287648406868499e+02
1.073731683002031190e+02
1.232539572910478967e+02
1.232643827774227105e+02
1.046831497068193073e+02
7.995380098371840916e+01
1.074659837824399204e+02
1.300386556045697546e+02
1.177811840806859180e+02
8.778502111368909766e+01
1.105723089153220684e+02
1.035207147116949216e+02
1.128528776666572782e+02
1.225233989460368917e+02
1.015629735042953570e+02
1.275606864069639954e+02
1.009634307884299318e+02
1.241137524006260975e+02
9.834011650225957624e+01
9.673730140898143759e+01
1.006210422328791054e+02
1.036984060599488942e+02
9.272807740691263234e+01
1.095679935097333271e+02
1.113807563644310221e+02
1.317916433176160069e+02
1.254186243894204580e+02
1.212858353938946294e+02
9.859386852156832504e+01
9.237157459347602639e+01
9.390573964142856767e+01
1.243891070861703696e+02
1.047741817242679616e+02
1.109692151908396625e+02
1.087714175420179430e+02
1.316556159275146456e+02
1.033909830090420172e+02
9.490495323634442570e+01
1.117616094666549316e+02
7.695797825143695547e+01
1.066082180479215396e+02
1.006327985032757937e+02
1.237960349961063145e+02
1.273665695243702771e+02
1.239188428695840116e+02
1.001022545928491070e+02
1.085934297292795492e+02
1.145211381951540091e+02
8.807608793893386689e+01
1.234018571205580344e+02
1.098514978488851028e+02
1.078157211581233526e+02
1.099326052042217583e+02
1.183771528404387823e+02
1.087273171701034187e+02
9.413188807783578227e+01
1.127219506703972343e+02
1.094927808743052111e+02
1.120159947353567844e+02
1.215058881548771552e+02
9.179893673428153988e+01
1.143467830270941619e+02
1.201745356402813059e+02
1.046373699475607850e+02
1.032441235480830102e+02
1.086027097398778380e+02
9.173997083303929401e+01
9.095598892116223055e+01
1.218122313084801647e+02
1.069899661607339141e+02
1.271198452690096161e+02
1.064803096361354022e+02
1.292491145854860974e+02
1.036647953823360950e+02
1.083540855178089970e+02
1.166244584801790438e+02
9.237416375960042103e+01
1.117434732040834291e+02
1.015679568479918657e+02
1.022622498168555580e+02
1.001206444197593441e+02
1.141843080320075501e+02
1.183622306032691966e+02
1.162121163967957216e+02
9.820069410707743884e+01
1.079891036876405934e+02
1.169813407588128484e+02
1.182592710193669490e+02
1.063396537919274323e+02
1.091679103963383994e+02
1.009899987823359595e+02
1.250803045127318569e+02
1.009503862533494498e+02
9.655752634095378539e+01
1.156938015441338763e+02
1.170983434780894328e+02
1.170018476349909946e+02
1.094275073197790960e+02
1.259953366491920264e+02
9.452283553840280206e+01
1.128065120618429091e+02
8.556662056724624676e+01
9.631908360511251033e+01
1.113924745001540799e+02
1.087496545676215618e+02
1.047275919228434589e+02
1.327244678775765578e+02
1.024042312632190459e+02
1.095174801656719552e+02
1.195396401494286351e+02
9.378177573085292806e+01
1.160854552459207412e+02
1.052503979256782998e+02
1.094266604873118638e+02
1.056290287701404509e+02
9.214854002342249828e+01
1.094220835852874387e+02
1.330329722817832021e+02
1.036272556219917220e+02
1.108379073846385552e+02
1.099328050108123449e+02
1.219483227441904347e+02
1.090758314456512750e+02
1.123597566907974539e+02
1.127401177991837358e+02
8.904626019649072077e+01
1.033884234507606550e+02
1.077974183926290124e+02
1.006136727251659977e+02
1.203099494287139919e+02
1.118934398099129623e+02
1.105797541065685863e+02
1.035447638001085409e+02
1.078830518243990610e+02
9.446277934916716390e+01
1.111413736344763379e+02
1.254402589051595669e+02
1.112452565578585677e+02
1.112354412260847596e+02
1.012216941988399697e+02
1.177918210926168143e+02
1.123923996883745957e+02
1.190914366216423588e+02
9.155651706096138298e+01
1.325034577030789080e+02
9.799546672363999278e+01
1.119437645916364232e+02
1.021298224576537592e+02
9.965618763572177841e+01
1.118195979017447286e+02
1.122740605903300661e+02
1.137444325380478176e+02
8.662359630556032641e+01
1.137764197591857993e+02
1.223666786901747088e+02
1.053192288691153635e+02
1.140637485047241455e+02
1.141675074111833652e+02
1.139260729891933721e+02
1.081913969490193068e+02
1.025862558457646116e+02
1.038337341269518816e+02
1.137370893931528428e+02
9.672954002588909361e+01
9.914896176302367792e+01
1.073892993952116512e+02
1.244898304555005950e+02
1.294420130154531705e+02
9.513488370020736795e+01
1.122770878793589020e+02
1.094256627201943814e+02
1.147518929334202227e+02
1.140814516447571236e+02
1.073697485828863023e+02
9.826712623893934051e+01
1.072130978566860904e+02
9.733472831448520424e+01
1.165843695054836644e+02
1.042828308091541913e+02
1.040677897220951138e+02
1.258517977686113767e+02
1.091483271160796278e+02
1.106561063567830701e+02
1.008567254762495509e+02
1.252787380402006221e+02
1.159429755879470605e+02
9.150390987293853584e+01
1.189092924788706114e+02
1.202143264390492448e+02
1.150209894062988809e+02
1.056761425213520766e+02
1.202946536155545800e+02
1.027936070629232859e+02
1.082063880074962441e+02
1.029609757798720295e+02
1.152346071615608878e+02
1.218388844744563642e+02
1.036572304841763668e+02
1.016468525755869479e+02
1.242617746783922144e+02
9.967224814389450671e+01
1.008419551101414271e+02
1.005128878863686026e+02
9.633642539165012408e+01
1.170867149308652841e+02
1.148447521423557163e+02
1.124593248865186297e+02
1.140256359056428153e+02
1.134090089425873487e+02
1.115581689483901187e+02
1.190966853806655479e+02
1.067778124443147760e+02
1.089242070456228078e+02
1.049923169456665732e+02
9.294650501640592211e+01
8.962266907759149603e+01
1.238615243948453752e+02
1.072456922468735883e+02
1.164007213472498421e+02
1.026161686350665434e+02
1.131937689632785151e+02
1.073951097198917637e+02
1.121765626786327203e+02
1.319759054833003518e+02
9.897198456358496799e+01
1.309911819850653956e+02
1.110581587900557992e+02
1.011656201575190295e+02
1.111388736164064852e+02
1.023945836667882929e+02
1.101062240357180144e+02
1.101783565103665552e+02
1.302157040997136619e+02
1.194432963712563520e+02
9.311564256995134770e+01
9.363659716471164529e+01
1.191735605748567082e+02
1.116670534719100658e+02
1.182922108512681376e+02
9.561294633199754855e+01
8.672269787697933907e+01
1.207050585173612802e+02
1.185832142592411174e+02
1.191781434751149220e+02
9.124847862568586265e+01
1.126929025085318301e+02
1.107803953182165202e+02
9.946859241784802919e+01
9.522229416817725678e+01
1.024750718834876579e+02
9.506753335170643027e+01
1.126709465783052480e+02
1.142085878592992998e+02
1.277273858993791151e+02
1.051174477816700801e+02
9.354068534185303463e+01
1.043402001286877550e+02
1.203510959408770304e+02
1.234851219959165292e+02
1.045708587049422249e+02
1.005116721080952118e+02
9.200072495789643767e+01
8.898893155190071980e+01
1.569194722404298545e+02
1.199615796388200408e+02
1.164409588420072055e+02
1.024659465560757070e+02
1.223116672622230396e+02
7.841255131035720183e+01
7.889685935926826232e+01
1.035690540394396919e+02
1.098137487736416773e+02
1.035456964935807918e+02
1.234124200881855415e+02
1.179959290332597419e+02
9.702752197135504275e+01
1.281655794746605466e+02
1.089097564544842527e+02
9.127392563849883800e+01
1.149353923218626363e+02
1.336800608329655802e+02
9.689949595189446541e+01
1.032369737371744378e+02
1.021059383202856878e+02
9.984026223972246328e+01
9.870442370447553060e+01
1.080841790319884694e+02
1.127806189135410619e+02
1.187022490342075400e+02
1.133756891257000206e+02
1.052206154605815698e+02
1.221114952715512203e+02
9.689491975102018273e+01
1.056804716995980868e+02
1.181171504414550952e+02
1.087635730038061439e+02
1.183013656581331219e+02
1.102044027379200628e+02
9.851654829418063741e+01
1.014479877639184480e+02
1.218546491202960027e+02
1.150391047880432183e+02
1.063526931336024575e+02
1.238390317667626448e+02
9.749679239916464724e+01
1.092836805951524894e+02
1.204583473843103292e+02
9.896164855149115169e+01
1.093320922234308767e+02
1.032439675603429947e+02
1.071957899482536902e+02
1.080169757948133906e+02
1.167111641630146437e+02
1.151760403889567499e+02
1.085459992765633785e+02
1.126843148890704924e+02
9.527739681340814570e+01
1.057318115824543838e+02
1.188767790925649450e+02
1.092599439993334300e+02
1.095734611379399723e+02
1.116370568091494420e+02
1.018387225165665484e+02
1.032644035968904603e+02
1.250026577826231460e+02
1.154705785742097532e+02
1.110513045121410585e+02
9.911853814377533922e+01
1.002152231756408582e+02
1.016634126684873394e+02
1.104177575537882348e+02
1.223784677785085364e+02
1.116732321868532694e+02
8.779443986352210061e+01
1.128629443712122651e+02
1.207019026471351282e+02
1.121529549050131180e+02
1.094890253087151422e+02
1.276885921455298387e+02
9.944892784968394039e+01
9.384925706896962083e+01
9.351934435007673585e+01
1.162473212545829284e+02
1.287223197282378067e+02
1.091160644923609055e+02
1.167125677093297185e+02
9.946469678885591748e+01
1.221903641996063214e+02
9.695329080123120491e+01
1.171836258612347450e+02
9.339327418726529118e+01
1.008210971416506965e+02
1.042656055875572463e+02
1.138460693564040298e+02
9.910381532518249514e+01
1.099727671669076301e+02
1.198709978050444960e+02
1.161258354092489924e+02
1.148610266258891528e+02
9.787897703407965366e+01
1.006258272190938641e+02
9.737483223494011497e+01
1.022390136832965624e+02
1.277847138330518817e+02
1.080206505850228922e+02
1.153003538540875610e+02
1.122001397761266759e+02
1.020698495107713342e+02
1.256093220240401962e+02
1.022235904298074587e+02
9.351607952749361630e+01
1.187638054517700255e+02
1.038610273487249316e+02
1.128248556995345950e+02
1.231597029134577070e+02
1.106171548292384585e+02
1.128227248789213348e+02
9.332619253392476821e+01
1.075634038555230774e+02
9.532526649402151975e+01
1.197872856110343776e+02
1.283476652433753316e+02
9.837416862379585325e+01
1.094218074260760574e+02
8.865004807355096261e+01
1.182705399356351847e+02
1.061675065432451959e+02
1.264297651078092883e+02
1.013497924591410850e+02
1.122594901794621762e+02
1.172947799449140120e+02
1.168897160604048935e+02
8.863684111020300804e+01
1.094137534753296421e+02
1.085550030311674590e+02
1.144113985798014568e+02
1.107239983027654375e+02
1.079653673792066968e+02
9.923597780406876723e+01
1.053026826587537244e+02
1.177878476429199566e+02
1.124557646026671165e+02
1.078907495724606491e+02
1.126302483687022686e+02
1.009219391033962694e+02
9.863236409854617648e+01
1.165003251054568807e+02
1.119877398933380590e+02
1.032989328707694341e+02
1.231436507949782282e+02
1.038026953701812971e+02
1.232292447535779303e+02
1.002793684830082128e+02
1.079756361928165518e+02
1.113281325640777766e+02
9.597704176162119438e+01
1.195069487204281984e+02
1.034716303688793317e+02
1.098079353435882979e+02
1.155468319948535623e+02
1.162635448561318725e+02
1.118252174618960595e+02
1.004478722798413060e+02
9.945559116368572461e+01
1.058780536899480182e+02
1.253230177428713006e+02
1.102829325612742934e+02
9.596718688980776335e+01
1.170245819063071480e+02
1.015921057377840242e+02
8.155173446134838855e+01
1.085110451444526660e+02
1.335285168419272281e+02
1.083400733558789000e+02
9.610127988211108629e+01
9.900873519582694371e+01
1.175946141237119349e+02
9.662614169246494100e+01
1.139277385566797136e+02
1.118510133860553708e+02
1.056203680559968774e+02
1.011933907735135563e+02
1.133449396591343401e+02
1.110734252475389781e+02
1.044911671663525112e+02
1.158834968229428029e+02
1.166857361046114221e+02
9.836068264725970778e+01
1.052304698590466217e+02
1.123801160772606664e+02
1.022542623642655713e+02
1.309647034008087019e+02
1.050643571973046022e+02
1.051930446165103490e+02
1.194055711171020135e+02
1.032485692941549900e+02
1.168680873844354551e+02
1.158598687268341223e+02
1.082026083395421949e+02
9.754792327677087371e+01
1.011532408500912226e+02
1.232942309734195732e+02
9.377397711157412630e+01
1.242688976759476560e+02
1.249864653797764475e+02
9.826024083859086033e+01
9.301674322465434841e+01
1.032908064952008118e+02
8.934527574382903481e+01
1.535718740524993109e+02
1.140931863778592117e+02
1.030885748547306520e+02
1.153659798188445222e+02
1.172685252032809586e+02
1.001468867307722377e+02
1.072416488567693733e+02
1.395382993663774869e+02
1.196954648505294898e+02
1.028941583610182988e+02
8.448807281086617138e+01
1.056192097529799838e+02
9.719403480104384130e+01
1.101294022587662056e+02
1.097256820739728909e+02
1.133756467461716397e+02
1.024747918306097176e+02
1.087513881648104075e+02
1.118273867453738148e+02
9.788312675393423490e+01
1.228481519337219083e+02
1.247403039015132720e+02
9.573299956098733787e+01
1.048411731249771037e+02
9.511800703755956476e+01
1.069002716951298879e+02
1.140446593051479880e+02
1.026744219406921275e+02
9.348033513183214893e+01
1.324141556174302536e+02
1.022131077537264474e+02
1.047368757042309255e+02
1.114934007224166663e+02
1.089461366933348359e+02
1.004969516072362410e+02
9.180169137970389670e+01
1.189810298148613725e+02
1.251956275279877673e+02
1.072663150112110202e+02
1.049005514808437738e+02
1.169659225948466315e+02
1.053285293805298011e+02
1.144200819079807303e+02
9.906457483504196659e+01
1.132863765695118587e+02
1.000635068579393590e+02
1.222834746144432927e+02
1.031294564115960668e+02
1.242694080143738802e+02
1.031399777171414911e+02
9.010611958087167750e+01
1.128352604893542548e+02
1.190114462727196809e+02
1.036863331919070390e+02
1.050252026280408160e+02
1.078939498114367836e+02
9.697683224740583796e+01
9.786798156353670208e+01
1.213111912817593208e+02
1.258606687056342963e+02
1.328101538023822457e+02
1.039789470058801015e+02
9.590372182593657158e+01
9.616466008719275749e+01
1.106163278567984491e+02
1.193497033971222976e+02
1.140899130125198155e+02
1.014500769633101669e+02
1.144401609940744748e+02
1.156807666336122224e+02
9.943533730882616339e+01
1.124228435982479368e+02
1.164424277149536380e+02
9.649325677846721305e+01
1.006664183779335104e+02
1.002666451697341046e+02
1.303954476156119142e+02
1.072698137300770895e+02
1.149894147657232395e+02
1.184021445424163943e+02
1.150417894824630736e+02
9.297783881628893710e+01
1.019164703047001694e+02
1.103339861745358803e+02
1.407919164524768405e+02
9.020657233154904020e+01
1.066120514832912676e+02
1.129874204800791802e+02
1.014087218748839945e+02
9.733066077450423847e+01
1.061992648349920643e+02
1.052789182376308048e+02
1.090794281682264426e+02
1.140207003708366926e+02
1.115647211875497504e+02
1.103205569454492974e+02
1.120612471652919453e+02
1.180480298414806555e+02
1.182996232970861570e+02
8.857930596170277227e+01
1.022811801912850029e+02
1.122304250033452462e+02
1.116930099778114425e+02
1.052992618450055886e+02
9.506122769136428019e+01
1.078474064924375000e+02
1.276016716171366880e+02
1.070388157994883898e+02
1.075464200858975090e+02
1.230672281144942559e+02
1.178608799564546104e+02
1.094506013400071680e+02
9.271630884469256273e+01
1.019530879173197349e+02
1.173919228064265212e+02
1.008602513642747738e+02
9.475162796412692501e+01
1.133787041084215019e+02
9.491525455630885233e+01
1.356385826684179392e+02
1.008322999361671606e+02
9.372494098115778627e+01
1.136696491945655225e+02
8.866677706396659175e+01
1.208619210644429245e+02
1.322148946893302082e+02
1.035482517863967615e+02
9.530931868445114219e+01
1.190263972312463210e+02
1.064115721453852501e+02
1.091164145385279198e+02
1.213066958484345292e+02
1.193283254668639302e+02
1.178344216511559779e+02
1.076021351428002504e+02
9.644532966483916425e+01
1.094010631579563437e+02
1.134192074929018474e+02
1.087990096290012758e+02
1.239542502896649552e+02
1.043474236254278793e+02
1.072545465953247970e+02
1.304186750796882848e+02
9.813617868223035146e+01
1.041775332125232865e+02
1.090420981671848750e+02
1.066356396199595906e+02
1.019737056525275989e+02
1.015937975510156122e+02
9.730001278392450104e+01
1.179455871531121005e+02
1.247643451959204128e+02
1.077546677945573350e+02
1.363927405477437560e+02
1.010805609079928331e+02
1.045278736362994323e+02
1.020414614239401345e+02
9.696688911575225234e+01
1.171670413008807969e+02
1.034980924878051667e+02
1.059869709365649584e+02
1.065758079032005980e+02
1.052579127063723803e+02
1.189888763624050512e+02
1.152382870282847307e+02
1.088854598855974842e+02
9.614299997100361850e+01
1.257867125292979296e+02
9.891997913160724920e+01
1.128826777541357416e+02
1.095447016486985206e+02
9.728837053961512993e+01
1.039111102476849169e+02
1.143220609250265625e+02
1.094981357350765308e+02
1.227522960907028278e+02
1.027942454049345997e+02
9.602599122873270687e+01
1.134766052371548426e+02
1.042039875887817573e+02
1.262705201170979450e+02
1.028296537862762818e+02
1.006953987772291867e+02
1.333262733963249502e+02
1.008203189590195166e+02
1.166530393225437479e+02
1.019570079145641586e+02
1.036123158330500473e+02
8.981412554635048195e+01
1.027932706790863762e+02
1.294982715868607102e+02
1.116433352005333006e+02
1.153312716417588035e+02
8.886034186283075087e+01
1.013648809584466193e+02
1.126089282303591688e+02
1.096366747867723461e+02
1.024912817092043014e+02
1.089187335422284377e+02
1.142310222961451558e+02
1.355538829953745505e+02
1.060404994788219284e+02
8.234565739249723038e+01
1.025845989621971057e+02
1.173831569631876874e+02
1.001006627945931768e+02
1.116664878697847598e+02
1.268465173774260109e+02
1.022552830296558426e+02
9.659299591780751371e+01
1.274624406955869631e+02
9.374164941870658652e+01
1.033458177695010534e+02
1.055390950941881272e+02
1.103275858755836367e+02
1.161343627681765440e+02
1.010542410940707896e+02
1.064036597302646925e+02
1.106082399742579412e+02
1.132399156874621866e+02
1.196047244504585478e+02
1.023936554820004261e+02
1.045097477506635215e+02
1.319099661132916026e+02
1.088536704019655303e+02
1.008121018484592497e+02
1.053788552801954097e+02
1.017768563577240286e+02
1.050303883870908521e+02
1.011940222291142675e+02
1.105582777353216244e+02
1.095970387378429223e+02
1.169066787496094548e+02
1.145898697413508103e+02
1.040146894587693680e+02
1.039355604979232339e+02
1.039837281834955576e+02
1.303758795614060375e+02
9.433059074044861347e+01
1.095078120121131064e+02
1.087812093748683253e+02
1.122439778321329129e+02
1.163184231931071366e+02
1.103141887989480949e+02
9.704529079214728426e+01
1.107813612240084211e+02
1.094794386685820911e+02
1.039661088927647654e+02
1.014522079905619734e+02
1.147046401773208544e+02
1.052980059950613025e+02
1.026665480912312489e+02
1.264990673915587394e+02
1.070810153179556181e+02
1.232768136240924974e+02
1.010863107681349078e+02
1.111246907158447215e+02
1.101596759308963414e+02
1.031469525092448833e+02
1.228681165025785731e+02
1.187520624733642478e+02
8.195374157947838967e+01
9.643145992441131398e+01
1.317988117215460875e+02
1.063797317788425687e+02
1.206299574797935321e+02
1.073466288535338435e+02
7.926772250164971467e+01
1.317620202759988501e+02
1.154176341707450320e+02
9.386602953836111851e+01
1.296748188162473525e+02
1.320588422725039379e+02
9.076489765198537896e+01
1.059770526213760036e+02
1.165021427617684964e+02
1.062424875607678416e+02
1.009578898143352603e+02
1.043545083044033959e+02
1.029412101466783582e+02
1.350155825339552109e+02
8.659226123272330256e+01
1.072722311718641919e+02
1.100297200068924752e+02
1.328571998803510326e+02
1.058792988101250074e+02
1.068637922382234962e+02
9.756383010324874760e+01
1.006185208290816320e+02
1.126143635698476544e+02
9.995696740490673449e+01
1.109515520021346049e+02
9.640317498336190738e+01
1.063820524186580343e+02
1.130395814126475358e+02
1.265771352503861777e+02
1.074915451891115907e+02
1.060006534430092984e+02
1.133015172650266180e+02
9.876195872728187908e+01
1.149247564857885351e+02
1.150184544535689497e+02
1.063874052961960786e+02
1.134613918616902168e+02
1.239007949778209081e+02
9.370808540927954766e+01
1.024649569415525008e+02
1.114083893600570576e+02
1.071863863239957624e+02
1.048578740182498450e+02
1.013236493119304527e+02
1.140574553281893344e+02
1.203045258626944616e+02
1.072947294502888269e+02
1.066009567406092202e+02
1.138460798281318347e+02
1.144574608072191069e+02
1.182304724912736305e+02
1.076975304641328677e+02
9.584746163103289973e+01
9.004927734837329467e+01
1.130128529380691020e+02
1.085680409409844032e+02
1.252185006698885985e+02
1.111047671870531275e+02
1.098402932289248923e+02
9.334861103901670276e+01
1.081548408548557347e+02
1.070511611142444934e+02
1.205175962033204371e+02
9.442929195447875657e+01
9.821279590333723775e+01
1.101732431135529424e+02
1.022021746500142996e+02
1.324003176425231914e+02
8.795094885169172017e+01
1.165150835210710198e+02
1.018598954282393834e+02
1.160484653004316016e+02
1.021696442592084821e+02
1.252134042786094597e+02
1.057889621632828323e+02
1.060474089842748668e+02
1.165381011906045643e+02
1.091245566777330964e+02
1.050152524234076452e+02
1.097301844506674371e+02
1.101077175642437282e+02
9.804898144672651483e+01
1.031138893552823532e+02
9.668316917453547887e+01
1.040895178258241458e+02
1.377725146993486192e+02
1.106827723434110027e+02
1.085198322852568396e+02
1.024537230262267542e+02
1.162800161347548453e+02
1.177974696504656578e+02
1.100778059720418582e+02
1.017869008343324850e+02
9.251482098397843856e+01
1.076135555157730295e+02
1.232165913971737012e+02
1.026441039623670690e+02
1.172259657603999443e+02
1.107502341464375490e+02
1.039047062167965123e+02
1.156244514382196513e+02
1.155420710176280892e+02
1.395585971270093069e+02
1.058206642503299690e+02
1.061411989046930984e+02
1.052309237820681176e+02
9.159903695379163935e+01
1.025693699119965174e+02
9.126194347867070178e+01
1.229004636494711633e+02
1.127469117606665776e+02
1.038939469236924964e+02
1.001382736100960216e+02
1.178432592654620521e+02
1.220646028381170396e+02
1.123752234574812121e+02
1.239176881970760178e+02
8.793344000093163970e+01
1.067551690956336188e+02
9.398237254774586802e+01
1.269521428824909322e+02
8.741771479794230970e+01
1.018825297500060429e+02
1.251367910212023560e+02
1.118548936647850383e+02
9.761144805614991071e+01
1.022258231810461950e+02
9.796824025407259739e+01
1.220788523454581593e+02
1.145939452639895251e+02
9.936791960053938055e+01
1.325694119057920375e+02
9.812032419121804594e+01
9.828808883267731744e+01
1.091332751159664838e+02
1.015456553615219235e+02
1.171411084765472168e+02
1.094807362899479557e+02
1.088102607082902580e+02
1.176828018341388997e+02
1.028809269212938347e+02
9.649262026945601178e+01
1.116627628447059664e+02
1.124388566363458750e+02
1.048503969529850650e+02
1.253518640203131156e+02
1.056494211693846523e+02
1.000283447168044404e+02
1.084367567295194306e+02
1.045863837720044387e+02
9.917864068854895265e+01
1.170032798871629467e+02
1.248945112956425021e+02
1.022417645854179256e+02
9.096254511946695231e+01
9.654380116444367843e+01
1.105898778571923913e+02
1.227411655960867876e+02
1.227150952573611988e+02
1.102023836134156767e+02
1.284546711730126844e+02
9.406879135430560268e+01
1.052213095854751543e+02
1.289886076511156716e+02
9.153528792156500060e+01
1.048194798106319894e+02
1.175554439689675661e+02
1.123759448822278273e+02
1.125827511379241059e+02
8.978821405433001246e+01
1.157295321022390482e+02
1.148130994113964221e+02
1.099310195496578046e+02
1.075894561605639268e+02
1.203787373874981057e+02
8.382581403162427591e+01
1.059701287857804317e+02
1.185998832501473856e+02
1.097701534082805210e+02
1.158945469853488959e+02
9.762472317158129442e+01
1.151660073727006761e+02
1.235756304491619773e+02
1.039941495085151502e+02
1.073288333177411857e+02
1.067014771544168639e+02
9.500710606878358533e+01
1.191296611801780898e+02
1.192091272446174202e+02
1.011613008688609909e+02
9.751378603003006162e+01
1.161253286841630938e+02
8.608492989591715627e+01
1.003879873667789298e+02
1.154253555344492668e+02
1.053700735130116328e+02
9.895264180752390359e+01
1.095541373330878940e+02
9.027516308897996566e+01
1.071586651877334191e+02
1.405053285712329512e+02
1.015279589916048337e+02
7.029066497334619612e+01
1.465212029758710059e+02
1.102862006731345730e+02
1.108946607401038449e+02
1.046409665699909226e+02
1.025844124646897768e+02
1.031807276533615294e+02
1.151893944837537163e+02
1.308275531305749553e+02
1.005617139164492926e+02
1.051745997639440304e+02
1.081281848994731973e+02
1.123603851839791332e+02
1.150395044591079170e+02
1.213313924657061449e+02
1.190084263326193650e+02
9.452053659344949210e+01
7.772970199661905610e+01
1.074694864703178183e+02
1.378085266453169879e+02
1.128256909782994910e+02
1.088500167709670876e+02
1.005722699952324461e+02
1.117179247846133308e+02
1.060079152092729373e+02
1.123559978721479524e+02
1.129034129487371558e+02
1.099550721390859707e+02
1.036095875788674334e+02
9.577596846401350206e+01
1.172796937875595233e+02
1.229742819185619425e+02
8.978495255809400533e+01
1.087968899473537476e+02
1.135073565419529018e+02
1.170534472474068650e+02
1.062574053589775076e+02
1.097638539968331344e+02
8.756311961138638367e+01
1.025284519611785328e+02
1.086431856667005604e+02
1.173567649334359402e+02
1.122304294991451883e+02
1.215500621574561961e+02
1.324863108079602512e+02
1.037282721761600754e+02
1.147486311143025404e+02
1.082008048096905100e+02
9.257382212393993370e+01
1.011902083045339680e+02
1.255277845058824795e+02
1.137533833632397346e+02
1.013379191873662677e+02
9.088949434529065741e+01
1.174567046955286003e+02
1.068533385176656481e+02
1.210832345759515931e+02
1.195263735323395906e+02
1.075552647663086248e+02
8.030123439169469179e+01
1.141338535781568453e+02
1.123644655775910479e+02
1.319133066401999770e+02
1.035592162190544485e+02
9.812067155158079856e+01
1.055085602407932583e+02
1.178848535320424276e+02
9.232813441350184291e+01
1.100427986237973528e+02
9.989058334795750227e+01
1.103830984114592724e+02
1.002620838557039207e+02
1.024745321012607349e+02
1.100345701188638401e+02
1.004199382353710632e+02
1.197298454557095226e+02
1.208404810459735472e+02
1.131587526999267652e+02
8.434251204765762111e+01
1.087332373085763209e+02
1.066760910648459060e+02
1.170088179779045703e+02
1.185130362620231494e+02
9.161899775629119347e+01
1.109500141229632248e+02
1.086778961982700196e+02
1.072442026946814764e+02
1.100878586084057105e+02
1.060464449546126673e+02
1.131431582020047131e+02
9.762859136164355789e+01
1.270636304948327933e+02
1.035958979516632184e+02
9.960759855318832479e+01
1.141759779455190227e+02
9.512325246500853382e+01
9.683264289019957971e+01
1.218471532576294010e+02
1.266721935574789484e+02
1.075581535196383101e+02
1.092460303509381845e+02
1.096795769659382103e+02
1.039854772809098051e+02
1.127131959885934975e+02
1.040819072401004348e+02
1.023927273096572321e+02
1.108709081028068226e+02
1.180450364752566799e+02
9.835063099137515508e+01
1.185950531925130349e+02
1.208675822271117539e+02
1.037624995268007382e+02
1.018169357295000594e+02
1.071655602180277214e+02
1.030402579767409748e+02
1.026923985772595387e+02
1.055186665283230525e+02
1.202200205157380708e+02
1.130953537750302189e+02
1.084632272557454229e+02
1.070092724800489066e+02
1.144301909248192572e+02
1.318131011523429095e+02
1.064335177564704651e+02
1.191075732368967692e+02
1.035295800856514035e+02
1.225128232804373738e+02
1.133238707646742967e+02
1.099397102721160735e+02
8.134079090069603524e+01
1.312818398007310066e+02
1.050076011871957320e+02
1.071032726493686198e+02
9.779213949855504495e+01
1.184692481081010555e+02
1.175239590519210822e+02
1.078437620724734387e+02
9.859199782285340063e+01
1.125817608873301907e+02
1.175260162404607343e+02
9.064833385160599732e+01
1.100861366870913685e+02
9.620769366141240653e+01
1.245593497052022798e+02
1.103620993662532186e+02
1.165316377849548246e+02
1.119305530566970930e+02
1.102650085305914445e+02
1.030410505100629450e+02
9.595177041912189964e+01
1.182587580111228078e+02
9.122089628736091527e+01
1.058131406365874483e+02
1.082412395130123031e+02
1.227206586545721052e+02
1.091995801766789356e+02
1.157781851641113491e+02
1.087017111652848627e+02
9.716033727540954601e+01
1.350043984203059040e+02
9.849416408415491730e+01
1.046825328951315015e+02
1.068913993276991903e+02
1.092727412245703107e+02
1.060562783298220353e+02
1.133207790919448570e+02
9.351023266743091256e+01
1.388649679988865557e+02
9.609452962605745086e+01
1.083509866566855777e+02
1.172692555338580576e+02
1.035626380465345733e+02
1.149313280845478005e+02
1.042089657033182561e+02
1.060406053539471856e+02
9.793060318229304073e+01
1.053950029511343729e+02
1.287003785453727858e+02
9.319835222948455566e+01
1.216969517159679839e+02
9.733844980001072145e+01
1.143884788817199478e+02
1.075523002413086999e+02
1.187210795289427665e+02
1.122240325174519455e+02
1.005715419866402698e+02
1.137408904352607379e+02
1.263725239905521107e+02
9.889876346427604403e+01
1.053024218886425416e+02
9.802573623903752775e+01
1.083893560370917584e+02
9.455125955451792663e+01
1.188664701720239378e+02
1.283717921821353229e+02
1.037255925852863214e+02
1.060006455451863161e+02
1.108290368335658371e+02
1.124702111205499762e+02
1.124138954062762963e+02
1.016107800388419946e+02
1.129953651031358817e+02
