-5.442903530562054115e+00
-5.398284039272979840e+00
-5.324890179103602073e+00
-5.133897251041346976e+00
-5.466965834095118382e+00
-5.470533859929184395e+00
-5.507681189549919587e+00
-5.486979557291103760e+00
-5.507223172294313684e+00
-5.515628224446047057e+00
-5.511951124194537144e+00
-5.473535803174214287e+00
-5.122243866541897006e+00
-5.131617754746491400e+00
-5.104301872674376739e+00
-5.129990415271422854e+00
-5.151742494013558549e+00
-5.145193184909516937e+00
-5.137476210776911856e+00
-5.132363376777371755e+00
-5.174188855719954461e+00
-5.166321961303346200e+00
-5.123627471938376310e+00
-5.406531715659710358e+00
-5.439843296409706319e+00
-5.482592988100436493e+00
-5.522021593499857772e+00
-5.067343547546071747e+00
-5.415619996712996986e+00
-5.438226415398103697e+00
-5.373334298594289571e+00
-5.346020322679216008e+00
-5.394156551348952000e+00
-5.163097626251762051e+00
-5.432859118611715665e+00
-5.449170123516926090e+00
-5.421528739113425033e+00
-5.124981292435806246e+00
-5.513668500436851971e+00
-5.553108391215304529e+00
-5.725459095142257482e+00
-5.433770779529641715e+00
-5.523508461680118664e+00
-5.700943432905437369e+00
-5.526878084594499363e+00
-5.551604186926327067e+00
-5.482587478726617114e+00
-5.536877053774573731e+00
-5.572197411129692135e+00
-5.716531474875218066e+00
-5.487178805458416520e+00
-5.474010679607449248e+00
-5.545970199015273217e+00
-5.594242756483915002e+00
-5.452610279758776990e+00
-5.484616578440595802e+00
-5.505786265634350585e+00
-5.547921689157692349e+00
-5.588433832293139503e+00
-5.669123212364654663e+00
-5.664223845525889089e+00
-5.756893668116815910e+00
-5.755020735863762837e+00
-5.656569131034307141e+00
-5.647354301820588951e+00
-5.633946208356475083e+00
-5.641451688204731418e+00
-5.649597354192033016e+00
-5.676702026588219319e+00
-5.626475723230997872e+00
-5.678827781371523109e+00
-5.638051973966472730e+00
-5.688850869576103975e+00
-5.625668167976486167e+00
-5.655343817443757359e+00
-5.759028906608905984e+00
-5.648922425993855079e+00
-5.635084028509312226e+00
-5.647022576377115577e+00
-5.660775725047697549e+00
-5.641883217262419592e+00
-5.638476108532279873e+00
-5.639493162445828212e+00
-5.629415798088268197e+00
-5.641600209263090804e+00
-5.662004813029404282e+00
-5.648803082086110372e+00
-5.665981519074176020e+00
-5.649151098381437031e+00
-5.736511600658171339e+00
-5.720468139075752134e+00
-5.738740398681512644e+00
-5.661513826659572146e+00
-5.710018037490932841e+00
-5.704530515880250618e+00
-5.717979642749143387e+00
-5.707855796199763354e+00
-5.691242852219882131e+00
-5.511350202210925531e+00
-5.580624321597213999e+00
-5.533321475964875447e+00
-5.568000867802268772e+00
-5.513683442778379629e+00
-5.543519999001499166e+00
-5.513056502578089102e+00
-5.573669662109237422e+00
-5.632626555307329141e+00
-5.531113287457323224e+00
-5.478637693320710156e+00
-5.516974985670437981e+00
-5.540460076996931882e+00
-5.503810478216164093e+00
-5.483717591331924268e+00
-5.547214906634018838e+00
-5.484481794665843957e+00
-5.545353427613822106e+00
-5.532610118831524204e+00
-5.597763367829459824e+00
-5.548539864364664176e+00
-5.542691753089404649e+00
-5.532753043847036700e+00
-5.537701819066903397e+00
-4.746608760571382923e+00
-4.664351344322867021e+00
-4.599627624648357838e+00
-4.840873473099696511e+00
-4.798781433635729954e+00
-4.737674021313967643e+00
-5.061259332116607723e+00
-5.078739055315707240e+00
-5.043116674979688518e+00
-5.101833351119579696e+00
-4.486423870435043426e+00
-4.498269077266451532e+00
-4.367756756871504109e+00
-4.692536982782506527e+00
-4.759258753408898812e+00
-4.661909831879550659e+00
-4.641012329411680959e+00
-4.629107498364977147e+00
-4.622002653712730336e+00
-4.725664568235091956e+00
-4.616621594010510421e+00
-4.632363096583651085e+00
-4.634092306574125075e+00
-4.726488615036539720e+00
-4.727337417716936940e+00
-4.752566256152213064e+00
-5.504962732135028958e+00
-5.454630780881383423e+00
-5.387071650846696258e+00
-5.518892185733533573e+00
-5.675236989180166169e+00
-5.721620119170949259e+00
-5.603029996964285608e+00
-5.143467733143873843e+00
-5.216899594880882063e+00
-5.241843885235926592e+00
-5.763681598460040689e+00
-5.778249010636087313e+00
-5.782997182875737607e+00
-5.740896378645136799e+00
-5.772974928998507060e+00
-5.546506889605622881e+00
-5.526518083864833564e+00
-5.551452861088107760e+00
-5.532275130761266091e+00
-5.549359843466662667e+00
-5.671683054846288208e+00
-5.739477446415903295e+00
-5.288473619547361615e+00
-5.242572523929986517e+00
-5.273773834912876879e+00
-5.308464389261235539e+00
-5.334270505931792528e+00
-5.523658454721515731e+00
-5.299585991750131342e+00
-5.342722329642572987e+00
-5.353341280682449188e+00
-5.346173766232788616e+00
-5.338924171948729480e+00
-5.304203434330168498e+00
-5.322245380148304505e+00
-5.308868486367228634e+00
-5.319152690351935497e+00
-4.723329896942730421e+00
-4.732012930178691512e+00
-4.720046568852848345e+00
-4.719290587517431135e+00
-4.721976363495190121e+00
-4.717303918181812605e+00
-4.709315923221708111e+00
-4.722754564474763050e+00
-4.733063609185299114e+00
-4.713656911289343832e+00
-4.728164417667750641e+00
-4.675145337360027575e+00
-4.687079347830644949e+00
-4.697072912319612215e+00
-4.692484877916911934e+00
-4.698976883299880392e+00
-4.682691906344803812e+00
-4.677365906521902872e+00
-4.698139771587108271e+00
-5.194933104640948152e+00
-5.149837257319591188e+00
-5.162387331006195623e+00
-5.151903574720569701e+00
-5.180558306079685593e+00
-5.172634098585633389e+00
-5.203544063131551489e+00
-5.169024672609467075e+00
-5.156986064904333311e+00
-5.385118482811132701e+00
-5.347237898555665225e+00
-5.331264805431245257e+00
-5.332954677217812467e+00
-5.285853659025712581e+00
-5.406413265350138886e+00
-5.393934469505858864e+00
-5.318115176671913247e+00
-5.302406650138594024e+00
-5.114832718007323642e+00
-5.273567202686738398e+00
-5.249400629590986078e+00
-5.353757410425670216e+00
-5.309363141556310062e+00
-4.902879785380695132e+00
-4.883195350043059157e+00
-4.878477010011166293e+00
-4.896824781380434644e+00
-4.883701549933608277e+00
-4.788051227018304878e+00
-4.765760951970377413e+00
-4.782015854749537276e+00
-4.895196894807740229e+00
-4.887980830798109189e+00
-4.932034185473343157e+00
-5.266565733699076546e+00
-4.910767018440926890e+00
-5.276657831789179021e+00
-5.282140399335363945e+00
-5.213566333938067565e+00
-5.144119233731416330e+00
-4.886983437038872502e+00
-5.197879777237529808e+00
-4.948754795020113839e+00
-5.348298849772482377e+00
-4.940344092418262889e+00
-4.889238321723873071e+00
-5.318497383217517083e+00
-4.934127604702666758e+00
-4.926347226893738274e+00
-4.944246432491990362e+00
-5.245260449500197097e+00
-5.237789763387020514e+00
-5.239716443958063685e+00
-5.217535688591955712e+00
-5.144788093889137492e+00
-5.265594725861343584e+00
-5.276973379848628909e+00
-5.252398376667281710e+00
-5.274128477072021148e+00
-5.139574777474805067e+00
-5.085399871423287976e+00
-5.152638281886869009e+00
-5.138847769676284649e+00
-5.163612016095016521e+00
-5.128710836224341207e+00
-5.275159699452574458e+00
-5.243500786334043262e+00
-5.105982773464402769e+00
-5.140504434067227457e+00
-5.118933490606218939e+00
-5.557823213085621106e+00
-5.561052372744307526e+00
-5.576809532038041972e+00
-5.563330424456198742e+00
-5.578509276306097497e+00
-5.570237495408719930e+00
-5.548335873954337139e+00
-5.557129480617166273e+00
-4.746909118509647030e+00
-4.777660515789175832e+00
-5.089414989015147661e+00
-4.738860111382866336e+00
-4.514194786184421382e+00
-4.588822188070381003e+00
-4.747251682762844815e+00
-4.550405503390759776e+00
-5.682546393733942658e+00
-5.651456122751653766e+00
-5.513776621592121785e+00
-5.571509525070254654e+00
-5.545348307687280709e+00
-5.510558151746861810e+00
-5.538032343627102172e+00
-5.634934204069034891e+00
-5.691913062170367965e+00
-5.676179983460873046e+00
-5.676904722142831261e+00
-5.635418350182451519e+00
-5.646109908567574998e+00
-5.636195221278105016e+00
-5.655364082480825338e+00
-4.768268996753386446e+00
-4.746801602144693710e+00
-4.734429203169320033e+00
-4.722484845045078039e+00
-4.740773598800405608e+00
-4.725431266335169411e+00
-4.727612138465744351e+00
-4.734268391058074954e+00
-4.751129302894067763e+00
-4.796769422730937649e+00
-4.780619761517608701e+00
-4.772648215233671110e+00
-4.798629774075608978e+00
-4.735470170223334385e+00
-4.748615569001753300e+00
-4.812965171218056781e+00
-4.704248295464399376e+00
-4.814283950360002784e+00
-4.849032209104567670e+00
-4.812899827408712916e+00
-4.805706637519580937e+00
-4.738991339639402334e+00
-4.776174263105132489e+00
-4.820527047413047050e+00
-4.787598840668220390e+00
-4.751998948733742623e+00
-4.806199534573682541e+00
-4.815664364286486254e+00
-4.806814181283973753e+00
-4.786957445504682163e+00
-4.815129181933254010e+00
-4.823415657262167144e+00
-4.795998249716182826e+00
-4.813413616783279281e+00
-4.828937605891288065e+00
-4.836714548701970706e+00
-4.817167721134981484e+00
-5.165943626361096719e+00
-5.169630833823181781e+00
-5.164050776629662387e+00
-5.160248911528229954e+00
-5.167291000219320196e+00
-5.172097361952706862e+00
-5.291902729327392585e+00
-5.287215606615749408e+00
-5.282098351129272729e+00
-5.281663686895918808e+00
-5.289397596126768519e+00
-5.290593674109611122e+00
-5.284500654546014253e+00
-5.285035975120583096e+00
-5.281407430439241324e+00
-5.282227473466504009e+00
