-5.438413336577379020e+00
-5.391571357897246841e+00
-5.319954071994490441e+00
-5.131326789446330139e+00
-5.462881217244563103e+00
-5.465713413673046972e+00
-5.504288095729672925e+00
-5.481613559630576837e+00
-5.499511293920101629e+00
-5.512087160861979029e+00
-5.507834305971237576e+00
-5.470736880314261086e+00
-5.115531744550355420e+00
-5.129549784736003204e+00
-5.114420122317488548e+00
-5.127035552947743824e+00
-5.147164220603806406e+00
-5.137413470986646580e+00
-5.121791561692008443e+00
-5.129731760878704527e+00
-5.151764027466390949e+00
-5.158210296980445086e+00
-5.131892728604444009e+00
-5.399459561623451975e+00
-5.434430978383075761e+00
-5.478202463165102287e+00
-5.514815946705441618e+00
-5.053809497712513199e+00
-5.411951759209530088e+00
-5.435830493919940665e+00
-5.367815237720789057e+00
-5.334085201066729454e+00
-5.389656067856668287e+00
-5.154349866044478645e+00
-5.430683558052637139e+00
-5.447902381740194144e+00
-5.417098670459550291e+00
-5.120314256114585127e+00
-5.503524040071797963e+00
-5.552320544406689429e+00
-5.724856157481234220e+00
-5.422629523060377821e+00
-5.524420023222150533e+00
-5.700358647312915750e+00
-5.522945312645936689e+00
-5.547223007582456233e+00
-5.478617258563144077e+00
-5.533107616608473833e+00
-5.568490941507858061e+00
-5.715214990592595967e+00
-5.483108128308846752e+00
-5.471327639652971087e+00
-5.540651344523927158e+00
-5.590335132489658854e+00
-5.447243117443330895e+00
-5.481814336814593069e+00
-5.500962746001951231e+00
-5.544866831836364973e+00
-5.584376797835072459e+00
-5.666322940006113029e+00
-5.657316831687721148e+00
-5.751419219659416271e+00
-5.748967001336910521e+00
-5.651747180825622330e+00
-5.645729755480100032e+00
-5.635665699822395069e+00
-5.635810289356983915e+00
-5.647146970315445991e+00
-5.672504826785738530e+00
-5.629029453681360984e+00
-5.674589930566271256e+00
-5.632279276841078541e+00
-5.685307411377941378e+00
-5.624441676760010722e+00
-5.654419503686505699e+00
-5.754641340089350798e+00
-5.646127865006577373e+00
-5.633192015743946790e+00
-5.642416859677775953e+00
-5.657676869808098807e+00
-5.640384974972702636e+00
-5.636005803267917891e+00
-5.637316848064544139e+00
-5.628640606200018048e+00
-5.638063826699371006e+00
-5.659223350778538553e+00
-5.645470364753093051e+00
-5.662253786466202143e+00
-5.651778367372362943e+00
-5.731285426552556572e+00
-5.718258297705829385e+00
-5.737783923488873228e+00
-5.658378540787454725e+00
-5.707793938617693463e+00
-5.704249212437783711e+00
-5.717111433089768546e+00
-5.706757356560711258e+00
-5.689039689901146168e+00
-5.511747007719854707e+00
-5.579302686087848073e+00
-5.535486970164717135e+00
-5.564590071957321804e+00
-5.508857321966298848e+00
-5.544210624718866498e+00
-5.511856556926103323e+00
-5.569456361791816690e+00
-5.633475622746800582e+00
-5.519858578552194750e+00
-5.474728929408056999e+00
-5.515507784613985720e+00
-5.532919274258460085e+00
-5.502103106280242351e+00
-5.478054965468341919e+00
-5.538509808058598161e+00
-5.484703112143765047e+00
-5.543361277860988423e+00
-5.530245580487597401e+00
-5.597046798566254644e+00
-5.550195746458404855e+00
-5.543260057070527935e+00
-5.517339888820243843e+00
-5.538011689726353382e+00
-4.738249947225826375e+00
-4.659548997178506013e+00
-4.611445380726101995e+00
-4.824672115250430160e+00
-4.785640327711809583e+00
-4.738379181210016000e+00
-5.066644917527340475e+00
-5.072285719410333904e+00
-5.040177592276666729e+00
-5.097541653969460462e+00
-4.732046714454341441e+00
-4.730775267829579356e+00
-4.662461058803898162e+00
-4.690114263793407900e+00
-4.777244665783946687e+00
-4.656382041936811156e+00
-4.644957090650373210e+00
-4.631010206058587819e+00
-4.621935236007079340e+00
-4.735241145756486247e+00
-4.627271601306732762e+00
-4.617827581890519895e+00
-4.606658988690182532e+00
-4.715668451534803296e+00
-4.708078009823719157e+00
-4.745485353718443378e+00
-5.498156212296365197e+00
-5.448961856810298876e+00
-5.384839075007756826e+00
-5.512925605628274717e+00
-5.665921614245065463e+00
-5.717649877380944545e+00
-5.597347696307990894e+00
-5.146217660117772930e+00
-5.208537103614568231e+00
-5.235309015436929947e+00
-5.758484655412850373e+00
-5.773570615108517323e+00
-5.781748529665205361e+00
-5.734742837171337371e+00
-5.767742441631943606e+00
-5.543100650330293533e+00
-5.518733901886717419e+00
-5.546853870046122736e+00
-5.523918519389804160e+00
-5.542796709331781813e+00
-5.665380176634428722e+00
-5.734316654087751708e+00
-5.289714765069224889e+00
-5.231775616178786059e+00
-5.277684260396436677e+00
-5.305432307513277657e+00
-5.330529202636853370e+00
-5.515626598913303091e+00
-5.297153134155005993e+00
-5.336630353129624638e+00
-5.348695016736203733e+00
-5.340350673651319546e+00
-5.335394766669590894e+00
-5.304533061156004869e+00
-5.313577958386466626e+00
-5.302340003415459080e+00
-5.308941092575176768e+00
-4.715897093140471341e+00
-4.733523874216076344e+00
-4.705656857197357823e+00
-4.716597643718021260e+00
-4.727051864827277683e+00
-4.723078633313148700e+00
-4.703948560971037196e+00
-4.723882061074197836e+00
-4.729519933561006972e+00
-4.716538175513271369e+00
-4.728787899114177407e+00
-4.692543253521411550e+00
-4.693098076589085288e+00
-4.712858252860458563e+00
-4.690470899112535008e+00
-4.706018080293864259e+00
-4.689385452016086475e+00
-4.682902440216462736e+00
-4.691291683591491513e+00
-5.196474271293186398e+00
-5.134561549475293418e+00
-5.149977693713291949e+00
-5.132957582249542128e+00
-5.166859455257505118e+00
-5.169879574231624808e+00
-5.194471718562081008e+00
-5.163772761458073290e+00
-5.161315180846288264e+00
-5.385054019795671998e+00
-5.340594253626876231e+00
-5.324132945367627379e+00
-5.325751069625469292e+00
-5.281632854872676752e+00
-5.398838288749205461e+00
-5.384999301725975407e+00
-5.322395048501493697e+00
-5.292996445759380109e+00
-5.099917651015621445e+00
-5.262036690989539522e+00
-5.234248328006917639e+00
-5.343987113710992887e+00
-5.303968735615387509e+00
-4.885474670150271592e+00
-4.857086168292890527e+00
-4.857020938558266110e+00
-4.868077983483310334e+00
-4.873632675972795703e+00
-4.775765008152025537e+00
-4.720053800745108497e+00
-4.732888322987347074e+00
-4.880174554925218011e+00
-4.877320913271499414e+00
-4.947088994313992849e+00
-5.263062208689023080e+00
-4.914175602102441864e+00
-5.268745788394221030e+00
-5.276514957997864741e+00
-5.197636871348225718e+00
-5.154037374214781586e+00
-4.904509572644257354e+00
-5.197680138398280469e+00
-4.956997736830893508e+00
-5.341477948926327102e+00
-4.946015956706692585e+00
-4.895002333100228142e+00
-5.311978678173262303e+00
-4.937988395246803996e+00
-4.930441197025004385e+00
-4.955734808088499754e+00
-5.244878685808427754e+00
-5.233484225622052399e+00
-5.245212608774568963e+00
-5.221448604646262481e+00
-5.139457216228022318e+00
-5.248468019426479003e+00
-5.251748617850880763e+00
-5.232654683358540559e+00
-5.237962683512232154e+00
-5.115661535121461156e+00
-5.070003999188201327e+00
-5.137085535365502054e+00
-5.134880200501743985e+00
-5.152310268156366391e+00
-5.118976427691533715e+00
-5.256534842858173739e+00
-5.233569148441328700e+00
-5.105071400033154738e+00
-5.138409113194273736e+00
-5.109065918815006491e+00
-5.556719736934658371e+00
-5.555478513071795632e+00
-5.575365968386255311e+00
-5.561292212417115799e+00
-5.572979329856101671e+00
-5.571378410487841215e+00
-5.536424511688250227e+00
-5.563169236457845557e+00
-4.732744969725734663e+00
-4.749824619177815066e+00
-5.089238445783137443e+00
-4.713849321758805111e+00
-4.729741903364458544e+00
-4.778536755674298142e+00
-4.696371081369871803e+00
-4.744270978233950053e+00
-5.678654111900741874e+00
-5.646300812188151497e+00
-5.510920681479062999e+00
-5.563406508528357719e+00
-5.540165442867440504e+00
-5.508816351314356652e+00
-5.538873217713546460e+00
-5.624610650046566462e+00
-5.690392925815301872e+00
-5.672436897718869275e+00
-5.673410347693703670e+00
-5.635777516325632952e+00
-5.651609570284050754e+00
-5.636854304806887761e+00
-5.642219694892060211e+00
-4.756191962642486004e+00
-4.760163476055025988e+00
-4.725545573956569712e+00
-4.732159660001416412e+00
-4.734236165427511800e+00
-4.722236892735568681e+00
-4.733540720359280307e+00
-4.740779286530276693e+00
-4.782809743519610635e+00
-4.793136732088631113e+00
-4.805538113882951379e+00
-4.788247639049835414e+00
-4.792021810485587174e+00
-4.727198996324860403e+00
-4.738270589195504812e+00
-4.812295928146094859e+00
-4.703199991375501376e+00
-4.820607827992389183e+00
-4.842691429592334451e+00
-4.811936976625758255e+00
-4.817293188458525499e+00
-4.747430500784932228e+00
-4.779073860735156387e+00
-4.804793205739282591e+00
-4.789200766422659683e+00
-4.769193931334744008e+00
-4.792154285712856066e+00
-4.819663799625509171e+00
-4.821200586777807828e+00
-4.801276972739675131e+00
-4.815391049807498547e+00
-4.822734412654386738e+00
-4.795324879739271573e+00
-4.810106737583748071e+00
-4.827265102879309211e+00
-4.822712238936012419e+00
-4.846001571897115667e+00
-5.113972644044082472e+00
-5.117482957650265618e+00
-5.111773692029260907e+00
-5.106194224814375460e+00
-5.109580128286713041e+00
-5.118168839856137353e+00
-5.294835034385059203e+00
-5.290852942365628309e+00
-5.287305280345425906e+00
-5.284854537288027565e+00
-5.290245420883895378e+00
-5.291300814910863792e+00
-5.285701301535072005e+00
-5.289149752187954689e+00
-5.284021168174778182e+00
-5.285889578322655602e+00
