-5.447446543803240893e+00
-5.403958929865131822e+00
-5.334072599989583274e+00
-5.140529657529977037e+00
-5.473958941324370109e+00
-5.474448795387663935e+00
-5.513625126315307767e+00
-5.491629235319118507e+00
-5.507748580853450981e+00
-5.520423762629485864e+00
-5.515422989140922105e+00
-5.479705812579777735e+00
-5.127246844393831715e+00
-5.144824580384391055e+00
-5.122764171965804358e+00
-5.134566832509689149e+00
-5.160554589159996652e+00
-5.151072902570268397e+00
-5.139827623340424978e+00
-5.136679566939223562e+00
-5.167039841770602493e+00
-5.172701624911377749e+00
-5.141476864234430622e+00
-5.411275422053287265e+00
-5.445261952012791618e+00
-5.487556352412077842e+00
-5.523468316342627027e+00
-5.076512010510008110e+00
-5.422108828928113411e+00
-5.445522491453872682e+00
-5.379817746319023541e+00
-5.343738564190858575e+00
-5.400808042214253923e+00
-5.168143085182612673e+00
-5.440975040439528065e+00
-5.457463747023441947e+00
-5.427015611615999546e+00
-5.132184688001859563e+00
-5.508950450913961738e+00
-5.554669307571660219e+00
-5.725987292610860813e+00
-5.428080728368493091e+00
-5.526177154056584939e+00
-5.702133171927248334e+00
-5.525071431617361917e+00
-5.550309385872305157e+00
-5.483067922869211408e+00
-5.535142710045070302e+00
-5.569012728080728003e+00
-5.716481246876771394e+00
-5.486611741311437029e+00
-5.474668991700869292e+00
-5.543265349182159518e+00
-5.591530558372634907e+00
-5.452536351843046525e+00
-5.484639053665451236e+00
-5.502939669557521007e+00
-5.546329800069935700e+00
-5.585861447873405439e+00
-5.668156222882271500e+00
-5.659162543392020517e+00
-5.751218729577566080e+00
-5.749011447499229099e+00
-5.652631340295276807e+00
-5.647904519433708082e+00
-5.638459206436738036e+00
-5.638462780743998870e+00
-5.648328109879545700e+00
-5.674491373071801625e+00
-5.633467753501474995e+00
-5.676404752384887509e+00
-5.634055452497644723e+00
-5.686591746607731146e+00
-5.627115918996902444e+00
-5.655257869108227808e+00
-5.754236413604856715e+00
-5.647301360425408312e+00
-5.635669906326922884e+00
-5.644615418245448879e+00
-5.659603799933913493e+00
-5.643561250645212191e+00
-5.637505530863578862e+00
-5.639751453496623768e+00
-5.630949042431942608e+00
-5.639050392326729444e+00
-5.661207906089932074e+00
-5.646793919471171819e+00
-5.665226842367290239e+00
-5.654503645913059096e+00
-5.730385976903494161e+00
-5.717674116963798348e+00
-5.737692088232105192e+00
-5.656145628903409772e+00
-5.707940435907910448e+00
-5.703356716050436148e+00
-5.717777567167206421e+00
-5.707427753415723615e+00
-5.689127632382670718e+00
-5.517155557247526154e+00
-5.583287674092971109e+00
-5.539848370106144948e+00
-5.566109422524204930e+00
-5.513671581280974898e+00
-5.547064663286799480e+00
-5.516026689576694508e+00
-5.570621025834491036e+00
-5.634976317411798163e+00
-5.522101202303755230e+00
-5.479088956689779799e+00
-5.517879861540306408e+00
-5.534383285972927169e+00
-5.505920039051170001e+00
-5.483895143192584420e+00
-5.540482249543598137e+00
-5.491421198510021640e+00
-5.547833666329975877e+00
-5.534223321748949154e+00
-5.599118878604681271e+00
-5.555063166874268710e+00
-5.549214910703382131e+00
-5.521043356998117879e+00
-5.544136421961612271e+00
-4.743084852847642807e+00
-4.670883075554505659e+00
-4.619329608286355082e+00
-4.832943255606398480e+00
-4.792589024417551968e+00
-4.749836286364944371e+00
-5.075389378747149571e+00
-5.082991102030558039e+00
-5.050680987554930113e+00
-5.110750188967911001e+00
-4.681926282304202047e+00
-4.685229246096579203e+00
-4.605931701187056859e+00
-4.699895815281500688e+00
-4.774781657934610735e+00
-4.664302481405604439e+00
-4.649872346430262482e+00
-4.630160469747295338e+00
-4.626127385561420446e+00
-4.740014390325830718e+00
-4.638448994203717035e+00
-4.625736026301280113e+00
-4.612762043616124963e+00
-4.727563249519736388e+00
-4.716445768943510863e+00
-4.743701658726339865e+00
-5.505240797596221647e+00
-5.459454508008018792e+00
-5.396560492721345526e+00
-5.518943113714018800e+00
-5.668383188085367230e+00
-5.718564856674900554e+00
-5.601109507209677929e+00
-5.152263549578517399e+00
-5.220975847985893203e+00
-5.245081192192229125e+00
-5.757331508473681581e+00
-5.772862270589711464e+00
-5.781537375891031338e+00
-5.732817485516198630e+00
-5.767678266981114632e+00
-5.548773105875423717e+00
-5.526432640795712281e+00
-5.554053397666310232e+00
-5.531896922310682641e+00
-5.549418225902210011e+00
-5.667190203264641291e+00
-5.734069792082002515e+00
-5.300120606260140477e+00
-5.244129176910930390e+00
-5.289528256262668648e+00
-5.315389991541403347e+00
-5.339043329307036068e+00
-5.519929919030813537e+00
-5.313135322151357087e+00
-5.349621990717952968e+00
-5.359837542791857423e+00
-5.352224769001900917e+00
-5.346602579229895014e+00
-5.314660204348163219e+00
-5.328017776063873612e+00
-5.313013650489243567e+00
-5.322649864605110359e+00
-4.722821768684857702e+00
-4.743411579107804421e+00
-4.717173536916988041e+00
-4.726887605263057068e+00
-4.735777581706117623e+00
-4.736452379990285344e+00
-4.715439852925947584e+00
-4.729147284604700907e+00
-4.739918392565682481e+00
-4.731281513629847169e+00
-4.740611092208178334e+00
-4.704982452388652092e+00
-4.693394262162543740e+00
-4.719044691214143050e+00
-4.697857299789824914e+00
-4.708945429156715434e+00
-4.695020738506942237e+00
-4.685057645755495770e+00
-4.697399180314341116e+00
-5.204067817056179379e+00
-5.128274654396888010e+00
-5.143635208858714059e+00
-5.126603644309002838e+00
-5.162172761572929147e+00
-5.176627518064167432e+00
-5.195864714714876875e+00
-5.158610741882927009e+00
-5.165945649271433737e+00
-5.393802135808566156e+00
-5.349826104851441499e+00
-5.334716227412299006e+00
-5.335125301172088719e+00
-5.291363516580982029e+00
-5.406654307492099854e+00
-5.393006900967377781e+00
-5.329597320971832808e+00
-5.295452504859302856e+00
-5.103125039326775081e+00
-5.268833727153178437e+00
-5.239088068709579105e+00
-5.349460983606442177e+00
-5.309584196796359734e+00
-4.875856021970245813e+00
-4.850801194018230511e+00
-4.852726803661615129e+00
-4.864473622643985529e+00
-4.867191854882048752e+00
-4.768390582305203296e+00
-4.692566817314435035e+00
-4.712461311993641822e+00
-4.872211719011512621e+00
-4.869012726593314966e+00
-4.953189617265901568e+00
-5.272040892711457261e+00
-4.918168378095635340e+00
-5.275360744730662965e+00
-5.284230799792890565e+00
-5.206781763518590012e+00
-5.162257325190759971e+00
-4.904227067090212167e+00
-5.210525698699720820e+00
-4.961268535076491126e+00
-5.350187425510692485e+00
-4.952846237352040326e+00
-4.904114114821395809e+00
-5.321449388385902424e+00
-4.946523642072455651e+00
-4.937075449061652854e+00
-4.962866339331403864e+00
-5.258353956662850770e+00
-5.245154811856398425e+00
-5.257877659817834726e+00
-5.232951250678629762e+00
-5.148046145103007731e+00
-5.262727148446068703e+00
-5.267422603372305723e+00
-5.250744662575252519e+00
-5.256252893347982180e+00
-5.124539857090900874e+00
-5.081273237179501301e+00
-5.149915411534837340e+00
-5.146671535615182869e+00
-5.169042806510887544e+00
-5.138021366604756501e+00
-5.273275894259263019e+00
-5.252817598307200520e+00
-5.122534876275152804e+00
-5.149726793511687717e+00
-5.123724130623161344e+00
-5.558127106573394371e+00
-5.560333855465537489e+00
-5.572991034344322081e+00
-5.562254443614278010e+00
-5.578390411445314889e+00
-5.559915330081955709e+00
-5.543775890883710034e+00
-5.563500302055950364e+00
-4.746826805408828953e+00
-4.756237810631421148e+00
-5.100242477041140532e+00
-4.718190261950111264e+00
-4.666313071260440815e+00
-4.714699119259063487e+00
-4.639840453527167341e+00
-4.657528368293392340e+00
-5.680438728270881477e+00
-5.647639903550039087e+00
-5.511525558332327712e+00
-5.564707071484022549e+00
-5.542668996933335812e+00
-5.515670460874452452e+00
-5.544123494131623531e+00
-5.625288816915587908e+00
-5.688647038102756071e+00
-5.672116252216016008e+00
-5.673145098614532422e+00
-5.636439298001477916e+00
-5.651107255265921836e+00
-5.636799079416030978e+00
-5.640431804842299002e+00
-4.767171881289297808e+00
-4.768851818689314292e+00
-4.741342712884859978e+00
-4.742732162708716004e+00
-4.743263433545260810e+00
-4.732372312108987344e+00
-4.747411881900545971e+00
-4.749953524130589244e+00
-4.791873968929567518e+00
-4.803795763702458643e+00
-4.809951925432584652e+00
-4.792194947015278039e+00
-4.797500820136487931e+00
-4.733401122330475275e+00
-4.750551421045961398e+00
-4.823898441829552297e+00
-4.711516827526515350e+00
-4.826832880990833630e+00
-4.846715844658716854e+00
-4.819530769071357135e+00
-4.825100962464255794e+00
-4.759631002040871195e+00
-4.795636021428127727e+00
-4.815513551093876465e+00
-4.797922362539181584e+00
-4.782669801392255948e+00
-4.798795050453566802e+00
-4.830283268906715222e+00
-4.830474968652249679e+00
-4.813987212484837741e+00
-4.828487792506415133e+00
-4.838744275947906459e+00
-4.808272421294714327e+00
-4.822174076967005618e+00
-4.838212219954018067e+00
-4.834282028723481339e+00
-4.854552931571628704e+00
-5.096876012352089091e+00
-5.101300465575786092e+00
-5.095760460084416188e+00
-5.089399807635165196e+00
-5.094659130211888431e+00
-5.103198190999981954e+00
-5.298640528579486642e+00
-5.295426594449850199e+00
-5.291472968024719670e+00
-5.289957788936686889e+00
-5.295124689634589821e+00
-5.295347605306471195e+00
-5.290687645374114290e+00
-5.293117211085888840e+00
-5.288722023368076286e+00
-5.290047325604158246e+00
