-5.436519247551252043e+00
-5.392395841211143015e+00
-5.327043043340735196e+00
-5.130929807064228854e+00
-5.466606895327383420e+00
-5.469046479856390697e+00
-5.508601398436174357e+00
-5.486184876133076926e+00
-5.509182997725873498e+00
-5.515205143617087025e+00
-5.509830817044539586e+00
-5.470759686220053375e+00
-5.108845088458986439e+00
-5.110078188455730697e+00
-5.103758131815602006e+00
-5.133142418137494722e+00
-5.135080197581498140e+00
-5.132522954904658263e+00
-5.125827597165870664e+00
-5.114320869932181601e+00
-5.161962477229424806e+00
-5.160659873012440002e+00
-5.095296308799371232e+00
-5.413318684885714660e+00
-5.442523066628656814e+00
-5.479026558457479545e+00
-5.516096740020367761e+00
-5.037238240655796950e+00
-5.408768817087194591e+00
-5.436746747440003524e+00
-5.369761442881322289e+00
-5.337900398705987648e+00
-5.392750810386486293e+00
-5.153437319778281456e+00
-5.433455408066237169e+00
-5.445922076616382945e+00
-5.417790862335462698e+00
-5.114016692954105103e+00
-5.513291110599270795e+00
-5.548902826906805252e+00
-5.727083012629221592e+00
-5.429209185900725210e+00
-5.528975102477606818e+00
-5.703086250639825217e+00
-5.535362639819857655e+00
-5.559369055342886945e+00
-5.488277736291525599e+00
-5.539712754601604061e+00
-5.573354241316406998e+00
-5.718658677187451467e+00
-5.494483173643042839e+00
-5.479716048056559430e+00
-5.552699703126885211e+00
-5.597791075221796753e+00
-5.449888107967737483e+00
-5.491161291963271296e+00
-5.512859551427230720e+00
-5.552166422455291794e+00
-5.591239007687708096e+00
-5.673894886405390636e+00
-5.672382894988712287e+00
-5.759743121294786938e+00
-5.757723440579465723e+00
-5.657834155640242280e+00
-5.651302926501332813e+00
-5.641736431169952048e+00
-5.647552449418567377e+00
-5.655257032185422972e+00
-5.680825177094540379e+00
-5.651594685499899740e+00
-5.681358535093259832e+00
-5.647462360047584617e+00
-5.693428490996605085e+00
-5.630027933053630917e+00
-5.661498384251379079e+00
-5.762416892536656121e+00
-5.654042394064378918e+00
-5.638363071491222733e+00
-5.649571704903247671e+00
-5.665081066509649155e+00
-5.648478468529566143e+00
-5.642774577899303701e+00
-5.648409270264611592e+00
-5.635647137169788934e+00
-5.650639968570064120e+00
-5.673893531490971753e+00
-5.658855591642157457e+00
-5.672887716222767551e+00
-5.663836017202611650e+00
-5.736952612278314767e+00
-5.721539440672535726e+00
-5.740141912564352467e+00
-5.660248819628326267e+00
-5.709931973755039358e+00
-5.705261823262303800e+00
-5.719918723984394049e+00
-5.708806135653359703e+00
-5.692329813692590612e+00
-5.507632481522721335e+00
-5.581734909091721875e+00
-5.537271260430384423e+00
-5.569158933810776979e+00
-5.509606274171097162e+00
-5.538789174545663663e+00
-5.518664096986559464e+00
-5.574748207259323074e+00
-5.630162859231933048e+00
-5.528147461602022084e+00
-5.482800412583094030e+00
-5.511831441541533039e+00
-5.537736496084881388e+00
-5.519790803908950494e+00
-5.485575393853909354e+00
-5.545294291716681201e+00
-5.488283434202471334e+00
-5.546163170537558251e+00
-5.533279665242325507e+00
-5.598421081864987769e+00
-5.553279620942680239e+00
-5.535091571251260945e+00
-5.523767706217547868e+00
-5.542439587082728103e+00
-4.760566130187168454e+00
-4.673217343491868014e+00
-4.611587790437472911e+00
-4.840709390707677251e+00
-4.787315570910475770e+00
-4.730542211991674684e+00
-5.041312262097914498e+00
-5.053372210587958158e+00
-5.030124942686885703e+00
-5.085337523841237051e+00
-4.716527878338338198e+00
-4.634048021397829231e+00
-4.483617521498777236e+00
-4.692925958735239433e+00
-4.799785449171941387e+00
-4.662233262288099311e+00
-4.649306093382630678e+00
-4.630430046281135859e+00
-4.626320735108802928e+00
-4.742131254037216692e+00
-4.630745460866275032e+00
-4.633792511978684026e+00
-4.645584133303231056e+00
-4.722292161832429613e+00
-4.715708100119362811e+00
-4.766168409621450053e+00
-5.501752870013397967e+00
-5.449398595178172044e+00
-5.381996372545331475e+00
-5.516970279113733611e+00
-5.677223798671660937e+00
-5.723885720624193318e+00
-5.608740152770997689e+00
-5.124331244582320366e+00
-5.200030803585530492e+00
-5.236404727997600261e+00
-5.765760004597841437e+00
-5.780053776561063117e+00
-5.783747909229158601e+00
-5.742630437721082615e+00
-5.775543002314130092e+00
-5.543344927011453649e+00
-5.522563124286429037e+00
-5.549615814733659391e+00
-5.531203320637840370e+00
-5.544478083459292606e+00
-5.676648744246367784e+00
-5.747350744834919034e+00
-5.270482742800085774e+00
-5.225650015338706211e+00
-5.259665825382656479e+00
-5.295124829937376987e+00
-5.325205437359843863e+00
-5.519968383198870399e+00
-5.283414404921091823e+00
-5.329444136296428880e+00
-5.338785524953489237e+00
-5.333669492465866746e+00
-5.327905890509233799e+00
-5.291496549311222708e+00
-5.302438584799503474e+00
-5.292528147917799686e+00
-5.301504148797930860e+00
-4.722536336619718611e+00
-4.738297505119075659e+00
-4.728138488984689580e+00
-4.729197718749039936e+00
-4.749678574244400764e+00
-4.718083196846189153e+00
-4.713005087636241264e+00
-4.727765461376084666e+00
-4.739300978128464514e+00
-4.718926160873932574e+00
-4.726910697703900155e+00
-4.694436458241736609e+00
-4.700229948148415104e+00
-4.719143928463751081e+00
-4.701086624703262551e+00
-4.705667630627031528e+00
-4.695106721809665373e+00
-4.685250714385178483e+00
-4.704623058144211889e+00
-5.175373508322146598e+00
-5.232991692828068864e+00
-5.252091904958785307e+00
-5.219177991770660441e+00
-5.232393667803775017e+00
-5.159735502199103152e+00
-5.236688832693577211e+00
-5.247188991269021940e+00
-5.147954791703099886e+00
-5.383039513533968368e+00
-5.338535847878491225e+00
-5.323925991108938049e+00
-5.326735060110150854e+00
-5.266554598644058061e+00
-5.404178394311400346e+00
-5.390031991771907727e+00
-5.318188722173301741e+00
-5.327243859397350789e+00
-5.136030436969128310e+00
-5.275852223841453359e+00
-5.252302553742933533e+00
-5.362389645560409868e+00
-5.322686105889932406e+00
-4.931512862308725431e+00
-4.893868023529361011e+00
-4.893611818553564419e+00
-4.915496339033206930e+00
-4.891126245471890677e+00
-4.965559716896260412e+00
-4.954475021412564573e+00
-4.921732263426666698e+00
-4.953027104624248445e+00
-4.946127260490831290e+00
-4.935648503011830002e+00
-5.251213130158618014e+00
-4.912894577601242041e+00
-5.253296819636108950e+00
-5.273594083024514489e+00
-5.184190555246871668e+00
-5.118897286248413891e+00
-4.902012872080214301e+00
-5.185574717822483137e+00
-4.934862358148176753e+00
-5.343740342939296006e+00
-4.942455119865663882e+00
-4.905868472319168561e+00
-5.310353763288326867e+00
-4.949599356899883063e+00
-4.934602449721204209e+00
-4.969199249791862449e+00
-5.223017648740983176e+00
-5.221551923274601492e+00
-5.226989025596555649e+00
-5.205145008128932993e+00
-5.111341930366862130e+00
-5.255472479552337539e+00
-5.263802842562385287e+00
-5.256583459545573156e+00
-5.274465568893821121e+00
-5.099747292656937603e+00
-5.072992170569242454e+00
-5.141826381734366791e+00
-5.132327488178567876e+00
-5.150837468797472951e+00
-5.108523977560410323e+00
-5.270083053947907992e+00
-5.250224703198044907e+00
-5.098867880048883805e+00
-5.122045824833560523e+00
-5.102672135275965637e+00
-5.578965864690757392e+00
-5.600032823481519983e+00
-5.583005721471976379e+00
-5.564336025197916591e+00
-5.599030981365675785e+00
-5.582852614515025458e+00
-5.582826334775106147e+00
-5.565659450976195188e+00
-4.744060776556959347e+00
-4.811351024363318629e+00
-5.072469917145763674e+00
-4.745993758419695396e+00
-4.722407206451324946e+00
-4.778955574930139782e+00
-4.934605993821758574e+00
-4.745119390958982386e+00
-5.691147531958574035e+00
-5.654367895208142869e+00
-5.520626706044040155e+00
-5.576584049752018934e+00
-5.551182091421422271e+00
-5.533593200607829665e+00
-5.546469499746327969e+00
-5.633995034855566963e+00
-5.695034458161992497e+00
-5.680227387560830010e+00
-5.680218180661064764e+00
-5.641059969226996706e+00
-5.654797169112503852e+00
-5.637792578851670733e+00
-5.672523881097582432e+00
-4.771372554471323468e+00
-4.773442959434037292e+00
-4.738446832115464247e+00
-4.738615210726037752e+00
-4.745381987153068692e+00
-4.735330244799679456e+00
-4.745832730897733498e+00
-4.748928283104084436e+00
-4.763728262883383913e+00
-4.792307571930779275e+00
-4.810099260184060199e+00
-4.765230490995797652e+00
-4.778706077531982288e+00
-4.751929934106851938e+00
-4.751118883220978084e+00
-4.849028450130605350e+00
-4.716202738989462517e+00
-4.823344474351137556e+00
-4.862968392858352473e+00
-4.808018459838235614e+00
-4.807862703385681336e+00
-4.765240655214658005e+00
-4.790404132671454818e+00
-4.824226847283933139e+00
-4.809338003836592712e+00
-4.782503359663158093e+00
-4.765676455208135209e+00
-4.819140909081701452e+00
-4.814905304136430253e+00
-4.800893948875105899e+00
-4.828380437891710564e+00
-4.828666953385987171e+00
-4.807573635542382817e+00
-4.797623491521705752e+00
-4.832656646783309640e+00
-4.822585445440199514e+00
-4.856838580657498738e+00
-5.080506956268298957e+00
-5.086028542340587322e+00
-5.083544565597479803e+00
-5.079098218772461593e+00
-5.079675764231581070e+00
-5.086292499514915910e+00
-5.234960766395474252e+00
-5.227771165699755862e+00
-5.224329050753075521e+00
-5.218949877456265263e+00
-5.229191176304846422e+00
-5.232224054556691151e+00
-5.225266616796043984e+00
-5.222258458044461094e+00
-5.224402616497659579e+00
-5.223283735930590588e+00
