1.062226870322624137e+02
1.237292365689600047e+02
1.072431877239805544e+02
1.089677183717174103e+02
1.155292389967002435e+02
9.536597493926898039e+01
1.044449639747918894e+02
1.185348050474315045e+02
8.931417323480182802e+01
1.211553289003033171e+02
9.580024184273720778e+01
1.212656031291063528e+02
1.039796750043743003e+02
1.032609400294468429e+02
1.171742723479046049e+02
1.135670601461113449e+02
1.190350747717903346e+02
9.899749462022458601e+01
1.080610982053004108e+02
1.087411334168527901e+02
1.074772632022318675e+02
1.208101041205497808e+02
1.075460435210772090e+02
1.034781530630708772e+02
1.080237284300827838e+02
1.015551032433504730e+02
1.047215023360530637e+02
9.548962325076941227e+01
1.055098037586510316e+02
1.055611498665801093e+02
1.084221807098549277e+02
1.148433695432573387e+02
1.182224544734764891e+02
1.035511619291970220e+02
1.222686113850806322e+02
1.161973956044084133e+02
1.106189526279521971e+02
1.013855318821615015e+02
9.659210643488671622e+01
1.073468078454050385e+02
1.281833517386050687e+02
9.682637467820349286e+01
9.455390566603747970e+01
1.065400362666559317e+02
1.040399704102196949e+02
1.310065799235174779e+02
1.035756763423253375e+02
1.060849482160421502e+02
1.026172103589784115e+02
8.982574214076537089e+01
1.394877123768361855e+02
1.209548295502217741e+02
9.446863097527071318e+01
1.069384601146507805e+02
9.618835505092368976e+01
9.945543233377243553e+01
1.139330070225730651e+02
1.067229239568926289e+02
1.118003421266613060e+02
1.218195252190249676e+02
1.034156369310690877e+02
1.103403841950801905e+02
1.063124315688502719e+02
1.049775120318819006e+02
1.229459004813517708e+02
9.716533675124209424e+01
1.230195045394740561e+02
1.117937506292480947e+02
9.982553725811492029e+01
9.976258008375143049e+01
1.151651129714186226e+02
1.199700565212383481e+02
1.063343365378978262e+02
1.042237395125835775e+02
1.111539951843918175e+02
1.129434234832181119e+02
1.127557478400407689e+02
1.148119001732785733e+02
1.012382792461233407e+02
1.051627477467365708e+02
1.080035126164341364e+02
1.146897529910349363e+02
1.154270600107336122e+02
9.754957193650082559e+01
1.154585519997247047e+02
1.157505849087950764e+02
1.137242006007334965e+02
1.139173117504912369e+02
7.697135982281579913e+01
1.168643477291945487e+02
1.145993270497501726e+02
1.091169944186900977e+02
1.112400246508244379e+02
1.022340910772534670e+02
9.636572628165110643e+01
1.273329232362431043e+02
1.104086857448614154e+02
1.178216851946294526e+02
1.125297802849999727e+02
1.179712910201066620e+02
1.012266447905943494e+02
1.441936419591951619e+02
9.874875151287335484e+01
1.038050234320621996e+02
9.592425223806553447e+01
1.036484692793660116e+02
9.839516632621960923e+01
1.191402535796940612e+02
1.177915734663068861e+02
1.178479464255422045e+02
1.026506106445223736e+02
1.007257555986056587e+02
9.858669932378013812e+01
9.416362362253367735e+01
1.255904047503159262e+02
1.103388164677586047e+02
9.983789702679253253e+01
1.253784865267562196e+02
1.035685993661328439e+02
1.037359272124715233e+02
1.115933894891458777e+02
1.260258360151507020e+02
9.478772759328435882e+01
1.164784477844227411e+02
8.974301005351550486e+01
9.972289420417033057e+01
1.216440106374572707e+02
1.031009169102941030e+02
1.158405095255607051e+02
1.210902363893132616e+02
1.151587997211308760e+02
9.738868658925100874e+01
9.887428867042537206e+01
1.110325715674375289e+02
1.225631859521392784e+02
1.084717134616345220e+02
1.120060652469955471e+02
1.112698121291098090e+02
1.136932559793692263e+02
1.149322256212078628e+02
1.100070071296085104e+02
1.110973504555268647e+02
1.180156749582713047e+02
1.054732617729880104e+02
9.531824608098546037e+01
9.828895974481272901e+01
1.041390663659546476e+02
1.351680189727675554e+02
1.167721602018349216e+02
1.026530145333675961e+02
1.010003210368301581e+02
1.326890628837223858e+02
8.459077494920460083e+01
6.017784666143300143e+01
1.161243557076469983e+02
1.105462772220286496e+02
1.082820390293812522e+02
1.068450378874548505e+02
1.186316346258510208e+02
9.402838868243851778e+01
1.150407675826900373e+02
1.077065431923389696e+02
1.166423356133773694e+02
9.016115930341202045e+01
9.640891364316993872e+01
1.266109004850255673e+02
1.154786058847276706e+02
1.051936718197955400e+02
9.794383241068432255e+01
9.582551164323231774e+01
1.138272413845590876e+02
1.260153218807374884e+02
1.063910855150616328e+02
1.106691511992710844e+02
1.027979756930109687e+02
9.474627291406727636e+01
1.190420409639649364e+02
9.937348243431085848e+01
1.126010542866021495e+02
1.389408051787092120e+02
9.365538078370262554e+01
1.128543989009948660e+02
1.359325956647558087e+02
9.889807613899758110e+01
1.031955510902262318e+02
1.004805696089801614e+02
9.857165956898226966e+01
1.000240077039359647e+02
1.182242440896325206e+02
1.205904222900397116e+02
9.070796086595831298e+01
1.182702499392177060e+02
1.055874609934784019e+02
1.209207376676601484e+02
1.045966756052957152e+02
9.937382040005682882e+01
1.058907182213681182e+02
9.711197387622058841e+01
1.308698109404972172e+02
1.085966659897638209e+02
1.209806019810914250e+02
1.188901919116371175e+02
9.359320457150776917e+01
1.132806395238323489e+02
9.879392476864843786e+01
1.017818051233678602e+02
1.104471989242311594e+02
1.068097707225992252e+02
9.360639480166420867e+01
1.271945166116886696e+02
1.156293319358489384e+02
1.098158510316675489e+02
1.055102637716626077e+02
1.014314514113372923e+02
9.523262037375148736e+01
1.191073907342136806e+02
1.249730899026155839e+02
1.153420016742225584e+02
9.420989142825072804e+01
1.243434216594623791e+02
1.137953488710465280e+02
1.043403594519727022e+02
1.040533248421202188e+02
9.779641197397076269e+01
9.657149851344665592e+01
1.330234861384098792e+02
1.166646257686198851e+02
1.011795092504807627e+02
1.093919856529985566e+02
8.647483783735115992e+01
1.159381695638790148e+02
1.120077798666572022e+02
1.244719834240590473e+02
1.082146223362245365e+02
1.154163640471615935e+02
1.177703418044241346e+02
1.119517031768268254e+02
1.041826801442573043e+02
9.864670362830210593e+01
1.136232434247595364e+02
1.027282594533335782e+02
1.353339010588803717e+02
8.987192618284412049e+01
1.109093500290466920e+02
9.366406334482726947e+01
1.114640857348794611e+02
1.148984402964491665e+02
1.269817471379312934e+02
1.217015209480351814e+02
8.818824408403870052e+01
1.027195208109505131e+02
1.107291135922119309e+02
1.159757938459098341e+02
1.145571521862275119e+02
9.356585546177980461e+01
1.079272154198201292e+02
1.180016539674758889e+02
1.225455537576636829e+02
1.034215364232252483e+02
1.110412861967756868e+02
1.000146940822431247e+02
1.243913722619378461e+02
1.020546978057631122e+02
1.245324923390589333e+02
9.400273636374029707e+01
1.056704369065118101e+02
9.853248642540323488e+01
1.062217630945192042e+02
1.330150849896713794e+02
1.037383279408403496e+02
1.001349042820382920e+02
1.104991933238914328e+02
1.191402751309883570e+02
1.124882472927800592e+02
1.138469384814017360e+02
1.012354545924612808e+02
1.097454912239805935e+02
9.756677916753629631e+01
1.121203025874960986e+02
1.207584575598227872e+02
9.705685811353025372e+01
9.666880456527674426e+01
1.048917933378132261e+02
1.247627711548237244e+02
1.102652488533649660e+02
1.070202891251772002e+02
1.273728107527874585e+02
1.100518867727334822e+02
1.087630427688059598e+02
9.093813848818635392e+01
1.119367468084607538e+02
1.016837677120486916e+02
1.102199664596259794e+02
1.013417438061999292e+02
1.122076347181246376e+02
1.188202284826072201e+02
1.093843469563872759e+02
1.088688236141860983e+02
1.077570446248394234e+02
1.070547551702805578e+02
1.200654024218158469e+02
1.031693254031856384e+02
1.166839703769486931e+02
1.108425849903082394e+02
9.841855458646946886e+01
1.092559079960424100e+02
9.862224682555749666e+01
1.011855736703958542e+02
1.117279496939808467e+02
1.027879542932408441e+02
1.313608717416335310e+02
1.065823460193890924e+02
1.093349045924009175e+02
1.071023901569358259e+02
9.693075620065374665e+01
1.127213945567274749e+02
1.280600052157667221e+02
1.278332644597765722e+02
9.564428409942217968e+01
9.788405256239161645e+01
1.093965706908553273e+02
1.114125277819654514e+02
1.008949389199868847e+02
1.175302925604784718e+02
9.547173733989824029e+01
1.200325476747670450e+02
1.320517708896562681e+02
1.080686864029658949e+02
1.061724760792385069e+02
9.261162918343971739e+01
1.089841988705453275e+02
1.057759197838234968e+02
1.085155123187913517e+02
1.274494876537728061e+02
1.061304548171848694e+02
1.040307412369605089e+02
1.040214772668343954e+02
1.045138135352789561e+02
1.150705230686204885e+02
1.165399292554194091e+02
9.690913172896334515e+01
1.156700103004060765e+02
1.024978506489906209e+02
1.066319726596788371e+02
1.150405815676707135e+02
1.273118408844628107e+02
1.046993098753373772e+02
9.383891174449705375e+01
9.615182220481166553e+01
1.153491148298774789e+02
1.003030245903124751e+02
1.121394735553253099e+02
1.195030655222520721e+02
1.049346083652023651e+02
1.089649246833760969e+02
1.095947622184921926e+02
1.370679640892439295e+02
1.034622760134104880e+02
7.871533050436852363e+01
1.362629921694324935e+02
9.139029378960637473e+01
1.141199837758767046e+02
9.769617045266031141e+01
1.043552622558326419e+02
1.057218044666287682e+02
1.115788826680455941e+02
9.908360392799254157e+01
8.699796489705575198e+01
1.195961423434717403e+02
9.271723657790239770e+01
1.412420266040903130e+02
9.172621694079572308e+01
1.226103134239921388e+02
8.922626134433954803e+01
1.122931842630362240e+02
1.066714442659759925e+02
9.898879285085538982e+01
1.295410714629998097e+02
1.153017706863941640e+02
1.017683471670386410e+02
1.150973486987567327e+02
1.144078614089422530e+02
1.115128486407586337e+02
9.696703892827416382e+01
7.607347114746416139e+01
1.276171250069219667e+02
1.208645997188521335e+02
1.346372417492714817e+02
1.004233869658444291e+02
9.699175366238713991e+01
1.203620426086859538e+02
1.039325094744030338e+02
9.676342166703017256e+01
1.044055336323506111e+02
1.204697083956315709e+02
1.097605029615322678e+02
1.032369412243546236e+02
1.011295812760372854e+02
8.947093150877316248e+01
1.378120406564371478e+02
1.063642429673902967e+02
1.077725942046139664e+02
1.079275331253880381e+02
1.028466436885633755e+02
1.047769787864238111e+02
9.779594005241079913e+01
1.190302766500732332e+02
9.889534312696738994e+01
1.121839638226125260e+02
1.175847481138282404e+02
1.105693347115570049e+02
1.314944781540064298e+02
1.099028588212287332e+02
1.063906598675368542e+02
1.077317327778297766e+02
9.210219962406966943e+01
1.048927908954056960e+02
1.152034741381511651e+02
1.049569942660266264e+02
1.192047916024672105e+02
1.106275212836076918e+02
9.727998833972657167e+01
1.094897186646874729e+02
1.191440612334280758e+02
8.832558260417674489e+01
1.077965727348702529e+02
1.302015944935077982e+02
1.036446196830411282e+02
1.058667148919759171e+02
1.341206913209875609e+02
1.121749830923973121e+02
1.005961667479834745e+02
9.686942579099725492e+01
9.728345176183252363e+01
1.158434280138381496e+02
1.147197028186298979e+02
1.191289682990571350e+02
1.014592470154814094e+02
9.767704885109479562e+01
1.095791747795656903e+02
1.146189693836429484e+02
1.003971798412666487e+02
1.225377903576182632e+02
1.154427158177440589e+02
1.049060408577079073e+02
1.083196857127067005e+02
1.196131207599988500e+02
1.006574083619674553e+02
1.091439615752247505e+02
1.122825673181132942e+02
1.163333837634055783e+02
1.175697896237125235e+02
9.960417631147583961e+01
9.706504464475594318e+01
9.723033481366347530e+01
1.228233072748287924e+02
1.214477842407422798e+02
1.158150543863626467e+02
1.148137417763127814e+02
9.034247193806533005e+01
1.065783986111171515e+02
1.111975919404064115e+02
1.100752137311290682e+02
1.033180182415722612e+02
1.180686946918539064e+02
1.019344832634654381e+02
1.109901538465803270e+02
1.068178551956830944e+02
1.178370869100435954e+02
1.161404016833988493e+02
1.055590365371749328e+02
1.024104141892069606e+02
1.064803191790230983e+02
1.308543305151226832e+02
1.069110741582161808e+02
1.182252072475620679e+02
9.844637258266320146e+01
1.043016764031123813e+02
8.685272796481648072e+01
1.030190924156283074e+02
1.066401513740448621e+02
1.122529371753418417e+02
1.195211549785450984e+02
1.261886015806652779e+02
8.804609263444419298e+01
1.187708587939667950e+02
1.081597784364013819e+02
1.169884230472568021e+02
9.212792218620647589e+01
1.111329595434182522e+02
1.057471049713299038e+02
1.132318475315809678e+02
1.181394300019576633e+02
1.074022526627766467e+02
1.108793132226010840e+02
1.169070046008517778e+02
8.811741504033663830e+01
1.224304164125850747e+02
1.098334658372206576e+02
1.108207999573766642e+02
8.981867832932682916e+01
1.111814814143125858e+02
1.264465792755119224e+02
1.065617498272181791e+02
1.059182105977337898e+02
9.616318748860885535e+01
1.121896440169075362e+02
1.060226661426856793e+02
1.154847264701338503e+02
1.187694276980723771e+02
1.098828384629902217e+02
9.508233076798309469e+01
1.061753688014918424e+02
9.781321754133165314e+01
1.249004194971546582e+02
1.190113775253238657e+02
9.387634861699127953e+01
1.034872023988306182e+02
1.205864454859210468e+02
1.196326109461512033e+02
1.102647552537160323e+02
1.089294032584779046e+02
1.137891930735547135e+02
1.240517746872885709e+02
1.037759640161957435e+02
9.133072345463315855e+01
1.055191793993637646e+02
1.168714338550426817e+02
1.027048620218945416e+02
1.036947544580733620e+02
1.295590620345550974e+02
9.851762287791571282e+01
1.106447747281903276e+02
1.228782126417076057e+02
1.201907804106452460e+02
1.114147717608130250e+02
9.495958986532914992e+01
1.167493603005797524e+02
1.039305132588132068e+02
1.153948668878797008e+02
1.224194474120750726e+02
8.285631643762219767e+01
1.151767816571253178e+02
1.035095921482649857e+02
1.246958978732473895e+02
1.220950827454233547e+02
1.145231775131587710e+02
1.138267400563296405e+02
1.052873703532258816e+02
1.123136115818130349e+02
1.026924809205691673e+02
1.069791051292820754e+02
1.377118417987458940e+02
9.860658656455606774e+01
1.156935615433967826e+02
1.051433669286279695e+02
9.785977579294376483e+01
9.252759438464144637e+01
1.200670446668260922e+02
1.199224136343794100e+02
1.105616587909045165e+02
9.776163569083804816e+01
1.104233643762332235e+02
9.490872026812689910e+01
1.122166166229530972e+02
1.219018239578946350e+02
1.214217930191442179e+02
8.712616300117223034e+01
9.610300618510277104e+01
1.091559894356700653e+02
7.915989982570481232e+01
1.425475823297179545e+02
1.031699290647515852e+02
1.148828308849067241e+02
1.148686684070764272e+02
1.013835406721959345e+02
1.405070195551019197e+02
1.078607913704454262e+02
1.108915275656628978e+02
1.168970747857288757e+02
1.076345329438593126e+02
1.037012818228674718e+02
1.164574124406639726e+02
8.470818329679400449e+01
1.262537078161677755e+02
8.466472148785641139e+01
1.160897213667388854e+02
1.094845562811651973e+02
1.253099735039812117e+02
1.095789063709391371e+02
1.092067283714149966e+02
1.208237254834885022e+02
1.165768416615519385e+02
1.115163277930416257e+02
1.058493971189518703e+02
1.086506011343845302e+02
8.862134204374370938e+01
1.253928125524203239e+02
1.023576429895155542e+02
9.569664128246512291e+01
1.211914681469220625e+02
1.018505101115412117e+02
1.056138422409861590e+02
1.368192211743890141e+02
9.699905911398947467e+01
1.012488684794379026e+02
9.553222895578207385e+01
1.070975633114716032e+02
1.210226552701576281e+02
9.095099679014177241e+01
1.076026168284471112e+02
1.022485974828358906e+02
9.019837057891527365e+01
1.231905249208885209e+02
1.132901877619775490e+02
1.137483122416017807e+02
1.077910937161325364e+02
1.055832172378560898e+02
1.065603379793150935e+02
1.115067733903805731e+02
1.084543363209340896e+02
1.164809858930374986e+02
1.210050629991114022e+02
9.840515478432149621e+01
1.017930528206935463e+02
1.045908141697928357e+02
1.153196728146556325e+02
1.150085313353326342e+02
1.133330858078485051e+02
1.139884920861818500e+02
1.158892375023318237e+02
1.128521478989656401e+02
9.820741204248385259e+01
1.093564257566740565e+02
1.128465965508444668e+02
1.204485975767187540e+02
1.142393943275095722e+02
9.902793782823974311e+01
9.691752755214270110e+01
1.098229208147264444e+02
1.047309999852279532e+02
1.209257906322651621e+02
1.079638825730918228e+02
1.173689149065194641e+02
1.029637215349292916e+02
1.070570227591858981e+02
1.148663818048203495e+02
1.063514776597492215e+02
1.077085005677143386e+02
1.028170159189242696e+02
1.068077522318390464e+02
1.122286211015739070e+02
1.187765768483137663e+02
1.224930924991834758e+02
9.320718067783987237e+01
1.152195309057260602e+02
1.154320994994376406e+02
1.096961376849367156e+02
1.031659251339185772e+02
1.062448911853172717e+02
1.062945787712465204e+02
1.135029520943622430e+02
1.117947764411044176e+02
1.016064281280376917e+02
9.355460743731791240e+01
1.019134459864351072e+02
1.094447941574799756e+02
1.114640695138036364e+02
1.345941953903527519e+02
1.016114733246749182e+02
1.077697865879230932e+02
1.119792776778601109e+02
1.073895700641531192e+02
1.081369280310437944e+02
1.112256076007840164e+02
1.103382971738184182e+02
1.143510680766144105e+02
1.100597707191754893e+02
1.082998721995441400e+02
1.030301209471930690e+02
1.130698814790216318e+02
1.077448604557468030e+02
1.086631135667980033e+02
1.068773459487483422e+02
1.032101129393965095e+02
1.255146692848791758e+02
1.007170649324319385e+02
1.097153940962933660e+02
1.066328579890543438e+02
1.243844906639985908e+02
1.107313222707162339e+02
1.016459221017301218e+02
1.060126585267815358e+02
1.058136705384979024e+02
1.028927260859384631e+02
1.114771895565200595e+02
1.179278881026691010e+02
9.151050765944057730e+01
1.175614908834670587e+02
1.159799625250410458e+02
1.142399485755806836e+02
1.166404705769585206e+02
1.017972954605782547e+02
1.118955752565912576e+02
9.748518865493385022e+01
1.364529029052138469e+02
1.002703580167470250e+02
1.034238934819892251e+02
1.005118415411136681e+02
1.022319208769369823e+02
1.102505777607970856e+02
1.178700203538005695e+02
1.016816847957133376e+02
1.337656731660041771e+02
9.678157773007389153e+01
1.269413663214556323e+02
9.588659865730969045e+01
9.602560740927661698e+01
1.149716508300812734e+02
9.924542125815044358e+01
1.249601799122064989e+02
8.911023745843958466e+01
1.038971731004347134e+02
1.148556329551582849e+02
1.149695769099116802e+02
1.277483794621783773e+02
9.454867609219505198e+01
9.910767140778833095e+01
1.016669037755782767e+02
1.157781773487948556e+02
1.174049083681803438e+02
9.496493598736586250e+01
1.017045494596933395e+02
1.144877638898305747e+02
1.136667703106940337e+02
1.122282841175317003e+02
1.171906185924314769e+02
1.036967488800759014e+02
1.003976046702147329e+02
1.000244909046336659e+02
1.059266931001322547e+02
1.265648902447848627e+02
1.158702285707046684e+02
8.491560355446944186e+01
9.510692125675440423e+01
1.073952498018197019e+02
1.260873581257228579e+02
1.001572959437792889e+02
1.302656283075139356e+02
1.291000979677588703e+02
1.021326062668618135e+02
1.151098877015243858e+02
1.228863042439083983e+02
1.001883261605454010e+02
1.054874993648099917e+02
1.078079047310607166e+02
1.081538876977747776e+02
9.768375009667765596e+01
8.917635993659054350e+01
1.291312916416998462e+02
1.231154193562727670e+02
9.965752743494847721e+01
1.220781123022137109e+02
1.005201472896254131e+02
1.050463405610506982e+02
9.756935343331821286e+01
1.140707988305021701e+02
9.025472919016941376e+01
1.086341828159341247e+02
1.091871906235685401e+02
1.130946937471833849e+02
1.229254558524457508e+02
1.101974848312243722e+02
1.256346618665405259e+02
1.019900854956518117e+02
1.158258475568915173e+02
1.072127955279641327e+02
9.979178302306928572e+01
1.046526099532702716e+02
1.163750814899138106e+02
1.074879694602646794e+02
1.001509285961358700e+02
1.095325153675257752e+02
1.068947650673337648e+02
1.164618164556751054e+02
1.150751136751075450e+02
1.375109528092945084e+02
9.886509792629408366e+01
1.007029014839141894e+02
1.041054371138928190e+02
9.356392140591241002e+01
1.280279894287783122e+02
1.086759650875706882e+02
9.654342082050699503e+01
9.845583856260356015e+01
1.014528491032251054e+02
1.267684297843113796e+02
1.075259875294681535e+02
1.107352227506582665e+02
1.059053270739463954e+02
1.145486956044938154e+02
1.181704552413931566e+02
9.951233979157841247e+01
1.085452312407548305e+02
1.069523413302911337e+02
9.862386953151303715e+01
1.034186288417382116e+02
1.331492711504892554e+02
1.041191156552761754e+02
1.222279592555859438e+02
1.054585310122254498e+02
1.079464092496720440e+02
1.050700241635865666e+02
1.004001558588794580e+02
1.164094114561019921e+02
1.044621682881694227e+02
1.161173530876070998e+02
1.155291548836754743e+02
1.016673840763472754e+02
9.635947360102753123e+01
1.180194851949196959e+02
1.239417155645069499e+02
1.108325406038925252e+02
1.016917963077326590e+02
9.133687239904820387e+01
1.104736147246526343e+02
1.199553464236029754e+02
1.036559951437097027e+02
1.127361676644022026e+02
9.156019952080764313e+01
1.031819228712836036e+02
1.430809109322410961e+02
1.014133649510617659e+02
1.146296770672735761e+02
1.025624456659584069e+02
1.085283639684054435e+02
1.088739999313967814e+02
9.809643577392998282e+01
1.247618640379900370e+02
1.223887525012018784e+02
1.074022612527233349e+02
1.082519546957513512e+02
1.203234991638585285e+02
9.238087179644391256e+01
1.018287078428194405e+02
1.028519262019756724e+02
1.059838868070873019e+02
1.108640061651287709e+02
9.540689409516174635e+01
1.328465081148443403e+02
1.032874970439376909e+02
1.014801402305008367e+02
9.708194632312650185e+01
1.106492728400010890e+02
1.162234840358368189e+02
1.050639250620923235e+02
1.278681749984894651e+02
1.111654030837017046e+02
9.844445533869222231e+01
1.154202001575003322e+02
1.235270906480071744e+02
1.167774759405209579e+02
1.022329873873887749e+02
1.006155202775901785e+02
1.066954537610489666e+02
1.106484214590387438e+02
1.200722144233960194e+02
1.047792192520387999e+02
1.123023031600280888e+02
1.333692253493032922e+02
1.033242250235544759e+02
9.903317769842701068e+01
1.000645356008344038e+02
1.004820340065291333e+02
1.155086145081355511e+02
1.184729179013815781e+02
1.109848680842792561e+02
1.060555012358898068e+02
1.088018071895544523e+02
1.067181544730609062e+02
1.074422504040806388e+02
1.168326531755843973e+02
9.913897960389211050e+01
1.204244272031991585e+02
1.023785899945509641e+02
1.199464759890294800e+02
9.950778953878069899e+01
1.242243051967435434e+02
1.227068502007903135e+02
1.019150494178728792e+02
8.497160295846943256e+01
1.153142084218240910e+02
1.068677745887660535e+02
1.202793046449855723e+02
1.017802777079344594e+02
1.063009873647077370e+02
1.041576845223480632e+02
1.070694729475914642e+02
1.086862582470104428e+02
9.410041542745719312e+01
1.196125914744178544e+02
1.126025386264822004e+02
1.114994305505026659e+02
9.205611368672938966e+01
1.270941228932511393e+02
1.092167556040220120e+02
1.077951017158576690e+02
1.037674182965401712e+02
1.124538550863945687e+02
1.046653489223364346e+02
1.150029485551369959e+02
1.219842450323269958e+02
1.293173319477908478e+02
1.076437760825043739e+02
1.154369755118665068e+02
1.015569637098388540e+02
1.045544379705331295e+02
9.052624386028493575e+01
1.255528195953214663e+02
1.053016733974617551e+02
1.101283080162246080e+02
1.068188262656993288e+02
1.139610433817298656e+02
1.288896389441635222e+02
1.012751199965935740e+02
1.012479189041081042e+02
1.009154528380125839e+02
1.081838827999866766e+02
1.085630380940059467e+02
1.204858451223568210e+02
1.082809621504528650e+02
1.009468125293925027e+02
1.096439586367036156e+02
1.108897473559846674e+02
1.027796278829237053e+02
1.248953680119473262e+02
1.092784397914994088e+02
1.054647384308236724e+02
1.025309214427416009e+02
1.093413645022715031e+02
1.004756636518502972e+02
1.190718787843672004e+02
1.000368871957674060e+02
1.102576021184014508e+02
1.157069544577095286e+02
9.128147244968924667e+01
1.031743232704297100e+02
9.624978750364793711e+01
9.999314087239450544e+01
1.305793817745744150e+02
1.251550328059493751e+02
1.157468031156733730e+02
1.218009062830808631e+02
9.067239833930781856e+01
1.000038502176716975e+02
9.617336394833286306e+01
1.079828255911368444e+02
9.874655743823473131e+01
1.237435843456724882e+02
1.245375949162397831e+02
9.877345461078974154e+01
1.161409681564259557e+02
1.206608318918279963e+02
1.261977280403245629e+02
1.013129308600173601e+02
1.136245931596369729e+02
1.138767493788365073e+02
9.231542569308250279e+01
1.090953360364758140e+02
1.146044827451464698e+02
1.208117359244790094e+02
1.007859690027865582e+02
1.157264194768093830e+02
1.079428363913016398e+02
9.383963190835541468e+01
1.195219055887256303e+02
1.128713513846206240e+02
1.045194754079219734e+02
9.659304913031304807e+01
1.120484790289645360e+02
1.407066819141794269e+02
1.177333415499687561e+02
9.810257445683400590e+01
9.267168142340973702e+01
1.099509372565217831e+02
1.139991732126580786e+02
1.129458484611173503e+02
1.169922277700179620e+02
1.227268807693830013e+02
1.046548041538456459e+02
1.026701146212374596e+02
9.706680281689698120e+01
1.097454759749214048e+02
9.539400021308388489e+01
1.205471030255862104e+02
1.135993387555094785e+02
1.040871430825084900e+02
1.224988615380479615e+02
1.144874462093279703e+02
1.041661703831015870e+02
1.138617298410501064e+02
9.773583332642469657e+01
1.150274551286079685e+02
8.748631795741360406e+01
1.267540162141177689e+02
9.418888406625741538e+01
1.027871513591335315e+02
1.091503837873308385e+02
1.345184483237595714e+02
1.079153038042923072e+02
1.057005283538948532e+02
1.123394020025162376e+02
9.936643323154891050e+01
1.291056458859939653e+02
1.187614231540618874e+02
1.153341557000857449e+02
1.062081976995743702e+02
9.569017823201200201e+01
1.087031940513371637e+02
1.119561935783823259e+02
1.103122376259196358e+02
1.318800481188431775e+02
9.248942572071764801e+01
9.665139464177724449e+01
1.158556007184326688e+02
1.010930824418119016e+02
1.193237871350580832e+02
8.605043050473197752e+01
1.033611224779635904e+02
1.339747235165728227e+02
1.182347980397902347e+02
1.169055229856026301e+02
9.942813076885013857e+01
1.101194891132423805e+02
9.559780176214037795e+01
1.124461974196759826e+02
1.023776941516109673e+02
1.136128597444638331e+02
1.209291610285895189e+02
1.192302349388320266e+02
1.172353330429477012e+02
1.039187047085315925e+02
1.005202910284717888e+02
1.091918400009906094e+02
1.060875354933030792e+02
1.067758757651470347e+02
1.147304857846102237e+02
1.085114425493189572e+02
1.100735228808938047e+02
1.066692200634450245e+02
1.097403325855434133e+02
1.014987086576222310e+02
1.110995477913439373e+02
1.117746262955934213e+02
1.059498299082253823e+02
1.358307993640245854e+02
8.867845526637260889e+01
1.024816607526322798e+02
9.564912227741611161e+01
1.025992416348934739e+02
9.758147382351224053e+01
1.272004326971485852e+02
1.249861529332380883e+02
1.031646673738977711e+02
1.159781312687264858e+02
1.183865981462347463e+02
1.205571183104213873e+02
9.692041624987804482e+01
1.011381489268601115e+02
1.104581032556031914e+02
1.070553481870110062e+02
1.033676978099235413e+02
1.073507342692357156e+02
1.181904462859298377e+02
1.099244481961248994e+02
1.042379314267088120e+02
1.036616004747668569e+02
1.108973923855366337e+02
1.094957848789283048e+02
1.009204717894020149e+02
1.258763516407508405e+02
1.122278270092847947e+02
1.069566233424127972e+02
1.096264048174920163e+02
1.203853820115304529e+02
7.720377133632180744e+01
1.278195015028446306e+02
8.567728889287889160e+01
1.014381427505705773e+02
1.273596222407186502e+02
9.830150071394997724e+01
1.273616015305443483e+02
1.106094268565663299e+02
1.049866960111618823e+02
1.088224831730176163e+02
1.242024903599137673e+02
1.061917215454428742e+02
1.178109149449889088e+02
9.247440186256756078e+01
1.026997055279307602e+02
1.048931993898756616e+02
1.189929890238671959e+02
1.117924847670171573e+02
1.050211121486027395e+02
1.130549869105291094e+02
9.853024921818928306e+01
1.080085978598178116e+02
1.142529048713975328e+02
1.081629888654218092e+02
1.114717986884746495e+02
1.150392512210485307e+02
1.169536055302014290e+02
1.074712992763872137e+02
1.101226588913324633e+02
1.005463937177541283e+02
1.166867177112073790e+02
1.031381657432123120e+02
1.407343639782256162e+02
9.991952969155251196e+01
9.708862139723107987e+01
1.071822839220494075e+02
1.068786757335207511e+02
9.721436403716931807e+01
1.092065562490084432e+02
1.049351372819889150e+02
1.258924451704340157e+02
9.250003299845023719e+01
1.149405729106909178e+02
1.028245897439120142e+02
1.124355394937844466e+02
1.216322260780740550e+02
9.597457584664748254e+01
1.010126963763749472e+02
1.229541964658676676e+02
1.042301861004883250e+02
9.761988747854279325e+01
1.085948176061533985e+02
9.236038381257472452e+01
1.025117009512173496e+02
1.156418086042225042e+02
1.057675006036330245e+02
1.077042720104967799e+02
9.517542279888037626e+01
1.257509175790263924e+02
1.093655391208980348e+02
1.059939269095962686e+02
1.246840271838022005e+02
1.067595143721363797e+02
1.026069266437503273e+02
1.090254284158402953e+02
1.130143636697824547e+02
9.606899897115181375e+01
1.280629850315500562e+02
1.001368143772891699e+02
1.218703092659173706e+02
1.071031243109270576e+02
1.134233782435048425e+02
1.148528299136460902e+02
1.000443106462813034e+02
9.604254822433766492e+01
1.069381134015183932e+02
1.105935722773623979e+02
1.038222950479847668e+02
1.282659584375957422e+02
1.231956484716138647e+02
1.150799848334509221e+02
9.255845436129108350e+01
1.019499877123837450e+02
1.182216395884875482e+02
1.187976584824961606e+02
1.061313273852271806e+02
1.107431757992414845e+02
1.045261260403438968e+02
1.107875563278752935e+02
1.087931939741247476e+02
1.220715060191621717e+02
9.774442096616587605e+01
1.215627940044135187e+02
1.067830852873317298e+02
1.192605780925433550e+02
9.915345989287835948e+01
1.038005787170859975e+02
1.029731272808993623e+02
1.077673963323132824e+02
1.101167450543227346e+02
1.074842316399132898e+02
1.091109278927339545e+02
9.949022214378130968e+01
1.217623546932690459e+02
1.064259048249725339e+02
1.223751518835343859e+02
1.025166716106707128e+02
1.100713349119111939e+02
1.157095016800765421e+02
1.045728826858818366e+02
1.290905939083955047e+02
9.752515597417776405e+01
9.164541226734561974e+01
1.005784841853997733e+02
1.150324904571827886e+02
1.018436083617313983e+02
1.090347876876622166e+02
1.124551098893013688e+02
1.166816342454777669e+02
1.066442017474531809e+02
1.361351806681952041e+02
1.086816802713811825e+02
8.947055821091814209e+01
1.161629777028814345e+02
9.932864785536165186e+01
1.099996056258793828e+02
1.015227851752317036e+02
1.183709459026429300e+02
1.152839860088211736e+02
9.634826260665703046e+01
1.211503869358233771e+02
1.048960277866695066e+02
1.101416786963509509e+02
1.061985293255951603e+02
1.149820747247491113e+02
8.423003185602711085e+01
1.156844403858970054e+02
1.178730286111162116e+02
9.594811413214002016e+01
1.105101200185371368e+02
1.204333616528243596e+02
9.805216780787924336e+01
1.148331509501083474e+02
1.167979871296816157e+02
1.107459774913519084e+02
1.024490976412090077e+02
9.588851113333636533e+01
1.100642560137995076e+02
1.217959754775361318e+02
1.030604565175333249e+02
1.072350852754322830e+02
1.009256249367377620e+02
9.860583018159165647e+01
1.318012409515387446e+02
1.131842215634537894e+02
1.106522630219899810e+02
1.157597315160743960e+02
1.056014508614149747e+02
1.118217693759257259e+02
1.184160288341760889e+02
9.378912718013098981e+01
1.078504617955648968e+02
9.571568961813385101e+01
1.041336651267469335e+02
1.344568868751848640e+02
1.084582069205132342e+02
1.024525928430323205e+02
1.103315705409442273e+02
1.013871116250509772e+02
1.303420009924782050e+02
1.186875830467241570e+02
9.749597881298650748e+01
9.982264086088092370e+01
1.268062038735896522e+02
1.023871900231080900e+02
1.051288524444491799e+02
1.096301304638171388e+02
1.055018065443946966e+02
1.057566852882137880e+02
9.923009586484462830e+01
1.340155138548115872e+02
1.133753692939336304e+02
9.811659649140106865e+01
1.091350156680180987e+02
1.003213768174469038e+02
1.081557727869839169e+02
1.162280813392665806e+02
9.546719849046473882e+01
1.122947657551488874e+02
9.968200138960102663e+01
1.225991826698724054e+02
9.356614846533769025e+01
1.204282091106682913e+02
1.198139673149713076e+02
1.059034087278908629e+02
1.095309013819561841e+02
1.056838211143050756e+02
1.114168892738366026e+02
1.067768417138657497e+02
1.147186517172451801e+02
1.155440500089042217e+02
1.134972183793669842e+02
1.113398413834677001e+02
1.038672059006148629e+02
9.951003667001894826e+01
1.121145635845348920e+02
1.059204782028811991e+02
1.057279810196996124e+02
1.146933104270813715e+02
9.785026320740291794e+01
1.420518262691966243e+02
1.084469098106235094e+02
9.909061879072756085e+01
1.241868253906230279e+02
8.932770237260406532e+01
9.580157946686286152e+01
1.131840764100378749e+02
1.091385517480377843e+02
1.029495991757750488e+02
1.262428898535729758e+02
1.017728705405333329e+02
1.018837090974558777e+02
9.292163853249704175e+01
1.236334293779731865e+02
1.132228712477461556e+02
1.098221415908110714e+02
1.084529392191201254e+02
1.012653851966941403e+02
8.359407383008839076e+01
1.232284335834746400e+02
9.799871962061492070e+01
1.250964606853044785e+02
1.158849393090344080e+02
8.898733435313103257e+01
9.600855542521524910e+01
1.175019759851966796e+02
1.136391322707345068e+02
1.198169495990408535e+02
9.855340361846856467e+01
1.095128354026897455e+02
1.309486862241735707e+02
1.198531866711401932e+02
9.731739836806373489e+01
1.020151099482204842e+02
1.009476335937245892e+02
9.826192455200333598e+01
9.832073025309284731e+01
8.888481876886524446e+01
1.291375471969699049e+02
1.059386010506016476e+02
1.238128589892584870e+02
1.155763635227770152e+02
9.703677136049323337e+01
1.212767193039047413e+02
9.267672474924572157e+01
9.724956966932039393e+01
1.090224829634826733e+02
1.196306128594848701e+02
1.096630191184283660e+02
1.074396684556678707e+02
1.124935327182343769e+02
9.760617805478649700e+01
1.055778594297214852e+02
1.063616375844368065e+02
1.309362961937822263e+02
1.056569213450438838e+02
1.081953721774829660e+02
1.038536670410819767e+02
1.206606268372838997e+02
1.093046497615536765e+02
1.153155850452036759e+02
1.139416401390744511e+02
9.385246099968485112e+01
1.159544034658032672e+02
1.058818387637689113e+02
1.049725938558811436e+02
1.158282393330274829e+02
1.086572380978721810e+02
1.044324072645212595e+02
1.149800623890739928e+02
1.198453917207288981e+02
9.545240385038803765e+01
8.416425414888520606e+01
1.276135683882514229e+02
1.168429063751876242e+02
1.031470795731074759e+02
1.199454441367130642e+02
1.063335552489185574e+02
1.037930160988282324e+02
1.174254197774137509e+02
1.075386385023758464e+02
9.888625688643480771e+01
8.536607378039460059e+01
1.136460534753003060e+02
1.013430533805431253e+02
1.413339770359642387e+02
1.130334042230711873e+02
9.650888970513976517e+01
9.443212137311107313e+01
1.038561701748712665e+02
1.368600510145619182e+02
9.531905823311578274e+01
1.120772271024731594e+02
1.066712116189422375e+02
9.468809810922431325e+01
1.263453914692487814e+02
1.014370430737115214e+02
1.128197245475141557e+02
1.078369818643882070e+02
1.114922782726269617e+02
1.137667067699340890e+02
1.159345959511708770e+02
1.123846555577916035e+02
1.034452143143236071e+02
1.120783506751030387e+02
9.794288890430192396e+01
1.249433048963491331e+02
1.038898328126353334e+02
1.055293750202940828e+02
1.036197745939260386e+02
1.119306921319761443e+02
1.050014453579536706e+02
1.151586871507473120e+02
1.073312131099327900e+02
9.371541610215238904e+01
1.300225865819060971e+02
1.078678595231133528e+02
1.270253399976502635e+02
1.162660988893514968e+02
1.021027766458488344e+02
1.087476931094931416e+02
9.293411531108556289e+01
1.034077118081753071e+02
9.698308404288911788e+01
1.263565618323431892e+02
9.814743153894694672e+01
1.169848888148089117e+02
1.097573679871115644e+02
1.160346031218944916e+02
1.052826691307262763e+02
1.190250352329880315e+02
9.615177564065359661e+01
1.026378914588364069e+02
1.157194462183982893e+02
1.225514357666453691e+02
1.174440044175402988e+02
1.008655568434009524e+02
1.013936237944772785e+02
1.142996870937909790e+02
9.810469420833325671e+01
1.188435916684690454e+02
1.088327407550659984e+02
1.157162598932588082e+02
1.135797744111039549e+02
1.010995708884805282e+02
1.223180920627261230e+02
9.823102134299445254e+01
1.037703738872039736e+02
1.064643609486023337e+02
1.048818879991592183e+02
1.217116366393011475e+02
1.184797940824790459e+02
9.647756094203342059e+01
9.450065134086997887e+01
1.040112588707836494e+02
1.247383615449314362e+02
1.005625237580294424e+02
1.285806586715088429e+02
1.201116209871817375e+02
1.114644909646112438e+02
1.063871398265525272e+02
1.024819428814096085e+02
9.988779833132019803e+01
1.165590918704305636e+02
9.704930741208822553e+01
1.208308501525528555e+02
1.133830783888315352e+02
7.940308007672206259e+01
1.334321082475614162e+02
1.102742088169814707e+02
1.071621057925037519e+02
1.250499543308638408e+02
1.144784571132633886e+02
9.948440098072011040e+01
1.056196214947822511e+02
1.027201223663419256e+02
9.454150305243666708e+01
1.027672741046646365e+02
1.110176287585677812e+02
1.056751521365042521e+02
1.243452691613683356e+02
1.148148326806239936e+02
1.124610664050388777e+02
1.150629885365476497e+02
1.062528304332840321e+02
1.229924782603529394e+02
1.127292364415777257e+02
1.101033436244558885e+02
9.543968734078154625e+01
1.200407417378104356e+02
1.035552183808642752e+02
1.044511841650422781e+02
1.164321245394692568e+02
1.157448051706212624e+02
1.197085236489006803e+02
9.806994757813778563e+01
1.112002217938284332e+02
1.151643610330517902e+02
1.120131179457527253e+02
9.784399505784224971e+01
1.126406478252934562e+02
9.789044637332506227e+01
1.059228848670699676e+02
1.061122831617782936e+02
1.276922000557284065e+02
1.019853403389950302e+02
1.117641465196713852e+02
1.206656443395802967e+02
1.016964501406662578e+02
1.077257948948339958e+02
1.130839413708609555e+02
1.155065018702695312e+02
1.148704958499397009e+02
1.238125879549055526e+02
1.012994099007073174e+02
1.137098211374390502e+02
9.784623156510789954e+01
9.836327134179668974e+01
1.138516652492808987e+02
1.104401505579902363e+02
1.024888425795854516e+02
1.114027181530645123e+02
1.074452582307347512e+02
1.097025354871891238e+02
9.975097067021255270e+01
1.132548829571495332e+02
1.148614032010569872e+02
1.316150463865576796e+02
1.128372187722241620e+02
1.047380309078477580e+02
1.022150416766309462e+02
9.326613532511471760e+01
1.093548839513650108e+02
1.002932986381481726e+02
1.059840232581008195e+02
1.127859950769592245e+02
1.069937165452842862e+02
1.130226475720101718e+02
1.163091225890038203e+02
9.355854139561817817e+01
9.231038476717536412e+01
1.119269376223470829e+02
1.487476729728195437e+02
1.070442964346516987e+02
9.906897251686174855e+01
9.926235310639626164e+01
1.311000128018666544e+02
1.073315217237592947e+02
1.028105497879278403e+02
1.168596019333656812e+02
9.599313131168032953e+01
9.169466943866181907e+01
1.229399978528118424e+02
1.122795520871300710e+02
9.937482958240492792e+01
1.192771709103755313e+02
1.082416504487478193e+02
1.009057094795154796e+02
9.597606159533737014e+01
8.911322069411522762e+01
1.429062148488295634e+02
1.084938481905563208e+02
9.889042099365316574e+01
1.408595915199344972e+02
1.045405112768148825e+02
1.018985075357315822e+02
9.668298801875302217e+01
9.933383519991801336e+01
1.094618712341325164e+02
1.222050608643118750e+02
9.188388946075065178e+01
1.183713220010406530e+02
1.111041236252756335e+02
1.105296195891798021e+02
1.065639784071024110e+02
1.054727527621795957e+02
1.122164878490174118e+02
1.203636473384384118e+02
1.004972083977124697e+02
1.135928966998816634e+02
1.088796452786295390e+02
1.029860322467741582e+02
9.309726125135078689e+01
1.324289003363433608e+02
9.303783469053341548e+01
1.221828805047887272e+02
1.080335619790470929e+02
1.033404865895272735e+02
1.279150955319966982e+02
9.482048872144331142e+01
1.135628967901410959e+02
8.601724594960100490e+01
1.179129628517393371e+02
9.766235458470634967e+01
9.628163425585667312e+01
1.108612588753252055e+02
1.048374186958879619e+02
1.156755312882533104e+02
1.248675218586680558e+02
1.032917360917063974e+02
1.042858624832372669e+02
1.294144496294938165e+02
1.228455024046458561e+02
1.193255658213326313e+02
8.933646441775630365e+01
1.102519870139397113e+02
1.223439417171331627e+02
1.125802848122746269e+02
9.963450414395524035e+01
1.100855662709884513e+02
1.124416329111786013e+02
1.010817393242664650e+02
1.030089803116590446e+02
1.057776745857656806e+02
1.240364178636000361e+02
1.022805542027647761e+02
1.007888919214840797e+02
1.066212170610801167e+02
1.197421010109449213e+02
1.081299107398364612e+02
1.170171765431044406e+02
1.055301240207441964e+02
1.227055802909828657e+02
1.135464253301273487e+02
1.084047423569015365e+02
1.091791786602690593e+02
9.961395392684345040e+01
1.014474618207577379e+02
1.363219109579137864e+02
9.727241172728633956e+01
9.762722853203430873e+01
1.154393855821889616e+02
1.092973004080103436e+02
1.082580643096221564e+02
1.057384709745914080e+02
1.026822590977449750e+02
1.002147010624392323e+02
1.093301094525141792e+02
1.294667844870561453e+02
1.269359409315445077e+02
1.046625339327531492e+02
9.952681042678477752e+01
1.041981143570613995e+02
1.098353030676598792e+02
1.104570012963609855e+02
1.280422204756595477e+02
1.108783625146034666e+02
9.265732486405499913e+01
8.630631720263653506e+01
1.457106483802672017e+02
1.028682665987270326e+02
1.079976212712297468e+02
1.134462660761691382e+02
9.961261271677275886e+01
9.891940285373632946e+01
1.314998537566478092e+02
9.752361612701172078e+01
9.856233731633516015e+01
1.090491681723012078e+02
1.184835915981867203e+02
1.052571552327912627e+02
1.013207544776472986e+02
1.021693006288567602e+02
9.014442215087616717e+01
1.077652308314432332e+02
1.452708241274614807e+02
9.233620736900327586e+01
9.106848077941990027e+01
1.103342376571245183e+02
1.364521237733512748e+02
1.165746546534229822e+02
1.026456304982446142e+02
1.230728362120565578e+02
1.038618041899288471e+02
1.003010625359905248e+02
1.113916088128401043e+02
1.069135734174839314e+02
1.105652331431229669e+02
1.120946576993820401e+02
1.012015960099568019e+02
1.167707086652108899e+02
1.012912114802358019e+02
1.011143513555760336e+02
1.234521095679452429e+02
1.022592889093143498e+02
9.205091091943745596e+01
1.174697295875769356e+02
1.132656071239095041e+02
1.170240892910755406e+02
1.119224836932430804e+02
9.274700749111326559e+01
1.207044115517683593e+02
1.357285110805614465e+02
1.102364567235512851e+02
8.807578444355486624e+01
1.001152782540376620e+02
1.187958614973629352e+02
1.045290033608050351e+02
1.230352642438433151e+02
9.194100839427424887e+01
1.197529441168149162e+02
1.023128595860854375e+02
1.100016934302964415e+02
1.055490488928583943e+02
1.052798009078797037e+02
1.057776410582831801e+02
9.477519563918768597e+01
1.260860725231841002e+02
1.173640563279807196e+02
1.230566162329756139e+02
1.188073410065691462e+02
1.224802730114029998e+02
8.885143307873227059e+01
1.180671576904681501e+02
9.987834739906604398e+01
8.955553453313201828e+01
1.153813548291158071e+02
9.535783484531739873e+01
1.204439816553127969e+02
9.268637612646242019e+01
1.070674176708853338e+02
1.229162081629150975e+02
1.141164645353879479e+02
9.299134740667356880e+01
1.171500761294031179e+02
9.536164856994967920e+01
1.046467025568137501e+02
1.054431338744246176e+02
9.690130055358433481e+01
1.195156522877834391e+02
1.093786301306964361e+02
1.126194911568810113e+02
1.056412844614394828e+02
1.066962577253260207e+02
1.093014815212689825e+02
1.058237967914285917e+02
1.294988977286049021e+02
9.480906038462802599e+01
1.097992898197990854e+02
1.014277271640443558e+02
8.985332368098282529e+01
9.994694697905391934e+01
9.916328304406266625e+01
1.257877465151025405e+02
1.227785340347409146e+02
1.081295351645510294e+02
1.042086037943766144e+02
1.008610799269350764e+02
1.415483789606620633e+02
9.927324215024924570e+01
1.099983479815247449e+02
9.061389770578678338e+01
1.170632170983086695e+02
1.111040243617361369e+02
9.789669193249683588e+01
7.921194783205463352e+01
1.215129265870403685e+02
1.312173261519747598e+02
1.017836693522385048e+02
9.764549279487751221e+01
9.583636428619965386e+01
1.053746000148757958e+02
1.082437504098841714e+02
1.401610797264308701e+02
1.133132761212711159e+02
1.154654349294053901e+02
9.439388587679020759e+01
1.018854611820754741e+02
1.148956866206938940e+02
1.137471395249789481e+02
1.263696134221642779e+02
1.054867701145275589e+02
9.422233841839546642e+01
1.129403766114551644e+02
1.171723840665487586e+02
9.129301249970818333e+01
1.156625841284423188e+02
1.100174787031575363e+02
8.693791076400704299e+01
1.243196990677134295e+02
1.232322151387124052e+02
1.158639109966777596e+02
1.016826827490424989e+02
1.004695395140150254e+02
1.046525190696189753e+02
1.227845396313815343e+02
1.095271276770655930e+02
1.081435360524989022e+02
1.268660605921937758e+02
9.425817577629997857e+01
1.068892807414764405e+02
1.005169267400883655e+02
1.169309720787952216e+02
1.178752676454171251e+02
9.914585990091231338e+01
1.278534486684250453e+02
9.246619110720544654e+01
9.476443951830695767e+01
1.201271396553823934e+02
1.021457839262943139e+02
1.097644025334610944e+02
1.021727430575371613e+02
1.020286117734190583e+02
1.174995316579632032e+02
1.216075704604535588e+02
1.055453786895240853e+02
1.190298290009597508e+02
9.965753420959607922e+01
9.687382754916616534e+01
1.109360706853573788e+02
1.090051858149072643e+02
1.025115750324951449e+02
9.231643291397575979e+01
1.238772526379702725e+02
1.108342553227227540e+02
1.119051614303700859e+02
1.135044563621707994e+02
1.130984890743865634e+02
1.177385299809466659e+02
1.135962332852440397e+02
9.803483212204126573e+01
1.080518326466568340e+02
1.048251911895724504e+02
1.135132541430260318e+02
1.043435506737756384e+02
1.204214784164165906e+02
8.490476032052869471e+01
1.064640788656823815e+02
1.218844596170098953e+02
9.598631479703223590e+01
9.867617066455522945e+01
1.136892818423735179e+02
1.045376687621448752e+02
1.090874895197185026e+02
1.265124078560615004e+02
1.150759715951426614e+02
1.078687647228953921e+02
9.411307657382961622e+01
1.168663519388081795e+02
1.042274682922595019e+02
1.085972135938168748e+02
1.093187947724762665e+02
1.163160205886554337e+02
9.940214748781536969e+01
1.037501598436148527e+02
9.831096883642736373e+01
1.089850212224736765e+02
1.072427552604686980e+02
1.120140894375996652e+02
1.145524659393959439e+02
1.142682499903790330e+02
1.000543922693469625e+02
1.086497604436207922e+02
1.023826970062601589e+02
1.226949250280714523e+02
1.104779461668309892e+02
1.101853864703434596e+02
1.011590832722405366e+02
1.002360364435094056e+02
1.263841420751459594e+02
1.070713731678996510e+02
1.028814474055850070e+02
1.169423621693627098e+02
1.233207585027069797e+02
1.085038066858191712e+02
1.076639642160476456e+02
9.969748241495223340e+01
1.285596350035039848e+02
1.070234484928266738e+02
1.086930283273255782e+02
1.007925004349440172e+02
1.085062029121541087e+02
1.035902452069718436e+02
9.624897328155813625e+01
1.180105118742030044e+02
1.124035573217469732e+02
1.052270154866051399e+02
1.203489434238683060e+02
1.069275233975987618e+02
1.242904478816444822e+02
1.156647191906812964e+02
1.121584922503076456e+02
9.874085152207069882e+01
9.604396761556571960e+01
1.136957792062463994e+02
1.161666021595556799e+02
1.189789011671052634e+02
9.462453466286407888e+01
1.083698706699257883e+02
1.091521319087715938e+02
1.081260666038259473e+02
1.264722840412369038e+02
1.011238040318976346e+02
1.051738834462665295e+02
1.165544460193426346e+02
9.831527616056609986e+01
1.075768111890310905e+02
9.917995434244541286e+01
1.068394675280627695e+02
1.122925743069952205e+02
1.061185595910345825e+02
1.022812372097938720e+02
1.263821107948456728e+02
1.046127521210905513e+02
1.175091138757091613e+02
1.080348218216590794e+02
1.011750227083761189e+02
9.819337550772711154e+01
1.231778695761328919e+02
1.226925680822437528e+02
9.201170164066657264e+01
1.307642887635222166e+02
1.065078598703862980e+02
1.043429902328133352e+02
8.754836244375567844e+01
1.140598000705476238e+02
1.007415614193752447e+02
9.528210963277220458e+01
1.271696543785794802e+02
9.840732466216589103e+01
1.172397641085856606e+02
1.325203954033156037e+02
1.047873296376687478e+02
1.043599078604853077e+02
1.029908566550441407e+02
9.633062588824959960e+01
1.167279109697420125e+02
1.285565712717269093e+02
1.044161299158244987e+02
9.642062200695536944e+01
1.006578272913040308e+02
1.086778759102242162e+02
1.199403366817646202e+02
1.076922876916922718e+02
1.158893571628217671e+02
1.062468522156455748e+02
9.600343015326424734e+01
1.098460377107537624e+02
1.201326394840629206e+02
9.728580327918278670e+01
1.284109554081558997e+02
1.009033686846079263e+02
1.142588974210113122e+02
1.009947845657425347e+02
1.110066401870658410e+02
1.051389153780746284e+02
1.241123142446436418e+02
1.184816540856170093e+02
1.077540992682368852e+02
1.134725744176444238e+02
1.079552258792453046e+02
1.130696326045824520e+02
9.128523935880500062e+01
1.146035098857146153e+02
1.069484671963166136e+02
1.041004012578209341e+02
1.266628475431608791e+02
1.036079490219171504e+02
1.059057918684203088e+02
1.125186313739766319e+02
1.254928093356143677e+02
1.010908362713612973e+02
1.082043741678441791e+02
1.115868891134216057e+02
9.400356906867614271e+01
1.262126096698480922e+02
1.275292286831227244e+02
1.138469403751554836e+02
9.946210748371026966e+01
1.079313159823337429e+02
1.087968116912239935e+02
9.294334728890805764e+01
1.110893575477268769e+02
1.159441805234137917e+02
9.970989008488760419e+01
1.020062217598121066e+02
1.121192949229223501e+02
1.083190600265895682e+02
1.001217420799327584e+02
1.323220188286982761e+02
1.013618991391830377e+02
1.027195220330962258e+02
1.145215657307980308e+02
9.824452984612625528e+01
1.209674626001493891e+02
1.023913288964454154e+02
1.148254598496692012e+02
9.049513631278101400e+01
1.287815647667549115e+02
1.174837129419005208e+02
1.132653768351998025e+02
1.073406597859836609e+02
1.028504886051756415e+02
1.354384311243933325e+02
9.863968041791170549e+01
1.030193137016432416e+02
1.124877056581505741e+02
1.001673161673293180e+02
1.029952977507370093e+02
1.041239262456032293e+02
1.062141943699565729e+02
1.007805860491695569e+02
1.197008168334529330e+02
1.060642536739960207e+02
1.174625883429670523e+02
1.099883214037496941e+02
1.112401959033029470e+02
9.504502611733704498e+01
1.312410938721716889e+02
9.984915059019142802e+01
1.013111981871584391e+02
1.222171382135840076e+02
1.038193510701524787e+02
1.169102061357864102e+02
8.860167566121332072e+01
1.136702083914500321e+02
1.044317602454679701e+02
9.324541089178114817e+01
1.137156990572181456e+02
1.041602672479912997e+02
8.784096163288361936e+01
1.245302769351128518e+02
1.283513834033133207e+02
1.178917399694437336e+02
1.028202145158803233e+02
1.122789942229541111e+02
1.273182244003723582e+02
9.868862619999025299e+01
9.491435203405805510e+01
1.184200689704402549e+02
1.128673885689755707e+02
1.019914559200908286e+02
9.915142103726644507e+01
1.125396977738797375e+02
1.123728684713981778e+02
1.372489010948146984e+02
1.044565815018886070e+02
1.025174211718505859e+02
1.004880391488733125e+02
9.797013358973121910e+01
1.143175129650985156e+02
1.200022742469425339e+02
1.006934477664562309e+02
1.078484887304053785e+02
1.072402962618431985e+02
1.092493920928003206e+02
1.115075900094651757e+02
1.138784823251531009e+02
1.070276604343761306e+02
1.140059364322303423e+02
1.076525737589090710e+02
1.066324871197844715e+02
1.073047607502078904e+02
8.352805058428970142e+01
1.034337936477782733e+02
9.210611786823653802e+01
1.176969931717210756e+02
1.049485707528547493e+02
1.357293907923766199e+02
9.400930690006545376e+01
9.649905742929631458e+01
1.165472285591811925e+02
1.039151449306728381e+02
9.816166178401958575e+01
1.238097645489021517e+02
1.084777983134578676e+02
9.829030788884696790e+01
1.116104339023001728e+02
1.108213442580533439e+02
1.139943613154231343e+02
1.125116092061642945e+02
1.103437832206168281e+02
9.505857965401175136e+01
1.104053661695707405e+02
1.103612585736436813e+02
1.254991695534133100e+02
1.003999644355931196e+02
1.161190904407032178e+02
1.026286309196524371e+02
9.763657522847300640e+01
1.197031001216746944e+02
9.985268270433661542e+01
1.194381329860477194e+02
1.118653341620371293e+02
9.761801003792137976e+01
1.210504770195968547e+02
1.123063356050363240e+02
1.104743301451707680e+02
1.216263424637328683e+02
1.125734183395502868e+02
9.896337008985975103e+01
1.287502012119950905e+02
9.312498108365838334e+01
1.155795135433660050e+02
1.061029027436436252e+02
1.045394764864276311e+02
1.227587121126778129e+02
1.135477882873011026e+02
1.160651027603637573e+02
9.329967182130643266e+01
1.068903139459555121e+02
1.187975124080157059e+02
9.968805951234773488e+01
1.224875761198359214e+02
1.118704122203883031e+02
1.024087491417562887e+02
1.203013190571112290e+02
1.142779480031692145e+02
1.044171736483366715e+02
1.036730548011097994e+02
1.014102603968014762e+02
1.120235773830377894e+02
1.252264968544838126e+02
1.068047515493904740e+02
9.726394605969062468e+01
1.107816152901276894e+02
1.068558238233278956e+02
9.678979545404388318e+01
1.190922944441505251e+02
1.125159705940754264e+02
1.134813096956002454e+02
1.070098866712117882e+02
1.035426682939247769e+02
1.085886314124595202e+02
1.183762808092622834e+02
9.916410419787911223e+01
1.016228231471962573e+02
1.214581858532151983e+02
1.153560920171725996e+02
1.163737663309429138e+02
9.950767427694363221e+01
1.151827205862278021e+02
1.108251479007969920e+02
1.001707794911467317e+02
1.069733316709987179e+02
1.121054844049284753e+02
1.116158947455847681e+02
1.269261889000043908e+02
1.047536333860865625e+02
8.470817054320565376e+01
1.121916746449491029e+02
1.094850897945027555e+02
1.166483855811811736e+02
1.147335564894768112e+02
1.122244362867183867e+02
1.133492347524426407e+02
1.049350537716595113e+02
1.131746481704859661e+02
9.665029945721200022e+01
9.690756390018603383e+01
1.127843318887467063e+02
1.051266893896961108e+02
9.687421724256087430e+01
1.237299487962226863e+02
1.218260786089165180e+02
8.781662830791275098e+01
1.124866596927714255e+02
1.070974616903541090e+02
1.033716612095544320e+02
1.169898973328216840e+02
1.045676793023689584e+02
1.011955182129633641e+02
1.141745079943053014e+02
1.251443942935635931e+02
1.102139265005364308e+02
1.189475568014128015e+02
8.660050666023785482e+01
1.006297976060536712e+02
1.044516709328449906e+02
1.061589657042724326e+02
1.101448920445872943e+02
1.167044089485846996e+02
1.083947380125568714e+02
1.106985003245188466e+02
9.502425461244040150e+01
1.186103381952946734e+02
1.193796061484141973e+02
9.308208859183767458e+01
1.321866727133068480e+02
9.735159231513921441e+01
1.123879817415567857e+02
1.136858988493346629e+02
1.210641150075788488e+02
1.114866304324711450e+02
9.588776096452895104e+01
1.188647645117124938e+02
8.403964092068953562e+01
1.133622540416593409e+02
1.066903008191254969e+02
1.154305006527272610e+02
1.345198212347655158e+02
1.007979157235398162e+02
9.437517062049495564e+01
1.038304815869438897e+02
1.138305058522179536e+02
1.170720808708860972e+02
1.117790042931281107e+02
1.140579661530230311e+02
1.106189716504194820e+02
8.426314749636718204e+01
1.172000800135545262e+02
1.029353494382745566e+02
1.108627483936884346e+02
1.278404999730878586e+02
1.106022373862054025e+02
9.887764817212381274e+01
1.205727194748581894e+02
1.051168954863560145e+02
1.112460889328524587e+02
1.086208599008290889e+02
1.128103267426985070e+02
1.077504404041866053e+02
1.114247693030332158e+02
1.090174334295683281e+02
1.056379628596387334e+02
1.047381293388958596e+02
1.250102194974960099e+02
1.186172558284502543e+02
1.057892547847068272e+02
9.810178410517566761e+01
1.086968626618087370e+02
1.234046645362880383e+02
9.028971219602786391e+01
9.618093547302579793e+01
1.093618756909866505e+02
1.077739029544530354e+02
1.300135279877971755e+02
1.031034973313572607e+02
1.285201363437402335e+02
1.154420667573788961e+02
1.026593524487270628e+02
1.041165317583532186e+02
1.001688147478850084e+02
1.221224891942274411e+02
1.295495048541348524e+02
6.235979439484265896e+01
1.047979820170326377e+02
1.091284353646360188e+02
1.206962102266302423e+02
1.277624422695022446e+02
1.087190688237270422e+02
1.032435354075859664e+02
1.091150597508519837e+02
1.018487004413409807e+02
1.030068771375262742e+02
1.119276304764901511e+02
1.081609139134393160e+02
1.117823435559624272e+02
1.048035707886997159e+02
1.053226773907232285e+02
1.146674395554331340e+02
1.175468890196324736e+02
9.672275341827591433e+01
1.102538148234906146e+02
1.014684184969753886e+02
1.151051137681285326e+02
1.139867928604318905e+02
9.492594260769328685e+01
1.106886926470066612e+02
1.057836873985606587e+02
1.123868637259963066e+02
1.138078083016910114e+02
1.167656695802184572e+02
9.405642604124579975e+01
1.197075413744522052e+02
1.100366614846685422e+02
9.780188731715342954e+01
1.130509500762898227e+02
1.184088255459279537e+02
1.441573151113177005e+02
9.980646320774965830e+01
8.564269615216548459e+01
1.068402834016594767e+02
1.118896404837781091e+02
1.005183937679834116e+02
1.100623692472093467e+02
1.163444305428090644e+02
1.123578359115279852e+02
1.106988003663902589e+02
1.030714499160900743e+02
1.033516644220533323e+02
1.143230822579024561e+02
9.294498095620777178e+01
1.266766101798398694e+02
1.194422437657208462e+02
1.051729659166938404e+02
9.757102360305194111e+01
1.165803370586484675e+02
1.107828678949012442e+02
9.534457783572743494e+01
1.236629012759795359e+02
9.768007428753020349e+01
1.066901538781785206e+02
1.258921566605041704e+02
9.672638764036892667e+01
1.000949657883478636e+02
1.122705643272914955e+02
1.112746448059435238e+02
1.087546480480229008e+02
1.197037597164425051e+02
1.048278146310952081e+02
1.003638790842424413e+02
1.136617552989374360e+02
1.080356021834580673e+02
1.121977051677061610e+02
9.699484992290797436e+01
1.069876438732153048e+02
1.164272576287208096e+02
9.943949127795637821e+01
1.115090741913835046e+02
1.214792790137173313e+02
9.603687292341464854e+01
1.168195788576707344e+02
1.129764608191434974e+02
1.184455418170137193e+02
1.033164595202689071e+02
1.082775043520058205e+02
1.230356903122293204e+02
1.097706001298189165e+02
1.036745610337311092e+02
1.114414347551684301e+02
9.831675404352961323e+01
1.112716050022461758e+02
1.269258770873657909e+02
9.997387339741182188e+01
9.431744614459968545e+01
1.007016946414048562e+02
9.903480184666970842e+01
1.411270396985088666e+02
1.156771411460297401e+02
1.185489770296148890e+02
1.196202883561854406e+02
9.473370883704903633e+01
1.029014342420577890e+02
1.013869721957547227e+02
1.084296102648173132e+02
1.092612157113437235e+02
9.571128434529937579e+01
1.287720583876039200e+02
1.136296184294530747e+02
9.570639952027404718e+01
1.050442867612270561e+02
1.115238817626415795e+02
1.267534718583849269e+02
8.959360296109514366e+01
1.052834293337407416e+02
1.113774620729406593e+02
9.868455384734818381e+01
1.142454967311784344e+02
1.253279318755310356e+02
9.848375441223653581e+01
1.085951218548820094e+02
1.074872632300766639e+02
1.168572636251160333e+02
1.047773924541758248e+02
9.862508889759476460e+01
1.228808171125456710e+02
9.910429143062759749e+01
1.118567196685642955e+02
1.059455580189928980e+02
9.954213860700460259e+01
1.179655293194543191e+02
8.678407962082114580e+01
1.089313016093573481e+02
1.316032852655571617e+02
1.078786541002057078e+02
1.092824112819481854e+02
1.177110152603716244e+02
1.286169153745017866e+02
8.988742996179779254e+01
1.026815817021371089e+02
1.009749817155026079e+02
1.191127574187563596e+02
9.585165640307438650e+01
9.397668920840895623e+01
1.211499183680404315e+02
1.249763491452046651e+02
1.146648047323995172e+02
1.195393310255263088e+02
1.209563427555798683e+02
9.892600819818740376e+01
1.008759213038237732e+02
1.308803757192947046e+02
5.746235894372433961e+01
1.188224169286066001e+02
1.100446458821499789e+02
1.094840686041911795e+02
1.146648950530427271e+02
1.044577036216375063e+02
1.098868376778452358e+02
1.249025989179342417e+02
1.016894808489427504e+02
1.173535069618115472e+02
8.727559935194152274e+01
1.070725341186983144e+02
1.193317194218115134e+02
1.215855588624277459e+02
1.091762685410586613e+02
1.050537613444238474e+02
9.827098350027735307e+01
8.943754065775530648e+01
9.670558989506584169e+01
1.316646825685344595e+02
1.270656278565603969e+02
9.247959551990470572e+01
1.115193572284689338e+02
1.100671059818712223e+02
1.059929142999672678e+02
1.096852463898477765e+02
1.227346519278272297e+02
9.150980717437248302e+01
1.165258375712716941e+02
1.275192376199225350e+02
9.991807993936090782e+01
1.166096387272118307e+02
1.018729015207782282e+02
1.042148132087672963e+02
1.086082451125125203e+02
1.085089070104712903e+02
1.055858872902650205e+02
1.058861672600637576e+02
1.351198821285608460e+02
8.323855309584739359e+01
1.107708815747127886e+02
1.037120931139146336e+02
1.074504961489764554e+02
1.075161060911571838e+02
1.174758852727003813e+02
1.089057315246996609e+02
1.274015326368159151e+02
1.007271285174599171e+02
1.085693082896344919e+02
1.017804131497845361e+02
1.062248083181946470e+02
9.882788044031555330e+01
1.124994162286077852e+02
1.005042456877558834e+02
1.165919303932657130e+02
8.989513819010434759e+01
1.183582081317223924e+02
1.144011232087543561e+02
9.517736365217533034e+01
1.048998810255119167e+02
1.209404372776002674e+02
9.200347786281554363e+01
1.298986376736374382e+02
1.085451520920568669e+02
1.008364541977852866e+02
1.012835004563105201e+02
1.083003141343341440e+02
1.283900227258687323e+02
1.079399541253723527e+02
1.082694499039347704e+02
1.129904612934772672e+02
1.191462188497837076e+02
9.561992338722124884e+01
1.189791313958896239e+02
9.639076073623142804e+01
1.074322656877238131e+02
1.170321639534171965e+02
1.087469896173592900e+02
9.618679030066915914e+01
1.145428835987947167e+02
1.047657655201083600e+02
1.142232492511380002e+02
9.745507253287854610e+01
9.787500393293629486e+01
1.133126898312880826e+02
1.128863827981196550e+02
1.290593531160937744e+02
1.023047667761250068e+02
9.567033306326371189e+01
1.057815729135240161e+02
1.166795407486541620e+02
1.150763911694731547e+02
1.097163956661599116e+02
1.129130545779218835e+02
1.178301862095198800e+02
1.032221323834005773e+02
1.247013914716903855e+02
1.031591677161768672e+02
1.043781574364165152e+02
9.986936427779038183e+01
9.857283945727949970e+01
1.138885778086305578e+02
1.050598646518622701e+02
1.142756015252273301e+02
1.156075754727268219e+02
1.088479477368358914e+02
1.097366753991783241e+02
1.144195141206986648e+02
1.088250527104771663e+02
1.154432252025465004e+02
9.907437019623078811e+01
1.080597168008247451e+02
1.089801553076160872e+02
8.976084194192888788e+01
1.177468267860969888e+02
1.127989749761111398e+02
1.087751990521320948e+02
1.176354322361552818e+02
9.512783364647614803e+01
1.031237125974262199e+02
1.162148139478082101e+02
9.724598420483464167e+01
1.244362949237348062e+02
1.010065443636630391e+02
1.122015543776572741e+02
1.118459386346977595e+02
1.092270102646903212e+02
1.090666294261407785e+02
9.086664362396773242e+01
1.222080757604434496e+02
1.024184749477078924e+02
1.179392300846500348e+02
1.088658891448679356e+02
9.410304794662810934e+01
1.177315092282483704e+02
1.184014983761123005e+02
1.176917494150139731e+02
1.090951430866257965e+02
1.005902047993642299e+02
1.184759666331749912e+02
1.219183638895333956e+02
1.161713237367689402e+02
8.694199616118562801e+01
9.073915139399422003e+01
1.144352731241038015e+02
1.011571306188461961e+02
9.834755590461720942e+01
1.188653823270082626e+02
1.214962383995545707e+02
1.133518258454232210e+02
1.036575734468118100e+02
1.033172307207435807e+02
1.075453357822187712e+02
1.210812010642625154e+02
1.099574714794678840e+02
9.341480986111066898e+01
1.188275220119784876e+02
1.172981995732638154e+02
9.291569174501802308e+01
1.085308200227041908e+02
1.108639816797119835e+02
1.113170070706515276e+02
1.148987484483205179e+02
1.205432856497210565e+02
9.133605034752439167e+01
1.056491446119775617e+02
1.099018032661379038e+02
1.105070197542172536e+02
1.182252148627544415e+02
8.961845687811944572e+01
1.327023140501618172e+02
1.081103443920009255e+02
1.050817318332763648e+02
1.201593623088159859e+02
1.025923608529365652e+02
1.067610440185170262e+02
1.066900526816365158e+02
1.184199608839877982e+02
1.127940796482078554e+02
9.059741886248013998e+01
1.199767015354508146e+02
1.139350157967925270e+02
1.180695668218889978e+02
1.154327296771972868e+02
1.049819020697333940e+02
9.913960234316634512e+01
1.029539174221298623e+02
1.132109054738917990e+02
1.040734184932274218e+02
1.068168973105147472e+02
9.861936989174802193e+01
8.828718434447974062e+01
1.425255123271991522e+02
8.592266659064088685e+01
1.148483750228370326e+02
1.124983340796640761e+02
1.301035274750556994e+02
1.073493594992343674e+02
1.050929130420330324e+02
1.073011447576803477e+02
1.043532812630064228e+02
1.228029725693152301e+02
1.018692018114386997e+02
1.128301142801231549e+02
1.052766215231492879e+02
1.051031632775095375e+02
1.206915281515094165e+02
1.116156454173240746e+02
1.040008698434066901e+02
1.167119730096845700e+02
9.446680911668678959e+01
1.175004469957009405e+02
1.207345683170187556e+02
1.018166254579989669e+02
9.762432712322980422e+01
1.101565844351713821e+02
1.151956259649961254e+02
1.136073197428850534e+02
1.048603050686007521e+02
1.141876050613105207e+02
1.003729384065494656e+02
1.065178898577561881e+02
1.058197954077565583e+02
1.180207717102286011e+02
1.169909180412132059e+02
1.076391916951160823e+02
9.911571508710018463e+01
1.106482190703138144e+02
9.866273508256183788e+01
1.100160893746613908e+02
1.184711887835335062e+02
1.173294859749809689e+02
1.278977951134008322e+02
1.150168623816312277e+02
1.168583549923304332e+02
1.018962414076953138e+02
1.190009337737390922e+02
8.325327704875118684e+01
1.150118649454233264e+02
1.117177504607225416e+02
1.207199043488590320e+02
1.171429887632304769e+02
1.241489683030569608e+02
1.002548652902856077e+02
9.508423530526944489e+01
1.422918486973555900e+02
9.760572321723623190e+01
1.136508667324000754e+02
1.025834364424944027e+02
9.920145829066011345e+01
1.178849984019065573e+02
9.271648579258932443e+01
1.396709284383783540e+02
1.175997780554130685e+02
1.025912659973794945e+02
1.210462502708487449e+02
9.708246782721076329e+01
1.073517857051901672e+02
1.077500242920397966e+02
1.283564153828647818e+02
1.129051137237224083e+02
1.207948877094684264e+02
1.002205684628430049e+02
9.210527053366574535e+01
9.616452927212230861e+01
1.134707062149492884e+02
1.380849461330193435e+02
1.007918794877663089e+02
8.452156215106924719e+01
1.121845314117459225e+02
1.067937217800199079e+02
1.041413598653260664e+02
1.471984109223634789e+02
1.055374975699227491e+02
9.345198029229950976e+01
7.880303558754658866e+01
1.049057696822284527e+02
1.286097463106161172e+02
8.692637877857742978e+01
1.131574889300462559e+02
1.075473413674594667e+02
1.095290374105851186e+02
1.060216405101331389e+02
9.855053758252479668e+01
1.204143340613246380e+02
1.107218362200867148e+02
1.184304996141095643e+02
1.013427546083759268e+02
1.058364154654512959e+02
1.198943999456332250e+02
1.023102842884476615e+02
1.054784050240529183e+02
1.202049171962183465e+02
1.030432444061379869e+02
1.040602501220927536e+02
1.170682817496884525e+02
9.020808731855039753e+01
1.021389372229787114e+02
1.100654150669939924e+02
1.129644500923236023e+02
1.224088959223212214e+02
1.346798975322696776e+02
1.016019066236415824e+02
9.830802745667158149e+01
1.077746927409901474e+02
1.021150827193506672e+02
1.112611987022733899e+02
1.320889309724323368e+02
8.840833453514650841e+01
1.151656508550015587e+02
9.636733365529843809e+01
9.829201860080227959e+01
1.290755370694015483e+02
1.049941879060536252e+02
1.138621537569522104e+02
1.103285310993210544e+02
1.101013911898870390e+02
1.062738937868556661e+02
1.108564184735370759e+02
9.963021579625898028e+01
1.268188673183707209e+02
8.156310021571205482e+01
1.295252262401916994e+02
9.065299861689130978e+01
1.124615296292043070e+02
1.157630225076137407e+02
1.036075439383637899e+02
1.049498110553211490e+02
1.052643629626642507e+02
1.253773777467631163e+02
9.841092662955350079e+01
1.118596326094318272e+02
1.009766290625465217e+02
1.160398954107570404e+02
1.153110953635423499e+02
1.033202998522270093e+02
1.157060530827172613e+02
1.056634667110316599e+02
1.040601216500211592e+02
1.141342580757286811e+02
1.006492731322138070e+02
1.165204789755167667e+02
1.052062571747703572e+02
1.153316225576168819e+02
1.135055854307737917e+02
1.054578114992517470e+02
1.064492113380646288e+02
1.107023479611350467e+02
1.013963131285754855e+02
1.285219467333631371e+02
9.635498921589426402e+01
1.094881149170478665e+02
1.177472445298770793e+02
9.934334927416368544e+01
1.419673948263516934e+02
9.233530333566189086e+01
1.175452115821814942e+02
1.098055913495345806e+02
1.016244517114625978e+02
1.293821416876478168e+02
1.038057900455619631e+02
1.123240807572962865e+02
9.665976276840810044e+01
1.080740510407368618e+02
1.035216631200535886e+02
1.172698125327786869e+02
1.153844045947410137e+02
1.124080325159733604e+02
1.177984393732490247e+02
9.098528806316510043e+01
9.536723043556220603e+01
1.199043223803152785e+02
1.040224729280142810e+02
1.316864140432432180e+02
9.289529018533114879e+01
1.075215175103263050e+02
1.054537921399159615e+02
1.138157693101631764e+02
1.067890556632829657e+02
1.235164244556043940e+02
1.070071708815542166e+02
9.882626506973153369e+01
1.187284535768475422e+02
1.312057868642210110e+02
1.061245862795834825e+02
9.791057714159619252e+01
1.048493681726570799e+02
9.294828655456140609e+01
1.099419611323001078e+02
1.096025446446209060e+02
1.032896613934621115e+02
7.836687090751460971e+01
1.362141989620205891e+02
1.163513734187396125e+02
1.043149547553081220e+02
1.175338446253358740e+02
1.163607901044646695e+02
1.104700762914655456e+02
1.091521504888811904e+02
9.896116716877173758e+01
1.018413690254697173e+02
1.205329440105809624e+02
1.154036216379310389e+02
9.891231959626928472e+01
1.119701899998066494e+02
1.067484390771422369e+02
1.122450523038923933e+02
1.108019817816024215e+02
1.110535632861767681e+02
1.207064946101312728e+02
1.051446844179721865e+02
9.513839424154821245e+01
1.055952465789558801e+02
1.164992604105327985e+02
1.036102987822909398e+02
1.215645350634656126e+02
1.119280923974555861e+02
9.597676479235806823e+01
1.154661468049935706e+02
1.391132678112600161e+02
9.782249365609209235e+01
9.942959688090569159e+01
1.052873064182437730e+02
9.250502853234212353e+01
1.071699553162338816e+02
1.009750833855017476e+02
1.248927045533569782e+02
1.235201312423655509e+02
9.977726640839767924e+01
1.038933623473713794e+02
9.445091147386932562e+01
9.810810911408972856e+01
1.107828534586318483e+02
1.238239069920929012e+02
1.174183841081019608e+02
1.084475739578609819e+02
1.285970621822731630e+02
1.179178953129270297e+02
1.015334197087468624e+02
9.207782369349189366e+01
1.133487913952189103e+02
1.006291147980241050e+02
1.076671174613764776e+02
1.306937664088729321e+02
1.008158088733478763e+02
9.680900058903533534e+01
1.111686913736335782e+02
1.093248950905080932e+02
1.104584408020419914e+02
1.208343144239757549e+02
1.049200889077130370e+02
9.565024626915943884e+01
1.243888144005772887e+02
1.246331117850987482e+02
1.066185753610165534e+02
1.101745831256192361e+02
1.065418670775546133e+02
9.250485544793426129e+01
1.292556172626925388e+02
1.104751552691247696e+02
1.123044927807546429e+02
1.012202320146555792e+02
1.003540696615682037e+02
1.049719372144506480e+02
1.191262008065433804e+02
1.174744341568347039e+02
1.251066288744047341e+02
8.951595189641615491e+01
1.212450664755949816e+02
1.120714006388464981e+02
1.036296025622703922e+02
1.015753889381471851e+02
1.115814820884943543e+02
9.384437829156198063e+01
1.285177563100411930e+02
9.393976052366186025e+01
1.175787983061015183e+02
9.708116776335050702e+01
1.004075265649345710e+02
1.013517263408440954e+02
1.056488412187456447e+02
1.105851779913559909e+02
1.209895396098968945e+02
1.145968703663518653e+02
1.197062388445684036e+02
1.155523994731971271e+02
1.113971078389234322e+02
9.911463175465054576e+01
9.514978156596512804e+01
1.139416202315481570e+02
1.109840497228006342e+02
1.164130510741023272e+02
1.087823361736636514e+02
1.078342897662796105e+02
1.020142977058711296e+02
1.098480981126150908e+02
1.226339314200424013e+02
9.785430442891455982e+01
9.967251784276115245e+01
1.042428816071236497e+02
1.168152710926592590e+02
1.145997325276859868e+02
9.557454311885457798e+01
1.085506323485945899e+02
1.035367091750653117e+02
1.032115231359818210e+02
9.307901879111769006e+01
1.088708733879723525e+02
1.106408761245640164e+02
1.170197954944580658e+02
1.197933990163826081e+02
1.045412834699501872e+02
1.010896806247910149e+02
1.097816831933348425e+02
9.900106285159678521e+01
1.314649290189551607e+02
1.067024861515479444e+02
1.093082329925615710e+02
1.041641355648950906e+02
1.117198768203452204e+02
9.737777473339598089e+01
1.033474343178386761e+02
1.070710491571049943e+02
1.322436597685230026e+02
1.108577328426951851e+02
1.032989266328794429e+02
1.099800668948315376e+02
1.052458908243497007e+02
1.110702339336627062e+02
9.881928035933063370e+01
1.258927540703899837e+02
1.259682584699547760e+02
1.206509114641121556e+02
1.052383898470836243e+02
9.956429807972457979e+01
1.055652669065819396e+02
9.484651018790944477e+01
1.396671682898623885e+02
1.073502315108745790e+02
1.060268767232463460e+02
1.059960053196707008e+02
1.217050387571643597e+02
1.165045091967916591e+02
1.035066496258853022e+02
1.047743320211403386e+02
1.025327072345382504e+02
1.075170549459147651e+02
1.114326153248596825e+02
1.191021903757174272e+02
8.553292297362226293e+01
1.183748614945347981e+02
1.067852674077051063e+02
1.098901626064813115e+02
9.145418183820829938e+01
1.197045861446268162e+02
1.093909601089878123e+02
1.092355189153595063e+02
9.576703670346491037e+01
1.231099049668524401e+02
1.025708812373781171e+02
1.251162735899530531e+02
1.052613395003401138e+02
1.084330817078359530e+02
1.226551982998396113e+02
1.129672281335736983e+02
9.609821974455286409e+01
9.323299642259034670e+01
1.009055482864704487e+02
1.004184699967556469e+02
1.107669572639685640e+02
1.165261019931902382e+02
1.262820050846541449e+02
8.665388826428717550e+01
1.143125951440327412e+02
1.115081890229054693e+02
1.038048277516430176e+02
1.096136798309458129e+02
1.238285778172757148e+02
1.211401266750926595e+02
1.096777894316435038e+02
1.270736803947136622e+02
1.154943106042667296e+02
1.016706042919285267e+02
1.162508349397827061e+02
1.060855240579779775e+02
9.826228929043489302e+01
1.193553535663789091e+02
1.023425328624288255e+02
1.246549114238691942e+02
1.111692713977201663e+02
1.050690502625191840e+02
1.087083885177043214e+02
1.040543278276864925e+02
1.241801571777576925e+02
1.045515864170488811e+02
1.085086825808558473e+02
9.309515865365868592e+01
1.097366602301087255e+02
1.163318570274120134e+02
1.285107088131461808e+02
9.657094429259691992e+01
9.720118515136306314e+01
1.278878400650968103e+02
9.691773200449405579e+01
1.023023088533701355e+02
9.479895932707242423e+01
1.104680935930659160e+02
1.061460246370339036e+02
1.138754551154140984e+02
1.061543251688591738e+02
1.218158724866239737e+02
1.137269490687058493e+02
1.141050673028363036e+02
1.046464730222778314e+02
9.649912198235722371e+01
1.193839772798236538e+02
1.086528737782278142e+02
1.003603799193182482e+02
1.147906980311377083e+02
9.959063155742470030e+01
1.057453471460474788e+02
1.162542742409927854e+02
1.187759881787884524e+02
1.124318076032488278e+02
1.068899336090060785e+02
1.076383784466280105e+02
1.303460977948668926e+02
1.179571922973842817e+02
1.087561762269129986e+02
1.197064356065194488e+02
9.676201781626016896e+01
1.088932753794842085e+02
1.007119514686161637e+02
1.272084419554579569e+02
9.974000427780980260e+01
1.085415166182047670e+02
1.075740629593268949e+02
1.031931520996990201e+02
1.100891113840475839e+02
1.056612093262230729e+02
1.195203730271327487e+02
8.801763358991881603e+01
1.146763585973396857e+02
1.241717038225320806e+02
1.030582194227547603e+02
1.188406069772280347e+02
1.350241286661758693e+02
9.495084379749546599e+01
9.860034724900950209e+01
1.069394070122257574e+02
9.705296461650912931e+01
9.631224753689325269e+01
1.157451557900589449e+02
9.402610348604612511e+01
9.768580027231084273e+01
1.164500007958348675e+02
1.319777067539189090e+02
1.019615283593296340e+02
1.136086992419033379e+02
1.148184168576569988e+02
1.028230191520681416e+02
1.020912864637155337e+02
1.183352011493035860e+02
1.157491700206655167e+02
1.103799767764528355e+02
8.471615858004409461e+01
1.229559640380437884e+02
1.044619258814182956e+02
1.115439477965563384e+02
1.080378964818935117e+02
1.218643181921601837e+02
1.089549612519483048e+02
9.319047152988198945e+01
1.036655073294670473e+02
1.176274778221384025e+02
1.215701635797625499e+02
1.097031199446448824e+02
1.095741662748814775e+02
8.702964132013012488e+01
1.182224803630658982e+02
1.070055102457217231e+02
1.080658936541234141e+02
1.161429395314317787e+02
1.224410940386627402e+02
8.704048737431094196e+01
1.098564003606364281e+02
1.075213199274946163e+02
1.009434103864336123e+02
1.182609415286761561e+02
1.047518740326104023e+02
1.002275212453086084e+02
1.107439989891184382e+02
1.200903218916055124e+02
9.578547012111238246e+01
1.155964846423690915e+02
9.923407686794257643e+01
1.253435467540661961e+02
1.028295410337345714e+02
1.136261147507567983e+02
9.166075562612323324e+01
1.040634324927306409e+02
1.122838454173184743e+02
1.135471385316919424e+02
1.119351895685118592e+02
1.202938820233739818e+02
1.007647119333804397e+02
1.066230699064201559e+02
1.104126940332128157e+02
1.063789740639880819e+02
1.192062706018506901e+02
1.023101082055809883e+02
1.272934586737636948e+02
1.043476968605086199e+02
1.233387735490768904e+02
1.035433855763896673e+02
1.077355333183779322e+02
1.061019736496471211e+02
1.105063898087249186e+02
9.423216354478388723e+01
1.341433017936505223e+02
1.084006574541513857e+02
8.959549099408110351e+01
1.051202631298854016e+02
1.145654311063630502e+02
1.235270317749725422e+02
1.105727167290494890e+02
9.730243347220741157e+01
1.218206125562524278e+02
1.029169938883545257e+02
1.237698626776045074e+02
8.996611582421823528e+01
1.048382296906503086e+02
1.264911142638445938e+02
1.082614067493604608e+02
1.174972082307313030e+02
1.028814261104731571e+02
9.322015702580564778e+01
1.145629596886003583e+02
1.166759582780151447e+02
1.217639135362904312e+02
1.090680805134079492e+02
8.461018120573749002e+01
1.055113245346944950e+02
1.113609601780521814e+02
1.038690769382647403e+02
1.186410931126273738e+02
1.018881095236801855e+02
1.114396851199419416e+02
1.020638256106333870e+02
1.188821513393040306e+02
1.305246763126554868e+02
9.090246778927270555e+01
1.033068906787396344e+02
1.243534863715326964e+02
1.116896335931062652e+02
1.002380093321677350e+02
1.058242997848514619e+02
1.154994477621465450e+02
1.039711115766484397e+02
1.197449718106891083e+02
1.100658683399556139e+02
1.122438557513678177e+02
1.007457840337221313e+02
1.170376951463204733e+02
1.013646473257626468e+02
1.167840886650074168e+02
9.567071472488481731e+01
1.240332981781366897e+02
9.728112411118158320e+01
1.165310035567690790e+02
1.160394754194247469e+02
9.381617702042404972e+01
1.066494992371932966e+02
1.028662135965962108e+02
1.086045084434911843e+02
1.288736960825640665e+02
1.048938969440875297e+02
1.139400378909137999e+02
1.112647439372084364e+02
1.082366463494950466e+02
9.806258882177957048e+01
1.182670342766983538e+02
9.105646453946104657e+01
1.053878376586951049e+02
1.176508965124301511e+02
1.132233148264617739e+02
1.020160836097029886e+02
1.229580344978560333e+02
1.093726273255594634e+02
1.028177658990783669e+02
1.311613436875628622e+02
1.049463159341817544e+02
1.059618915559227048e+02
1.281789586399357290e+02
1.173913262219903970e+02
9.677307346804609267e+01
1.044505402307784436e+02
1.076249407386742405e+02
1.228460069224750271e+02
1.045422706669147175e+02
1.048491787307989540e+02
1.035922887887055595e+02
1.054679511642318630e+02
1.172819103603838471e+02
1.236829147457435454e+02
9.992599895343109040e+01
1.071852034786888055e+02
1.036588519523595266e+02
1.230575344657273291e+02
1.148956604962133099e+02
1.016403439965845195e+02
1.069944299577985163e+02
8.419719982923365365e+01
1.210756831693314695e+02
1.158782165520072169e+02
1.284404277107237533e+02
1.017020754067618924e+02
1.043307010198594043e+02
1.110760441276913184e+02
1.119839788889102294e+02
9.755710916235481989e+01
1.081202413925554850e+02
1.048252255109017739e+02
1.226853997334541333e+02
9.907099392636956736e+01
1.101436537661331272e+02
1.019059154075551845e+02
1.236130541555040452e+02
1.013054617031653777e+02
1.174125328796255872e+02
1.005592969527860561e+02
1.112966433728156375e+02
1.153821039533981008e+02
1.107339651851102502e+02
1.102957828098968776e+02
1.083965340810253792e+02
1.286122596581170399e+02
1.098621064828185041e+02
9.950405354393139135e+01
9.993981085311898482e+01
9.867491448292631162e+01
1.220230680223500741e+02
1.168831493883667036e+02
1.044546658918685864e+02
1.179289679988150681e+02
9.995939955753453887e+01
9.938360463957302215e+01
1.172967788685267010e+02
8.951871175744602738e+01
1.009692550078464706e+02
1.027746346301681228e+02
1.171452734016337587e+02
1.244453559665091404e+02
1.132032990665144894e+02
1.003608484246223043e+02
1.306198125077433190e+02
1.258452593056631059e+02
9.795922053072149538e+01
1.125209368622844579e+02
8.695088779626559017e+01
1.011754983513574757e+02
1.144033346492897465e+02
1.160582297422818669e+02
1.219906939215786821e+02
9.339017565769258056e+01
1.084724729273389130e+02
1.061513512061044651e+02
1.017254292501399817e+02
1.165047683548965267e+02
1.333365490651049186e+02
8.796208272337544543e+01
1.118730587651892279e+02
1.241915493052075590e+02
1.121535556403573537e+02
1.084833972893867156e+02
9.675454170468823634e+01
9.640680305411295592e+01
1.185433040332305552e+02
1.081662011928814877e+02
8.890047267766432526e+01
9.031126417232435699e+01
1.037368634000698506e+02
1.263821185245408998e+02
1.271344802908850227e+02
1.161876645390059792e+02
1.060311532629256419e+02
1.024031832022127730e+02
1.000841397141308136e+02
1.236168736926763785e+02
1.133383460866335071e+02
1.077316886471396202e+02
1.073687669970186249e+02
1.037250201355541748e+02
