-5.486261372314737983e+00
-5.441406007136105671e+00
-5.371891478415566468e+00
-5.172790307087316464e+00
-5.516413662288267794e+00
-5.515615258177967384e+00
-5.556547464049907958e+00
-5.534636941341677385e+00
-5.552688067091980706e+00
-5.565093017757576810e+00
-5.560010135920175678e+00
-5.522422851897730744e+00
-5.153114639231968219e+00
-5.168980434273513502e+00
-5.157134529131325529e+00
-5.166842535229239530e+00
-5.182778217828213130e+00
-5.177070174057977425e+00
-5.170328356654838586e+00
-5.164093530584293212e+00
-5.193567955625522536e+00
-5.202400108722636141e+00
-5.168619723400428967e+00
-5.445856935821111300e+00
-5.480204520538531021e+00
-5.527728993950935532e+00
-5.563735881114431514e+00
-5.092975561508001014e+00
-5.459210167747891695e+00
-5.482893777052991524e+00
-5.413164590986260905e+00
-5.373505816165320859e+00
-5.436189814484355232e+00
-5.196419853009932588e+00
-5.476529911580536591e+00
-5.495634715718586527e+00
-5.465787561888546087e+00
-5.164375528362702639e+00
-5.576972287322850441e+00
-5.626690997873813771e+00
-5.811974279830169010e+00
-5.491155154736546251e+00
-5.597229721227690469e+00
-5.783342329654338698e+00
-5.592948769337308335e+00
-5.618638710136974801e+00
-5.550816834977453595e+00
-5.603122544467264099e+00
-5.641717133011349361e+00
-5.804667652121100474e+00
-5.552675222404596767e+00
-5.544473619129300701e+00
-5.614699787893573379e+00
-5.667874610240979827e+00
-5.517982877436984346e+00
-5.553247885195372824e+00
-5.572305247590283450e+00
-5.620045161010211565e+00
-5.659434012361492350e+00
-5.746274560938750220e+00
-5.734452119993229680e+00
-5.835707211344086431e+00
-5.835314295048231514e+00
-5.731431274615041538e+00
-5.725295869100960999e+00
-5.712071559679037236e+00
-5.712519876753705539e+00
-5.727880883860973604e+00
-5.754975692406755883e+00
-5.708296826195514484e+00
-5.756188772298377998e+00
-5.711273948340540585e+00
-5.768285426167039098e+00
-5.701910399681324293e+00
-5.734939913053406890e+00
-5.837962197607484249e+00
-5.721438833216555331e+00
-5.709689914392494181e+00
-5.717873230436327781e+00
-5.733208272863321575e+00
-5.717881347089858401e+00
-5.710701389193659772e+00
-5.713738432107411391e+00
-5.703931679257711274e+00
-5.712543767783027526e+00
-5.737442250133414134e+00
-5.723699973080231374e+00
-5.740351678165240834e+00
-5.731455125894838964e+00
-5.823600013937262787e+00
-5.805342841438540624e+00
-5.814733567491638944e+00
-5.747070149732350863e+00
-5.794110346446787574e+00
-5.787062388177710126e+00
-5.799859667289191556e+00
-5.788952957256901399e+00
-5.773049378013514144e+00
-5.589209172132219017e+00
-5.659007052585883990e+00
-5.612773316411566960e+00
-5.646277448928541887e+00
-5.589748687606213906e+00
-5.626109017168226423e+00
-5.590126041787837785e+00
-5.646959346942473701e+00
-5.717574974683047095e+00
-5.596447894630038888e+00
-5.547631295811645380e+00
-5.588949194985889157e+00
-5.605436778242240514e+00
-5.576273607928239784e+00
-5.555017191784530795e+00
-5.614613799417582207e+00
-5.559802476863429099e+00
-5.624295060305695593e+00
-5.611083969455388676e+00
-5.679785870081214050e+00
-5.628257121111511552e+00
-5.623257912904692901e+00
-5.592378018905320936e+00
-5.614453471824413455e+00
-4.733186016992145362e+00
-4.663176008422850849e+00
-4.608804030262022344e+00
-4.833289981002250713e+00
-4.797779994133838599e+00
-4.745662092353871486e+00
-5.102019424727256336e+00
-5.105279513047658924e+00
-5.080695773894132294e+00
-5.137240761826747715e+00
-4.676578064829926440e+00
-4.673243883266043674e+00
-4.602444335489724203e+00
-4.689088296852941262e+00
-4.767314968952473642e+00
-4.663136971308421863e+00
-4.652549272466604435e+00
-4.628478386107945930e+00
-4.623663658073711602e+00
-4.730609866574684297e+00
-4.631776231324442605e+00
-4.616797567657826562e+00
-4.606213690969486407e+00
-4.719154811579566733e+00
-4.711161735872628320e+00
-4.743965501526258066e+00
-5.543174230838291194e+00
-5.496426767225442767e+00
-5.432969218241157527e+00
-5.561358970424025827e+00
-5.747510434765485066e+00
-5.805148058754404872e+00
-5.675471280264878793e+00
-5.163777554892778454e+00
-5.237798459597326151e+00
-5.259885252108069231e+00
-5.852625254189430137e+00
-5.864668509927708051e+00
-5.863379560186630535e+00
-5.831402588251623165e+00
-5.860276591215615838e+00
-5.592462941100690976e+00
-5.569381265652053159e+00
-5.597543387458018493e+00
-5.573499781952637733e+00
-5.592179958992520739e+00
-5.743833356475163576e+00
-5.820523768116254715e+00
-5.341228920557305138e+00
-5.259246863693069152e+00
-5.330474479751094563e+00
-5.350385406915652453e+00
-5.381911772647980818e+00
-5.563481308116018376e+00
-5.335992627992339976e+00
-5.380308456422342012e+00
-5.393913052364996297e+00
-5.385804248086979662e+00
-5.380717731270369342e+00
-5.352241560303407475e+00
-5.360539525256706739e+00
-5.346461069753278395e+00
-5.356509316360751782e+00
-4.718015411150229710e+00
-4.735848018738382237e+00
-4.715298281892132515e+00
-4.718300603952352290e+00
-4.731375792995229368e+00
-4.727522096261502327e+00
-4.712499590044942899e+00
-4.727816598666216841e+00
-4.737859838441685234e+00
-4.720610900089837081e+00
-4.738473407559413708e+00
-4.696579768846558700e+00
-4.689433804223593683e+00
-4.721558509762100897e+00
-4.700496871303966984e+00
-4.704254093804325798e+00
-4.693360662862016142e+00
-4.682559415799808278e+00
-4.694784289622604412e+00
-5.236299111715172927e+00
-5.167995916501548770e+00
-5.174639007227392895e+00
-5.161438550275622816e+00
-5.200820148768237949e+00
-5.203757438956643000e+00
-5.229695592626170786e+00
-5.193533011129836119e+00
-5.199215023109140965e+00
-5.426486206103775523e+00
-5.379303388968682320e+00
-5.364180523056253591e+00
-5.364906144589934200e+00
-5.319642350627169058e+00
-5.440342142848521689e+00
-5.425498679920780276e+00
-5.360531005406716787e+00
-5.326280537504823442e+00
-5.118525932774661946e+00
-5.295270273880419154e+00
-5.266070517346962632e+00
-5.380519794202332839e+00
-5.336311825578908596e+00
-4.879363492138709901e+00
-4.856208947179609936e+00
-4.854291313047659706e+00
-4.866429445252218322e+00
-4.871124354139434232e+00
-4.785725108387752336e+00
-4.706851145460685615e+00
-4.725166375929648055e+00
-4.878293086780175258e+00
-4.871636682804130203e+00
-4.959409040035549054e+00
-5.297701533653179418e+00
-4.918096394013164563e+00
-5.304407759033507475e+00
-5.313459985607396519e+00
-5.234240160550275078e+00
-5.188666821524366313e+00
-4.915101320847603539e+00
-5.236325777513112456e+00
-4.961698621050793179e+00
-5.377573789909608770e+00
-4.951058293664545751e+00
-4.900870887976109813e+00
-5.348591692907510797e+00
-4.943595435241729064e+00
-4.936716418352575353e+00
-4.963888619295716786e+00
-5.284471123185401353e+00
-5.273026094950773235e+00
-5.284665059548185440e+00
-5.261686000111456707e+00
-5.183545552273805868e+00
-5.298563534246488516e+00
-5.299462730024362855e+00
-5.285904543524201138e+00
-5.284421778430078653e+00
-5.153052928166869329e+00
-5.106135575457690479e+00
-5.175257686742912533e+00
-5.177925780182380144e+00
-5.193259333328130722e+00
-5.170771195262889641e+00
-5.308154193814448973e+00
-5.275137231412649896e+00
-5.151588221647443788e+00
-5.181272474787347093e+00
-5.154225946293498062e+00
-5.634480709899756690e+00
-5.633330169600865744e+00
-5.646302907825663908e+00
-5.638446583220135366e+00
-5.654356671752956309e+00
-5.635835190897696023e+00
-5.620669707210451449e+00
-5.640148830371249922e+00
-4.738282894581603344e+00
-4.745434599171049150e+00
-5.133834258872106204e+00
-4.715634779820359057e+00
-4.675865830917479649e+00
-4.714442415657229546e+00
-4.613828572068404910e+00
-4.670000359356794917e+00
-5.760454764121273108e+00
-5.724035019823282333e+00
-5.582878118488560304e+00
-5.633883936246281365e+00
-5.615798080162174521e+00
-5.585143084226737997e+00
-5.613224108101285914e+00
-5.707340930033285353e+00
-5.773013842937761986e+00
-5.752653150826168016e+00
-5.753638124818889921e+00
-5.714925466551256328e+00
-5.732044248466151792e+00
-5.716875375303664519e+00
-5.719424297563157289e+00
-4.764632554923005969e+00
-4.759878941303747446e+00
-4.731843633293416396e+00
-4.736671938763778122e+00
-4.739936811142281492e+00
-4.719719978986668174e+00
-4.736886175367899909e+00
-4.741058551331425619e+00
-4.786024516514805427e+00
-4.789979787116048549e+00
-4.798851481921799333e+00
-4.780798667237531774e+00
-4.789537435300453616e+00
-4.728591120355797983e+00
-4.743333632059415272e+00
-4.829104205282489737e+00
-4.705089210059565374e+00
-4.819415761464821202e+00
-4.843838693258536665e+00
-4.815643729047232036e+00
-4.817344147602990567e+00
-4.751889464541886987e+00
-4.782228232101285670e+00
-4.806864822638811319e+00
-4.793821764841442956e+00
-4.770583802898607395e+00
-4.797535790972933256e+00
-4.826050820808414521e+00
-4.823918732902936490e+00
-4.811942000563660393e+00
-4.821586200417627310e+00
-4.834615488334732980e+00
-4.803465199931691743e+00
-4.811802253928615158e+00
-4.824205406459117995e+00
-4.834547123144007585e+00
-4.852802415594456242e+00
-5.160515169149911152e+00
-5.165455446252624760e+00
-5.160046310805608272e+00
-5.154237363052577514e+00
-5.159785769070087014e+00
-5.167680047486660655e+00
-5.357227824993788801e+00
-5.354513662046478828e+00
-5.348474120819501465e+00
-5.348390684625697666e+00
-5.354785854576475046e+00
-5.354030970054238558e+00
-5.349124485210833058e+00
-5.350552924334817106e+00
-5.347142953617325389e+00
-5.346623731427130544e+00
