-5.440262368016082206e+00
-5.394029683280975540e+00
-5.323640011566161512e+00
-5.139684481278555594e+00
-5.466271836593269207e+00
-5.467898996382145604e+00
-5.507059343098578807e+00
-5.485148480216404998e+00
-5.503513291586290990e+00
-5.515197895949282447e+00
-5.511072956620653329e+00
-5.473070514861968938e+00
-5.117792355522228220e+00
-5.133593321743774140e+00
-5.121433535869128306e+00
-5.131143876888405231e+00
-5.146125345430229814e+00
-5.141853040067450920e+00
-5.133372537195816321e+00
-5.130652856249078297e+00
-5.153561837588977568e+00
-5.162390066641141750e+00
-5.128791071003194979e+00
-5.400449798761462361e+00
-5.435035664063324390e+00
-5.479128672818386114e+00
-5.515888638291288615e+00
-5.069165998379451921e+00
-5.413982553118802166e+00
-5.437721285704259166e+00
-5.369294364271927300e+00
-5.329413088262940690e+00
-5.393097662984471796e+00
-5.161849750216735977e+00
-5.432191472729971160e+00
-5.449356281803377833e+00
-5.417974810844592426e+00
-5.126724735862946858e+00
-5.509332631397018787e+00
-5.553952083363485670e+00
-5.728363384849027184e+00
-5.426587644522838261e+00
-5.527815309058781601e+00
-5.703289231082543154e+00
-5.526472663205805880e+00
-5.551544873863348606e+00
-5.484055933652765447e+00
-5.535983393912258244e+00
-5.571672857309581062e+00
-5.719323350910695325e+00
-5.486517657369266665e+00
-5.475811197328811275e+00
-5.544361042979839560e+00
-5.594839842614932834e+00
-5.452312223859664186e+00
-5.485918877785170622e+00
-5.506083880649393691e+00
-5.549366136550329287e+00
-5.588205130067591675e+00
-5.665221378089029258e+00
-5.655711669742799153e+00
-5.751054714789398226e+00
-5.748842139495991432e+00
-5.651083346336734259e+00
-5.645112494155360316e+00
-5.632140634503739030e+00
-5.633155539849722615e+00
-5.646101688310805500e+00
-5.672397450853897460e+00
-5.628392509640130825e+00
-5.674520020621852900e+00
-5.629529291386385914e+00
-5.685717175309259019e+00
-5.623435317882370832e+00
-5.652620408870464352e+00
-5.754367222999394293e+00
-5.645982999710022376e+00
-5.632913369577285501e+00
-5.642770380065406322e+00
-5.657191436427191356e+00
-5.640962542315993034e+00
-5.634102958716115772e+00
-5.636294659328859424e+00
-5.628825071777884936e+00
-5.635427161446254551e+00
-5.659265289066745197e+00
-5.644909765291488135e+00
-5.663862782241559479e+00
-5.652747038129680490e+00
-5.734749513797809506e+00
-5.720371944489981431e+00
-5.739910585594217629e+00
-5.662477294398721384e+00
-5.709528244849008338e+00
-5.705708475768909160e+00
-5.718335223679710921e+00
-5.708328959214839848e+00
-5.690556415347451491e+00
-5.515157926612052286e+00
-5.584535696740642763e+00
-5.539007268740275158e+00
-5.569385879973618003e+00
-5.514325837111061723e+00
-5.549223237884111093e+00
-5.515741513511287941e+00
-5.574664752426892633e+00
-5.638184771788978367e+00
-5.526053005583222877e+00
-5.480603773316254923e+00
-5.519692688457137564e+00
-5.538366505923676186e+00
-5.505660040723616255e+00
-5.484965887070537782e+00
-5.544641382898559456e+00
-5.490724946165251197e+00
-5.547850839661665034e+00
-5.533977984861323307e+00
-5.602020307529723908e+00
-5.553810824530588164e+00
-5.547990732481471454e+00
-5.521636572936811760e+00
-5.541777847834052473e+00
-4.739461607701450419e+00
-4.664322821873650327e+00
-4.619741756590156179e+00
-4.820798397720197137e+00
-4.786076830260339143e+00
-4.741678188089507806e+00
-5.061903891784325538e+00
-5.068791626628624591e+00
-5.038471722340001513e+00
-5.098279136084392427e+00
-4.699056248957035997e+00
-4.689098776683423786e+00
-4.630119325339233427e+00
-4.697884132091503240e+00
-4.773333276359059241e+00
-4.659029575613137020e+00
-4.657403833739200749e+00
-4.627433096978813332e+00
-4.626485909912716465e+00
-4.731526096479239385e+00
-4.637137461626330115e+00
-4.620699992508132681e+00
-4.612336301728022114e+00
-4.716223698856821578e+00
-4.709747356759852899e+00
-4.739640813274275111e+00
-5.500151383453892429e+00
-5.451918014049005556e+00
-5.387409567306646885e+00
-5.516112685049968434e+00
-5.669486136908872709e+00
-5.720663632128594855e+00
-5.600958890972264292e+00
-5.150751026268467925e+00
-5.219166722820502535e+00
-5.239356632289807969e+00
-5.762906103151033577e+00
-5.776806328161979032e+00
-5.783964520325347358e+00
-5.740643216373721991e+00
-5.770734500174733661e+00
-5.544190080355271277e+00
-5.521699910851981308e+00
-5.550271900390874258e+00
-5.527374790383855263e+00
-5.545425829765332715e+00
-5.668264761480703129e+00
-5.733589104828696215e+00
-5.297345369992211062e+00
-5.236379545476403941e+00
-5.279411551984964923e+00
-5.306236117964163945e+00
-5.333040292644522395e+00
-5.519501790238387606e+00
-5.301264230186879090e+00
-5.342618283965421710e+00
-5.353508716545782420e+00
-5.346189447982266252e+00
-5.340692250215810510e+00
-5.310761333271584839e+00
-5.324794971322522663e+00
-5.307029593865497219e+00
-5.318787544781545584e+00
-4.719965512505047478e+00
-4.735965851156743511e+00
-4.715734316248840763e+00
-4.721700255825338033e+00
-4.730923992357048746e+00
-4.725190975651157643e+00
-4.710335666179651604e+00
-4.725828893825996246e+00
-4.736819936980288581e+00
-4.719612809535145281e+00
-4.732677125889552805e+00
-4.695730463781222497e+00
-4.691507533637009786e+00
-4.714395719450121369e+00
-4.692694182156985860e+00
-4.702525347845722514e+00
-4.686590070326773549e+00
-4.687351040539500246e+00
-4.697027023541752833e+00
-5.200270022381634938e+00
-5.141566626612104507e+00
-5.152688984537788564e+00
-5.138880927353187467e+00
-5.173503465078228558e+00
-5.171108301703281285e+00
-5.199308587626314093e+00
-5.169821297858765874e+00
-5.166277117760412096e+00
-5.387272408406390767e+00
-5.342577007707861370e+00
-5.329511782097816841e+00
-5.328519650276276387e+00
-5.288612199473962328e+00
-5.402869160147149685e+00
-5.388825622937949866e+00
-5.324984883946081382e+00
-5.297499427714610576e+00
-5.106389862945754921e+00
-5.267515832986865654e+00
-5.239932715543511144e+00
-5.347345293337251171e+00
-5.306658300716554422e+00
-4.882028033692530578e+00
-4.858483977429145284e+00
-4.859285331993328683e+00
-4.869165901999283896e+00
-4.871311696682315784e+00
-4.783846221285722677e+00
-4.718396611368227411e+00
-4.736303043201349539e+00
-4.882862348847704759e+00
-4.878441533736658897e+00
-4.956657909779743854e+00
-5.266315741885502000e+00
-4.918885463078535913e+00
-5.273430339760451169e+00
-5.280627230217204371e+00
-5.203730365155863069e+00
-5.158992189766425263e+00
-4.911600204121077340e+00
-5.206960616553637067e+00
-4.961032655665593261e+00
-5.344439186836331679e+00
-4.950703613799223746e+00
-4.899969316769767325e+00
-5.314865790073971752e+00
-4.939391350299680461e+00
-4.932364811409917671e+00
-4.962234281259775059e+00
-5.254151479858045093e+00
-5.240503228635315480e+00
-5.249866002130040066e+00
-5.227584739334023567e+00
-5.142460687217311310e+00
-5.249743617816007735e+00
-5.250094791480062639e+00
-5.234052595148876108e+00
-5.241925615973709540e+00
-5.122681806594560072e+00
-5.076689690308445968e+00
-5.139507430626276019e+00
-5.137960109164041000e+00
-5.157367084008601665e+00
-5.128379865377827862e+00
-5.258433673026306820e+00
-5.234147370725203530e+00
-5.115291081034225584e+00
-5.143374332695777262e+00
-5.117366718122158709e+00
-5.562802132541724731e+00
-5.562275919172362748e+00
-5.576951212647495382e+00
-5.564128206754426209e+00
-5.580635624391812932e+00
-5.562026098204809976e+00
-5.545752893052497079e+00
-5.567190900649245044e+00
-4.738503828136575891e+00
-4.756298833171806351e+00
-5.089443597569573541e+00
-4.715175748132333311e+00
-4.685234839102654369e+00
-4.727325411601189131e+00
-4.620952660825420111e+00
-4.682741389825770817e+00
-5.681446834257245726e+00
-5.649933005415046061e+00
-5.514822415302151448e+00
-5.568381079777316778e+00
-5.544094012576840313e+00
-5.515411548609906234e+00
-5.547731173816242922e+00
-5.626456884838440864e+00
-5.692274549784896109e+00
-5.671505143756239598e+00
-5.672499970131474889e+00
-5.634430909983930036e+00
-5.649994986764008686e+00
-5.635936166367043754e+00
-5.638591342560211217e+00
-4.764748062118845162e+00
-4.757736756414940871e+00
-4.727540742652188044e+00
-4.735219101791180663e+00
-4.741943330179954508e+00
-4.726881315918507021e+00
-4.735821164075150413e+00
-4.741769490388906050e+00
-4.783858832158362162e+00
-4.786585409965989690e+00
-4.798725851540589282e+00
-4.778780791945648865e+00
-4.789277884664166152e+00
-4.732081818061869782e+00
-4.744515545238085608e+00
-4.828147077087639794e+00
-4.704819985720221531e+00
-4.817030242521978423e+00
-4.839545231376610523e+00
-4.807249489746175719e+00
-4.816705455304039596e+00
-4.754095349589214869e+00
-4.782433608833494887e+00
-4.805572072687681384e+00
-4.791229444911963675e+00
-4.769193410247488885e+00
-4.796834409756677076e+00
-4.819414333775479342e+00
-4.820231879463728220e+00
-4.808039635585524607e+00
-4.822043380323986383e+00
-4.831595654584860178e+00
-4.797906573442086930e+00
-4.812824768669154984e+00
-4.824750970129574767e+00
-4.828303575444572004e+00
-4.853591389486185292e+00
-5.068352856795650396e+00
-5.074558935771543489e+00
-5.065533239813190924e+00
-5.059533356477777133e+00
-5.063987041871197192e+00
-5.082346813860553425e+00
-5.298671743362614706e+00
-5.295370907204006272e+00
-5.293800190155786289e+00
-5.289578986293102858e+00
-5.296797305220007246e+00
-5.295776087210420258e+00
-5.292804736857989134e+00
-5.293663452599985497e+00
-5.289870674072705725e+00
-5.289414398399422623e+00
