-5.430808298927489730e+00
-5.386524265327620853e+00
-5.312227198996649413e+00
-5.134689911691212139e+00
-5.460078383600826868e+00
-5.465777821757465738e+00
-5.503484608508720122e+00
-5.481936465840062667e+00
-5.500644860834406735e+00
-5.510054632453272205e+00
-5.507939664621537723e+00
-5.466649306894092675e+00
-5.113788462879872654e+00
-5.121633949645453043e+00
-5.103923609347218004e+00
-5.123095955455651662e+00
-5.133869201488176159e+00
-5.132578278972666830e+00
-5.111844783233745915e+00
-5.105478763642970819e+00
-5.147031674122835909e+00
-5.155042432651950612e+00
-5.100996682630267287e+00
-5.397979101464045470e+00
-5.432596812197603597e+00
-5.474271470429213693e+00
-5.511400441797023042e+00
-5.044027319800476583e+00
-5.406604243468701831e+00
-5.430422342154402671e+00
-5.357091341546939667e+00
-5.334346190831102064e+00
-5.392441528632132552e+00
-5.144316735714498101e+00
-5.426247927362001455e+00
-5.445781103399086831e+00
-5.410614821804056618e+00
-5.104672238372596205e+00
-5.524658257516219528e+00
-5.563640701254899845e+00
-5.732012140633483632e+00
-5.428118602344460975e+00
-5.526852579157081280e+00
-5.705580296714810373e+00
-5.532516299701681461e+00
-5.555123592645184516e+00
-5.487140759838298187e+00
-5.541877967420004936e+00
-5.573129049113145328e+00
-5.725232239481088392e+00
-5.491280717016582713e+00
-5.478856269367918586e+00
-5.549461553760937527e+00
-5.599443078759397174e+00
-5.451958265799913939e+00
-5.488063847835392473e+00
-5.514835041588220577e+00
-5.550389244982631531e+00
-5.591551158057205484e+00
-5.674690409174675487e+00
-5.669971698994504372e+00
-5.763307997632066026e+00
-5.762804014081378767e+00
-5.660421661702130791e+00
-5.654837190793485568e+00
-5.642833634435172385e+00
-5.644980866363201066e+00
-5.658492364084916737e+00
-5.683290922680876989e+00
-5.650265294644643888e+00
-5.684250011520920687e+00
-5.645249930038071184e+00
-5.697934806062694868e+00
-5.631328525445924882e+00
-5.663052680561352581e+00
-5.765151730665083463e+00
-5.655134937193385447e+00
-5.639817839337989192e+00
-5.650508613542364778e+00
-5.666404861032446227e+00
-5.651643427796346764e+00
-5.644913929947203535e+00
-5.646845355131852706e+00
-5.637326824941779613e+00
-5.649555109984559564e+00
-5.670091085340940751e+00
-5.657861324772505363e+00
-5.672675757144041597e+00
-5.661841728917544003e+00
-5.741679766529915518e+00
-5.726217879534170940e+00
-5.741173597058832456e+00
-5.666493047329351107e+00
-5.715105597133383064e+00
-5.709103013498733503e+00
-5.723300790231665047e+00
-5.711460935480126011e+00
-5.696481223428627061e+00
-5.518005811174618636e+00
-5.580880793856765720e+00
-5.540176467912822922e+00
-5.573889692342191893e+00
-5.521283120681856893e+00
-5.551623052301940753e+00
-5.517129830444227778e+00
-5.576759422883089456e+00
-5.639918547317626540e+00
-5.537468752676182326e+00
-5.489597281718360477e+00
-5.530754742082134356e+00
-5.550897312814422335e+00
-5.511928065761026119e+00
-5.487612698565503599e+00
-5.550947433965362166e+00
-5.489946272533471117e+00
-5.551261552682150935e+00
-5.541093541259995092e+00
-5.604631142329333571e+00
-5.552096674449996883e+00
-5.539798827166172224e+00
-5.528303241532610990e+00
-5.539463288950826403e+00
-4.760817744813248709e+00
-4.667866858801515306e+00
-4.637392274503351786e+00
-4.832588464921784954e+00
-4.777116061444268702e+00
-4.720518365814625028e+00
-5.035862518409385480e+00
-5.057069958234536422e+00
-5.023118192571393692e+00
-5.082215772072740556e+00
-5.355810196306266313e+00
-5.327881363825523131e+00
-5.120451884418257826e+00
-4.729954236376188170e+00
-4.813901307549819819e+00
-4.651573455301492466e+00
-4.630730874297009692e+00
-4.616477814227172516e+00
-4.608760756395241742e+00
-4.729629741004516497e+00
-4.628268488926071456e+00
-4.627836662588849848e+00
-4.623499218492746365e+00
-4.714313420584627323e+00
-4.714539532657384235e+00
-4.768701943186909986e+00
-5.494219887420039861e+00
-5.445178445089262631e+00
-5.364863660198963657e+00
-5.512450974578115392e+00
-5.676887592227305213e+00
-5.725343391141840321e+00
-5.605610575022564213e+00
-5.135289142918542993e+00
-5.209006169420864474e+00
-5.228918693561616315e+00
-5.771550672669384596e+00
-5.785339816727129936e+00
-5.784239844275278486e+00
-5.749906421193876405e+00
-5.780161671321638828e+00
-5.540948605761165879e+00
-5.516188540121826911e+00
-5.545980739229731782e+00
-5.524969374995910343e+00
-5.542966364696604309e+00
-5.673059685348547987e+00
-5.746662463659892417e+00
-5.272641017088732340e+00
-5.230547211825427922e+00
-5.256453527149130167e+00
-5.289070899509116686e+00
-5.318158173154831303e+00
-5.515189430920288238e+00
-5.284900237001979306e+00
-5.327612620066548565e+00
-5.336389754218919812e+00
-5.331978436182329695e+00
-5.326320238192725043e+00
-5.300676923049892686e+00
-5.310026813568393678e+00
-5.296539356254109876e+00
-5.299970831218593581e+00
-4.742811786899086002e+00
-4.737280896382475959e+00
-4.719652340345137809e+00
-4.728850238032931586e+00
-4.743966233205057392e+00
-4.717310909791545548e+00
-4.713562600449810347e+00
-4.744616951606561273e+00
-4.748557783614006489e+00
-4.721707118319921292e+00
-4.732178182474364725e+00
-4.702074554908134196e+00
-4.693698370380335660e+00
-4.717871426363442033e+00
-4.692174764733801240e+00
-4.697384512325312400e+00
-4.682837882860309442e+00
-4.675860183415750271e+00
-4.703144095782680445e+00
-5.188762917831349242e+00
-5.204553082658430974e+00
-5.224140750599084448e+00
-5.193045373748435445e+00
-5.221067506464053487e+00
-5.164400555091853029e+00
-5.265258334791927730e+00
-5.246800858307079096e+00
-5.163454523908086458e+00
-5.379359418596698639e+00
-5.338082331592132412e+00
-5.325561478334384091e+00
-5.327634131716574295e+00
-5.265433841580390961e+00
-5.397423889452199752e+00
-5.388289790890702591e+00
-5.306233319302542384e+00
-5.336972975020655596e+00
-5.147903874630213039e+00
-5.284507263814472111e+00
-5.258111024483188345e+00
-5.365287458802098008e+00
-5.317221579878624205e+00
-4.932579150144903224e+00
-4.886309260619832173e+00
-4.885901534999975482e+00
-4.950115409886369555e+00
-4.898715717112368750e+00
-4.865360122627077288e+00
-4.851012977811063109e+00
-4.849269059148705097e+00
-4.954227752600711021e+00
-4.958191193118965501e+00
-4.950662213418395297e+00
-5.251302178379871677e+00
-4.909417420886572181e+00
-5.264172678374211323e+00
-5.279626562639665011e+00
-5.194791496011317733e+00
-5.137194536679893453e+00
-4.896444196429385443e+00
-5.201275995487232073e+00
-4.956442010406439280e+00
-5.341377931595672202e+00
-4.943955306038196440e+00
-4.895378229902943801e+00
-5.301775075903170986e+00
-4.932651110877394274e+00
-4.932674594503527743e+00
-4.960715599748208859e+00
-5.229279137845222358e+00
-5.228919434467655947e+00
-5.226715950572546454e+00
-5.214472987013370364e+00
-5.113952132015074703e+00
-5.256628242355462888e+00
-5.263243370388674514e+00
-5.249895132517071517e+00
-5.246640639100534464e+00
-5.106053310585988214e+00
-5.106034608435682465e+00
-5.140575329381602998e+00
-5.128288938352966397e+00
-5.147512743415383341e+00
-5.112253458100180836e+00
-5.256196737912124384e+00
-5.232266665421636986e+00
-5.093003692884948030e+00
-5.131847122626631119e+00
-5.098934959861282756e+00
-5.610939332344479169e+00
-5.633558943963028476e+00
-5.584702795685288379e+00
-5.575570624168403988e+00
-5.633245401853764101e+00
-5.641774330601849741e+00
-5.629499261059881299e+00
-5.583631266762137280e+00
-4.733811270045282349e+00
-4.787630375372875946e+00
-5.070260949284585372e+00
-4.723269793575282982e+00
-5.309402791378587949e+00
-5.354949929101049833e+00
-5.689995237538377992e+00
-5.308384969656088970e+00
-5.711422645579625090e+00
-5.670667832495849048e+00
-5.512735141079549983e+00
-5.583582562475943867e+00
-5.548159671495199952e+00
-5.525540127194242146e+00
-5.552168077169388205e+00
-5.633369390696981505e+00
-5.704063789014377939e+00
-5.682809626693018146e+00
-5.683353238803347196e+00
-5.644720970177443675e+00
-5.660971366960162676e+00
-5.644320254029582706e+00
-5.671931850807264475e+00
-4.784170924575741779e+00
-4.760259480382496911e+00
-4.741814575280128174e+00
-4.738522771896075625e+00
-4.745227949455999017e+00
-4.744185589039579654e+00
-4.752496231343384281e+00
-4.750722689322975256e+00
-4.807414396711449101e+00
-4.855376442625986222e+00
-4.841466512676229073e+00
-4.817296641326676010e+00
-4.840354600509369831e+00
-4.752242500314846296e+00
-4.742257110950062859e+00
-4.797245203574410866e+00
-4.708880400837690772e+00
-4.824682681140727958e+00
-4.856975114049227216e+00
-4.844372594518440600e+00
-4.846406400016867622e+00
-4.747849894499378109e+00
-4.781386523298097657e+00
-4.819647479538931911e+00
-4.808145017393883336e+00
-4.781549050151323144e+00
-4.773499445916588257e+00
-4.811551886614035212e+00
-4.858117242140672865e+00
-4.787010796230621423e+00
-4.825699988174700472e+00
-4.828331796944308252e+00
-4.802229890075859764e+00
-4.817165929302209548e+00
-4.834499603233924248e+00
-4.811123319050995661e+00
-4.855165094868179487e+00
-5.097581563541497829e+00
-5.099299530406130820e+00
-5.095602886061497472e+00
-5.089862331163995002e+00
-5.089115183668694975e+00
-5.106339570846440523e+00
-5.230498009559408246e+00
-5.227858236157690186e+00
-5.209680388656067862e+00
-5.214157808005542627e+00
-5.222388017959511686e+00
-5.226599395050876673e+00
-5.217214812160552384e+00
-5.215341852098265285e+00
-5.221102830629456903e+00
-5.218879520197862831e+00
