-5.438884933264695576e+00
-5.392572519841661638e+00
-5.321634813444187984e+00
-5.132732999042093347e+00
-5.463692560321400826e+00
-5.466516681862791494e+00
-5.505697306423793513e+00
-5.484038351620172946e+00
-5.501125931755649567e+00
-5.513698894734672784e+00
-5.509535367174917653e+00
-5.470313390055965286e+00
-5.110933492545208345e+00
-5.128603292960010052e+00
-5.122994349957694205e+00
-5.124173176023813170e+00
-5.143566609098024323e+00
-5.136449285268803067e+00
-5.133894442368990063e+00
-5.127069067849022943e+00
-5.151372610891488790e+00
-5.160015615538670275e+00
-5.124228496332147387e+00
-5.396967464958779104e+00
-5.433443435149335698e+00
-5.478563091847873601e+00
-5.516216684404579240e+00
-5.068383657718408486e+00
-5.412187309930505563e+00
-5.436557888744840916e+00
-5.368708675504247907e+00
-5.327949417248809105e+00
-5.389448898079219674e+00
-5.156751079894435819e+00
-5.428976181153397640e+00
-5.448004507850644274e+00
-5.417431351108467297e+00
-5.123136321701461604e+00
-5.508327113279930742e+00
-5.552601075379732798e+00
-5.728663151952968491e+00
-5.425016484405808193e+00
-5.525659485107967228e+00
-5.704038787365511176e+00
-5.525672850056720264e+00
-5.550548125124515231e+00
-5.481059094389831188e+00
-5.534718621097571400e+00
-5.569523481262963926e+00
-5.719369227758273944e+00
-5.485832357327978137e+00
-5.473924734895585509e+00
-5.543243447833176241e+00
-5.592940856493850532e+00
-5.451165733164444305e+00
-5.486060883547989597e+00
-5.503538246487164720e+00
-5.549289476771693153e+00
-5.586823949469961192e+00
-5.666210607687061973e+00
-5.655189930254918451e+00
-5.750746445983708988e+00
-5.748915026127927597e+00
-5.650741377643646146e+00
-5.645069673583522629e+00
-5.635650373751788678e+00
-5.633453362324338798e+00
-5.646202504541160572e+00
-5.672663239416032788e+00
-5.628404273035124028e+00
-5.674143645540672409e+00
-5.630923450783664741e+00
-5.684188160936689549e+00
-5.624099082650381831e+00
-5.653218311650100247e+00
-5.753264153119531876e+00
-5.645528684336949432e+00
-5.633000308985425697e+00
-5.642521103164504837e+00
-5.657359571447712732e+00
-5.639660955752265892e+00
-5.635025664896772035e+00
-5.637201727558090347e+00
-5.628401926936399846e+00
-5.635922637905707688e+00
-5.659285611582149045e+00
-5.643994405074911569e+00
-5.663429355547640043e+00
-5.653052906033747327e+00
-5.734072247691893054e+00
-5.719131377568682950e+00
-5.737163951920382310e+00
-5.661551742335968029e+00
-5.709403785483062599e+00
-5.704008058692080496e+00
-5.717690626227870609e+00
-5.707023579920972978e+00
-5.689170249765865606e+00
-5.518986709718991079e+00
-5.584964080974407885e+00
-5.541372886929444519e+00
-5.571526889362403701e+00
-5.517405585501114373e+00
-5.551114575627186021e+00
-5.520239619052389024e+00
-5.576232451125258116e+00
-5.639324746862787840e+00
-5.522114797683257414e+00
-5.476497785731066159e+00
-5.512695725366863364e+00
-5.531893331353741949e+00
-5.501602432711145241e+00
-5.484889997847238519e+00
-5.545507941612282998e+00
-5.491753039614965637e+00
-5.550166716970277747e+00
-5.538856960665925477e+00
-5.603272717449362617e+00
-5.556253981956085219e+00
-5.549103428975019625e+00
-5.523739722285894160e+00
-5.545233674950454272e+00
-4.741028666323543916e+00
-4.663368388086500893e+00
-4.621962241204951916e+00
-4.821379379444588942e+00
-4.791249659660008042e+00
-4.743924087677235946e+00
-5.059655274395212565e+00
-5.064366634827711877e+00
-5.034631705303369564e+00
-5.092534993790647668e+00
-4.779819274999564271e+00
-4.737217412815804884e+00
-4.679783074531373543e+00
-4.693646928387801509e+00
-4.780184992958758983e+00
-4.656453411829885702e+00
-4.657862134838500090e+00
-4.628641649638180589e+00
-4.625938840809904917e+00
-4.733221771848461046e+00
-4.632495367677169185e+00
-4.622358762849845704e+00
-4.611842492368432467e+00
-4.718616301975957050e+00
-4.710425977986040458e+00
-4.746872131655148763e+00
-5.500219382495478371e+00
-5.450493586794508794e+00
-5.386529359797032512e+00
-5.513800314327284013e+00
-5.671646401603653409e+00
-5.722270783796910010e+00
-5.602216576981364327e+00
-5.148483736766999996e+00
-5.216077381700578108e+00
-5.238470287405550430e+00
-5.761426568258380065e+00
-5.775220795494528048e+00
-5.782591395879101093e+00
-5.739588310370903557e+00
-5.770474882121376936e+00
-5.544102022875419422e+00
-5.521075274013647949e+00
-5.549183698239872342e+00
-5.527376462029033988e+00
-5.545516428447859525e+00
-5.669884523840529766e+00
-5.733712764648022819e+00
-5.291726320190393906e+00
-5.236382127521713059e+00
-5.275368310434227048e+00
-5.302023603829066900e+00
-5.331031040013616717e+00
-5.518833463204645184e+00
-5.298685384029133694e+00
-5.338131618885470608e+00
-5.348350090595718420e+00
-5.340070705817800523e+00
-5.335983424148678544e+00
-5.308713154127288725e+00
-5.322393383131804434e+00
-5.305999372860054741e+00
-5.316736420758044090e+00
-4.720304755884404457e+00
-4.737822507116163706e+00
-4.713212696509640587e+00
-4.721242324486826902e+00
-4.731260509837769135e+00
-4.721045808708257852e+00
-4.710229487462281206e+00
-4.726091767770766339e+00
-4.735066527293398053e+00
-4.720469735768912045e+00
-4.730720376385981751e+00
-4.695964488073914644e+00
-4.691249542566314545e+00
-4.710752737601396234e+00
-4.691400576531555622e+00
-4.698234032035387031e+00
-4.689109339743060545e+00
-4.681442503485947704e+00
-4.694755833376440535e+00
-5.201224725725469789e+00
-5.120989203532764655e+00
-5.135739786289555298e+00
-5.122285297354323141e+00
-5.157056123104781342e+00
-5.171543735215793802e+00
-5.188500036403098647e+00
-5.161909530446589400e+00
-5.165861962083210024e+00
-5.387121878802153319e+00
-5.343283891097430960e+00
-5.330134800758875357e+00
-5.329076942816809215e+00
-5.287216805716552948e+00
-5.401772434196089101e+00
-5.388420068682714614e+00
-5.326491438323811778e+00
-5.292858597290366340e+00
-5.100568814705456866e+00
-5.264278708546881624e+00
-5.236556518821974038e+00
-5.344867761906678894e+00
-5.304111327014385147e+00
-4.873589246632921146e+00
-4.849496444751149937e+00
-4.847051864351643147e+00
-4.862460879302053840e+00
-4.865919102078875014e+00
-4.766243535172407952e+00
-4.705484908419362178e+00
-4.717986364796344922e+00
-4.874809660989548377e+00
-4.869250840739812070e+00
-4.956211170959216261e+00
-5.268440530272206601e+00
-4.922466185640902658e+00
-5.275369565901067759e+00
-5.280722564124984864e+00
-5.206574469895087987e+00
-5.160967969965252422e+00
-4.915342090858840329e+00
-5.200217538532677430e+00
-4.961842621353322436e+00
-5.344355932138476817e+00
-4.947294843257056485e+00
-4.898349489550600566e+00
-5.315637819540688369e+00
-4.940149405465187549e+00
-4.932815191349496864e+00
-4.955543806758907266e+00
-5.252060333689904326e+00
-5.237937335919148119e+00
-5.248412302242412508e+00
-5.225179596848759545e+00
-5.134490471664026501e+00
-5.238381505596676924e+00
-5.234186107951955158e+00
-5.218225262564147648e+00
-5.244679528771295729e+00
-5.109406204709472377e+00
-5.072217453843592239e+00
-5.136336862354337285e+00
-5.136051010704988151e+00
-5.155952782698133063e+00
-5.123886135983685364e+00
-5.259156215408466117e+00
-5.234917180678204218e+00
-5.113142893558970670e+00
-5.141881672825055816e+00
-5.112401730424465995e+00
-5.556875527422096006e+00
-5.554890933914669482e+00
-5.573349061180573827e+00
-5.560676438155621071e+00
-5.573614923742005622e+00
-5.559968403335624920e+00
-5.532472368976629973e+00
-5.564213099049136524e+00
-4.739608050231669978e+00
-4.751692576574503057e+00
-5.083310226356700490e+00
-4.717890311106524237e+00
-4.736253613391576245e+00
-4.782546334983967640e+00
-4.709495114914384217e+00
-4.764624883876633632e+00
-5.675223274844515942e+00
-5.643728033102894948e+00
-5.512273759185527311e+00
-5.562831056600438195e+00
-5.542327004436670812e+00
-5.511402760574773296e+00
-5.543391606375094760e+00
-5.611599531064755730e+00
-5.688732148136427469e+00
-5.670257944580860965e+00
-5.671401402303081873e+00
-5.633831577453716655e+00
-5.649455158497675988e+00
-5.635067961374618406e+00
-5.638937552860922686e+00
-4.761372800268283356e+00
-4.758877728027442799e+00
-4.732634134724252206e+00
-4.736174955790066754e+00
-4.734863516145299656e+00
-4.727555363669557309e+00
-4.732528307457020134e+00
-4.742207128766670721e+00
-4.780958587004823457e+00
-4.795236127562639616e+00
-4.801307353349870688e+00
-4.779603627858558745e+00
-4.786418074862655914e+00
-4.730356902344478698e+00
-4.743005122012931452e+00
-4.821488143788084990e+00
-4.704770475526681039e+00
-4.818364547761934347e+00
-4.841246213461060321e+00
-4.810948718066135221e+00
-4.814531989234497544e+00
-4.753003831893895637e+00
-4.784354178418798398e+00
-4.805460036046712347e+00
-4.790477719108001686e+00
-4.768350048442425049e+00
-4.799795804331608906e+00
-4.821370984111705837e+00
-4.826268543008909617e+00
-4.803880811967676578e+00
-4.820970379884399470e+00
-4.830550658872173386e+00
-4.796382850170619605e+00
-4.809542066891708600e+00
-4.825955619815101905e+00
-4.821906270903199676e+00
-4.852263163111405930e+00
-5.083891555912123827e+00
-5.095295348882634912e+00
-5.077789841830709250e+00
-5.069838503180466915e+00
-5.077504251040424244e+00
-5.095962366633161267e+00
-5.293449104520856707e+00
-5.289010700459146896e+00
-5.286878765948357817e+00
-5.282020188115378545e+00
-5.290271129251058468e+00
-5.288783814281464934e+00
-5.285622915084088547e+00
-5.286963804969987635e+00
-5.282744341416026224e+00
-5.283030489473372171e+00
