1.029669640602984657e+02
1.250978534223763035e+02
1.199170737936972699e+02
1.083199553547313201e+02
1.071594648600403303e+02
9.227766125434602884e+01
8.379985784255345038e+01
1.117027674610204571e+02
1.211077362547276266e+02
1.107333357927650610e+02
1.226352984493815512e+02
1.057239137998341079e+02
1.181711680042080133e+02
1.021230959396550588e+02
1.197843109116550266e+02
1.041422418712663074e+02
9.809369201085148404e+01
1.140781164500444760e+02
1.162313519157184487e+02
1.136874432601717615e+02
1.060574980171938364e+02
1.209873163213058262e+02
9.771422293081170096e+01
9.690286079691762211e+01
1.085156132902637864e+02
1.181390266012378873e+02
1.074237700441704675e+02
1.102786236425432946e+02
1.125331085140122838e+02
9.975667236951710493e+01
1.275791850467147839e+02
1.036647296035690573e+02
1.263143571687172653e+02
1.044658761208816316e+02
9.594261112944974457e+01
9.520128606589797471e+01
1.049563788104373430e+02
1.110370317559393243e+02
1.380968791798928805e+02
9.314284952413385099e+01
1.265606220476529131e+02
9.718521639856797378e+01
1.119601008868680765e+02
9.764203498094435929e+01
1.232633107587996903e+02
9.214450783219042762e+01
1.229629559579615545e+02
1.155855644052588502e+02
1.092762694311037279e+02
1.104005962836616277e+02
1.006100626330254499e+02
1.116423117817527526e+02
9.771163755352242219e+01
1.257300476376421585e+02
1.222870171297943216e+02
1.222233135021737667e+02
1.016441701468523888e+02
1.088594214026483513e+02
8.790580826130160119e+01
1.054423198055995385e+02
1.088900162251413661e+02
1.124496839772092471e+02
1.060496526233559393e+02
1.099617462677259994e+02
1.089368433503933034e+02
1.104275503866429631e+02
1.220121950682729164e+02
1.201807947084275838e+02
1.054836003644959277e+02
9.989896411629158024e+01
1.022073946981151664e+02
1.046377842166829879e+02
1.028671862835384303e+02
1.126711513875884947e+02
1.065924321095633900e+02
1.133339412720212778e+02
1.035411665800839671e+02
1.165340796001583499e+02
1.207815128758061860e+02
1.037913937857894098e+02
1.133144287920566029e+02
1.044765414050340979e+02
9.751873943398112488e+01
1.174632134106098391e+02
1.221678720391593629e+02
1.057184845801354953e+02
1.116255764019556835e+02
9.732278143741559973e+01
1.116280501432631240e+02
1.058696545668728248e+02
1.242569708361387484e+02
1.217801632171209150e+02
8.174943997473569368e+01
1.015694089449815465e+02
1.276476864935580267e+02
9.821367723436488006e+01
1.067525983505688458e+02
1.183854298150971118e+02
9.637107543385852182e+01
1.063927573742526675e+02
1.082931346637031709e+02
1.197104415437215010e+02
1.026192936210523925e+02
1.115487996185788262e+02
1.149938190417325501e+02
1.184191426853161886e+02
1.281256660710412802e+02
1.022960043628846449e+02
1.091073777839144299e+02
1.011593422720439435e+02
1.038772730534808630e+02
1.029380838234050373e+02
9.137668388404017605e+01
1.125982662499458513e+02
1.116779787440693923e+02
1.114612830672518413e+02
1.233101681619117187e+02
9.988144442130892742e+01
1.337055103840608012e+02
9.880679864754002040e+01
1.035581944871549638e+02
8.194574181457805651e+01
1.041581034861061710e+02
1.406669186318350171e+02
1.085065078569444807e+02
9.630967666648157888e+01
1.138526069682019539e+02
1.222516768793620940e+02
1.105539612277613344e+02
1.048708940191798149e+02
1.273200080586373701e+02
9.995164927603741489e+01
1.034295200164474267e+02
1.150022388067425965e+02
1.102602661408730711e+02
9.898632764390899297e+01
9.956477111515829392e+01
1.336367990807961519e+02
9.686496705633005888e+01
1.227945530465796935e+02
1.131849020198179261e+02
1.009428333624649810e+02
1.162453749028440342e+02
9.050675719106584438e+01
1.071750532943660090e+02
8.945727365445691248e+01
1.061789548105114847e+02
1.114041169348611646e+02
1.179289334746238893e+02
1.269312830680107709e+02
1.026975354513118930e+02
1.083810904185370418e+02
9.676293110903243644e+01
1.085469643145996059e+02
9.890611246999608852e+01
1.058945110268417977e+02
1.361392833936540399e+02
1.121818667604338202e+02
1.099099471503774907e+02
1.053908722135358005e+02
1.194894617530541865e+02
1.039401131947795420e+02
1.044755010498224550e+02
9.694094109158267258e+01
1.127664067504342427e+02
1.088796434637422408e+02
1.103748981231335478e+02
1.203469840656743912e+02
1.073413136931706049e+02
1.107027653389987165e+02
1.020809968206840068e+02
1.034662832524217606e+02
1.137401698620032846e+02
1.076463703261659930e+02
1.214681021739585844e+02
1.069515598799940364e+02
1.346869217481978467e+02
1.147451968884713551e+02
1.223729761037207453e+02
1.012499133916736440e+02
1.103533163560330621e+02
1.086235043238957303e+02
9.633499924278810056e+01
1.159982074781348160e+02
1.190299735645599810e+02
1.035619985622313379e+02
1.076300232968541621e+02
1.026106856520037951e+02
1.061331316643234715e+02
1.098169793129924869e+02
1.100555312662525722e+02
1.174005380190791215e+02
1.118950226433854738e+02
9.810321769863737984e+01
1.091002017988477633e+02
1.040783018846136514e+02
9.989269050480449152e+01
1.184257052750391352e+02
1.101458172227794989e+02
1.122181558209038599e+02
1.111955588559165733e+02
9.735567687800728720e+01
9.394145672631715627e+01
1.015646785542424766e+02
1.140865723747387648e+02
1.168770889602830181e+02
1.237486175716341847e+02
1.152651031536295960e+02
1.106950470396111115e+02
8.667233778039413039e+01
1.064786839960425056e+02
1.317651712311275674e+02
9.227139039329767911e+01
1.074865846023673299e+02
1.077811646331867479e+02
1.085442724909233050e+02
9.930994550943606214e+01
1.009935350361908064e+02
1.229886362486906535e+02
8.896442244172855851e+01
1.261397018385111295e+02
1.110874179881693777e+02
9.959242955175355405e+01
1.199550494286761335e+02
1.194985300531657089e+02
1.273352550572781610e+02
9.210464149652271715e+01
9.635068095356380979e+01
1.054435154381507971e+02
1.106489091275340400e+02
1.140581110264517690e+02
9.997943922835696640e+01
1.244129616033876147e+02
1.047855350970620805e+02
9.961497451942443604e+01
1.199826555705134012e+02
1.090323952676340298e+02
1.059436501208632109e+02
1.157842056587989674e+02
1.150602897997473093e+02
1.041017501177247340e+02
1.249091481207023833e+02
8.992492432033890282e+01
9.784019248288066706e+01
1.037296654616826288e+02
1.054025690592528832e+02
1.328675729193059851e+02
1.051738737133091348e+02
1.085717499198251801e+02
1.023028989827337796e+02
1.079509604000866574e+02
1.144177355250805448e+02
1.004713051332597900e+02
1.156175466062280464e+02
1.012885927830001549e+02
1.059775442928723521e+02
1.136459384543843214e+02
1.185867390422575482e+02
1.123391070497963540e+02
1.072186376169139947e+02
1.115938507711567382e+02
1.124332287079040356e+02
1.189921498029732163e+02
1.093366535454314743e+02
1.103396942380514645e+02
1.166547431987825547e+02
1.169241630259017768e+02
1.087736666324613282e+02
9.443860675683102102e+01
9.592347584748563349e+01
9.091817524073276502e+01
1.431913542949134239e+02
1.476676173398485332e+02
9.518295610139685436e+01
9.804672151161901184e+01
1.223962008082817192e+02
1.225480905748335658e+02
1.033058872552140315e+02
1.130549495740796999e+02
1.101146035904724698e+02
9.877494382205763657e+01
1.081606613560925041e+02
1.172184759542854664e+02
1.091776711215302385e+02
1.344389229126836369e+02
1.031789259466004438e+02
1.116465846779312443e+02
1.046451650833288909e+02
8.425059657650099609e+01
1.197039353371604022e+02
1.090287892744146205e+02
1.060851106286436050e+02
1.297273343551602522e+02
9.780777882261945422e+01
1.068487054761580026e+02
1.025956849862261038e+02
1.070174371879136430e+02
1.073131171300638300e+02
9.730328426436430789e+01
1.065543962826552757e+02
1.057973304370223673e+02
1.187192793009010501e+02
1.185493546692803477e+02
1.275059567876634219e+02
1.135082173326662485e+02
9.777606160501260035e+01
1.087601428446466514e+02
9.617773358650410387e+01
1.093747313607033362e+02
1.233596723512875428e+02
1.151049279263702516e+02
1.174041659909517961e+02
8.320214661932365630e+01
1.128713398645446091e+02
9.556768756974578594e+01
1.255458935708837060e+02
1.051248654418632498e+02
1.039450143499928885e+02
1.244357376361327283e+02
9.413072060269830388e+01
9.432313783239391114e+01
9.699810381041260143e+01
1.094834097798860881e+02
1.251125603943157785e+02
9.954103034751172174e+01
1.149704510981358112e+02
1.076518665443343394e+02
1.225163711054907196e+02
1.019751116378849929e+02
1.083950144315436148e+02
8.585021614165670201e+01
9.846904066942398970e+01
1.182213620930293274e+02
1.327488367203144435e+02
1.158437370791575773e+02
1.033476997555601002e+02
1.099789017394558641e+02
1.162600471215456821e+02
9.527381299651224822e+01
1.073739942615970619e+02
1.139362200481153877e+02
1.138597211196314873e+02
9.801857944224370556e+01
1.327147343789150966e+02
1.014468666092797662e+02
1.166342574933609342e+02
1.046457967905290332e+02
1.196203049986871179e+02
9.571003868522011260e+01
1.092611988101395042e+02
1.076080482814710848e+02
1.126516250103625367e+02
1.106590006580672423e+02
9.388667271928009939e+01
1.115263249049967413e+02
1.023639458055775293e+02
1.245373373655370415e+02
1.021615644643377152e+02
1.211973106018992041e+02
1.070146250565037036e+02
1.099798888845358107e+02
1.196570413423469006e+02
9.801664261630445196e+01
1.248653418152598675e+02
1.195401205354070981e+02
1.124471248108154953e+02
1.029626023930544534e+02
9.328172277824765501e+01
9.763446925554210054e+01
1.169987365338992191e+02
9.723712237754247667e+01
1.028522449536990990e+02
1.011403230633648320e+02
8.964172049919902463e+01
1.497834376932503915e+02
1.147617964098629528e+02
1.097071135503991712e+02
1.039023935474165938e+02
9.651024295514201867e+01
1.064751353063237502e+02
1.134492293851677829e+02
1.251439956869568277e+02
1.124558565735369910e+02
9.542155548953785171e+01
1.140838508267151781e+02
1.198716548529809813e+02
9.560281745464692449e+01
1.205784970750442113e+02
1.156694818837323453e+02
9.757024374944087697e+01
1.229063802893854671e+02
1.111747600552712072e+02
9.748825389505033456e+01
1.125815242990444460e+02
1.135833718183451708e+02
1.062249861696748923e+02
5.253899601760376470e+01
1.203247207122702207e+02
1.145241204807547888e+02
1.249019124775441298e+02
1.192325502853873047e+02
1.090364117411730973e+02
1.066038336658934611e+02
1.008666682192816069e+02
1.095298962153900675e+02
1.115439423989503069e+02
8.807185284223102428e+01
1.235310385515256684e+02
1.116020933469782932e+02
1.069866967181015838e+02
1.139698886375117581e+02
1.105981818455324230e+02
1.140002676440607985e+02
9.971631119587065939e+01
1.176792051634931795e+02
1.049839640541604382e+02
1.080906671922343918e+02
1.213136036881287652e+02
1.154090714769839252e+02
1.039899258957680672e+02
1.035771824675726833e+02
1.188213840989218824e+02
8.369485137758741189e+01
1.204512705904705285e+02
1.037150086789612118e+02
1.157588446525321757e+02
1.050553888925360013e+02
1.018141694543834745e+02
1.021588521474847937e+02
9.500596514127489911e+01
1.180640145115655031e+02
1.108668239707985634e+02
1.040225539369669008e+02
1.247720568827465542e+02
7.955971040948652728e+01
1.132209316231185454e+02
1.275979125227154185e+02
1.243108995409899507e+02
1.077268460878521381e+02
1.046073502269775730e+02
1.181549085884259682e+02
9.865998717936018636e+01
9.721125712136483799e+01
1.127228761884689874e+02
9.820612390999384900e+01
1.324275411418959152e+02
1.084903937917167269e+02
1.021131140973037787e+02
1.065770106473390229e+02
1.041717025320653391e+02
1.025472535808777081e+02
1.316174602799034403e+02
1.131827055101624211e+02
1.030572883612607171e+02
1.284815133364989492e+02
1.030150012782210069e+02
9.633413360001284786e+01
1.103852724712993592e+02
1.148381235815437549e+02
1.084118087876101981e+02
1.097407660921021346e+02
9.030394711223175364e+01
1.125183572586408616e+02
1.200556942508078322e+02
1.234010684504353463e+02
1.090380268545645350e+02
9.629337897793922707e+01
1.034536718732316132e+02
1.193077520033430687e+02
1.038340081060966185e+02
1.139424948275975993e+02
1.095212857624431564e+02
1.083674177593456420e+02
1.050715164460929856e+02
1.065541227648152187e+02
1.134541836811181241e+02
1.094794411952913435e+02
1.193408453475183109e+02
1.048160971775219679e+02
1.030164110241802433e+02
1.140850979603644646e+02
1.180581845073392628e+02
1.193192800227260904e+02
9.522191468223104494e+01
1.094521322983302269e+02
1.205417934559817752e+02
1.061806426367266454e+02
1.050268847491514776e+02
9.324152410312535721e+01
1.075303955058448651e+02
1.000450975271709666e+02
1.030765049083343285e+02
9.787633887815893274e+01
1.225668597895981264e+02
1.230679100558584054e+02
1.061120114647711574e+02
1.094036257632175051e+02
1.130854088346906963e+02
1.100933974331058209e+02
9.800299902514197470e+01
1.188698559791785954e+02
1.184073443472063190e+02
1.129617412111626322e+02
1.075303905548556287e+02
9.652450940856056150e+01
1.181631222276870119e+02
1.014788670707884251e+02
1.023886905999182915e+02
9.903515768950319398e+01
1.060414209428552255e+02
9.856750064717897430e+01
1.112589900422502893e+02
1.108855657872523182e+02
1.092616455048513728e+02
9.980230282139129372e+01
1.234446182266503200e+02
1.168139830594231512e+02
1.087168852721702876e+02
1.095154755951808596e+02
7.956373934496295419e+01
1.439999286001305450e+02
9.886602179926815381e+01
1.098822383274426784e+02
1.112004900591224441e+02
1.088136989107827901e+02
1.023534845544215699e+02
1.398594572001711640e+02
9.054742159290623249e+01
1.098072990286466393e+02
1.063825068663415863e+02
1.024142057128053267e+02
1.147390083285496019e+02
1.034414166527062804e+02
9.155625567039770374e+01
1.141251671734389959e+02
1.129354466222817166e+02
1.175559206694831573e+02
9.530859598089354279e+01
8.362909466701326267e+01
1.010275553193157378e+02
1.150395874177198436e+02
1.253320755390072492e+02
1.183922910930797343e+02
9.069072990691886105e+01
1.216901279469103940e+02
1.146551198405299203e+02
1.105565583512388201e+02
1.134479407312892931e+02
1.071762336216143154e+02
1.130308937439099282e+02
1.042837721297409388e+02
1.068704086908020798e+02
1.195607666452538496e+02
1.095062559234075792e+02
1.024661185770699063e+02
1.023601877165448713e+02
1.201867611440991794e+02
1.117901459170218885e+02
9.605652899525182420e+01
1.219386960179879793e+02
1.046779249579973765e+02
1.157530903715127124e+02
1.039216436256317309e+02
1.020686772235762305e+02
1.325345231731434978e+02
9.690062156963745110e+01
9.538351289274778821e+01
9.906473847478098094e+01
1.005350300066488813e+02
1.317589608118536262e+02
1.239476551776356246e+02
1.130653756833988837e+02
9.343112022560217156e+01
1.216754082918706530e+02
9.052319430842375425e+01
9.780081531658319705e+01
1.031774710002652853e+02
1.144256732714365370e+02
1.138198573616411977e+02
1.138584670925146156e+02
1.085359810161044720e+02
1.090455336681095844e+02
9.106591902389806137e+01
1.181757171317600097e+02
1.149394157313597447e+02
1.191506441967018617e+02
1.008637147525929691e+02
1.090162572441768418e+02
1.127145321176242021e+02
1.149526566424792975e+02
9.706252726705699274e+01
1.186220175396971115e+02
9.906124619561985867e+01
1.156570348776764945e+02
1.065466098655174960e+02
1.021202234546847052e+02
1.151205463377361440e+02
1.135298023929465359e+02
1.157509258583094152e+02
1.166861354805004254e+02
1.150940360210241806e+02
1.153411654192406388e+02
1.135876968634225079e+02
8.902687107633944663e+01
1.124456155468314620e+02
1.089287151022715960e+02
1.002915338398507998e+02
1.105809466506011347e+02
9.229536911291381784e+01
1.374082330763476705e+02
1.160052654462320874e+02
9.560416723075087475e+01
8.834012112840937903e+01
1.060227773583033013e+02
1.165324112005453401e+02
1.186472661130168404e+02
1.009740121907754542e+02
1.069355528337138423e+02
1.083619786929052680e+02
1.040659252553598577e+02
1.178757296454704715e+02
1.033185897332031544e+02
1.172854118920759703e+02
1.155681029764931509e+02
1.328353913839619054e+02
1.042410967236447590e+02
8.940001736953247757e+01
1.032921023685493651e+02
1.240460052674574030e+02
9.703625572808867616e+01
1.035553262116690689e+02
1.274513806839271410e+02
1.033800303835388092e+02
1.233551133355287277e+02
1.015332899819624970e+02
9.009921152013652090e+01
8.279519971135211165e+01
1.318366447113830304e+02
1.044380488065359174e+02
1.226697682831546814e+02
1.232631624977400691e+02
9.415531800126061057e+01
1.086967185336844466e+02
1.027973512508078642e+02
1.015722466638729458e+02
1.112352242398342526e+02
9.638766433416172674e+01
1.029424521866519342e+02
8.865207258603130924e+01
1.191751895295126644e+02
1.121513030839728344e+02
1.252289569259293245e+02
1.334109839411898975e+02
1.067147259872490679e+02
1.088087484296275704e+02
1.025115168523901730e+02
1.234378939501939954e+02
9.320204556879693314e+01
1.254403256965727707e+02
8.654654597774971592e+01
1.155666674141342867e+02
9.426872717452522465e+01
1.185456315695524694e+02
9.794236922512533283e+01
1.254222405111840573e+02
1.261924346797538163e+02
9.309256015847901722e+01
8.160399781679475950e+01
9.855857357052846623e+01
1.162428730414911797e+02
1.060806276142438378e+02
9.832642368894954643e+01
1.457232405812901561e+02
9.184053854963568142e+01
1.282418479005961558e+02
9.363561183930420384e+01
8.580382381349552645e+01
1.151439102681736557e+02
1.087460293516249550e+02
1.231947566654064161e+02
1.078251098190719972e+02
7.603480667542864069e+01
1.416442414547922510e+02
1.285234110368525080e+02
9.198012855116425612e+01
9.969268972334104717e+01
8.906119370855419959e+01
1.087204608051391830e+02
1.020896785240202860e+02
1.218131038935621859e+02
1.095302054192681567e+02
1.113459990886648399e+02
1.022272574250606425e+02
1.196853462441778504e+02
1.054114192417240758e+02
1.207805438474060509e+02
1.079144485215745988e+02
9.829238438658791210e+01
1.032606998624024044e+02
9.804005243430839300e+01
1.123307548865285099e+02
1.195043789267282932e+02
1.170846717765911649e+02
1.081248847083892599e+02
1.025230843542685051e+02
1.031301829241742496e+02
1.067140174729321558e+02
1.034050509305239984e+02
9.991173226275806485e+01
1.065156063668868427e+02
1.095905670924815638e+02
1.225655276519797923e+02
1.236383895689214683e+02
9.381818909506701232e+01
1.039618573221318627e+02
1.150460226028727249e+02
1.055221369219943028e+02
1.176824601817360474e+02
1.031222548029382295e+02
1.102028353967620831e+02
1.061215734629219014e+02
1.081509288460674156e+02
1.049544777773621433e+02
1.066171948179624707e+02
1.180771987802342124e+02
1.123911044952103566e+02
1.049306063639898099e+02
9.790985572209801546e+01
1.096018601520507190e+02
1.128031139904066151e+02
1.170250984359464184e+02
1.124590859481785543e+02
1.003950445840521581e+02
1.253367815898842110e+02
1.256936462519636564e+02
1.092422877091170363e+02
9.106738024797425624e+01
1.146068885200807159e+02
1.144799781778232983e+02
1.145618963082746262e+02
9.842975397208728339e+01
1.091046059553507774e+02
1.215946768305832677e+02
9.758428340253593092e+01
1.023699674031593929e+02
1.263891599149971228e+02
9.343192768410573024e+01
1.180484699637432726e+02
1.023164523823424048e+02
1.093457800849350861e+02
1.132298909097443698e+02
1.025266519724475813e+02
1.101856950349994548e+02
1.092377325167649502e+02
1.126653542180821574e+02
1.040717834992947957e+02
1.210229612710559906e+02
1.085709053503383217e+02
9.941150949175785456e+01
1.094446257652339227e+02
1.166744662237310450e+02
9.500442776078516260e+01
1.013093439157632218e+02
1.106324648419594183e+02
1.276345459659309824e+02
1.154845001187249096e+02
9.498563592080229512e+01
1.060741435926779275e+02
1.148376434792815814e+02
1.107309563776564119e+02
9.080018496348934320e+01
9.782383506601973977e+01
1.064877971381581574e+02
1.368626483595083130e+02
9.876388034848598352e+01
1.056207993450542517e+02
1.200685411324670469e+02
1.021841022688606984e+02
1.040799689193362099e+02
1.069927842651038361e+02
1.009474339074494367e+02
1.122881023177691873e+02
1.274861740793548393e+02
1.061777178410821563e+02
1.182633861168231704e+02
1.350213460139503354e+02
1.285077454065590814e+02
1.024672679229708336e+02
1.148985023800124736e+02
9.975957830296387385e+01
9.962139260930358375e+01
1.100712335525150252e+02
1.201812075738908590e+02
9.296558271906289406e+01
1.201828130633815732e+02
1.056693837488902261e+02
9.741897316880351809e+01
1.213109457573168157e+02
9.473913584405605093e+01
9.833982265649007104e+01
1.204253788668319487e+02
1.009377842961520315e+02
1.207085790833227463e+02
1.169978383074618051e+02
1.065880522207558556e+02
9.922534811739109273e+01
1.014425148843663891e+02
1.140956082793905324e+02
1.261163336973085194e+02
1.053634170196739177e+02
1.024138889096583540e+02
1.063812003206812591e+02
9.777805736030713035e+01
1.006299551100652963e+02
1.124785866036585986e+02
1.210514872143855740e+02
9.827874870685823794e+01
1.161346409147318610e+02
1.061016432096403292e+02
9.743459953531592532e+01
1.116985514700774615e+02
1.092383738022582804e+02
9.059344523821940243e+01
1.172307061832815265e+02
1.260602012599557469e+02
9.937262690529448150e+01
1.390679795680837287e+02
1.028776969958664864e+02
1.226662754309208907e+02
1.191193371912134609e+02
1.033931672215212103e+02
9.373591258701091533e+01
1.071406103352062047e+02
1.102640620941907628e+02
9.397107436824028071e+01
1.053449485540443220e+02
1.099998342406820484e+02
1.177829435584140612e+02
1.006664246059050640e+02
1.080133545988929882e+02
1.191318312359264837e+02
1.069880462165140216e+02
1.029559751746330392e+02
1.034205567877626493e+02
1.037129846858377107e+02
9.789047369910402097e+01
1.229391760122872341e+02
1.028835912183953383e+02
9.345370753560544586e+01
1.159083871515010884e+02
9.934864903843192963e+01
1.215808745383773157e+02
9.004680289303300356e+01
1.357486514931296711e+02
1.075651475214758079e+02
9.809423831633523605e+01
1.214640715970786999e+02
1.047764399598897427e+02
9.553186615081068567e+01
1.157963086048373924e+02
1.081071404425815956e+02
1.158904434117365270e+02
1.125641842147415161e+02
9.371944905577952056e+01
1.042574227513955520e+02
1.152961218930015264e+02
1.155068935840070878e+02
1.155625298877274503e+02
1.109137743144886201e+02
1.022230427011233331e+02
1.071908899373118231e+02
1.141214957595010873e+02
1.065082433117893572e+02
1.237456522910210310e+02
1.065582131752645836e+02
1.022589048463026700e+02
9.038118467010852441e+01
1.058114688315790914e+02
1.305424339383730228e+02
1.212780072663524891e+02
1.135141240025687068e+02
1.185287287402547776e+02
9.452578587775713004e+01
7.952031011445741626e+01
1.220528046231409007e+02
1.206863595321064508e+02
1.390164607936825405e+02
8.841608047293230754e+01
8.495182848607191772e+01
1.002176666880029359e+02
1.078633208920755635e+02
9.987075259817787298e+01
7.583939934806099359e+01
9.086561766518619265e+01
1.508684376100646318e+02
1.107896676166036372e+02
9.970919431612672668e+01
1.056182855163214498e+02
1.113928480193275732e+02
1.104154455632433098e+02
1.181273111658847625e+02
1.110618992524267412e+02
9.218285632081129677e+01
1.286252611192473125e+02
1.043070297442725121e+02
1.149246789551288970e+02
9.751183967084885751e+01
1.258165436139299089e+02
9.129936988447578017e+01
1.054014764140472238e+02
9.338530679815359292e+01
1.165000379020643635e+02
1.227416236479189422e+02
1.155433690864389860e+02
1.121571309091017383e+02
1.099867888051995948e+02
9.684509381774026338e+01
1.030719368240274321e+02
1.185127500208539999e+02
1.070808059827039784e+02
9.003159806395213138e+01
9.754854392437334809e+01
1.127674790386988519e+02
1.324715513202476416e+02
1.070745287583891354e+02
1.031952114835664389e+02
9.690155315494224908e+01
1.174954046222141102e+02
1.077657471834831142e+02
1.189717125252721672e+02
1.099771251553351590e+02
1.019312336340551468e+02
1.221602322775377871e+02
1.102686138258106325e+02
1.131584070029998230e+02
1.081106920257989117e+02
1.008261670338212355e+02
1.260638877794706474e+02
1.127169911950248746e+02
1.000048588365983875e+02
1.074266505698559513e+02
9.859957861745793650e+01
1.098618117598966677e+02
1.075345642746641346e+02
9.578628787185625981e+01
1.224780267424517604e+02
1.198476404796252837e+02
9.593022586604624280e+01
1.167563221365339814e+02
1.139102712556321819e+02
1.094509390195165821e+02
9.349806743981227442e+01
1.183652114452002451e+02
1.124741469697435718e+02
1.114662900290653909e+02
1.074802202108191693e+02
9.535543660555337908e+01
1.103930753173356720e+02
1.075811352110711852e+02
1.140677603630184933e+02
1.050957396029508857e+02
1.112729807643503790e+02
1.094241011279613929e+02
1.294977557043011984e+02
1.112836298703783200e+02
1.000180271692520506e+02
9.374401579741378043e+01
9.695664303778636395e+01
9.915338175374976970e+01
9.301321101505328670e+01
1.119294966703219103e+02
1.196167790232939296e+02
1.248736030518228830e+02
1.100119172363624358e+02
1.041911712879691834e+02
1.170692101786636670e+02
1.133855037590221713e+02
9.078052084088221818e+01
1.085538728149256542e+02
1.087830309111454170e+02
1.104378628938516300e+02
1.235417953363611900e+02
9.398963708603542955e+01
1.140339072414837460e+02
9.886583111493268916e+01
9.951663951009317088e+01
1.155784005921117483e+02
1.105522453779542076e+02
1.123621762149170991e+02
1.190638038234699252e+02
1.005908700151711486e+02
1.106337370437805561e+02
1.071873866957823651e+02
1.139377577856914883e+02
1.015653693896915826e+02
1.028507643479747884e+02
1.058707444225890271e+02
9.456312547180485240e+01
9.769585660955115713e+01
1.009143218145276535e+02
1.283346050202642346e+02
1.076539362323799764e+02
1.187235013265115100e+02
1.077896900579389410e+02
1.161792305396233758e+02
8.580596657575277675e+01
1.129604769847795467e+02
1.161208536741737163e+02
1.151197002339293931e+02
1.251258282594780127e+02
1.145530318692698728e+02
9.911359407448138370e+01
1.194873197275676375e+02
9.775049246254982904e+01
1.037344139731194730e+02
1.181407687082480606e+02
1.168280495033089608e+02
1.029015804834124594e+02
1.077237949297440451e+02
9.008680294275215772e+01
1.192339474088206828e+02
1.126071907806486792e+02
1.176590798464654029e+02
1.061710391944203309e+02
9.688786930207369608e+01
8.246133450546068389e+01
9.255610015634768217e+01
1.067983379813293254e+02
1.053100097756140201e+02
1.213380883256590579e+02
1.044044452613122189e+02
1.138781032717670172e+02
9.700876547681697559e+01
1.118037460351610974e+02
9.363119350191675494e+01
1.224609718678630372e+02
1.241659398756200687e+02
9.681374985024145019e+01
1.025881796455424109e+02
1.082489106703688861e+02
1.049736064808979279e+02
1.121484731844452511e+02
1.262534500607985848e+02
1.041178195370287654e+02
1.075198096140004509e+02
9.991805459512147536e+01
1.170095504411238494e+02
1.061216344834727465e+02
1.104868354170502158e+02
1.117919539069593924e+02
1.048493847504006595e+02
1.061387635537967071e+02
9.706847482959351225e+01
1.142017403781709532e+02
1.099198514920486502e+02
1.117538074180084777e+02
1.144337004036263323e+02
1.091488295543956752e+02
8.581051362000177107e+01
1.142308327150042118e+02
1.224844240930550967e+02
1.087120625960202318e+02
1.188203954656693071e+02
1.056517860818574803e+02
1.093245465859674823e+02
1.126875810394706292e+02
1.102240524159925883e+02
1.031431756783349130e+02
1.091199387687873354e+02
1.200073336830351707e+02
1.069079192556108069e+02
1.033032812141058656e+02
1.129185402871366222e+02
1.262542899564321033e+02
1.128912095194997676e+02
1.129730927614142644e+02
7.092428378433949376e+01
1.201743484326546962e+02
9.504173636713838391e+01
1.140097968916242621e+02
1.011007386157665024e+02
1.265619922207944370e+02
9.457817298612089019e+01
1.090248687902883944e+02
1.055581330325859142e+02
9.977358961764436174e+01
1.215268485054782559e+02
1.031177011229593461e+02
9.099294569071925309e+01
1.057732634098676812e+02
1.288059252662293375e+02
1.325247285393977563e+02
9.574196505995215034e+01
8.903608442697648684e+01
1.108230487107211673e+02
1.020767014879893964e+02
1.290689870302290103e+02
1.136396213654319780e+02
1.004564348802195752e+02
1.212038932381787504e+02
1.204795036514776285e+02
1.071093337934662344e+02
9.305432022468504272e+01
1.067466497365383731e+02
1.158041073393700771e+02
1.162793017158434310e+02
9.827685937777833658e+01
1.157437127738849512e+02
1.028262432543566689e+02
1.197965599602538731e+02
1.175848832695658928e+02
1.102606766767906379e+02
1.220849791597376424e+02
5.718455180489032585e+01
1.086149312376523568e+02
1.138142527560125501e+02
1.170996358867380849e+02
1.120958418451923535e+02
9.803363668865230807e+01
1.076593290343805194e+02
1.069215360194783671e+02
1.187378879956394258e+02
1.119121365157139678e+02
1.022061984912017039e+02
9.917544534964331149e+01
1.192169304397308878e+02
1.050247634383262891e+02
1.019092630722889368e+02
1.152481702657056246e+02
1.134770256263421260e+02
1.022727850998812187e+02
9.586757714408258835e+01
1.223976691187555588e+02
1.001901529470104890e+02
1.098113902981252039e+02
1.178792154847650977e+02
1.027809024277462271e+02
1.192942578539097269e+02
1.055728052884259682e+02
9.842350866898375727e+01
1.006633997785357337e+02
1.234601318486551236e+02
9.416920765040067920e+01
1.255901091800053990e+02
1.052536892082891598e+02
1.017795188182854389e+02
1.093370453444085939e+02
9.926158748640148133e+01
1.186519539990788701e+02
9.723515849700697800e+01
1.302292592577400114e+02
1.044731690722187665e+02
1.422996565494778167e+02
1.016228951968528662e+02
1.081581672469828277e+02
8.284021841410275044e+01
1.038272382472461999e+02
1.137299625989062832e+02
9.970882861765939253e+01
8.940735137412856659e+01
9.620049639960453192e+01
1.416092550789206257e+02
1.097117378474857929e+02
1.061869779966554859e+02
1.089932372706620214e+02
1.033204165309808928e+02
1.091398640470549140e+02
1.125711322531810055e+02
1.210408252384534507e+02
1.001785233137755569e+02
1.252283265198818896e+02
9.664653320054311791e+01
1.081886536214700669e+02
1.082705342911921207e+02
1.066940396381606035e+02
1.112878572633136400e+02
1.085882173428339144e+02
1.209996880806962878e+02
1.104667800717331829e+02
1.088105667129330101e+02
1.036850620624308590e+02
1.155554577325237631e+02
1.007050295708410061e+02
1.155574946113773649e+02
1.132355036407580116e+02
1.328627863299111596e+02
8.833743362088269180e+01
1.141458725607670317e+02
1.042786073528416750e+02
8.949693883167572039e+01
1.337753734162716910e+02
1.061665627435679369e+02
1.023964223740261872e+02
1.205206265510841632e+02
8.747196878121516761e+01
1.129398817690366741e+02
1.179104620163952433e+02
1.132243873233637714e+02
1.269390301462822634e+02
1.109384989968682476e+02
1.021124056201249459e+02
9.701712091580662900e+01
1.207515450076776062e+02
9.345536718946625854e+01
1.130106156723222171e+02
1.057019750170511401e+02
1.056001790116735179e+02
1.163144852367309454e+02
1.036709885974539134e+02
1.099073263845684352e+02
1.145559340432835427e+02
1.200330110411517524e+02
8.156782679183818630e+01
1.296093690730616572e+02
9.747878825915211110e+01
1.312884793980296365e+02
1.116039037491667756e+02
1.002781516596417219e+02
1.004133858111656963e+02
1.091669018888098890e+02
9.799960744986415762e+01
1.304254499104040690e+02
1.173826140993185447e+02
1.065612981712869214e+02
1.051804704406895326e+02
9.698119228457923668e+01
1.173065061077344495e+02
1.021106000489011052e+02
1.171322523943784972e+02
1.150579796464963067e+02
1.157129016915308029e+02
9.589194710930385668e+01
1.037427659418361685e+02
9.704237903704340340e+01
1.286545178653651647e+02
1.121492040215445627e+02
1.012054673615318023e+02
1.097533260932173391e+02
1.200617523824390673e+02
1.032627384015038530e+02
1.103801980892948791e+02
9.947502428880142133e+01
1.139810381749222046e+02
1.133465375327060940e+02
1.217201840411241420e+02
9.350045273070185203e+01
1.128158067370729611e+02
1.064839041075111510e+02
1.018660737266971381e+02
1.115626311726385893e+02
1.173335777687187971e+02
1.319500922093576492e+02
9.725068204222262125e+01
9.689601787402875743e+01
1.173450867851633177e+02
1.127447807565751248e+02
1.111437459116709476e+02
1.001602572590779516e+02
9.593672717606089861e+01
1.182562574916387490e+02
9.941061743519202309e+01
1.178358842389354351e+02
1.240449756296003159e+02
1.197637951861368037e+02
9.913702068682431445e+01
9.674094146456747012e+01
9.976190328249114714e+01
1.051016525227990712e+02
1.242543330197352276e+02
1.170420856769030422e+02
1.075129044127581039e+02
1.246970547480162423e+02
9.112900075444001402e+01
1.054289566695126439e+02
1.052225416536401212e+02
1.004251137894237189e+02
1.239752740394429367e+02
1.085958580120930321e+02
1.072713500437387779e+02
1.039352589696075029e+02
1.104170734793078026e+02
1.120313805623265893e+02
1.086362147221357901e+02
1.137010091662303211e+02
9.929010599175742868e+01
1.227767951479823267e+02
9.693386912757632956e+01
1.175026521082261866e+02
9.893044557224921220e+01
1.196851676431133598e+02
1.112866685852003741e+02
1.134747153375023316e+02
9.056026139261565788e+01
1.034255366326217285e+02
1.203730056053532280e+02
1.128172104191068712e+02
9.157284427986878939e+01
1.157153823846252010e+02
1.110594693629610390e+02
9.882236617514858779e+01
1.021550336691916385e+02
8.695004825357742106e+01
1.232800295189973383e+02
1.228086586891332814e+02
1.104652049922008388e+02
1.028377810201797473e+02
1.076436140882774453e+02
1.075667959782218759e+02
1.311021383323125633e+02
1.130380018959685202e+02
9.307309756489394204e+01
1.030280998157543877e+02
1.039929317589289752e+02
1.016750280299413589e+02
1.136442162880481277e+02
1.164878355086642188e+02
1.021748576644986883e+02
1.215792985338893004e+02
9.501206426662697879e+01
1.018067583287993330e+02
1.066295279520486474e+02
1.097943350158802076e+02
1.073805818511421819e+02
1.203967380567394372e+02
1.149526733470140982e+02
9.695641766314147958e+01
1.032579873250080311e+02
1.178360705112118012e+02
1.165177995379602720e+02
1.090563893603334407e+02
1.112842454893587387e+02
1.169276442226334609e+02
9.774330522067940308e+01
1.226738895608586688e+02
9.576973294844401607e+01
9.737416477246834745e+01
1.132129828381730050e+02
1.051483396765625997e+02
1.150232040422075528e+02
9.761653319056856049e+01
1.139785333881506091e+02
1.099653071517482346e+02
1.058025673839193104e+02
9.450893758992562255e+01
1.153514768450876176e+02
1.207228081393018613e+02
1.180828273876458638e+02
1.004456264797143206e+02
1.340024804179604416e+02
9.503679017917390581e+01
9.736230755725371466e+01
9.203546938224819485e+01
1.145639850463878275e+02
1.127167439742761275e+02
1.051835819515216173e+02
1.269444537072471348e+02
1.053458353536047980e+02
1.127618186859815381e+02
1.108786982411887720e+02
1.195523057003280911e+02
1.142913949104772229e+02
1.006702417921476354e+02
9.773002968216478337e+01
1.132728312901521974e+02
9.905763567368238398e+01
1.203740484496395169e+02
1.209958042210949429e+02
1.062832923696289384e+02
9.659883027017927759e+01
1.103354767472322919e+02
1.016378046737525125e+02
1.128304370376344679e+02
1.065379088920357447e+02
1.058744809636640269e+02
1.001769754687550176e+02
1.118574214142225998e+02
1.131443392628624736e+02
1.096411704320251488e+02
1.154356214345366283e+02
1.174016827767820672e+02
1.022463671540349992e+02
1.102161389192129519e+02
1.236596330259161931e+02
1.146242116543827905e+02
1.093232949462245074e+02
8.023614582376927729e+01
7.594950937160689364e+01
1.350188548150470922e+02
8.410053183132131949e+01
9.812445265436635111e+01
1.129258781286516466e+02
8.327338447281711353e+01
1.547195058629898767e+02
1.088737016011525185e+02
1.271033331518308387e+02
9.391585442595565780e+01
1.123439316442931499e+02
1.238677263224918761e+02
1.104506694819464769e+02
9.083113616895219877e+01
1.015120751181045335e+02
1.138222245738705425e+02
1.317712540688403919e+02
1.065974319993205910e+02
1.011480403756398943e+02
1.052130846837904699e+02
1.127400433814770935e+02
9.240128080347759010e+01
1.113756678305090162e+02
1.074221649298338832e+02
1.137109077131783863e+02
1.135921336221019402e+02
9.621735979598791744e+01
1.143901142334473491e+02
1.007721865741368674e+02
1.390233772543677446e+02
1.069742728620988146e+02
9.641088600403945463e+01
1.119065272118633629e+02
1.004423294006199967e+02
1.061793963022452374e+02
1.210069574840804876e+02
1.010642787093393906e+02
1.241766156290575225e+02
9.726716288046705472e+01
1.009108978605592739e+02
1.147929776851185579e+02
1.009262198381493931e+02
1.168478935853358252e+02
1.137440251081862499e+02
1.062626889278092932e+02
1.039008720735890847e+02
1.190376987921209633e+02
1.265480086288123260e+02
9.801886656116793972e+01
1.196525865317605906e+02
9.346597990186130289e+01
1.071637250974652602e+02
1.046488245428527648e+02
1.041961010121905673e+02
1.136095409685621291e+02
1.061801308194270206e+02
1.121437579099658421e+02
1.228637278013007688e+02
9.808012832016898130e+01
9.327642669896583527e+01
9.448341829597723063e+01
1.365216916095375552e+02
9.619019148892877524e+01
1.161130572399046201e+02
1.120269674984762247e+02
1.183124526345074798e+02
1.025265356295060002e+02
1.016827728387014247e+02
1.029562610462016181e+02
1.055449973050703107e+02
1.271439998346908453e+02
1.007878523118638157e+02
1.144992476432128541e+02
1.022493672350800722e+02
1.210250666524541145e+02
9.877868264936816445e+01
9.494839586957638744e+01
1.184982712948034163e+02
1.291525570663370104e+02
1.170532706496531006e+02
9.783851605130432461e+01
1.097881612550697099e+02
1.045473044713188244e+02
1.156769699182387399e+02
1.179727307869285369e+02
1.116167905818988970e+02
9.682441410419967553e+01
1.216058899837516663e+02
9.659777639235117874e+01
1.059932479047621712e+02
1.113056353278959421e+02
1.019212385816465343e+02
1.129205503922335794e+02
1.178645635745853468e+02
1.045846162757428601e+02
1.085088925226758789e+02
1.000890515361797810e+02
8.692734324373266475e+01
1.033227593026144291e+02
1.353715952707000554e+02
1.113140816489497382e+02
1.096559139320353182e+02
8.405160470672085182e+01
1.048359329986332398e+02
9.858368739809623094e+01
1.335484136851837320e+02
1.262984256974517905e+02
9.787306019260309142e+01
1.397013107973381807e+02
1.134937171478278231e+02
1.011319401272145200e+02
1.027874910092524914e+02
8.496538115401885705e+01
1.053183769596379875e+02
1.095783309676638027e+02
1.282492512109831466e+02
1.046507279969395654e+02
1.047541248463127488e+02
1.034063698164786445e+02
1.035936573254569737e+02
1.111795897593094651e+02
1.278976184017824238e+02
9.998155321046951371e+01
1.107583461254263000e+02
1.071259967923880083e+02
1.156533581064747693e+02
9.965403163795903652e+01
1.032787659851352089e+02
1.256741815596987806e+02
1.062191431736811893e+02
1.170452927927070306e+02
1.101748985733639330e+02
1.013446449089782959e+02
1.076827208450954316e+02
9.782088926671109164e+01
1.229029028156112986e+02
1.024023465790718319e+02
1.198904790500059079e+02
1.014249669167055572e+02
1.090891358300350191e+02
1.063681259187615211e+02
1.117983933594457540e+02
1.219903872418380217e+02
1.163075575415983849e+02
8.922370255942196593e+01
1.095590684966648496e+02
1.083199944136764543e+02
1.159101581521791360e+02
9.929076904447616414e+01
1.035361529884748393e+02
1.178576765216821087e+02
1.124559577568796271e+02
1.307337296455222599e+02
9.167217121646469025e+01
1.226101222376117619e+02
9.324155294972226216e+01
1.023100403457129772e+02
1.074598151545383757e+02
9.987241627107049169e+01
1.143573378737521864e+02
1.159228643930897817e+02
1.091304755476313773e+02
1.196927323151768547e+02
9.848077415492342368e+01
1.222438412274652251e+02
9.293150640922252137e+01
1.028501749547556443e+02
1.205611627339884109e+02
1.158798005469632386e+02
9.744057761734038081e+01
1.008831308379790386e+02
1.172039640709030550e+02
1.178044422905840634e+02
1.322978185655359766e+02
9.511925661368029239e+01
9.158888696280099850e+01
1.230375147456158231e+02
1.054814009021593080e+02
8.873140482886438463e+01
5.189116441077017328e+01
1.475390371474692586e+02
1.178664401997657762e+02
1.018228787611856347e+02
1.086009095511420242e+02
1.173218288987080768e+02
9.437701480308984969e+01
9.578141925181878946e+01
1.294796645232738967e+02
1.129041964794969459e+02
1.029304834716312200e+02
1.046282784502357828e+02
9.453090180540066001e+01
1.104442615317907439e+02
1.318355597393637026e+02
9.871695430729862153e+01
1.071534930564985046e+02
1.080501773025062562e+02
1.165755586017719025e+02
1.103057081407034019e+02
1.033029543190605892e+02
9.537061611865364341e+01
1.191303422127598708e+02
1.121896322077243013e+02
1.161233284914161601e+02
9.526376590092280594e+01
1.004752601413515833e+02
9.411835575928722619e+01
1.112598232532104134e+02
1.045941153718933236e+02
1.192136096272097632e+02
1.094834912264702780e+02
1.152564529200107870e+02
1.174802685649784308e+02
1.103349070282097273e+02
1.186774599381781172e+02
1.150574063410855956e+02
9.265687688657705223e+01
1.006483308819889118e+02
1.100377097492586245e+02
1.141216919295245020e+02
1.183582494120424968e+02
1.067170726186124625e+02
1.001355964684655788e+02
1.060666422664992012e+02
1.106403242139113274e+02
9.943823646512814207e+01
1.263568850131269414e+02
9.700230105928919500e+01
1.098152075078468357e+02
1.089859841345413543e+02
1.022428798065611488e+02
1.030710604040755101e+02
1.174289474359727876e+02
1.095751412584462230e+02
1.046571369599055714e+02
1.186268842759877202e+02
1.223688580502545875e+02
9.670944864016504994e+01
9.180015234489036402e+01
1.376173474565009087e+02
1.034372199448809795e+02
8.984630811799850392e+01
9.723425902277557498e+01
1.104984332234450193e+02
1.325793499036533376e+02
1.219421780859391049e+02
9.393768447121051679e+01
1.017796301111418842e+02
1.020554628965224850e+02
1.039705809881504450e+02
1.078085387765311935e+02
1.105277113145654084e+02
1.170453028376979461e+02
1.138374711023481609e+02
1.123249280747318863e+02
1.089701035102038986e+02
9.783194660463186665e+01
1.176427454008606190e+02
1.237639092360217887e+02
9.334613311357075816e+01
1.183649888535000940e+02
1.112321529963663096e+02
1.147329096338112606e+02
1.076698036271352663e+02
9.877166079334934068e+01
1.046138168658586522e+02
1.128366501520550713e+02
9.794561255724754290e+01
1.247524681216367952e+02
1.129018333908869351e+02
1.117782416466050677e+02
9.320062099902439456e+01
1.029638984358920624e+02
1.136929103507841603e+02
1.231822558578436144e+02
1.062129303199838120e+02
1.033794556920830843e+02
1.057101385750848550e+02
1.011289154740146898e+02
1.062939912873971622e+02
1.159349798301644796e+02
1.261877016501718884e+02
1.057753161634989141e+02
1.023856488848241355e+02
1.128752899656460755e+02
1.160012949749911684e+02
9.822411645595461493e+01
1.226388463802955329e+02
1.084630228899711710e+02
9.254117177343073308e+01
1.091417466371197662e+02
1.079805933671358531e+02
1.195055609676056889e+02
9.103675029154247511e+01
1.193347142839623416e+02
1.051585445485056596e+02
1.142182619338323519e+02
1.172239587249733290e+02
8.546004806926298158e+01
1.285571473388082495e+02
8.892339508932003866e+01
9.470974732516508254e+01
1.053763185776223708e+02
1.114231250428934885e+02
1.215343114912519127e+02
1.073063005784112960e+02
1.017387363968861251e+02
1.081751133932813786e+02
1.170141781433724333e+02
1.024529926870701360e+02
1.067924320426132141e+02
9.612177407601905088e+01
1.256024238463339344e+02
1.062780567170970443e+02
1.139340879925640877e+02
9.296098354879268300e+01
1.156248521107943787e+02
1.337631418736596913e+02
1.122098151679348774e+02
8.919344354088001126e+01
1.075329735445949666e+02
1.016032815852103681e+02
5.142619730696758751e+01
8.038109350563367173e+01
1.042236155773938577e+02
1.190638465340179266e+02
1.207826101078202754e+02
1.293757829238824684e+02
1.043573104975109374e+02
9.964241622432854228e+01
1.049098995608937770e+02
1.137228213461594493e+02
1.014144136705914718e+02
9.522808675047809857e+01
1.198940275117521566e+02
1.044349829181770559e+02
1.039065395168483121e+02
1.083004018667105726e+02
1.214085683095941448e+02
9.318525258188562077e+01
1.240055214028034101e+02
1.005373345944209689e+02
1.273161378531803933e+02
1.023665961565336033e+02
1.051065938921016709e+02
1.086548100284893508e+02
1.109383814665162049e+02
1.244276591973704882e+02
1.068646846083647688e+02
1.004683649144345310e+02
1.039842347600859682e+02
1.104758496241499586e+02
9.363487952762076816e+01
1.225449987004787005e+02
1.204877464265530733e+02
1.197576028176742824e+02
8.769522357917203692e+01
1.071667255046910441e+02
9.311559549581777162e+01
1.107824048772725263e+02
9.252297849407746355e+01
1.181413324799532347e+02
1.257631125666015919e+02
1.097476679166461651e+02
1.017450227275308521e+02
9.959114748779620641e+01
1.123320766980468193e+02
1.260270008882584136e+02
1.132073476985775642e+02
1.030779802527123792e+02
1.165613667369391351e+02
1.119768130971538653e+02
9.163207173975322917e+01
9.334875526874122897e+01
9.920943471582735640e+01
1.232346309615027309e+02
1.132912160587878674e+02
9.373193140884012564e+01
1.204594638080106108e+02
1.052488161584396806e+02
1.018226244749540541e+02
8.821019763908735456e+01
1.320025094408844097e+02
9.864287214370122570e+01
1.052503689794905597e+02
1.004583143916905783e+02
1.308063716123564575e+02
9.237436961144906888e+01
1.055512488799403599e+02
1.122432434679508759e+02
1.011190134540126593e+02
1.154462186714299605e+02
1.000579544297722094e+02
1.202017316527147841e+02
1.060727925555852806e+02
1.023124674373606240e+02
1.175681579547064644e+02
1.108314264354750520e+02
9.623509566533148529e+01
1.093503077994912189e+02
1.206711027429979595e+02
1.213441305723167716e+02
9.784724437876029413e+01
1.110841434782474408e+02
1.015031612867164910e+02
1.116752117143604579e+02
1.190013879590702999e+02
1.182237524392212435e+02
1.039876230545869475e+02
1.030365568227682047e+02
1.173473898779793529e+02
1.019880917849574047e+02
1.024946390705049879e+02
1.037330982059922064e+02
1.155671512602438895e+02
1.126838240594503731e+02
1.035900516488685525e+02
1.142561030876915567e+02
1.068609646428726734e+02
1.069161900981961963e+02
1.065550409342138636e+02
1.090856791136086485e+02
1.058304441712383266e+02
1.117565210324367797e+02
1.025393595668061124e+02
1.204041118256283198e+02
1.039426906139423750e+02
1.131074551538323050e+02
1.025275251194494786e+02
1.110554185046012776e+02
9.892136682431609529e+01
9.639080791302536966e+01
1.202745875407744620e+02
1.251649107012604247e+02
9.871724304086066581e+01
1.175718117020759905e+02
1.079539894049931945e+02
9.417492779701096595e+01
9.431580589918856106e+01
1.230406514997988126e+02
1.206938502916254521e+02
1.085775446089051997e+02
1.024051485974540299e+02
1.060117170585667310e+02
1.257046843448840150e+02
1.190688208277589837e+02
9.443860333070509228e+01
1.097237455340694510e+02
8.589677242137423718e+01
1.209658176250499082e+02
9.932359170495141143e+01
1.284996948935765886e+02
1.118089388471346268e+02
1.061802759698984175e+02
1.201907424318429491e+02
1.102919726815514565e+02
1.014361504194762915e+02
1.072458942468405354e+02
1.095363569970303246e+02
1.074741094003508977e+02
1.116893994812645587e+02
1.064548390918096885e+02
1.053707281491675758e+02
1.276638935256498684e+02
1.095784640686651983e+02
9.276616833925017147e+01
1.328642621938108732e+02
1.069776199834898591e+02
9.524980720813795187e+01
1.053338343742690313e+02
9.596396589221073725e+01
1.217578537615091108e+02
1.194117992971244320e+02
1.097062857138720773e+02
1.154574945390159115e+02
1.232780843641628223e+02
1.102271890514351895e+02
9.890977417030215690e+01
1.037178540175829227e+02
1.038672407614333224e+02
1.176020091659633522e+02
1.079225010784270324e+02
1.040911429193412516e+02
9.364241873406687944e+01
1.278384335095303328e+02
1.013961302524657810e+02
1.165541503585228895e+02
1.011589900352082907e+02
1.233843457936815042e+02
1.048613935795445116e+02
1.158809000117249326e+02
1.063634095118382561e+02
1.037776035742859193e+02
9.665117945425032531e+01
1.107348097250272048e+02
1.065767250971698843e+02
1.050461726354557186e+02
1.015190441825140226e+02
1.221497781546105301e+02
1.038207536357185035e+02
1.035193931453004694e+02
1.187427798383087634e+02
9.980731979273845411e+01
1.078762075081956766e+02
1.147568183336891394e+02
1.039465025481390086e+02
1.084336409948767539e+02
1.052344162387584134e+02
1.214014388118744137e+02
1.059918890251670973e+02
1.105798088642763162e+02
1.245054490935668952e+02
9.161519142922369952e+01
1.207129226201379311e+02
1.122841244794652624e+02
1.023666145356501858e+02
1.028926904643626301e+02
1.138447208601940019e+02
1.044395640024193881e+02
1.067783365746301598e+02
1.076154987690018601e+02
9.759273528749668003e+01
1.221967620089440345e+02
9.926787326125599975e+01
1.075339520504992095e+02
1.199125525114807118e+02
1.108205677911026470e+02
1.232931152431519024e+02
1.171229353160973830e+02
1.400260679961168080e+02
9.282650186581638252e+01
1.034618313465272621e+02
1.146862755149797550e+02
1.071105785231925012e+02
1.240842546974945861e+02
9.136853777485130479e+01
9.516790718618064204e+01
1.250640990995279367e+02
1.266450513330218399e+02
1.039291951177058024e+02
9.630665130713704514e+01
1.020571963721333901e+02
9.843641004305553110e+01
9.429771197222748924e+01
1.240983969050078599e+02
1.251162551017740157e+02
9.631726235146666681e+01
1.192303569699347321e+02
1.037299785580397185e+02
1.150753208916780324e+02
1.245090780327337114e+02
1.012208115144476039e+02
8.868172087953246319e+01
1.149166928955200007e+02
1.075527903929861537e+02
1.228370107880778477e+02
9.403644347483982813e+01
1.084064016302883715e+02
1.106088337555728032e+02
1.072059619274785121e+02
1.134887004360609666e+02
8.735005902234347275e+01
1.123058102473186892e+02
1.091674504673042918e+02
1.033384862887337903e+02
1.311368066977165654e+02
1.111416129185734434e+02
9.225292218475213701e+01
1.110181142078996572e+02
1.037563308691881474e+02
1.098773612420443868e+02
1.156084186412544170e+02
1.203367266736214134e+02
1.037663164373862799e+02
1.132898526757635267e+02
1.068979348809989176e+02
1.289935723888291363e+02
1.059309859268257270e+02
9.185486727077272917e+01
1.040292096668998596e+02
1.161545492037464840e+02
1.085007046027104280e+02
1.131811246948676626e+02
1.056541052054471095e+02
1.123255237517809917e+02
1.039978711931377831e+02
1.111590547898196633e+02
1.264654659717784853e+02
9.349393674729495274e+01
1.129703639656236334e+02
1.039370793683167875e+02
1.177848292460157182e+02
9.558299462674526126e+01
1.128613054300385699e+02
1.071801518183631003e+02
1.046658036005154173e+02
1.192616560816325375e+02
1.068870215725597177e+02
9.279917053806927640e+01
1.048342501156606517e+02
9.603396952562080457e+01
1.190056049399301656e+02
1.164235174749082091e+02
1.040265557552454680e+02
9.837352524778114571e+01
8.919223456854260235e+01
8.980173277943268317e+01
1.305476011716689015e+02
1.048239515047990977e+02
9.653618224406628201e+01
1.036740390110412733e+02
1.075515846655050183e+02
1.139358235292385331e+02
1.207135546064442053e+02
9.401569054734817144e+01
1.154399455898775813e+02
1.142784286919934971e+02
1.019300571523626644e+02
1.107890323278384557e+02
1.269447021621531633e+02
1.162856634895262573e+02
1.028868687850981303e+02
1.042462239639514507e+02
1.120732001960884077e+02
8.739075737040792546e+01
9.698378344011294416e+01
1.069613971272761574e+02
1.149070013443327554e+02
1.042102333408047343e+02
1.084378119518811445e+02
1.170396695852905253e+02
1.155003400717982345e+02
9.367363864728342548e+01
1.167922701672103187e+02
1.171573357614683601e+02
1.201567430002072996e+02
9.225386132310318033e+01
1.024059515376468994e+02
1.165672202588206972e+02
1.086903546103966391e+02
1.172003821345830232e+02
1.138840775015223414e+02
1.122739594137693473e+02
1.120964154759834344e+02
1.008362830815188289e+02
9.807255463346992030e+01
1.094549364202968604e+02
1.088177816937178193e+02
1.235752937253074180e+02
1.050178327898502886e+02
9.693707456138241696e+01
1.332344045905854841e+02
9.791391555598372065e+01
1.089611712310183265e+02
1.089471602797108005e+02
1.044746344962165949e+02
1.001705693516225324e+02
1.311136431316624567e+02
9.766076623170545190e+01
9.706220506127226599e+01
1.199488757007088964e+02
1.026362809866600685e+02
1.012081662869004361e+02
1.230859131047376991e+02
1.194983380688907317e+02
9.608414292557417014e+01
1.149854934697273023e+02
1.247871143317271816e+02
1.102606721437661008e+02
1.176431084844207220e+02
8.945231646955031124e+01
1.017370847110668990e+02
1.090125760693120611e+02
8.836730994239765380e+01
9.676638966604626546e+01
1.361373146840735444e+02
1.151983294294567060e+02
9.944860032634923641e+01
1.053728773173476441e+02
9.924730788567893569e+01
1.168816873455460836e+02
9.894795706054675577e+01
1.031256160976355432e+02
1.098536481877115421e+02
1.041269002074550514e+02
1.245250419247715143e+02
9.334629016150175573e+01
1.144540225037804646e+02
1.037454939929412632e+02
1.296535904744292225e+02
1.026371934246666626e+02
1.095591773924944761e+02
1.123310831730036057e+02
1.038115104999812530e+02
9.884643692001360193e+01
1.066757760433466018e+02
1.078342704279613997e+02
1.269138278959697743e+02
1.055970384022488417e+02
1.120587183891570504e+02
7.923448125626960348e+01
1.247093725290197170e+02
1.136708744547802752e+02
1.104855721893405729e+02
1.132525402648346784e+02
1.078495149142316194e+02
1.158610206447301891e+02
1.011694896258161123e+02
1.151717994597070884e+02
9.987577015144043457e+01
1.149064015158730427e+02
1.183999397599217644e+02
1.134503655079455342e+02
9.828185495934367566e+01
1.202342200963612413e+02
1.117003972605366329e+02
1.147836487533016339e+02
9.479556746699039138e+01
8.724311801411421641e+01
1.164194836794517158e+02
1.218188158528437839e+02
9.807681129722575974e+01
1.035406877770944476e+02
1.247966366998697936e+02
1.166110205985001755e+02
1.054259881762575333e+02
1.088067926590853745e+02
1.148014157498944172e+02
1.139506811401037254e+02
1.176702670409695060e+02
1.017089017868413947e+02
1.056791297312891373e+02
9.490565587664283953e+01
1.155731706169901827e+02
1.042011974506212084e+02
1.294144513619233976e+02
1.147931989588075510e+02
1.151653073093599886e+02
1.047460921192868142e+02
1.026181117682101984e+02
1.212301513605105043e+02
9.740277574597922694e+01
1.099154418074590183e+02
1.079008358937957155e+02
9.011632229865156773e+01
1.041356708516757266e+02
1.147926435582177049e+02
1.042589882192678488e+02
9.219545266138430861e+01
1.216355330230262126e+02
1.048487532560994566e+02
8.757133086917528431e+01
1.103243241112243140e+02
1.296379711458969268e+02
1.223835532918548950e+02
1.195602546865426774e+02
9.338335660795461024e+01
1.083710108880848537e+02
1.164335973784435510e+02
9.135992090117417774e+01
1.059893335204803435e+02
1.109468689265243455e+02
1.060865802579476451e+02
1.009830362166352984e+02
1.169702297832224929e+02
1.155400258484615250e+02
1.051967186716880889e+02
1.250831024670290219e+02
1.134554292059829379e+02
1.042213098802689188e+02
1.144881753480144226e+02
9.438893924336211683e+01
1.112363197287075423e+02
1.188641714836948324e+02
1.060800391308195145e+02
1.023933277061206581e+02
1.171614089361234363e+02
1.225704026085190037e+02
1.125944780366469047e+02
1.113349101430991652e+02
9.573533838797135331e+01
1.125260483409066126e+02
1.052693379416605808e+02
1.182628495063413965e+02
1.131104689549180762e+02
1.289889496131412727e+02
1.115409957220278159e+02
1.026022370967568236e+02
1.006308860953435698e+02
9.546415006859140817e+01
1.204179541400929168e+02
1.101367731367511169e+02
9.929023884316646331e+01
1.105461871173786648e+02
1.089684155425406828e+02
1.060481806590151024e+02
1.030378912528399127e+02
1.007239587370139873e+02
9.204402915423511899e+01
1.179388573938881564e+02
1.344343847244035430e+02
1.005150557069492265e+02
1.048133450395062169e+02
1.111570016656774555e+02
9.300827956425960963e+01
1.110542699572210239e+02
1.034147490151843130e+02
1.299499120443787774e+02
1.090277440523246497e+02
1.171999270677375051e+02
1.097675033272884235e+02
1.029780336452809024e+02
1.134178200166327173e+02
1.044140790997896318e+02
1.043546798884219413e+02
1.015965176869486015e+02
1.287036820411542521e+02
1.030163237083242791e+02
1.102728173010907113e+02
9.716323537889327611e+01
1.185468540827343986e+02
1.032863488102218952e+02
1.211809740959099599e+02
1.148963806474306182e+02
1.038064181061224645e+02
1.274142430944258848e+02
1.164904235985845560e+02
1.102622589056102385e+02
9.277127346853364998e+01
1.008119592667134157e+02
9.813562165147746441e+01
9.988302746948994582e+01
1.221768976757129366e+02
1.194566703479467407e+02
1.141821151408705362e+02
1.033062125050938107e+02
9.054194737230513113e+01
1.111774263092903539e+02
1.137692056961376892e+02
1.164498453924906585e+02
1.040303024421369003e+02
1.176631064834986802e+02
1.080746197099366839e+02
8.473589001145678878e+01
1.088198917781076460e+02
1.083706128169712315e+02
1.119333267158365430e+02
1.253061929412142206e+02
1.128697728690909798e+02
9.789179114125299463e+01
1.270401871080953669e+02
1.072872326487473487e+02
9.677475245108972501e+01
1.048476219571183492e+02
1.102943607517117783e+02
1.066829232918818917e+02
1.129325136512470351e+02
1.220929395863664269e+02
1.238815246439907014e+02
1.089348845624928401e+02
9.915261895002645076e+01
1.169328525980880045e+02
8.999224308575084308e+01
1.145194305295500925e+02
9.607139394530584298e+01
1.243657560258047710e+02
1.054176232163107443e+02
1.160262229855369043e+02
1.104768779060860311e+02
1.039093821479131492e+02
1.153607913709570454e+02
1.160333544325164468e+02
1.204045318838489607e+02
1.220101726883212763e+02
1.075371646502085099e+02
1.219441708250331828e+02
1.072052319611575228e+02
1.038390052634849354e+02
8.849599911208792946e+01
1.059682584210869294e+02
1.149272861570975834e+02
1.201728752209243112e+02
1.061153335225059777e+02
1.063218306568865614e+02
1.023381450918137858e+02
1.041392575037053803e+02
9.406336800756946559e+01
1.247306240916150699e+02
1.260351273163991834e+02
1.087456542564225828e+02
1.006446098287228210e+02
9.210854151813904878e+01
9.615991715210874702e+01
1.243306282543256458e+02
9.672232795687503426e+01
1.326300702585265014e+02
9.608177474428332232e+01
1.016990229770994176e+02
9.780527889040106970e+01
1.054587368450423099e+02
1.301286257167116389e+02
1.168078851823526634e+02
1.090263838744574940e+02
1.248221090109518059e+02
8.795263961545575171e+01
1.180385393473396363e+02
7.862528078549935628e+01
1.040409022634075740e+02
1.135739975873285914e+02
1.266179774665649518e+02
9.987395261791020573e+01
9.960498462362035355e+01
1.083770069658844761e+02
1.205220761298181316e+02
9.248878014498697553e+01
1.220735206925181444e+02
1.280522895136566888e+02
9.710356217568795500e+01
9.670476227274019720e+01
1.267052690109844661e+02
1.101951865130776582e+02
9.956813156368659179e+01
9.359480941975367330e+01
1.122751058698284226e+02
1.154959059364115319e+02
1.012569503169159759e+02
1.069227720562368518e+02
1.052561316360649499e+02
1.164518846392458187e+02
1.220318623918128367e+02
1.035606573694637831e+02
1.120062644139528203e+02
1.118334914433926315e+02
1.006710803560274172e+02
1.124792251638501313e+02
1.150831163745556296e+02
1.039860828729595710e+02
1.033990990310065001e+02
1.142819775795100270e+02
1.263311464075278820e+02
9.846819937217325958e+01
1.021422457951000666e+02
9.984517660764922198e+01
1.275561122669473377e+02
9.971441074239579905e+01
1.229739231152808543e+02
1.265767349604730612e+02
1.139340267101737112e+02
9.657250296970472903e+01
7.803507712933914320e+01
1.249014270967700924e+02
1.174068405610802728e+02
1.071086490214207032e+02
1.107918843688454587e+02
1.235709466105870575e+02
1.138848218066931679e+02
1.092009797793709822e+02
9.189904027889595284e+01
9.836871141784558858e+01
1.138870854332057547e+02
1.100846937620128614e+02
1.164682379703356077e+02
1.051624133627087190e+02
1.118253181503469023e+02
1.132071580403652717e+02
1.086283621570514129e+02
1.138059008360115314e+02
1.062394284485471729e+02
1.083898747385797066e+02
1.060617546157565698e+02
1.130817794960921958e+02
1.138583055343214596e+02
9.407274699707949139e+01
1.171167351553049656e+02
1.062202941184840768e+02
1.096061594882428523e+02
1.070775242777918947e+02
1.228891301228866411e+02
1.104055522418368298e+02
1.122078627898767706e+02
1.053421047085339239e+02
9.115069776450742722e+01
1.250707828736729681e+02
1.321351174124910699e+02
8.370512945230900925e+01
9.980786046043347426e+01
1.080536650656635800e+02
9.675122328046496989e+01
1.184429006194425682e+02
1.083623000148995175e+02
1.119144394093982555e+02
1.176532210332519099e+02
1.043199860191825081e+02
9.764097271647804632e+01
1.087841141480561475e+02
1.178945853479391843e+02
1.349451467727454599e+02
1.048216349786798531e+02
9.436718662311643868e+01
1.314361293899079328e+02
1.089894885545818681e+02
8.770232957399015561e+01
1.031360572854486861e+02
1.219069926653097866e+02
9.577126548759092373e+01
1.234374201464395640e+02
1.164229216355781631e+02
9.272848175448552865e+01
1.008274486406731256e+02
1.192096506905236737e+02
9.764886208603408591e+01
1.217024190378315609e+02
1.050536737460620174e+02
1.179458608123142085e+02
9.680176128836293969e+01
1.128841324341193371e+02
9.505920350315270184e+01
1.158602487688842615e+02
1.202775136453968940e+02
9.579918841489497083e+01
1.075710965949106566e+02
1.015330770360209414e+02
1.138530183651592580e+02
1.097055606669875090e+02
9.067473430977740634e+01
1.098799291248779042e+02
1.157854756524435373e+02
1.076009495251919077e+02
1.017359486006832725e+02
1.073914699496433656e+02
1.094961228898735470e+02
1.150320757355231933e+02
1.129197049226970364e+02
1.045803592717263371e+02
1.083962307053741796e+02
1.253531439436510340e+02
9.700273042476823093e+01
1.074075145425964450e+02
1.025487877025426258e+02
1.171838132157346024e+02
1.105275921113246795e+02
9.326419771806203585e+01
1.168165778899320912e+02
1.235404343088974883e+02
9.085756947154179386e+01
1.117563484986933275e+02
1.143141837839262536e+02
9.381989690896091361e+01
1.184080411066816367e+02
1.069018202079873419e+02
1.083968347767616507e+02
1.237929364680733642e+02
1.049024722072248039e+02
1.052537379967985913e+02
1.059542221693087214e+02
1.057263879334495442e+02
1.110729596635620595e+02
1.023913312442434318e+02
9.347650816876682711e+01
1.312252822596138060e+02
9.233219425983561734e+01
1.078804492398918171e+02
1.085845510378181871e+02
1.063474869773435216e+02
1.234988552585509041e+02
1.151125077658047786e+02
9.025806354322597258e+01
1.153661744322166101e+02
1.120482372335520438e+02
1.156194992857077892e+02
1.197779132774811330e+02
1.040030658791420564e+02
1.492826264434995096e+02
9.647778835994853353e+01
1.038865266301733357e+02
9.631414477615261660e+01
1.021793768141746170e+02
9.675770376431970021e+01
1.057019576582732157e+02
1.109647706022002183e+02
1.048737072526781731e+02
1.165117292586694191e+02
1.228963122839242885e+02
9.518328685530711653e+01
9.353455079625892665e+01
1.070450566773232168e+02
1.197807558938394408e+02
1.161024260944897009e+02
1.105393225023599655e+02
1.094262620180932686e+02
1.010147554264500229e+02
1.075223629604865465e+02
1.065884205111459977e+02
1.301129349881309167e+02
1.000355745830103018e+02
1.095080467353182314e+02
1.433644850751068134e+02
9.827601484343456661e+01
1.059965866980867304e+02
8.489486941371679052e+01
1.029856401549464380e+02
1.216712579098245328e+02
9.894012387406036169e+01
1.153309107843507206e+02
9.545523681656123927e+01
1.285575542608465298e+02
1.061637920532952677e+02
1.073033688884499384e+02
9.647375529006977501e+01
1.071603075417092299e+02
1.133309285308400689e+02
1.364186114711903315e+02
1.017913187983211287e+02
1.015766374618968086e+02
1.028504652339473040e+02
1.148980205425836800e+02
9.799179306091149044e+01
1.025613513712654878e+02
1.292647934627349855e+02
1.095566422667282183e+02
1.235768560414179262e+02
1.120687090435389308e+02
1.186598003366584493e+02
1.000378751619405193e+02
9.152966899856792793e+01
1.078752941353606474e+02
9.956054837212866460e+01
1.045952634710174038e+02
1.043162064119022716e+02
1.119810049685597733e+02
1.286193737360739817e+02
1.049952800529795525e+02
1.161111938391928504e+02
1.145761732185504229e+02
9.636651722156568667e+01
8.210623935804582629e+01
1.138759305548252456e+02
1.203032212961386591e+02
9.916242000948663815e+01
1.157031701929081464e+02
1.029203841687405543e+02
9.075815814257821046e+01
1.195601971968661132e+02
1.077805776625952348e+02
1.166189061492123926e+02
1.351137524600192421e+02
1.043598085749607520e+02
9.629463952490320366e+01
1.079005058931603287e+02
1.026126395125901780e+02
1.076585109999839460e+02
1.212917178599123247e+02
1.101125945888209401e+02
9.124129276772796970e+01
1.048729211443278331e+02
1.139748559955730371e+02
1.017959446870181921e+02
1.006834944618606755e+02
1.087436613441091566e+02
1.252540654294432585e+02
1.011309961037857619e+02
9.725874717244415990e+01
1.110188064209162491e+02
1.163934928188973856e+02
1.207532289936358296e+02
1.074257102805721189e+02
1.157493472041123681e+02
9.631696647773027564e+01
1.223056945186402800e+02
1.146273694291758858e+02
1.103827824360561323e+02
9.421332529479205675e+01
1.096281562431676662e+02
9.784050189232216610e+01
1.010501824569159481e+02
9.742897838123151644e+01
1.061861473435271535e+02
1.119915964507874264e+02
1.290070508146432644e+02
1.157106695996887566e+02
9.640660041756510168e+01
1.214720069689858235e+02
9.929339813255496949e+01
9.604647093910436695e+01
1.046886351965758024e+02
1.020805599223305791e+02
1.072657059846201975e+02
1.007721044964212922e+02
1.116470225234423452e+02
1.065677863592856625e+02
9.365583887091879944e+01
1.182148125482389673e+02
1.229537329635705731e+02
1.158183174037019683e+02
1.088984109917333711e+02
9.816292252701930465e+01
