9.784011786725719162e+01
1.275625717382403224e+02
1.066517002101546581e+02
1.095080903870498759e+02
9.638743637037698875e+01
1.133753702544887005e+02
1.086149274216115828e+02
1.093232515631655559e+02
1.127783747893548281e+02
8.925719885292731703e+01
1.139002764192981232e+02
1.204180148149133487e+02
1.106630445802222624e+02
9.387300885925441207e+01
1.103777544385747120e+02
1.142284042363543364e+02
1.154373789974348767e+02
1.102204163016844802e+02
1.261996753182172881e+02
1.035062747725744572e+02
1.153805227120998040e+02
1.077679576070989924e+02
1.142349582905690966e+02
1.107211317067050231e+02
1.051671196697181188e+02
1.086821592872555016e+02
1.095448761879659543e+02
1.183096902777275830e+02
1.214597956975961779e+02
1.248737933403645712e+02
9.582786495065008125e+01
9.519328713286512311e+01
1.134534598519155111e+02
1.060004307474144127e+02
1.003911253554574472e+02
1.309981232762846162e+02
1.060604880893818347e+02
1.077819588635209698e+02
9.401465372831697209e+01
1.105385800550230897e+02
1.122406511453562246e+02
1.086980998039272635e+02
1.220252630094934574e+02
9.881241915077073656e+01
1.123678997451547730e+02
1.011626807414207860e+02
1.162612661830491305e+02
1.159194700133990210e+02
1.106183638373707225e+02
1.037036202097206399e+02
9.345692865444637221e+01
1.216656791788059024e+02
1.173164832159813358e+02
1.002677486298266416e+02
1.204490360663535853e+02
1.067964197587932773e+02
1.036285797917801403e+02
1.207095792317328602e+02
1.011761919663797045e+02
1.238353789398072422e+02
9.534505146146919685e+01
9.601231899139767734e+01
1.079875588015716232e+02
1.064778819504298042e+02
1.405847827799007064e+02
1.072851193889362094e+02
9.553496995652872670e+01
8.347663252476182549e+01
1.433092791666131802e+02
1.168815902316299855e+02
1.020330571611713708e+02
1.038299599602117382e+02
9.721994709336310336e+01
1.083877610794234982e+02
9.082560415477229299e+01
1.104349529602102251e+02
1.095857344430658458e+02
1.093303243703224865e+02
1.260231881324565535e+02
1.006068990693982101e+02
1.003423020781708459e+02
1.162175140355831928e+02
9.703837492392771935e+01
1.306565421080517524e+02
1.066850459794812025e+02
9.770394447530196658e+01
1.311374276802943655e+02
1.103683258081982501e+02
1.269752984240037392e+02
1.102867616904422903e+02
7.488584438402014598e+01
9.878225310374079982e+01
1.136884986734876435e+02
1.351749169701442099e+02
9.476679424726115997e+01
9.297572348170574230e+01
1.081525148306120627e+02
1.111140829378097408e+02
1.125554690934508528e+02
1.021034392412519907e+02
1.085453405022993962e+02
1.075031300365569678e+02
1.148376823152595847e+02
9.100768076547869612e+01
9.601451917446502193e+01
1.327226535811450105e+02
1.209572694713593961e+02
1.037339848073800255e+02
1.127985108445837739e+02
1.182250346931475065e+02
1.045734569149009729e+02
1.175035320364013813e+02
1.139485309125166168e+02
9.866015592676693302e+01
1.110289559963612191e+02
1.395168423745167559e+02
1.060013359519635969e+02
1.098422113040066534e+02
8.851230043287002047e+01
1.219238841036813312e+02
1.096916996584016175e+02
1.079043304261104055e+02
1.165691721706494093e+02
1.086567361156227065e+02
1.221374062015077158e+02
1.277711451976255574e+02
1.017337216692846766e+02
1.100550236654806042e+02
1.029819166633775325e+02
9.665986587796238894e+01
1.190454097453303035e+02
9.997564210083440628e+01
1.105720582868336663e+02
1.007477319659886064e+02
1.191815697601810768e+02
1.156615380399536264e+02
1.086406432204599071e+02
1.044746940755516391e+02
1.046160219108652427e+02
1.271339057807484494e+02
1.235187090371258591e+02
1.124929525361555847e+02
9.107118559177824579e+01
1.020650564620642768e+02
1.136416464358100598e+02
1.146736466309520637e+02
9.203125381235112457e+01
1.401228111027107843e+02
1.091997406248968758e+02
1.013359714583477995e+02
1.182141050515173504e+02
8.450944653113488414e+01
1.195626985119526609e+02
1.190327122908833672e+02
9.479073219645248116e+01
1.039551796527456560e+02
1.110244766800170026e+02
1.332730069696539204e+02
1.010687502722910551e+02
1.009418111874005177e+02
1.020146590389031047e+02
1.025773132385229900e+02
1.124063703478252307e+02
1.188222265660378127e+02
9.953263642109281761e+01
1.163749904744324226e+02
1.011371465916903958e+02
1.300085474661813407e+02
1.133536954131276104e+02
9.342949314175420739e+01
1.177842452180535275e+02
1.104807378891727438e+02
1.117974104963895883e+02
1.111116501826015650e+02
9.158877849953613293e+01
1.028554776496708882e+02
1.080893664917989838e+02
1.345127688675629258e+02
1.000662206797707512e+02
9.980360904475337236e+01
1.132992769881206243e+02
1.267634777939623660e+02
1.011514493490582112e+02
1.046649150433708542e+02
1.072896982794695333e+02
1.045248119759863670e+02
1.038749928347524332e+02
1.282698795293962064e+02
1.115035166354959841e+02
1.117211362096945351e+02
9.590587249244428847e+01
1.216083271539248898e+02
9.943891519246507471e+01
1.081301938647363841e+02
1.130053684557422145e+02
1.161698770274241639e+02
9.375788842321591687e+01
1.044858030168834375e+02
1.189660266855805588e+02
1.003021578040246169e+02
1.029747627586591818e+02
1.154159163987837218e+02
1.148570608631140288e+02
1.082210972292921269e+02
1.127869264001673457e+02
1.024507166581872752e+02
1.035321480940006467e+02
1.081933891569777160e+02
1.154977479697207343e+02
1.259473463955652761e+02
1.079079104190247875e+02
9.639886356414186253e+01
1.141886835343664188e+02
1.161166031484015804e+02
1.035071385387242202e+02
1.052316892844560385e+02
9.790377046805757288e+01
1.187800122426660039e+02
1.085547851403839132e+02
1.024004542836691769e+02
1.054704449808322835e+02
1.147591736719623299e+02
1.167416795543796013e+02
1.075663090786976142e+02
1.100417473476099133e+02
1.309537320645109730e+02
9.821911187311950187e+01
1.126027505184047470e+02
9.278246136256814225e+01
1.027356631851259436e+02
1.179991610297551148e+02
1.052978442936113481e+02
1.109459251313071491e+02
1.087708389012527732e+02
9.859235379490117168e+01
1.156535037908487737e+02
1.146566661677282752e+02
1.007366164814987854e+02
1.035509762660967112e+02
1.153072557934102917e+02
1.055471669867744140e+02
9.596542977360614657e+01
1.307973273173395512e+02
9.528733139666955765e+01
1.160948113060101718e+02
1.191202704903654706e+02
1.012980943998289973e+02
9.767741585131409465e+01
1.189425713192621856e+02
1.078572523624722521e+02
1.126630996186402740e+02
1.174323637292101523e+02
1.152142610494581163e+02
1.080102778932346297e+02
9.549779693350262733e+01
1.155550288012922238e+02
9.809493369815433539e+01
9.676834123822126799e+01
1.106344105002245755e+02
1.019964275806875520e+02
1.333616073996965952e+02
1.093737638910016159e+02
1.027013236140936101e+02
1.113536509665888019e+02
1.011773042310143325e+02
1.268745735147206233e+02
1.051896229205862880e+02
9.186719413782940080e+01
1.186557588512003889e+02
1.128687344010599958e+02
1.054424542081999192e+02
1.091710691873999224e+02
1.282610278628495735e+02
9.711471574091362413e+01
1.032652787151024967e+02
1.088266387497081809e+02
1.640869574435119489e+02
1.076290041411317446e+02
8.648442040761288752e+01
1.020285511207808185e+02
1.037699879327042822e+02
9.962467321955212185e+01
1.231820156327452764e+02
1.240900569183773854e+02
1.000617237051815920e+02
1.011943966347557620e+02
9.717918968621472686e+01
1.237686710861925263e+02
1.199515002638463130e+02
1.092368601098734331e+02
1.060977803278365883e+02
9.943538460591970818e+01
1.008823608178457505e+02
9.916274086161170942e+01
1.333368798059889002e+02
1.110638883963601700e+02
1.182993952984412687e+02
8.579320654201313801e+01
1.146336086149427302e+02
1.124547920011813034e+02
1.112606162125494080e+02
1.085470567941277267e+02
1.042955559785882258e+02
9.899065256044566752e+01
1.026689770669564723e+02
1.273736564871701660e+02
1.029645777273114504e+02
1.120828951093558601e+02
1.130359343196237916e+02
9.838818899966105391e+01
1.275069953906155007e+02
9.396354195990726055e+01
1.040748174892206919e+02
1.138413111360952001e+02
1.084160100796918016e+02
1.069551850189762661e+02
1.135746514124328002e+02
9.813899129889010453e+01
1.121336982264228368e+02
1.102167100345677966e+02
1.086047013966406354e+02
1.139828284509148091e+02
1.117040743710851132e+02
1.074581054656362653e+02
1.007802380481168996e+02
1.114542301941693268e+02
1.023566497135798414e+02
1.225844297498804849e+02
1.020575866576516262e+02
1.003564436388531504e+02
9.962542440643048280e+01
1.132685234251631385e+02
1.021820156496581120e+02
1.096808994242047106e+02
1.102433012566898611e+02
1.003301642621546250e+02
1.045305829497860515e+02
1.264346053790462037e+02
1.209996675795914456e+02
1.040415894278292370e+02
1.077332675025353836e+02
1.077741882069532409e+02
1.042441596560421289e+02
1.122039236743472372e+02
8.616523538531971838e+01
8.371886776733295221e+01
1.204278525279045624e+02
1.211493736463491473e+02
1.250830391340034282e+02
1.032408272350539562e+02
1.028399843941915890e+02
1.095098884213744697e+02
1.181273620841067924e+02
1.191785779916018981e+02
1.153178282224359776e+02
1.060911677686698908e+02
9.619417007323139046e+01
9.592205074703295509e+01
1.202078223557949741e+02
1.058248996980791929e+02
1.290454339599574496e+02
1.015481659967945234e+02
1.013681673676064179e+02
1.123150764013221874e+02
1.114164170141672088e+02
1.210942448186851408e+02
1.067595728445224239e+02
1.135127757049437065e+02
1.305421151734515490e+02
1.183019754217270361e+02
9.525084385159969713e+01
9.221331957788382283e+01
1.123180793046655452e+02
9.788145689707056363e+01
1.035967601037593795e+02
1.088156704048630843e+02
1.202618347127813081e+02
1.116171380180419987e+02
1.057168175622306734e+02
9.454597661951548560e+01
1.079585268430478067e+02
1.217296130970972570e+02
1.019319084382855607e+02
1.228740005581553447e+02
1.053152502931691856e+02
1.091241240380160207e+02
1.174166006614967870e+02
1.060372393930106796e+02
1.222081184178150295e+02
9.514641906243051039e+01
1.138266591109551484e+02
1.083463624234489942e+02
1.314251688806575942e+02
9.334290868882411019e+01
9.282154680233392696e+01
1.198845676905075948e+02
1.206235462591423868e+02
1.113129634979545699e+02
1.158414274837402900e+02
1.335157687326111784e+02
9.945085112648624204e+01
1.018310374883417637e+02
1.201403420168343814e+02
1.062576212978638495e+02
8.254852449745241927e+01
1.149609532100855347e+02
9.844759291004304202e+01
1.019378442108929335e+02
1.216421824828242961e+02
9.817456387893959402e+01
1.208568441414104626e+02
1.107303110145955003e+02
1.104632940408225608e+02
1.066453637500258083e+02
1.067054631630415287e+02
1.131879590221229108e+02
1.091316099287895440e+02
1.074813774439741110e+02
1.016853991430185005e+02
1.271799804068859743e+02
1.187684959867239058e+02
1.198208503783871066e+02
1.056659172579226293e+02
1.126919833942903040e+02
9.104540144764571608e+01
1.023286024013739564e+02
1.106577411633363397e+02
1.117542217781424654e+02
1.107330817759755917e+02
9.366418013527169251e+01
9.763597236072067176e+01
1.283517760910843606e+02
1.151700181304219655e+02
9.654515186071837718e+01
1.117624747315666127e+02
1.061457120286731168e+02
1.150247958313521792e+02
1.036639004479009998e+02
1.073298260957419075e+02
1.172979461778503918e+02
1.077003936332509539e+02
1.047668720079709743e+02
1.185292780117395779e+02
1.104985154984144202e+02
9.106410530470269293e+01
1.320519534939350308e+02
1.084709015234696352e+02
9.942519598454984475e+01
1.262747499204224795e+02
1.023408930979882285e+02
1.109315121731508640e+02
1.193756777731056502e+02
9.950492849666441941e+01
1.287368737612816574e+02
8.653996574503264583e+01
9.417543320308406862e+01
1.088609920142471594e+02
1.209981112564554877e+02
1.057697060073557509e+02
9.378190375235882925e+01
1.109937212964944564e+02
1.185981087681409036e+02
9.948638636465786078e+01
1.082524612472332421e+02
1.127568909602309901e+02
1.035849687537255335e+02
1.283915993794100814e+02
1.059167749354829624e+02
1.078097667223876073e+02
1.173388504925402458e+02
9.470804172226391415e+01
1.161124662047463119e+02
9.042888725210057999e+01
1.248823211994316011e+02
8.645134720193220801e+01
1.179390072628196009e+02
1.026864376287345095e+02
9.278513120776645451e+01
1.219366563307293490e+02
9.646956403325160068e+01
1.157383373446560455e+02
1.076580062123035759e+02
1.181081841372600252e+02
1.168185991868832332e+02
1.129717632709699870e+02
1.054790262255357192e+02
1.044477022238553161e+02
9.346628571462227342e+01
1.227674820470810033e+02
1.065621996127031252e+02
1.056474001724545673e+02
1.107743159774167765e+02
9.745659555685897146e+01
1.121710276247477651e+02
1.225920767274379131e+02
1.081141311461020251e+02
1.043649270170403867e+02
1.098518949163396172e+02
1.196221156884175087e+02
1.083622599535494544e+02
1.062680194762430403e+02
9.755334537039188092e+01
8.120156443545845093e+01
1.013834602610599660e+02
1.168379730940836367e+02
1.214503761944666280e+02
1.205506238098258081e+02
9.968432857324069118e+01
1.098067399316492612e+02
1.023774083930767205e+02
9.490103540017739192e+01
1.256743588829455973e+02
1.221375849888663794e+02
1.088516080662108862e+02
1.086565951346615861e+02
1.004879929038415014e+02
1.064197545326490371e+02
1.156176718770407916e+02
1.163739291994485114e+02
1.027192524521389032e+02
9.406802780038341893e+01
1.352527781096883928e+02
1.158207890321788227e+02
1.015124261224786011e+02
1.082329987372847171e+02
1.041638963296642402e+02
1.153676111676763441e+02
1.046971857178199485e+02
1.078586121902916233e+02
1.031396520679894309e+02
1.199058529566710121e+02
1.153578215984192639e+02
9.928417359139599796e+01
1.054684542697877703e+02
1.041648208526556658e+02
9.960034070548283580e+01
1.337645426156074109e+02
1.121131310856823262e+02
1.020549383944281630e+02
1.036882935230819811e+02
1.157034359592060611e+02
1.084564920419192902e+02
1.140792153221985217e+02
1.166447056578809907e+02
1.224269773509220016e+02
1.063528075265963082e+02
1.001777092026705986e+02
1.040920911741497150e+02
1.053581266963005163e+02
1.229767727852056112e+02
1.176767660887132223e+02
1.031289409379405413e+02
1.021954265027492283e+02
1.060048095859120991e+02
1.026313574723993582e+02
9.900771027717547668e+01
1.157014723084609074e+02
1.071049774430479999e+02
1.102146658063723805e+02
1.078220783264573583e+02
9.838750275721569949e+01
1.264874676695213651e+02
9.546660400553489012e+01
1.095048025770372959e+02
1.205601842731644098e+02
9.615925049998573115e+01
1.079855811027485402e+02
1.099147920057395851e+02
1.073479212024118254e+02
1.127279486579176933e+02
1.108422268375346249e+02
1.200178431312464369e+02
9.439743459230825806e+01
9.969726742256777641e+01
1.208465876922524131e+02
9.403875750318341886e+01
1.087376577810261722e+02
1.052990525805788167e+02
1.246554279607597806e+02
1.232397168067186044e+02
1.102506871288015873e+02
1.079884200140659232e+02
9.599531271263975896e+01
1.095196217214183037e+02
1.087806468470078727e+02
1.142211845406005750e+02
1.062373601691329128e+02
9.899084009156635489e+01
1.105727105055187280e+02
1.003946434978638109e+02
1.262905312439470862e+02
1.038468678826873912e+02
1.155937933110065643e+02
1.013349243694801771e+02
1.051804702284868398e+02
1.251791326395787820e+02
1.063336636401828059e+02
1.289030134726934591e+02
1.160620997907454779e+02
1.042648347047517348e+02
9.389444696120706624e+01
1.076882619554626217e+02
1.034863122945201468e+02
9.690450675179560847e+01
1.100957668114625676e+02
1.067567784412794651e+02
1.134957642516386045e+02
8.572641903012817011e+01
9.875848760852747432e+01
1.484748691794547995e+02
1.420328766347736007e+02
7.643829626563953639e+01
8.091987532882627931e+01
1.055645028552681453e+02
1.068206524542641205e+02
1.031699221584286192e+02
9.640684872791072735e+01
1.214386606238232531e+02
1.220095981243223662e+02
1.090356461848363097e+02
1.180166599846795918e+02
1.051905953475310724e+02
1.238068529769316228e+02
1.080566184330140231e+02
8.810964120760232277e+01
1.124718872449116418e+02
1.053519931794541975e+02
1.074335519108465888e+02
1.040974963343075501e+02
1.188322286329808009e+02
1.180690239570573397e+02
1.018366054537208498e+02
1.022972195916660638e+02
9.075561618014981491e+01
1.326811803905107467e+02
1.138583779364786182e+02
1.201275727165580491e+02
1.123991286468899915e+02
8.808070487908302937e+01
1.142213671205412879e+02
1.184673954964821263e+02
1.036120925388794518e+02
1.120058835067043930e+02
1.073684108551135665e+02
1.073928185760884588e+02
1.095989194498258996e+02
1.086488247081796743e+02
1.118395569037050450e+02
1.026170727275442829e+02
1.058922695883230887e+02
1.185615411800759773e+02
9.122836969470257884e+01
1.146469585262147604e+02
1.299374514648241927e+02
9.973318301405096520e+01
1.111688757831288825e+02
1.051666010995347165e+02
1.044069801423573836e+02
1.391955435011454369e+02
9.411460454204576820e+01
1.312677154471753909e+02
9.336871932361711401e+01
8.526701037692696161e+01
1.034783359226970560e+02
1.162991503596115450e+02
9.780688445431435696e+01
1.234152966119158066e+02
1.071435420101473142e+02
1.002391798722817384e+02
1.114148319868337182e+02
1.030712553118804919e+02
1.346619168708274117e+02
1.101642288396904661e+02
1.240934388147663867e+02
1.046910953619094897e+02
1.145611657381981843e+02
1.012423022284375662e+02
9.373988938942807181e+01
1.129516978944235461e+02
9.842621294371137708e+01
1.024384977106900294e+02
1.416705630053248512e+02
1.200378870378536647e+02
1.076248186130449795e+02
1.319031236679117853e+02
1.042911436616058438e+02
1.234166618291125843e+02
9.567011570540732635e+01
1.110542694507644512e+02
1.131177475041194356e+02
1.085329718476326093e+02
1.251025325801039543e+02
1.061570383631220693e+02
1.128422184480997146e+02
1.098085278081157412e+02
9.210343125869590608e+01
1.082966759162387262e+02
9.792827700240485456e+01
1.253113093456824316e+02
1.182997295099248589e+02
1.133267618423133172e+02
1.097163010610158409e+02
9.865678787548850437e+01
1.051660194152594414e+02
1.131369707711965447e+02
1.170422111566292784e+02
1.069900015268795102e+02
1.054981970476349318e+02
9.833715084357233138e+01
1.072031606401737633e+02
1.045062999785346847e+02
1.320864155844103891e+02
1.136009436902296414e+02
1.101329899243717847e+02
1.021450635348355434e+02
1.082290782790980472e+02
1.100873345187575012e+02
1.126514873641284566e+02
1.137514962015822562e+02
1.083105642547297123e+02
1.255288073380244640e+02
1.033132479548036002e+02
1.088152337239025229e+02
9.832299034124760340e+01
1.008722611802150197e+02
1.154970434137652120e+02
9.362335932608793598e+01
1.242929195405067873e+02
1.223573592284613483e+02
9.689804933864233760e+01
1.076276757384839584e+02
1.119672517557524571e+02
1.241183236854372893e+02
1.076679504726586174e+02
1.112798069571191206e+02
9.258431075879612138e+01
1.009684213148138809e+02
9.830120017619691453e+01
1.294607681439889859e+02
1.131024529615826140e+02
1.090384864741793791e+02
1.056498890532992334e+02
1.156167007371954725e+02
1.244938628874357391e+02
1.147102113068782501e+02
8.812146357690365051e+01
9.578483086531977619e+01
1.113283475633882063e+02
1.007073545472650835e+02
1.137447123532966060e+02
1.116617186856469885e+02
1.114103106657058220e+02
1.162545973882544104e+02
1.094617260573887165e+02
1.127099219489171560e+02
1.100791961637821146e+02
1.052711650521982989e+02
1.020899484798072763e+02
1.175921049696009106e+02
1.325552388405260729e+02
1.011430286453594363e+02
1.063187424506298555e+02
9.674596611690004977e+01
1.043666390906432753e+02
1.160616543289878564e+02
9.788756319672184247e+01
1.139323528223479229e+02
1.070769307728677973e+02
1.147936659833780482e+02
9.163006834677200629e+01
1.303565838263016019e+02
1.058518788075901966e+02
1.059117167930931345e+02
1.037257296861309754e+02
1.016558604301612689e+02
1.147503270326362923e+02
1.022965977328878466e+02
1.041370407309209867e+02
1.322005201913373469e+02
1.023548635762659416e+02
1.115450002229926127e+02
1.093303509152104596e+02
1.055372305399338018e+02
1.075252370825992330e+02
1.049438737542440521e+02
1.389802008130840818e+02
1.044146621857510837e+02
9.653287169432371684e+01
1.082685113583796124e+02
1.012825326224500486e+02
1.135984182857601610e+02
1.063918817135296564e+02
1.121063974386709674e+02
9.708208940167844503e+01
1.251025379546896232e+02
9.769952264012844978e+01
1.193880977355819226e+02
1.058210008876310724e+02
1.160372231087374075e+02
9.970365935108978306e+01
9.417614265691597097e+01
1.210110151788300641e+02
1.077892335109677475e+02
1.177863985715015929e+02
1.088209090928656337e+02
1.069613702346604498e+02
9.979363761849914738e+01
1.139502490870103344e+02
1.208512663756005878e+02
1.152078707555167227e+02
9.378647655551957030e+01
9.404855319406368608e+01
1.263634843142060902e+02
1.072959837469788766e+02
9.875875762591100226e+01
1.150981110190726753e+02
1.204145665323611780e+02
9.207760868018347367e+01
1.086931756195513117e+02
1.155059654488623835e+02
1.078982763381710868e+02
1.094189361615930665e+02
1.068837662636867663e+02
1.120366786109677975e+02
1.051532348311862819e+02
1.150777374144092988e+02
1.016860482028598085e+02
1.006307185402812934e+02
1.187265436244274213e+02
1.113795834806630438e+02
1.186910313608416629e+02
1.044170250933182018e+02
9.700619199332680864e+01
1.032341761086480005e+02
1.076706338190693515e+02
1.028175508770456048e+02
1.191016019871362062e+02
9.682422173893652939e+01
1.175374713233898376e+02
1.259868701942369995e+02
8.973242271198566300e+01
1.020900892353273974e+02
9.885143765947977101e+01
1.229187309054082249e+02
1.124139059518811905e+02
1.100953391897732700e+02
1.108616248670402769e+02
1.112507883502373289e+02
1.139253490119909458e+02
9.733973009420138567e+01
1.105085136056868009e+02
9.787809140540844055e+01
1.287785887218587106e+02
1.003688319650035510e+02
1.104313107706103949e+02
1.036568701404793416e+02
1.080237109147080048e+02
1.183455557138114216e+02
1.021099124888210525e+02
1.033738470399739242e+02
1.062908287999820089e+02
1.007486709034470778e+02
1.245408564074793674e+02
1.020752756434358872e+02
1.029364446381078579e+02
1.177634032555471322e+02
1.167841909587162661e+02
9.679657653535829809e+01
1.201913152935069746e+02
1.055483923534683726e+02
1.111157710554066682e+02
1.028934759946368729e+02
1.065419125651956307e+02
1.051806228918489836e+02
1.328428861409851436e+02
1.116029769868196553e+02
9.976455255671092459e+01
1.003064093446730851e+02
1.049305606401676698e+02
1.202855442314114924e+02
9.654945681973687499e+01
1.158960269760880948e+02
1.090883683048830619e+02
1.081082439291415795e+02
1.237493461915604485e+02
9.791448133468966830e+01
1.120093568875300178e+02
9.892849781918482677e+01
1.104839756495806995e+02
1.012916777826559809e+02
1.310019172465934787e+02
1.120229949582792983e+02
1.131326731808620281e+02
1.054162492605277777e+02
1.141233996510027993e+02
9.575174167275314119e+01
1.108713186990773067e+02
9.530251807928831909e+01
1.091328743055461956e+02
1.307993130681381899e+02
1.152628520546819857e+02
1.292420523607262055e+02
1.070448215743666651e+02
8.079942799007703513e+01
1.007106491481163175e+02
1.170685383727406759e+02
1.124118246177097546e+02
9.574857215367012486e+01
1.193547830602177555e+02
1.134103181841449270e+02
9.928406052217560784e+01
1.189196678564342875e+02
1.006438501161794790e+02
1.184466381511323050e+02
1.006621483263349006e+02
1.244661107956166433e+02
1.032517759545076359e+02
9.832422653170422677e+01
1.234588595152557815e+02
1.059335955831377731e+02
9.389189823531387447e+01
1.005871136002607216e+02
1.062588555292378913e+02
1.014584070448518389e+02
1.125500201721920490e+02
1.185453006157309517e+02
1.147635186425201681e+02
9.225384091569948453e+01
1.201030856681949217e+02
1.201787573622943199e+02
1.185961582763617770e+02
1.047274475240650418e+02
1.190543989611043969e+02
1.019446266331015210e+02
1.059925979250155592e+02
1.041466365920893935e+02
1.172422264327389456e+02
9.484655930144452896e+01
1.243483605593372374e+02
1.238130912602402844e+02
9.879276587536617171e+01
9.848740639790929663e+01
1.228358877836185314e+02
1.222582785135826811e+02
1.098137064840273638e+02
9.395656965224482349e+01
1.065291630369495692e+02
1.174912832565174909e+02
1.044086648210191726e+02
9.900574881247759151e+01
1.208825143255458840e+02
1.034812233169158731e+02
1.257255387499296830e+02
9.765536824242727221e+01
1.020405923762673837e+02
1.070991138564052108e+02
1.091335723991542039e+02
1.291494380065777250e+02
1.068266588986223837e+02
1.017416991538410969e+02
9.796464867155528111e+01
1.119731804585563424e+02
1.206957689074634033e+02
9.892505931176400225e+01
1.173042516181902073e+02
1.010351735131528841e+02
1.128607024263503433e+02
9.699640813656388616e+01
1.250813254220495594e+02
1.085261710466908198e+02
1.274167755099851291e+02
1.055291327485088999e+02
1.046008472345555447e+02
1.250719964343835073e+02
8.642890046720216901e+01
1.111140852209952783e+02
1.157415707057359811e+02
1.071542162586389395e+02
9.624085111095557465e+01
9.833965751084492979e+01
1.253749421816297343e+02
9.593755849373064848e+01
1.452584207564091798e+02
1.144935697896185474e+02
1.041479267198371588e+02
7.732537807174300326e+01
9.758570642538593631e+01
9.893141815734352917e+01
1.136291687085003161e+02
1.225639645561209079e+02
1.004626832212017717e+02
1.030795993377562496e+02
1.133914039407729888e+02
1.184496438899346629e+02
1.087103307694600716e+02
1.081729948257149658e+02
1.278572079493297622e+02
9.804031707820428210e+01
1.089821729163026163e+02
1.036203222156619717e+02
1.149222266864102409e+02
9.621379307617230836e+01
1.121538627100791530e+02
1.056509379468223528e+02
1.160480944603308870e+02
1.113015680734080632e+02
1.130441505525228791e+02
1.067691254704427735e+02
1.116004805895737348e+02
1.034529799540606234e+02
1.002524272429874657e+02
1.238168163966240058e+02
1.177686484866719354e+02
9.644703516408539201e+01
1.312350809010784474e+02
9.423702001730164568e+01
1.137168591207407928e+02
9.839593908870982375e+01
1.116850793472447947e+02
9.537618500592674309e+01
1.216950152140705370e+02
9.935294749270964587e+01
1.082041216303145603e+02
9.477277262067902086e+01
1.242498738177701085e+02
1.031562478647574608e+02
9.894723331280435730e+01
1.277334938816697729e+02
1.096419322505845599e+02
9.750711036682345423e+01
1.079495358227334094e+02
1.035488227942167043e+02
1.208340693634271190e+02
1.071753819106123444e+02
1.167248239858361529e+02
1.146855500463725122e+02
1.083607405499497673e+02
1.076016426843750367e+02
1.013302061456107026e+02
1.168869243974248491e+02
1.073078682267007196e+02
9.650780830264872634e+01
1.066453990577487758e+02
9.877784387224829743e+01
8.846838742608278494e+01
1.285172167359000071e+02
1.321156761462118823e+02
1.102170905682500432e+02
1.036112836175827994e+02
1.149979558322429796e+02
1.103711929112862151e+02
1.050064969877432048e+02
1.127324497915776504e+02
1.040283259606340209e+02
1.069757319244475298e+02
9.811617305550724666e+01
1.027007927024529863e+02
9.280444194654045020e+01
1.459894866456075988e+02
9.409749201471242941e+01
1.102724665436055602e+02
1.072613295192353604e+02
1.237909061089371789e+02
1.195845939699382541e+02
1.007962251870648345e+02
9.879145831902351915e+01
1.140139008711262534e+02
1.116500605471464524e+02
1.054697385786256802e+02
1.182070929144152984e+02
1.085421481586037373e+02
1.599233757910149052e+02
8.460009663608177277e+01
1.065626963147741293e+02
1.173273800127847863e+02
1.082364358387577283e+02
9.307782988332398588e+01
1.105087753054796025e+02
1.091923565664511955e+02
1.178541550486033884e+02
1.070265058771633306e+02
1.128971961324446909e+02
1.095557741422042852e+02
1.189100217539579347e+02
1.017836294456874242e+02
1.058589513285404564e+02
1.106795566886266329e+02
9.071412608232395769e+01
1.119047721324671869e+02
1.035920388596578618e+02
1.130960314674371006e+02
1.245412599632592077e+02
1.062640850742616720e+02
1.224769538954139563e+02
1.020426657545830977e+02
1.029271615391795649e+02
1.304734310024909121e+02
9.677577373561211971e+01
9.291021921085503266e+01
1.218478121873033331e+02
1.049795247045289983e+02
1.058012668383390462e+02
1.089991347164465765e+02
1.215870700785431495e+02
1.025305652248347457e+02
1.123439086116083416e+02
1.268539368501702995e+02
1.080509295973391204e+02
9.492717291616877162e+01
9.687346360510720444e+01
1.113212683033632402e+02
1.210602850378250537e+02
1.045673549140402230e+02
1.089474292662076209e+02
9.988717418743840426e+01
1.264644666496784851e+02
9.940247444799416598e+01
1.235231635950290467e+02
1.021320517941136217e+02
1.163153530735680476e+02
1.202104622564856271e+02
1.090243309251112009e+02
1.020264702612605561e+02
1.202899922922818234e+02
1.053080732200004803e+02
1.119070610076971946e+02
1.067692877026727558e+02
1.033319805981670925e+02
1.180632784592232127e+02
1.120951034761199310e+02
1.009583765541301688e+02
1.176473144230609762e+02
1.019878983513225421e+02
1.296819659315508488e+02
1.298891860494554749e+02
9.991286845510346382e+01
8.963907609281559985e+01
9.803859118414722218e+01
1.047696766341281034e+02
1.122023659717406048e+02
1.001998391554061243e+02
1.232659194658132122e+02
1.189491509979935842e+02
1.126818353714814975e+02
1.079455520990996575e+02
9.749587887230030958e+01
9.414307484835265427e+01
1.097947346961705932e+02
1.179278120342780198e+02
1.139830227246420264e+02
1.046402780836080950e+02
1.158522599074027255e+02
8.655176041262978970e+01
1.140054846777197781e+02
1.138430796037327326e+02
1.255578172238954409e+02
1.052228293969762092e+02
1.212953541152632084e+02
9.970087523041671318e+01
1.211028789812041992e+02
9.559134557490114048e+01
1.000746717756422441e+02
1.171134116783333212e+02
1.164775870283419863e+02
1.048411536020844892e+02
1.180166286579699317e+02
1.005116166033449190e+02
1.109965104154274940e+02
1.280092798821594613e+02
1.121565017290505324e+02
1.108418174235693385e+02
1.094745242220894994e+02
1.026180974628542515e+02
1.126150314887389783e+02
1.089396113558920973e+02
1.056881724679699346e+02
1.164293584809899329e+02
1.145124216329777909e+02
1.068233123803755120e+02
9.476306623439849375e+01
1.153313376471916598e+02
9.715458908842964547e+01
1.301522434383238362e+02
9.752378774831009878e+01
9.220792391145165823e+01
1.276686988506196201e+02
1.145973196423706497e+02
1.097885914439484054e+02
9.093237725147216111e+01
1.101458994630152262e+02
1.383503315800967925e+02
1.033903504265555569e+02
1.133535911112264927e+02
1.049660792051513454e+02
8.908055302590054225e+01
1.030422066623759605e+02
9.706780629224270740e+01
1.115350255282029792e+02
1.169844186390703982e+02
1.114700829323629989e+02
1.245220369449068158e+02
1.116360755366023056e+02
1.063487424026582318e+02
1.089783209178042540e+02
1.053793485549616236e+02
9.580289843814200879e+01
9.913633679059370252e+01
1.049776165750895984e+02
1.129138806101102972e+02
1.070415333911813320e+02
1.240035843372462239e+02
1.071758198257246022e+02
9.858810888854273458e+01
1.033192019775654984e+02
1.011220382797620658e+02
1.255246436755470540e+02
1.123353054430593261e+02
1.113344544533926666e+02
9.388398131488227705e+01
9.653787501197143683e+01
1.065576417734206700e+02
1.141054971073044300e+02
1.042932627630527946e+02
1.333482731599572730e+02
1.076430103062320711e+02
1.259796319685901835e+02
1.123928381661165048e+02
9.906837747640143732e+01
1.243626037287418029e+02
8.936345651663424405e+01
1.033211767851132663e+02
1.141116352308144570e+02
8.944119126553722765e+01
1.042272336681340903e+02
1.175987976789401017e+02
1.255262334722297197e+02
1.050980017969264395e+02
1.102501962186787807e+02
1.088023701032775250e+02
9.279506940761872613e+01
1.224506238591440592e+02
1.161236256464444665e+02
1.095684975330332662e+02
1.142171620136602996e+02
9.957404825424988815e+01
9.928024508448123697e+01
1.269173319376513547e+02
1.093649772295880354e+02
1.052790090307650388e+02
1.083345059825428365e+02
9.477111748387480361e+01
1.105734240512138200e+02
1.022965595384299462e+02
1.179263470495754405e+02
1.071115497736636684e+02
1.171771325061348392e+02
1.023930172503034726e+02
1.084832924320925684e+02
1.075960736395047093e+02
1.020542495009064936e+02
1.168750524224910521e+02
1.234828363118954684e+02
1.042736324254413631e+02
1.152606072219796545e+02
9.728469084062436423e+01
1.025665357850014630e+02
1.127281701480776235e+02
1.040368026483496067e+02
1.063345050185956069e+02
1.228811368064927905e+02
1.016763391059100314e+02
9.389512173353399760e+01
1.225156637466668457e+02
1.243277966888899471e+02
1.151442857409495133e+02
1.044974553930468062e+02
1.001601516429530392e+02
9.080221106759303495e+01
1.208844204323547160e+02
1.058698154073469340e+02
1.209673742828098710e+02
1.133710488058614203e+02
1.105668506125930293e+02
1.130611559623905293e+02
9.289417131698483843e+01
1.231923324030914983e+02
1.087926969272860163e+02
1.176307628910628011e+02
1.027639712806837622e+02
9.305386284347137860e+01
1.217664051225581829e+02
1.043235486563422683e+02
1.219857271172877091e+02
1.100422739122207645e+02
1.073395955579459695e+02
1.068751152351303091e+02
1.021784623215245347e+02
1.249105638387074180e+02
7.549603567807673699e+01
1.078584425094087180e+02
1.042002469699886404e+02
9.682752994381594647e+01
8.464445840834096657e+01
1.289149618672993824e+02
1.746965393391657528e+02
8.134359845732885219e+01
9.375612185624213168e+01
1.066018491462324960e+02
1.048350780615699591e+02
1.076786565233220188e+02
1.071434890450008623e+02
1.024887433173370539e+02
9.510654001379627687e+01
1.350528651468628425e+02
9.346577649984376990e+01
1.134847399329808582e+02
1.246904827844035850e+02
1.143092109848661693e+02
1.230434411893153452e+02
1.159280041369908503e+02
1.092616477675984186e+02
8.582939473938255048e+01
1.017850914058035983e+02
1.095778984688220419e+02
1.037941205731861487e+02
1.314446352586500097e+02
1.101141419093007698e+02
1.026415104717123370e+02
9.781849039127237688e+01
1.241127683007008073e+02
9.766501773034194400e+01
9.699124599658689760e+01
1.096353592299902715e+02
1.171760631940413901e+02
1.089181297580393704e+02
1.049397301778947025e+02
1.055058472867760457e+02
1.156775156928868711e+02
1.156588358782837958e+02
1.170598480770891143e+02
1.115276963049130359e+02
1.070444324531840721e+02
1.186933386304666840e+02
9.788128859064048015e+01
1.222785121400823414e+02
9.536471521885509617e+01
1.102631977747764722e+02
1.092799262496912291e+02
9.601276562206246012e+01
8.872931580231123405e+01
1.257564671673395509e+02
1.189891211693224591e+02
1.083973218474247489e+02
9.829885107605272765e+01
9.799126913773936565e+01
1.149075248301398204e+02
1.135369734678784681e+02
1.268254880156853233e+02
1.076081347718609891e+02
9.639490937969613071e+01
1.151049819022005636e+02
9.660663916529662743e+01
1.110748677961415325e+02
1.075002509310923955e+02
1.053572403578016008e+02
1.109388243464072588e+02
1.033424001955670519e+02
1.184654153860702053e+02
1.145494349120335045e+02
1.090888199262278420e+02
9.772403030000701563e+01
9.425253767056224774e+01
1.055440578675285650e+02
1.168915237863029546e+02
1.164322131201815864e+02
1.233484026037601495e+02
1.000033796404408264e+02
1.209620121923260854e+02
1.041645829552671074e+02
1.079046057452205645e+02
1.165014299879366462e+02
1.167522366396916880e+02
1.039460687034602557e+02
1.038511638876132537e+02
1.163656564833015779e+02
1.190703388905633915e+02
1.090347268672898053e+02
1.000583369745872915e+02
1.067999951384425543e+02
1.153427767970723750e+02
9.862701551978763348e+01
1.144621579789823613e+02
1.209477621052268148e+02
1.152772974483951174e+02
1.060489561849913827e+02
1.081979753700532854e+02
1.006047624272644896e+02
1.031113209400598123e+02
1.114173771558942576e+02
1.293790382236759342e+02
1.111839649511015438e+02
9.696145687917443468e+01
8.837262663608369451e+01
1.106222706937270743e+02
1.051968727445215848e+02
1.148844968724014706e+02
1.121573089823856009e+02
1.113257758647634148e+02
9.574552931288057778e+01
1.165045558019050560e+02
1.046566861891385685e+02
1.387859420265090762e+02
1.091850616493470767e+02
8.346421070027341216e+01
1.032075921320099638e+02
1.100063764093133472e+02
1.292399968538347821e+02
1.218472365653388749e+02
1.001126446088334063e+02
1.111644812845606225e+02
1.192918862475193720e+02
9.360621012952012165e+01
9.441504015914169656e+01
1.148416404452019606e+02
1.092917840219669472e+02
1.232391601238442718e+02
1.181237208512685726e+02
9.682572554432607603e+01
1.089447322844280279e+02
1.059446477103954152e+02
1.231076430660852736e+02
9.794523680358679485e+01
1.353106537200816888e+02
1.008703992240922673e+02
9.786514784195452421e+01
1.076249896541857254e+02
1.014916337803770148e+02
1.132103103654016110e+02
1.091526650819727138e+02
1.024611037632326145e+02
1.098676405574356778e+02
1.304690680186548093e+02
1.124308108293847397e+02
9.037801342015484352e+01
1.052280729821407164e+02
1.223914160253642365e+02
1.086565717314333739e+02
1.230085349524037213e+02
1.207220629443588820e+02
9.680805126333592625e+01
9.142154044619756803e+01
9.693279833643158838e+01
1.201744910976066905e+02
1.303113691228158473e+02
1.139437428652533271e+02
1.106177049052458159e+02
1.081722049288131160e+02
1.156942860261397925e+02
9.535676649745397526e+01
1.229819866131601316e+02
9.999861140877264631e+01
1.160054329362983623e+02
9.790305550909181420e+01
1.176839042028525171e+02
1.101707702385464671e+02
9.749061497837861623e+01
1.125723976954831755e+02
1.110241055847832428e+02
1.063970269778116915e+02
1.198408653418798480e+02
1.058296325951425416e+02
1.056694063290444205e+02
1.009995356790418555e+02
9.554442130514709675e+01
1.301865154242045435e+02
9.538117680059863801e+01
1.055881185384847072e+02
1.086353668083412174e+02
1.293003482000456188e+02
1.044726623430422165e+02
1.112068868681780600e+02
1.136294737974279343e+02
1.090932562426366559e+02
1.020616679871074979e+02
1.136209460976055112e+02
1.013404775378887877e+02
1.165252693710879015e+02
9.621104881672457054e+01
9.505467414630672351e+01
1.138618154725780443e+02
1.236694262059007201e+02
1.061538694518858961e+02
1.187453175611707366e+02
9.806296272047249829e+01
9.844144847558676759e+01
1.088721401198222196e+02
1.036764039695650155e+02
9.702199434165356706e+01
1.027804066624719610e+02
1.049156858417654234e+02
1.194477879242981686e+02
1.243906135967658315e+02
9.515391403075551580e+01
1.098040291515920899e+02
1.091108901835541189e+02
1.015100335156449773e+02
9.793903431725351538e+01
1.092631052463671324e+02
1.246470302678465174e+02
1.041832257126620362e+02
1.159847503911671254e+02
1.182499651640602707e+02
9.096010382320731935e+01
9.994895909315903282e+01
8.822410299974507097e+01
1.231671114348799136e+02
1.193517760035345248e+02
1.183555730936603254e+02
1.098692904364743299e+02
9.860407721362369671e+01
1.031607416579978889e+02
9.820392275776715962e+01
1.052187287414991914e+02
1.252026934654703183e+02
9.892704249911624004e+01
1.230325397034111177e+02
1.191096779590709929e+02
1.205966621576489359e+02
1.140524645910210211e+02
8.361305651333657352e+01
1.212244853476841371e+02
9.024048449828396201e+01
9.903241028224925913e+01
1.206930505413967865e+02
1.031359358191195810e+02
1.031589892032700817e+02
1.103680907711121222e+02
9.288877060755133641e+01
1.281176259554790704e+02
1.163953224915631353e+02
1.006096256574107457e+02
9.644982767099673993e+01
1.038086265817962470e+02
1.068494260746532518e+02
9.020594649044400626e+01
1.166029958971425344e+02
1.082178392509794236e+02
1.036788126636889302e+02
1.180926228917122671e+02
1.055674765364207843e+02
1.097651204660528492e+02
1.005137166978945373e+02
1.170445606941404719e+02
1.078252095815960132e+02
1.122275554605000281e+02
1.129438356448384440e+02
1.132441884749865437e+02
9.546227878728726068e+01
1.139207337604419337e+02
1.064152530366791325e+02
1.198500209193025654e+02
1.149034300881769184e+02
1.113824754764706171e+02
1.128673746417778574e+02
9.110607448706991818e+01
1.201860242688447329e+02
1.224450798447291078e+02
9.155548812473385567e+01
1.088298458698740490e+02
1.128312082261856091e+02
9.588887251163691872e+01
1.220552632910467423e+02
8.204512576478889230e+01
1.273291763080247989e+02
1.075986093072601193e+02
1.009062637830146372e+02
1.145197911019017027e+02
1.121054695372697694e+02
1.057634834177699616e+02
8.895658229206962631e+01
1.141086852304716075e+02
1.062753433003476147e+02
1.223291972457945747e+02
1.046734675755370318e+02
1.164471906692732688e+02
1.160954489723228420e+02
1.066032251290056934e+02
1.137862767911228019e+02
1.046632648403415118e+02
8.912948988655573146e+01
1.254819257270673774e+02
1.066903087772476937e+02
1.131389710284575756e+02
1.071573662897724120e+02
1.282724439338351203e+02
1.043642096203000591e+02
9.848502303642163724e+01
1.317227765642099087e+02
1.030249541782721110e+02
8.950203847342488928e+01
1.234627087209622260e+02
1.225375137655196340e+02
1.062884157842061938e+02
1.018060527182811370e+02
1.146644807486638626e+02
1.051401579234614729e+02
1.040845876206399367e+02
1.043860204772141316e+02
1.014557832074328871e+02
1.058937829539917459e+02
1.052844502456900813e+02
1.124475191732898196e+02
1.250880812965591673e+02
1.024306761190935902e+02
1.021210193731474192e+02
1.126975636850173146e+02
1.096728698033434597e+02
1.034739562352850442e+02
1.038700918470576227e+02
1.223301980497430606e+02
1.095778245840968026e+02
1.004224685232846781e+02
1.275939869288440889e+02
1.004834190662277251e+02
9.124298369937282871e+01
1.204537178118930285e+02
1.101382368367150804e+02
1.040198971710911025e+02
1.275240721787607612e+02
1.270040212169826930e+02
1.163218693279629292e+02
9.944312786812207605e+01
1.009432640124355629e+02
1.232454963442719844e+02
8.150936640700894031e+01
1.007733625425052963e+02
9.150665674987895670e+01
1.197717441681347879e+02
1.040525402917754718e+02
1.182155391063133862e+02
1.180412348350990612e+02
1.308520438470037277e+02
1.089666825224139899e+02
1.053706347190705799e+02
1.034460379878831020e+02
1.116470186151225761e+02
1.083458479386183484e+02
1.294493885368500230e+02
1.000335850206584922e+02
1.019914360837401688e+02
9.258037329202242915e+01
1.256422026783547778e+02
1.111428159393272637e+02
1.194910768982650779e+02
1.078091603124843232e+02
9.977256476564478760e+01
1.021451908869910454e+02
1.025892913635916841e+02
1.109921463768361036e+02
9.969053176881452316e+01
1.173965140264756570e+02
9.831104966122890687e+01
1.149722553999842063e+02
1.069351126949455733e+02
1.169795418916800287e+02
1.080937611507706606e+02
1.006813059502112679e+02
1.215039269893050999e+02
1.094423512622358032e+02
1.073577998804823466e+02
1.092900463114032164e+02
9.844123588592619001e+01
1.185612030574320954e+02
1.093196532988510654e+02
1.102731488670419964e+02
1.135812699120998701e+02
1.107794581986179594e+02
9.292241930661373317e+01
1.046067784311708522e+02
1.221899163195424762e+02
1.152281462699660750e+02
7.931208136845572199e+01
1.214427981169393433e+02
7.839726413991385812e+01
1.169968518466792631e+02
1.143730670039557964e+02
9.312061153553058546e+01
1.037606454707997585e+02
1.481322232284819620e+02
6.978793537362891186e+01
1.143077466267407374e+02
1.013537963088975857e+02
1.185781113212168805e+02
1.076852086963015012e+02
1.077982683505694155e+02
1.061219539302823733e+02
1.063944757091351079e+02
1.097454384375926963e+02
9.761937841592865084e+01
9.449112859716936441e+01
1.101327256043236957e+02
1.169317146672946279e+02
9.246724225555827559e+01
1.119250487999787822e+02
1.091111269507976402e+02
1.036128360448834940e+02
1.082799673296675991e+02
1.259005004330818025e+02
1.076550416022353289e+02
1.247606774734436641e+02
1.123806272532204673e+02
9.256851569576954830e+01
1.196970485163778335e+02
9.933837631201988927e+01
1.003375627831979529e+02
1.009222446921287002e+02
1.584056292278345950e+02
8.183564912877181996e+01
9.879132864894846477e+01
9.160857356642456750e+01
1.021364155584595181e+02
1.124275362988876736e+02
9.757210982800826571e+01
1.119972577278094263e+02
1.055480644376904138e+02
1.122066555041118647e+02
1.077649052892607671e+02
1.005396185004334910e+02
1.101161429877485745e+02
9.575736763583405775e+01
1.172154589990934284e+02
9.325359354103476051e+01
1.339928858650350776e+02
8.963575525278372425e+01
1.042605997203279742e+02
1.214505238681039430e+02
1.204352750440403099e+02
1.062572952119996899e+02
1.135358840230455399e+02
9.727458990141742845e+01
1.149563214156182767e+02
1.207183016702835943e+02
1.217207254915774968e+02
9.776120188690362056e+01
1.042746268321247527e+02
1.023251110602702880e+02
1.136403984745744395e+02
1.133904927587095131e+02
9.693574143024149237e+01
1.179787594605137571e+02
1.113732778444394285e+02
9.920573468023155783e+01
9.970456475407894459e+01
1.079883389047477920e+02
1.294152347128290330e+02
1.208933307259942183e+02
9.663766986704344220e+01
1.088257969763529189e+02
1.022352912016901030e+02
1.104969554149044484e+02
1.114838918633085711e+02
1.187573079244504584e+02
1.037321170378492781e+02
1.209930867858006280e+02
9.179139137035629403e+01
8.296142321478302506e+01
1.220317225894387434e+02
1.151068734885745926e+02
1.152736026214692941e+02
1.142756041850221180e+02
1.107324497855524186e+02
1.109951998495133267e+02
1.062358646334509018e+02
1.117503096325986007e+02
1.020533426049839960e+02
1.083684440121731285e+02
1.083815192880839646e+02
1.064736848112782042e+02
1.120850106159349622e+02
1.048893802062970337e+02
1.162696790776332136e+02
1.163871460385146861e+02
9.161155061651257370e+01
1.005259719597958963e+02
1.074714231992481928e+02
1.085504205944885143e+02
1.313034190151080338e+02
1.095176368705599401e+02
1.003953612253499301e+02
1.082087884850361093e+02
1.141906295057156200e+02
1.211467461224277997e+02
1.012028393853580894e+02
9.218798168155244355e+01
9.868671621341013633e+01
1.010284670667547005e+02
1.118562247045247346e+02
1.164976658225578348e+02
1.086065049386015318e+02
1.070347085496971289e+02
1.068747491028558869e+02
1.074776929668636569e+02
1.069220197304065323e+02
1.200376206666100245e+02
1.078360251439465003e+02
1.094254774228711398e+02
1.221751659125551015e+02
1.065393703326629975e+02
1.222861590505288945e+02
1.061298634683369926e+02
1.138573757963309987e+02
1.082898771170783192e+02
1.002420680545810683e+02
1.047460074695563605e+02
9.939644954664944976e+01
1.021902440415425417e+02
1.151138270527507075e+02
1.109762342090896112e+02
9.744513727294001626e+01
1.144665514997246163e+02
1.083107480583128819e+02
1.283366075415906380e+02
1.089604728688723299e+02
1.248879572917244190e+02
1.126415028228826714e+02
8.060405898772427236e+01
9.785582199061080644e+01
1.183693231781964101e+02
1.246400363375199731e+02
9.396091419152297419e+01
1.160491588691295988e+02
1.160093692971099699e+02
1.206604763766322748e+02
1.139997317726416100e+02
9.762547138245662381e+01
9.873167955007690466e+01
1.115430870495478217e+02
1.191732957118260146e+02
1.119684054833568183e+02
1.105247581734046349e+02
9.121738361760480984e+01
1.020449846317366109e+02
1.128547085380169648e+02
1.279447234471759174e+02
1.231015367891606473e+02
1.096043984013409158e+02
1.117159425805595419e+02
9.386638201453406793e+01
1.046344883625103819e+02
1.342683357086792455e+02
1.046024879544375068e+02
1.087151671193088447e+02
1.071288395392119526e+02
1.078845520806842018e+02
1.063267899321641181e+02
1.248702798575823465e+02
1.054353428248998625e+02
1.097632741703194910e+02
1.146902915210377216e+02
1.059087133531836429e+02
1.089643181688564795e+02
1.115300506077259541e+02
1.240839184498140355e+02
9.146753243066508787e+01
9.777602525509414022e+01
1.185204374928437687e+02
1.128456546568998391e+02
1.087187972159693885e+02
1.211825139753392051e+02
1.029609747056992859e+02
1.103475266438642137e+02
1.268352669870020719e+02
1.069924649072711418e+02
1.157864755661496758e+02
9.771499514154439225e+01
1.196330431106227508e+02
1.165886227383872438e+02
1.099553613168500164e+02
1.036021787950800643e+02
1.014543865914922378e+02
1.003116005916716915e+02
8.859332971207301455e+01
1.097374345122994299e+02
1.100043340984431666e+02
1.431317639287056522e+02
9.199147920204424622e+01
1.098910053401518780e+02
9.811439768458450317e+01
1.060826472318827740e+02
1.105465342466498839e+02
1.118795318161231194e+02
1.190790995250592204e+02
1.060886511828787917e+02
1.056073086775968051e+02
1.240899137772707945e+02
9.721229904400716748e+01
1.012130504104792976e+02
1.073964663473409900e+02
1.287987757961569173e+02
8.902884799951910111e+01
1.285968315352198204e+02
1.113412479829489996e+02
1.134462156479926591e+02
1.070900429717741957e+02
1.019485829638626484e+02
1.127148753230538603e+02
1.103945222594502695e+02
1.027816770827196393e+02
1.048573218826823990e+02
1.127715094928931308e+02
1.022041407212097113e+02
1.062283469505271256e+02
1.151952080822238713e+02
1.152358423116393453e+02
1.054124678589853517e+02
1.098113668197197370e+02
1.142268852969825446e+02
1.078195870134093752e+02
1.135410725844700721e+02
1.058929899308505185e+02
1.271814908378252369e+02
1.215551040431037677e+02
9.806908868826684511e+01
1.072009284620030201e+02
9.925405822242242948e+01
9.211152152319802155e+01
9.693901391302647141e+01
1.028368466786076567e+02
1.162241710049755028e+02
1.042709214993890470e+02
1.240202720915272323e+02
1.044638016959043796e+02
9.988011849334037606e+01
1.237053673035378836e+02
1.059346736706829120e+02
1.060181279143751425e+02
1.145803308706244934e+02
1.070223810706843608e+02
1.114676777639873393e+02
9.152878788886209804e+01
9.939170608946220398e+01
1.190095732534722828e+02
1.078612365277027578e+02
1.235149729269906231e+02
8.929224982890654871e+01
1.133220901563967686e+02
1.285113461896281422e+02
1.072675845031502035e+02
1.074134259900516923e+02
1.074902296318258976e+02
1.014282671703441707e+02
1.189023648125384796e+02
1.040882751728409943e+02
1.030683404905364000e+02
1.438262059777860031e+02
1.043270745616322301e+02
1.026052148393340389e+02
1.019733596276669800e+02
9.474729269053131020e+01
1.010809674060064651e+02
1.157898411021220966e+02
8.962780506386647517e+01
1.300909077023157181e+02
1.175275691572968810e+02
9.606005896690503221e+01
1.090103211833655337e+02
1.066195446798621020e+02
9.467223986871620411e+01
1.081850443710783054e+02
1.229282456297222126e+02
1.134737426335140924e+02
9.736066432480798483e+01
1.004249394321439297e+02
1.200567302316374452e+02
1.322326112941792076e+02
1.153162173019191243e+02
9.292394415377350469e+01
1.107787876612674864e+02
1.038617169207412729e+02
1.235501706636221115e+02
1.076770345078907383e+02
1.021269560945075057e+02
1.081226540612441198e+02
1.212231843654053165e+02
9.927818754263098810e+01
1.087391587281468333e+02
1.224489513553200339e+02
1.016054835062349611e+02
1.016088821872913144e+02
1.087008092774931640e+02
1.091168514677829506e+02
1.074467371080138491e+02
1.098625579006626367e+02
1.191771179963980103e+02
1.021011276410158644e+02
9.876877740618839141e+01
9.998637763441146831e+01
9.591375956865147145e+01
1.158644631766031523e+02
1.133169422588496502e+02
1.195540451803608164e+02
1.131270372371497785e+02
1.028445886924602917e+02
9.573554205549208973e+01
1.082607267155731279e+02
1.208125999745145833e+02
1.141450255485616623e+02
9.652385321094773474e+01
1.043401762207450503e+02
1.299140214508120152e+02
1.176793199563191479e+02
1.099112733196678136e+02
1.035605135800601175e+02
1.203696135352989671e+02
1.013396980496722790e+02
1.002181182457265720e+02
1.149488471490067383e+02
1.196884155924007587e+02
1.130412375646857868e+02
1.115967162708895302e+02
9.737806133440112433e+01
9.629011548125920683e+01
1.068389814189324625e+02
1.143618646484783739e+02
1.078093985374168824e+02
1.092696611375705515e+02
8.879076367113796664e+01
1.198852208317158414e+02
1.082033830039277973e+02
1.180870003131317674e+02
1.092165322916532517e+02
1.118676409294641587e+02
1.016950692888105436e+02
1.013701258241779470e+02
1.128847714347105153e+02
1.150532282057637303e+02
8.978327415390192812e+01
1.324962050604114268e+02
1.044731875548006315e+02
1.228916055741598115e+02
1.114388900066196015e+02
9.481669634786634049e+01
1.001828329079007460e+02
9.912836757170357771e+01
9.333010059858428065e+01
1.077678564186554127e+02
1.069375717234047585e+02
9.387306619519178241e+01
1.047347262500662310e+02
1.196926962803875085e+02
1.218309209225013632e+02
1.010827742167041663e+02
1.141767677626919664e+02
1.019329921960210328e+02
1.031874546373954473e+02
1.243727004343440115e+02
1.119834128825592359e+02
1.093857051347930138e+02
1.079858177606907503e+02
1.184340162936947252e+02
8.172774127117983767e+01
9.625052270249564401e+01
8.810874349655168203e+01
1.100190239248803579e+02
1.150018312843298673e+02
1.133745076119374033e+02
1.041944178068221021e+02
1.032425252716218722e+02
1.099559342824746153e+02
1.281709849857451218e+02
1.167013079758779099e+02
1.103541367667432951e+02
9.716978243593696618e+01
1.010239994120485534e+02
9.874031444684213454e+01
1.096598887355415144e+02
9.579409954647563552e+01
1.223323714599251701e+02
1.102733419026198618e+02
1.075396678495403080e+02
1.105641056454364133e+02
1.030395309220199351e+02
9.889434556047679337e+01
1.222382736797856921e+02
1.073304711971038898e+02
1.140758297471413698e+02
1.095157737552934236e+02
1.222036536507333153e+02
1.125913302355831291e+02
1.077900507958803757e+02
1.022997883799851166e+02
1.092774623613552336e+02
1.005204732429203318e+02
1.117534362653399000e+02
1.077893934801229676e+02
1.234162261014373740e+02
1.035144537335923474e+02
1.208101696129713076e+02
9.453492071333684521e+01
1.207190388398583707e+02
1.086278841793365899e+02
1.182122953686440354e+02
1.115130865404175040e+02
1.090900603824141228e+02
1.009555573587777246e+02
1.270976402498981344e+02
9.395521336538273260e+01
1.100948878548922920e+02
9.997138051662025759e+01
1.201096883036798602e+02
1.025924712994506649e+02
1.266257090057544303e+02
1.012433807458567117e+02
1.024600172644212250e+02
1.191770576411356899e+02
1.213889139702944959e+02
9.763124689032872539e+01
1.005949100422699587e+02
1.019719566845084842e+02
1.151221346407923107e+02
1.068315037942409020e+02
1.457616942991506050e+02
8.638286291034928865e+01
8.840635780673095212e+01
1.043721112644831948e+02
1.152214778841247664e+02
1.015418327447726199e+02
1.079645597047726540e+02
1.304012144487883518e+02
1.140414766354444112e+02
8.692626704977419649e+01
1.126659330287142637e+02
1.169268472453015022e+02
1.134298814290025064e+02
1.102078044427685342e+02
1.042821585866705334e+02
1.347684294552436484e+02
1.014203627555088332e+02
1.060847173861773030e+02
1.099584517917417799e+02
9.877669883488353264e+01
1.060957068545464352e+02
9.071129517562802391e+01
9.992109705220076421e+01
1.061605690898945369e+02
1.263522230852531294e+02
1.113417384677427435e+02
1.036388783230432580e+02
1.090249924913929931e+02
9.243840029598040076e+01
1.117695252951831577e+02
1.063053527223092374e+02
1.300361634336863119e+02
1.197830846314489150e+02
9.816283702680907197e+01
1.022109211337191965e+02
9.568405273261640787e+01
9.147927664450928376e+01
1.000172911550862409e+02
1.226986103417661980e+02
1.339350135466986558e+02
1.100170922229923889e+02
1.007319785437204587e+02
1.237984946598218983e+02
1.096936590114052450e+02
1.047897757784478756e+02
1.181809837604551774e+02
1.025997312909786672e+02
9.999802821141602749e+01
1.142835829651382369e+02
1.063714225786886658e+02
1.148845440227564154e+02
