-5.438209592322060359e+00
-5.392592164985862802e+00
-5.321765115821858849e+00
-5.135755597106336445e+00
-5.464413304039965169e+00
-5.466465852088361110e+00
-5.505912478734354742e+00
-5.483533440042784868e+00
-5.500831395932748613e+00
-5.513023737000315450e+00
-5.509172867803213691e+00
-5.472747061071927988e+00
-5.113571908284137990e+00
-5.132731472334800316e+00
-5.120342978199669659e+00
-5.128060272738022007e+00
-5.144181163911797583e+00
-5.137002117718092897e+00
-5.130942040763249778e+00
-5.122745907207123750e+00
-5.155282161082023862e+00
-5.156286693677681221e+00
-5.129233158190753983e+00
-5.398685685342695884e+00
-5.434638262929927244e+00
-5.479234663343081735e+00
-5.516013761826350503e+00
-5.064311848639470703e+00
-5.412827874339187773e+00
-5.436004672720606834e+00
-5.367893737199450399e+00
-5.329078802123703440e+00
-5.390131014318964908e+00
-5.154564589623688242e+00
-5.430918810056053481e+00
-5.449441160739340262e+00
-5.416439094601921411e+00
-5.119115554315392558e+00
-5.501989587960733452e+00
-5.550441998300448709e+00
-5.721790719122689772e+00
-5.420002079220409996e+00
-5.522648754433812535e+00
-5.698008115315843725e+00
-5.520631542567609351e+00
-5.544338666194099652e+00
-5.476707219124070214e+00
-5.530003023554979968e+00
-5.564407018847345121e+00
-5.711796817733040044e+00
-5.480211305696719215e+00
-5.468101121493181616e+00
-5.536805266021933569e+00
-5.586758613907578663e+00
-5.445912598394424542e+00
-5.478154048785904173e+00
-5.497803596549645455e+00
-5.542271920758413017e+00
-5.582271966638096217e+00
-5.663174994992495215e+00
-5.653062963115357498e+00
-5.745835923075460983e+00
-5.743185017850420238e+00
-5.648467927473199701e+00
-5.642270365204476334e+00
-5.632481734474894530e+00
-5.630412826270551285e+00
-5.643031118766586474e+00
-5.668977099533219821e+00
-5.624101362481277455e+00
-5.671862969144994437e+00
-5.626562379004417025e+00
-5.681805284433615100e+00
-5.621687890552315991e+00
-5.650871145659293049e+00
-5.749458971928278928e+00
-5.642328062959250268e+00
-5.630883169109871744e+00
-5.639499369331232970e+00
-5.654650623886088745e+00
-5.638664302709403664e+00
-5.632309851340700391e+00
-5.632925485370374297e+00
-5.625208718631228066e+00
-5.632213749694813032e+00
-5.655754253977500312e+00
-5.641883063399956377e+00
-5.658529670485314078e+00
-5.648535035767663359e+00
-5.728551404637657996e+00
-5.715753124701239862e+00
-5.735873793911150820e+00
-5.655356881972319449e+00
-5.704889635223644895e+00
-5.701647486199172832e+00
-5.715100883806456089e+00
-5.704646200705402848e+00
-5.686650946719196575e+00
-5.509908465829817636e+00
-5.578051072117598430e+00
-5.533968818666629375e+00
-5.561798357484410538e+00
-5.506754369585893372e+00
-5.540467398276117450e+00
-5.509891376883962799e+00
-5.566548029707480083e+00
-5.630804786685179586e+00
-5.517404307938676311e+00
-5.472822964526184109e+00
-5.511637171457469897e+00
-5.528903400114843159e+00
-5.496752625902444400e+00
-5.476940465199184871e+00
-5.536312362490366290e+00
-5.484182603364268438e+00
-5.541652135938314849e+00
-5.527576368485943803e+00
-5.594056258130335024e+00
-5.548903719366489184e+00
-5.541809981701100618e+00
-5.515272882509341557e+00
-5.538649200336153378e+00
-4.733484323795813964e+00
-4.658704735832603028e+00
-4.607449542067794113e+00
-4.822779251426384306e+00
-4.783981340951785732e+00
-4.740148173754905159e+00
-5.064876761838236874e+00
-5.069766451837049104e+00
-5.035095519167433586e+00
-5.093579489873828692e+00
-4.709687924261730885e+00
-4.680280611619953568e+00
-4.612037894107442249e+00
-4.687491141635657499e+00
-4.775578925909043093e+00
-4.656689566974430150e+00
-4.644227436016772792e+00
-4.625063951775334914e+00
-4.616548365427592060e+00
-4.730669526253269197e+00
-4.629374384744556536e+00
-4.615842326075048518e+00
-4.602671704687629983e+00
-4.720716524032932071e+00
-4.710666985868149581e+00
-4.738932602029505503e+00
-5.498308097039005027e+00
-5.448695755569109345e+00
-5.385807594402359122e+00
-5.513780827494847436e+00
-5.664578636537330958e+00
-5.716245557618029771e+00
-5.594788387746827851e+00
-5.145576088670131831e+00
-5.216140111707498583e+00
-5.235385951181375397e+00
-5.755537606398740458e+00
-5.770821692598978814e+00
-5.779864118926810512e+00
-5.731920100178016675e+00
-5.764752431190903081e+00
-5.543225455914509325e+00
-5.518764292061792531e+00
-5.547538140250266814e+00
-5.524438568788101911e+00
-5.543380909713180316e+00
-5.663151144951840799e+00
-5.729903147961432630e+00
-5.286919597007047500e+00
-5.232377478855580577e+00
-5.274333809982745258e+00
-5.300829964071063216e+00
-5.329240862045241833e+00
-5.516209305771376137e+00
-5.298720405231764019e+00
-5.337662232821259956e+00
-5.348663462393575152e+00
-5.340250178280488313e+00
-5.336103678177344101e+00
-5.305091516016738673e+00
-5.314709047214012827e+00
-5.302750842168254763e+00
-5.309973480624714526e+00
-4.713931020403656191e+00
-4.732324773643637350e+00
-4.707321195055625296e+00
-4.716918110087047644e+00
-4.728721412946635283e+00
-4.723948479267406242e+00
-4.705678416972460809e+00
-4.721776238263663217e+00
-4.733796978475005801e+00
-4.719854623975415997e+00
-4.729106680377464400e+00
-4.693847561051730288e+00
-4.688124017506616781e+00
-4.710307738090756757e+00
-4.687880357535339826e+00
-4.702100057361917607e+00
-4.688382370596418269e+00
-4.680961915340861701e+00
-4.693337588922331882e+00
-5.194736222683101090e+00
-5.126875608593325140e+00
-5.140638789217696569e+00
-5.126470673107696108e+00
-5.161468888633218732e+00
-5.168792249672262251e+00
-5.187880709639745014e+00
-5.156006786421436061e+00
-5.161847078896060204e+00
-5.385068683040394433e+00
-5.341454592342294916e+00
-5.325649243060945892e+00
-5.326809605347654575e+00
-5.281063769599456670e+00
-5.399063763822608664e+00
-5.385711054968877143e+00
-5.321609447016056649e+00
-5.289478203334178730e+00
-5.097682698457489892e+00
-5.262218400087609993e+00
-5.233365815871763971e+00
-5.343881464367435719e+00
-5.301566418687661653e+00
-4.878662210035311197e+00
-4.856314396920328846e+00
-4.854996420022452241e+00
-4.866193700088083496e+00
-4.870690889179674521e+00
-4.766798389702301186e+00
-4.708888268320743364e+00
-4.723149763091515574e+00
-4.876179411022262045e+00
-4.871033848152817036e+00
-4.949570132906385922e+00
-5.264168514389587550e+00
-4.913548558352070827e+00
-5.270701025977635901e+00
-5.277439972535547419e+00
-5.199998725018012635e+00
-5.156563212092613036e+00
-4.903828921950927011e+00
-5.202501979440106616e+00
-4.956777055847356728e+00
-5.342778764687746040e+00
-4.945175898546245286e+00
-4.895367176195699166e+00
-5.314148543046041340e+00
-4.936647027363425977e+00
-4.928744101503661490e+00
-4.954993288990976019e+00
-5.247066259791534293e+00
-5.235047646181970826e+00
-5.247162663276824901e+00
-5.223305152752387492e+00
-5.136082969698676948e+00
-5.248575610800804370e+00
-5.246873854087806599e+00
-5.232021934935382035e+00
-5.237436063275235476e+00
-5.111467814846419877e+00
-5.074945871347965820e+00
-5.134980363266573811e+00
-5.134893255416956848e+00
-5.156629571191528427e+00
-5.122586771894682478e+00
-5.259257299873024927e+00
-5.233007481235336655e+00
-5.105611808145668284e+00
-5.138045897569414322e+00
-5.112561915686969272e+00
-5.555084388423925823e+00
-5.553137140187175191e+00
-5.572695743044633332e+00
-5.558530346351083118e+00
-5.571527328022953363e+00
-5.563695359004994678e+00
-5.537259587736824251e+00
-5.563874974506369142e+00
-4.734523503500960295e+00
-4.745136332695983228e+00
-5.084279773311374484e+00
-4.709500315935296832e+00
-4.668244506083895295e+00
-4.729207934505255118e+00
-4.532470430332958600e+00
-4.686001008668717382e+00
-5.676369813925591146e+00
-5.645163313655358728e+00
-5.510443149653347916e+00
-5.564605988296877470e+00
-5.538128814973307890e+00
-5.508611519849377025e+00
-5.541542555157819905e+00
-5.619745379346849035e+00
-5.685663075234838715e+00
-5.668293574439229765e+00
-5.669296784518433441e+00
-5.631427411949636586e+00
-5.647257756314068011e+00
-5.632335454608725200e+00
-5.633709282962321652e+00
-4.761692015380333487e+00
-4.758268479917379778e+00
-4.727400012920794481e+00
-4.733074370502485806e+00
-4.734717530404897623e+00
-4.721080486185046610e+00
-4.734002755971697951e+00
-4.742720801212445103e+00
-4.790450350239455091e+00
-4.791616204094236942e+00
-4.805264384679852618e+00
-4.777471894603824154e+00
-4.786894361728572633e+00
-4.726342911996325391e+00
-4.738183160585799136e+00
-4.816151931247505402e+00
-4.703117422412177007e+00
-4.818449355391855704e+00
-4.841680842886582958e+00
-4.811837602248232315e+00
-4.815950618326825250e+00
-4.748496328008593004e+00
-4.781221075924410258e+00
-4.805252470503774909e+00
-4.792337859912265685e+00
-4.772338637864755206e+00
-4.795035402423465598e+00
-4.820834189849486862e+00
-4.821984337183367053e+00
-4.800582251203257655e+00
-4.817348261232326401e+00
-4.826980006091869946e+00
-4.796137476004693312e+00
-4.811765341147022035e+00
-4.828052608932903667e+00
-4.825867170417456720e+00
-4.845734456991340089e+00
-5.104531879639995218e+00
-5.109793302796115988e+00
-5.103185737276342948e+00
-5.096913024023813854e+00
-5.102098244386748860e+00
-5.110587702956482126e+00
-5.301271863498149273e+00
-5.296686113373652915e+00
-5.291962786015258047e+00
-5.291526710602536099e+00
-5.296658929834308971e+00
-5.297490769639890296e+00
-5.291988085942773701e+00
-5.294455594126569409e+00
-5.290280110547642245e+00
-5.292155103750452838e+00
