-5.439785730051974966e+00
-5.393362229157688148e+00
-5.322329029979867343e+00
-5.137368920868336630e+00
-5.466895642543959433e+00
-5.468726715604168120e+00
-5.508037255973015967e+00
-5.486951174451771607e+00
-5.503755780355778171e+00
-5.514717008411357924e+00
-5.511502810955504650e+00
-5.473245904362531888e+00
-5.116286351645833896e+00
-5.135429523356223491e+00
-5.125208337466122366e+00
-5.128043091908900841e+00
-5.146642248413654919e+00
-5.141714515434607335e+00
-5.133001593165274379e+00
-5.131625311362220110e+00
-5.155816220281185025e+00
-5.163934257229922054e+00
-5.139558499955834137e+00
-5.401996121375454152e+00
-5.433162293243571916e+00
-5.480721239669932743e+00
-5.518815227065936746e+00
-5.076775153198664015e+00
-5.415436561702368756e+00
-5.434797796149786642e+00
-5.369776483535740219e+00
-5.331855645758844631e+00
-5.391999577248419051e+00
-5.158022551079588958e+00
-5.433586259223893933e+00
-5.450737831587072257e+00
-5.418227564413733433e+00
-5.122507692840827964e+00
-5.507264121632222675e+00
-5.555116042686126576e+00
-5.727087110301750883e+00
-5.424113483228199861e+00
-5.526096615223332620e+00
-5.702638974121597926e+00
-5.524435575592119285e+00
-5.550409664890741723e+00
-5.481059366160920376e+00
-5.535765231102443451e+00
-5.569271029044077004e+00
-5.718051176894864085e+00
-5.484275969275052454e+00
-5.473474830622880205e+00
-5.541969711483170080e+00
-5.592395701813356546e+00
-5.452190641030480123e+00
-5.483843896721956490e+00
-5.501410412979066855e+00
-5.547036852017035002e+00
-5.586626375888645413e+00
-5.666897950335699541e+00
-5.659764024621395606e+00
-5.751806679423433266e+00
-5.749996496753228215e+00
-5.652011820206257475e+00
-5.646673107200981256e+00
-5.638229070775824248e+00
-5.636831620885149441e+00
-5.646642452740175067e+00
-5.673336409297887073e+00
-5.626889954012849415e+00
-5.675838936036515570e+00
-5.631573647099612501e+00
-5.686539104713489223e+00
-5.624447784899658132e+00
-5.654432696861034557e+00
-5.754533185344737234e+00
-5.646460158889873959e+00
-5.633535351321091511e+00
-5.642593657410588825e+00
-5.657933426147669920e+00
-5.642240259403917157e+00
-5.635655847715815625e+00
-5.637189192740406085e+00
-5.629042664361784354e+00
-5.636327395728503831e+00
-5.659183757905213774e+00
-5.645511592836688131e+00
-5.664176539371804431e+00
-5.653852925613732872e+00
-5.732395304482136744e+00
-5.719167921260448928e+00
-5.737969584246453536e+00
-5.658921732512765423e+00
-5.709445072711434754e+00
-5.704662247723525148e+00
-5.718472751652106112e+00
-5.707801338390543933e+00
-5.689775613474991722e+00
-5.515919696502229463e+00
-5.582610562179794123e+00
-5.537468282328783076e+00
-5.566175794056166026e+00
-5.513238036915735663e+00
-5.547689451545739558e+00
-5.514610242449329292e+00
-5.571093444406960415e+00
-5.636263543782592755e+00
-5.525868453392815738e+00
-5.481453154150004003e+00
-5.521062836123221906e+00
-5.536958346247583762e+00
-5.503813300260940622e+00
-5.484286448705976369e+00
-5.541724508175076558e+00
-5.488874733759843139e+00
-5.545195128319761579e+00
-5.533593309724699871e+00
-5.599662147380848332e+00
-5.551723499464214839e+00
-5.545903429485218084e+00
-5.520312319020495906e+00
-5.540482153685342581e+00
-4.740772670435990932e+00
-4.670325696474734833e+00
-4.616637634963354664e+00
-4.820207587547352013e+00
-4.787446026868395599e+00
-4.747318370772126706e+00
-5.059409609557366849e+00
-5.069713746308433855e+00
-5.038967036707528102e+00
-5.098997424599386541e+00
-4.661181677551758717e+00
-4.662755352281242160e+00
-4.610699765041873732e+00
-4.699614263981954032e+00
-4.770891669187322215e+00
-4.658539667228819070e+00
-4.646245582458101708e+00
-4.627863030127403299e+00
-4.623651689477485505e+00
-4.738709371515366087e+00
-4.636759469949457646e+00
-4.620855038965109962e+00
-4.604527229139412370e+00
-4.717494983937815078e+00
-4.712979808081676047e+00
-4.738948338353150547e+00
-5.501927178274735653e+00
-5.453212941261177171e+00
-5.387287096013956500e+00
-5.516728691894686953e+00
-5.669842917543612693e+00
-5.721294841511743279e+00
-5.599729190516007371e+00
-5.148822670551216341e+00
-5.217407287524933324e+00
-5.241182748295894811e+00
-5.761165215176427878e+00
-5.775804557821173191e+00
-5.783209177098968645e+00
-5.737648240428821822e+00
-5.770415842905376458e+00
-5.545808824221984068e+00
-5.522293396868080073e+00
-5.550905711206134185e+00
-5.530262645722983983e+00
-5.547210387398338938e+00
-5.667393597873593869e+00
-5.735665327507854627e+00
-5.293397482413366717e+00
-5.237823513396625330e+00
-5.278293864874450847e+00
-5.305784338403184641e+00
-5.335931347348374487e+00
-5.521300144772832930e+00
-5.306419093456060665e+00
-5.348244254974553691e+00
-5.358969261558503838e+00
-5.351606279210286310e+00
-5.345468060133210741e+00
-5.313473264016497666e+00
-5.327816662377901302e+00
-5.311162663231281833e+00
-5.321861254728782242e+00
-4.719920011568106588e+00
-4.736726982991791957e+00
-4.716287498231371167e+00
-4.724067791227036572e+00
-4.731992794488826704e+00
-4.728324293804560874e+00
-4.711422047474426833e+00
-4.725719602459614421e+00
-4.737582311934031232e+00
-4.725747644445182694e+00
-4.734941164208984254e+00
-4.699562855014004725e+00
-4.691110498500069781e+00
-4.712125776966211710e+00
-4.689855258310094754e+00
-4.703536651260437296e+00
-4.686473956852319489e+00
-4.684642859796431580e+00
-4.694823887887014990e+00
-5.201721551904632257e+00
-5.116942658119350007e+00
-5.131480450466264998e+00
-5.115190939619535193e+00
-5.149392246997408051e+00
-5.174254300437755916e+00
-5.187191528924360640e+00
-5.148912168520768162e+00
-5.167169472254492746e+00
-5.391220909466311717e+00
-5.346197655669781668e+00
-5.332416362498039852e+00
-5.334261143545353967e+00
-5.291843957240556229e+00
-5.405758694119613850e+00
-5.391411006369016157e+00
-5.327123321203826478e+00
-5.292127014725561907e+00
-5.097841672987653894e+00
-5.266357660974420263e+00
-5.233955406950160594e+00
-5.346669391032644825e+00
-5.306677146821729529e+00
-4.876516447278770983e+00
-4.852067089059028504e+00
-4.855621923083335290e+00
-4.861390688292636320e+00
-4.863778404495959329e+00
-4.764764726708284215e+00
-4.699379325232313498e+00
-4.720341343518125399e+00
-4.877412858648716210e+00
-4.871136416621864917e+00
-4.952080777415053703e+00
-5.267542598733950143e+00
-4.917530750243037652e+00
-5.274460219731714083e+00
-5.282438528865780469e+00
-5.203560373084760826e+00
-5.157912687702659760e+00
-4.907412877503634974e+00
-5.206230987032321345e+00
-4.961488889711255901e+00
-5.348984229297900406e+00
-4.947902549475349687e+00
-4.895554633138521794e+00
-5.318980067360723041e+00
-4.942066689111369371e+00
-4.932801378254432656e+00
-4.958039304399128433e+00
-5.254719388204701858e+00
-5.242800497997516906e+00
-5.252951992954359994e+00
-5.229210526526724578e+00
-5.140567060106125297e+00
-5.250282590217960177e+00
-5.246821258480983019e+00
-5.231577990513288867e+00
-5.237335117555907082e+00
-5.122670585085127293e+00
-5.079627532866028972e+00
-5.142340839724238499e+00
-5.136855145305515791e+00
-5.165443729854445998e+00
-5.127348473163114484e+00
-5.266095392330142566e+00
-5.236097186746086152e+00
-5.111909477466300977e+00
-5.144726434892644917e+00
-5.119293199882315015e+00
-5.563087889240212469e+00
-5.561048688346394542e+00
-5.573066514213304679e+00
-5.565447180313007003e+00
-5.581264861399555244e+00
-5.565420594365472873e+00
-5.551950446436294762e+00
-5.568244085149577138e+00
-4.739689988629875117e+00
-4.746840756749356238e+00
-5.080589231424482932e+00
-4.717252225955775202e+00
-4.660957469223028227e+00
-4.705989278045775492e+00
-4.534223118845732259e+00
-4.676091040072947180e+00
-5.682503361093266925e+00
-5.645886161256231439e+00
-5.516347572791443277e+00
-5.563206385970119072e+00
-5.539612233784570350e+00
-5.508786103907536535e+00
-5.540686107241644898e+00
-5.626423033557833797e+00
-5.691756064085462974e+00
-5.674074086620340296e+00
-5.675314161011976388e+00
-5.635372228681516660e+00
-5.650073984218943579e+00
-5.637086501288115947e+00
-5.632823486646872269e+00
-4.768271180994539726e+00
-4.764231773863559560e+00
-4.733363887888020649e+00
-4.734827499331833778e+00
-4.738427730150733375e+00
-4.720047661170094777e+00
-4.736887873177422215e+00
-4.744156367621788384e+00
-4.791517397286778390e+00
-4.793452712157870721e+00
-4.808675187219566993e+00
-4.777822538154794962e+00
-4.789396012653964085e+00
-4.733309717583580323e+00
-4.745755869572461982e+00
-4.821912773568405974e+00
-4.703570523912109280e+00
-4.821490839624654079e+00
-4.839259460008966229e+00
-4.814481936726216382e+00
-4.813873726958411758e+00
-4.757739947587976914e+00
-4.790559816592480757e+00
-4.799764776124401777e+00
-4.789093760814683520e+00
-4.775810305913432252e+00
-4.802541724611334217e+00
-4.821787819077330894e+00
-4.820368875084707128e+00
-4.810029693050657862e+00
-4.821845080959109353e+00
-4.829486046305507152e+00
-4.800604452482392759e+00
-4.808756874178111040e+00
-4.829319583572588392e+00
-4.830180602095538234e+00
-4.857360040609512986e+00
-5.068011130124318697e+00
-5.075529129755562252e+00
-5.065052306141605953e+00
-5.057817844772170446e+00
-5.065236210480031254e+00
-5.082320289387146417e+00
-5.297293130916028936e+00
-5.293931115249959518e+00
-5.288967868611369028e+00
-5.286064235439382308e+00
-5.292396515669108403e+00
-5.292352632935134693e+00
-5.288834364286760348e+00
-5.291011309588587785e+00
-5.286104332884622892e+00
-5.286916664965850110e+00
