1.179492172460018651e+02
1.204474279190274473e+02
8.756947422413682602e+01
9.308096361499877958e+01
1.107137797367735743e+02
1.293165688710964787e+02
1.053431631089273992e+02
1.185919873225639662e+02
1.060997831897075372e+02
1.033036851299525694e+02
1.172506326010594790e+02
1.068774016874164090e+02
1.164816316433098677e+02
1.276602984903504705e+02
9.594456574009160477e+01
9.605614801785307577e+01
9.140497919031751906e+01
1.245622606309159437e+02
9.276291122006119849e+01
1.278582307120607879e+02
1.116998222569835093e+02
1.075579658676650041e+02
1.035265582384457161e+02
1.186422233968933426e+02
1.141848998006351508e+02
1.058824133562402210e+02
1.073988008491783859e+02
9.727546125862043880e+01
1.105243391645368973e+02
1.126023526930167549e+02
1.172945006661131515e+02
8.608102102948974732e+01
1.393955999197507083e+02
1.080141632757978272e+02
1.235362323028580818e+02
9.881285753677201456e+01
9.534064019572036841e+01
1.253119471258254265e+02
1.082138380213947215e+02
1.085379401649816913e+02
9.018927312766483340e+01
1.153884428313519237e+02
1.189364832946232013e+02
1.089757200939958039e+02
1.138080588904575450e+02
1.117322884704969397e+02
1.061962453912790778e+02
1.281828151287550668e+02
1.345667745096903900e+02
9.925388459121762708e+01
8.543309563867659051e+01
1.044166875943441397e+02
9.959720048261949898e+01
1.400902294934348049e+02
1.114511996890551728e+02
1.166004060861193494e+02
9.330265223996363488e+01
1.286287611235655390e+02
8.666134640941481848e+01
1.071455254458744690e+02
1.162033938203378796e+02
1.249086887371130103e+02
9.843700659794951946e+01
1.130270260456103841e+02
1.064074059068587843e+02
8.997924891158332628e+01
1.249951416037033312e+02
1.137732512809260612e+02
1.081435526824424755e+02
1.061278643230780148e+02
1.179528111330410383e+02
8.472103628641804107e+01
1.117473793768753580e+02
1.194505602936457223e+02
1.142259541352871963e+02
1.252216181277220244e+02
1.199056171299491638e+02
9.512269211241346056e+01
9.553665922336342931e+01
1.126542750109835538e+02
1.084393885834868598e+02
1.098476410361111419e+02
1.117830540133664812e+02
1.178311601039439864e+02
1.096530442685826046e+02
1.156048460527895401e+02
9.402817517824696836e+01
1.047455621050296912e+02
1.148133917374448600e+02
1.104403269617257735e+02
9.722985193015207983e+01
1.151085032714091767e+02
1.116348656232026144e+02
1.058358536627582822e+02
1.051433061625024834e+02
8.798392458758763723e+01
1.110301006763144755e+02
1.118749444907586366e+02
1.154159589569993614e+02
1.208196966220006630e+02
9.947500067800692136e+01
1.031878252702896503e+02
9.055742613281699960e+01
1.199831131634036012e+02
1.126984262666405670e+02
1.217254161526102223e+02
1.037455488182691568e+02
1.019314250300150633e+02
1.187573979669139135e+02
1.192375265238933650e+02
1.016519989512907358e+02
1.121529626073527197e+02
1.093589723769190414e+02
9.628562611524661463e+01
1.029743704087837557e+02
1.002767394690309004e+02
1.200370654161295363e+02
1.249224076413783848e+02
1.045813362817058874e+02
1.065247115661218231e+02
1.046510195622941239e+02
1.259245472280868512e+02
1.086075611440557793e+02
1.048040404242829879e+02
1.087876739578557874e+02
9.966812344729088124e+01
1.374651835176534576e+02
1.104846580594223155e+02
9.459677036014093687e+01
1.047600395475128607e+02
1.014623175710028704e+02
1.034724699667821284e+02
1.319837060284583856e+02
1.173537782695359368e+02
1.025336296949458870e+02
1.183124577719634800e+02
1.282769649941048158e+02
8.824301535078427605e+01
1.010922497023773303e+02
9.463545731220642665e+01
1.063932614000437695e+02
1.045071869054787328e+02
9.615786424437251867e+01
1.052097893744669506e+02
1.405412711259842240e+02
1.148418466060073229e+02
1.123581357222122534e+02
1.070240653441259013e+02
1.116653584361222755e+02
1.087977959967077624e+02
1.010626327630451584e+02
8.896245537277455639e+01
1.213277624838123501e+02
1.296167996091309078e+02
1.169553292933027109e+02
1.089069180834904955e+02
1.086218323057603641e+02
1.048921679678812637e+02
1.118206011242044013e+02
1.048785991866996739e+02
1.024744853697988844e+02
1.093894615226843712e+02
1.115395100952662233e+02
1.029117786319890229e+02
1.192644607654292770e+02
1.105260964178246184e+02
1.097931731017759773e+02
1.177808980296904906e+02
8.992017039151264157e+01
1.175282499245530374e+02
9.833276991166418668e+01
1.188729055616870198e+02
1.009241425752620103e+02
1.076952815257833578e+02
1.074563472800884085e+02
1.125643387880545987e+02
1.140729158230237346e+02
1.130659194104403440e+02
8.892566216309239735e+01
1.128922539246530619e+02
9.701682850815915060e+01
1.137952539345178309e+02
1.018577347347052893e+02
1.031886819875857668e+02
1.132551898388214084e+02
1.167598601266965233e+02
1.064424177192621954e+02
1.135387739820246793e+02
1.078773515131166931e+02
1.339696836850212378e+02
1.053861952381125775e+02
9.935002828734383229e+01
1.083017430363751430e+02
9.805451311960415239e+01
1.214213693410395791e+02
1.042453458245800419e+02
1.208928798334614498e+02
1.245477305894991389e+02
8.075763508829849968e+01
9.991751219196927991e+01
1.154515409412999958e+02
1.126402853653267897e+02
1.198181459685090715e+02
1.142190086360185006e+02
1.095087016458045781e+02
9.952896457234912475e+01
1.162184306501943780e+02
8.269067610491563869e+01
1.200356291105702837e+02
9.899503445569372673e+01
1.113188523530949254e+02
1.235402154317162342e+02
1.097355286071952776e+02
1.146402590690735082e+02
1.082719830019873228e+02
9.973164256511059023e+01
1.130920954539311367e+02
1.112932319523077780e+02
1.043340929709785598e+02
9.492779008907461957e+01
1.111477925555820292e+02
1.042530931579457416e+02
1.117167246540343939e+02
1.157238348178940583e+02
1.115336298609841634e+02
1.143869419449954847e+02
1.171948664144005363e+02
9.446407149903129152e+01
9.440072530476655288e+01
1.295763257253749430e+02
1.000639245342166532e+02
1.224395522839456731e+02
1.094765035165363116e+02
1.060015308326411230e+02
1.293996369471427101e+02
1.048211830606966970e+02
9.087495160923739945e+01
9.838899410735831452e+01
1.025298788069571856e+02
1.089773101601125234e+02
1.178907575903817673e+02
1.158554357850079981e+02
1.110429624414322092e+02
1.242055268688540366e+02
9.806169042690557092e+01
1.124596394247617752e+02
1.037820483659809412e+02
1.005840757599847421e+02
1.187930410565847978e+02
1.175724004961590055e+02
1.119294740619389330e+02
9.758753889140510296e+01
1.089825605821842061e+02
1.052430977467865603e+02
1.151683866608098867e+02
1.270656364976970707e+02
1.135157100568275723e+02
9.625742698544924281e+01
1.072898119890643187e+02
1.034333058687794704e+02
1.061247220992803051e+02
9.685375583997651461e+01
9.153288882609459165e+01
1.150044184304128976e+02
1.232867604326472133e+02
1.190151549975889367e+02
1.070903842903708636e+02
1.023244818816705646e+02
1.130772370486012619e+02
1.210710150796477791e+02
1.045139079822583454e+02
9.487279166514653639e+01
1.161465253136442470e+02
1.174999933090413293e+02
1.185552060768035290e+02
1.089071608231115391e+02
1.098351898664527653e+02
1.092876206666700369e+02
8.870370522853544060e+01
1.042378402736333953e+02
1.070263446749860208e+02
1.055098199726913464e+02
1.018780218751972484e+02
1.188562945529263146e+02
1.181019392155846077e+02
9.779515731587949290e+01
1.093901279951148808e+02
1.178838371714171416e+02
9.207620456397978614e+01
1.123992559417583408e+02
1.215737362812433275e+02
9.058518620429342150e+01
1.169733730780588559e+02
1.160327502978032612e+02
1.055698920959059564e+02
1.048471698984018019e+02
1.108918369752832263e+02
1.098178150547325771e+02
1.078976993233592481e+02
1.034134481736483195e+02
1.137785624248039511e+02
1.170868430363415627e+02
1.039990844501905087e+02
1.141806746242550332e+02
1.029828843011578670e+02
1.111731225879991030e+02
1.115648284629439502e+02
1.157820757914469709e+02
9.940780646729692194e+01
1.136205508284236316e+02
1.017283471576052989e+02
8.824149401042478758e+01
1.216974299150330125e+02
1.108875243887942332e+02
1.151662274458908684e+02
1.087563250814885549e+02
1.189675708817982098e+02
1.001700306865804890e+02
1.014341541663093835e+02
1.202815868834780986e+02
1.083441710404882343e+02
1.129162510903834118e+02
1.231311847250478735e+02
1.235708491830867501e+02
9.351163043395484920e+01
9.757354081769130971e+01
9.963178613697340325e+01
1.195288865584715552e+02
1.148222023508151466e+02
1.175228436621720789e+02
8.846596306452765646e+01
1.052803653098284684e+02
1.070628365377025659e+02
1.180400543196623886e+02
1.267122046812244207e+02
1.007446703413108366e+02
1.023588279124485183e+02
1.003897548895217966e+02
1.046798552212082143e+02
9.540633135505945006e+01
1.090295068252275001e+02
1.145678805849560860e+02
9.752344478342104139e+01
1.111030621232962545e+02
1.240236968339621342e+02
1.081796776064978332e+02
1.057283065863661733e+02
1.074994235586671181e+02
1.021171012559279916e+02
1.264893783667561564e+02
1.050050397990129767e+02
8.704915245298988680e+01
1.008677674366924606e+02
1.197102351748863072e+02
1.212226825450167524e+02
1.059796586762919333e+02
1.185256554885438049e+02
1.117215174641611526e+02
1.072985667802096685e+02
1.182627494591716157e+02
1.052483050691757711e+02
1.051835014975682014e+02
9.781803657193859181e+01
1.215345144543769322e+02
1.174139891461212386e+02
1.148719688448886842e+02
9.665283623503393073e+01
1.188622967185775821e+02
9.936562267642351287e+01
1.038933781793072910e+02
1.295129484453007933e+02
1.077615349531345572e+02
9.931256173383769692e+01
1.039616394896936526e+02
1.077889957232303004e+02
1.068983305341557468e+02
1.179981708791391100e+02
9.536278351256459018e+01
1.156035083454579961e+02
9.578045005295497560e+01
9.132530717662568520e+01
1.400771299299950101e+02
1.035970160749190399e+02
1.132397039190846897e+02
9.254232781136315111e+01
1.130161295091232176e+02
1.015373952229446246e+02
1.289059873386793527e+02
9.404572334175180970e+01
1.158020595025959807e+02
1.283047488226152382e+02
1.158809300415931887e+02
1.003290515876841340e+02
1.255738071684634605e+02
1.041691919345181390e+02
1.088696703827142187e+02
9.834021897377897403e+01
1.153021689084348083e+02
8.585268547351240898e+01
1.134879587514080868e+02
1.372073710584656681e+02
1.034576237989353729e+02
1.159007624073382772e+02
1.000097033275784355e+02
1.108767231748276174e+02
1.074638293973254690e+02
1.176838191573524881e+02
1.089697212906497867e+02
9.963675616710274596e+01
1.060707411516162182e+02
1.169831083574274544e+02
1.117507901049039276e+02
1.121295284406347150e+02
1.045209448500721265e+02
1.269680233076345104e+02
1.048243645343322754e+02
9.828376547253334650e+01
1.202451874062123522e+02
1.035938049039358191e+02
9.717405584559392651e+01
1.034027249840176523e+02
1.148426208834019775e+02
1.182346639328166020e+02
1.112290408262298769e+02
1.111279122969563531e+02
1.024321907734157406e+02
1.183330006605616660e+02
1.108855981398422159e+02
1.229366097174560224e+02
1.074980295461926829e+02
8.957598074392329579e+01
1.214088574132251352e+02
9.280454543487229557e+01
1.168722257577666142e+02
1.106037357092092890e+02
1.103248474663967329e+02
1.079922657836187483e+02
9.307044444473177691e+01
1.252998788406409005e+02
1.176918131504214813e+02
9.733372120792077453e+01
1.059312812646138013e+02
1.066110448968645699e+02
1.027762600291575552e+02
1.043591014725877102e+02
9.592940324360634463e+01
1.376744826650558196e+02
1.049589925867877014e+02
1.184231990194013235e+02
1.084250187007881436e+02
9.677248912995723629e+01
1.207153820219225224e+02
1.079001806774960102e+02
1.084870451064189325e+02
1.436289164270184529e+02
1.060551175159774147e+02
1.149893155539738672e+02
9.797759364230888934e+01
1.079479769618390606e+02
1.010210093088293348e+02
1.171459383112483721e+02
1.170077659533660608e+02
1.088619596061155619e+02
1.050047783775571304e+02
1.067555064326539309e+02
9.847197359899710989e+01
1.122943631302434255e+02
1.115896226206828601e+02
1.239631688892194035e+02
1.012059454185176435e+02
1.085448489682407427e+02
1.108547374547893298e+02
1.029128157468738891e+02
1.052010165784866871e+02
1.119696876559378751e+02
1.018348587129753184e+02
1.237823446766722810e+02
1.059143200436712817e+02
1.110813418614506674e+02
9.959027683343428805e+01
1.248550745581542714e+02
9.587425996897064806e+01
1.159223596619227976e+02
1.125439463157429287e+02
1.036670144051067979e+02
1.230465691572406257e+02
1.004000822478894435e+02
1.078103114563974856e+02
1.066946428489519576e+02
9.329148657992561766e+01
1.143235071137443555e+02
1.094907510059933315e+02
1.102333237629920148e+02
9.601847096391993830e+01
1.264933313724304185e+02
1.244077550139567876e+02
1.225698345990479936e+02
1.122920746299838015e+02
9.066509414280082524e+01
8.203368593217828675e+01
1.168654552695738715e+02
1.209769248772354331e+02
1.191474661635514707e+02
1.129736362210904161e+02
1.024160325461908059e+02
9.507359422290630846e+01
1.022665532713588306e+02
1.168780626450589324e+02
1.312857731380354380e+02
1.073389850578005991e+02
1.028995110829327473e+02
1.074730185198332038e+02
8.457806601033205141e+01
1.101338220102749119e+02
1.212535087715226325e+02
1.044703167231019307e+02
1.099657819609758889e+02
9.763886324471083356e+01
1.106800429353349386e+02
1.083956768819933103e+02
1.031952222203723721e+02
1.251910560727393573e+02
1.231840234177902573e+02
1.043411294650730952e+02
9.369670249002483331e+01
1.304438732554838509e+02
1.044976109377269324e+02
9.555770414993205009e+01
1.166172984629520215e+02
9.969715972778135438e+01
1.042348422923627282e+02
9.329519898194493521e+01
1.395460872145747828e+02
1.016515502304150829e+02
9.329058850094291699e+01
1.296827816360724341e+02
1.044282189520474304e+02
1.216704685010443825e+02
9.352554910864559190e+01
9.521865196850131952e+01
1.184456539059742539e+02
1.105782528796054294e+02
1.146029814890424490e+02
1.182638711480527007e+02
1.102904375117917795e+02
1.201613278010342327e+02
1.185133494218299859e+02
1.144498707535306607e+02
1.103746367049408832e+02
1.174334548570637367e+02
1.147588535471377753e+02
9.443593074172102320e+01
1.015649376776697039e+02
9.409219142308404571e+01
1.343096114065509994e+02
9.363043047622385018e+01
1.123763443920834675e+02
1.097924223437666882e+02
1.049127797737997980e+02
1.005663326110361879e+02
1.284542768241402371e+02
1.197249221952662168e+02
9.323687130722748861e+01
1.097092185524949599e+02
1.014421693772961390e+02
1.116507038775577598e+02
1.203282443055691431e+02
1.098701966652388791e+02
1.236898393987320901e+02
1.159477010139154203e+02
9.468114723043210290e+01
1.013528680381381974e+02
1.070147941684420516e+02
1.127089368333869572e+02
1.174565733534187615e+02
1.095813471884839316e+02
1.064774884846448515e+02
1.034331773681298188e+02
1.060837030051317953e+02
1.083526136506421835e+02
1.086418842185641580e+02
1.122148819609693504e+02
1.118633222918542458e+02
1.100475815446084056e+02
1.057427793490660264e+02
1.089642465581367361e+02
1.116251400063818124e+02
1.049915414937160278e+02
1.151345031933038427e+02
1.234687129744694829e+02
9.138533294407015717e+01
9.991881422421677428e+01
1.158117388728139758e+02
1.160478723463469208e+02
1.217043152145592302e+02
9.358928151241821070e+01
1.081213682263786211e+02
1.194346582519018938e+02
1.064531771419979691e+02
1.030224229338190582e+02
1.035317944165072674e+02
1.141431265356275162e+02
1.099516454442226205e+02
1.012788478823371463e+02
1.243185511646624093e+02
1.189229469824296501e+02
1.200019450660776812e+02
1.096308732677457272e+02
1.078903046167105515e+02
1.084170608180479718e+02
1.156060385597716618e+02
9.150996092696018991e+01
1.116248299265463828e+02
1.057506448391279292e+02
1.067845814352594260e+02
1.106346956974582838e+02
1.107424309927797736e+02
1.111426399777012506e+02
1.241617574523865954e+02
1.168124385828133995e+02
9.575275045465353685e+01
1.060024644695483431e+02
1.038028932081687685e+02
1.077896548349440735e+02
1.198613169657317314e+02
1.046284255211341758e+02
1.131257497624374651e+02
1.075955779713272165e+02
1.067293039809632660e+02
1.035586156974751759e+02
1.036030784319126496e+02
1.024527825946410786e+02
1.043655176941171874e+02
1.172151988014174719e+02
1.045014020188598067e+02
9.399369492366076884e+01
1.272650864196159830e+02
9.763436867506415240e+01
1.106660940091812648e+02
1.114311895281326059e+02
1.009257829335136307e+02
1.206330407133346938e+02
1.097697076595033110e+02
1.107917044431656279e+02
1.019150477655006881e+02
1.008416118619071256e+02
1.274394262986786401e+02
9.951046782342774577e+01
9.133150548079001396e+01
1.282835929133193247e+02
1.089511092345960179e+02
1.152468234899762223e+02
1.111065699938608162e+02
1.016784492750281430e+02
1.117120662697730751e+02
1.141709528304775887e+02
1.120215637985098880e+02
1.071478991237126195e+02
1.065268020829526279e+02
1.113344031047164435e+02
1.045298312101866003e+02
1.113285460995932539e+02
1.154141155031299917e+02
9.483613086410299786e+01
1.296545919922369308e+02
1.099918341246681734e+02
1.016973261801612836e+02
1.186216588054998908e+02
1.029132438422450662e+02
1.306746428339455406e+02
1.105097514064783581e+02
1.202839483368090754e+02
1.030318335185210401e+02
9.113452992051169588e+01
9.431094339441877139e+01
9.239826426797142744e+01
1.196516676891067306e+02
1.088390766924577093e+02
1.167427579101752855e+02
1.088730025533749739e+02
1.090950714335205447e+02
1.119934226628430594e+02
1.049579195338177584e+02
1.028038768086005490e+02
1.073029280317744423e+02
1.227651905921264159e+02
1.055912542093129076e+02
1.239577908034298304e+02
1.192793591568874234e+02
9.399863502705683516e+01
1.008369715478721389e+02
9.932727048387305047e+01
1.187805916977466154e+02
1.080197148331762094e+02
1.200872988896152549e+02
1.131169145160667853e+02
1.207467318915079773e+02
9.262608978419596895e+01
1.090354251008236020e+02
1.046306116201332230e+02
1.213433608613465537e+02
1.018800631321189485e+02
1.093079391405868535e+02
1.176571872720559497e+02
1.152593500978611729e+02
1.011288423140363761e+02
1.065435085065942644e+02
1.055481525260256603e+02
9.885681453846879663e+01
9.975112667199047678e+01
1.060831710123602107e+02
1.060622857290926504e+02
1.330917846747257727e+02
1.079497094668306829e+02
1.133371431056108207e+02
9.879199365900622354e+01
1.005866427391518840e+02
1.094350182789295189e+02
1.143575469966408065e+02
1.189305838377320157e+02
1.116364813259147439e+02
1.212401379148236771e+02
1.189132029551626317e+02
1.077154040731540618e+02
1.055171188873245427e+02
8.903231227567454198e+01
1.250040494848807668e+02
1.141628074850837322e+02
1.069181886637634875e+02
1.022052053656426693e+02
1.016868779811626240e+02
1.046346339476652076e+02
1.121385716959849930e+02
9.247499285626493304e+01
9.477457068834929999e+01
1.310513977036006281e+02
1.047723152440157861e+02
1.103259739365872747e+02
1.184922872378713379e+02
1.136558536486731299e+02
1.011106147262481869e+02
1.059036080042988885e+02
1.106304793084241993e+02
1.154211059519647904e+02
1.090577191371764627e+02
1.065232685789879099e+02
1.017630762757164575e+02
1.070268373578604582e+02
9.735963282342669345e+01
1.063023955586181017e+02
1.351285194220130847e+02
1.097172269355145744e+02
1.250130757393712884e+02
1.135394395231130744e+02
1.060372616696891299e+02
1.241803801253521868e+02
9.875396610836219224e+01
1.117889306074153666e+02
1.116316461649744838e+02
1.034736632325580956e+02
8.897724839842655342e+01
1.211070097663566685e+02
1.017530551257348606e+02
1.132446349640850656e+02
9.943361592348165345e+01
1.248446333477961616e+02
9.721387260412524256e+01
1.064899954979393470e+02
1.216166261546441518e+02
1.214401220036319700e+02
1.201384161242071826e+02
9.112306206771417294e+01
1.148478125616543792e+02
1.021430802813257230e+02
1.237512688796153384e+02
1.144880242246664750e+02
8.982209837594682256e+01
1.123395179064090854e+02
1.086582719916262079e+02
1.130016823365694734e+02
1.093837831816422721e+02
1.147209356314837549e+02
1.092369114526726150e+02
1.015259075232437169e+02
9.710991553798317000e+01
1.131455926831592933e+02
1.096678478413816151e+02
1.238579040174803652e+02
1.257109347284744985e+02
8.794254209828156377e+01
9.511030284571393167e+01
1.154994172599001274e+02
1.004954119195553233e+02
1.053689399348147333e+02
1.062166157808251370e+02
8.996368142575607862e+01
1.066859126848456043e+02
1.147412147462880512e+02
1.184760682479615213e+02
9.441000494710490898e+01
1.161336044834872183e+02
1.040305565205525369e+02
1.003054696041818943e+02
1.076505569748069604e+02
1.120548708132130713e+02
1.145621434583129314e+02
1.029208010946460661e+02
1.048001056647140388e+02
1.153641846874178185e+02
1.053382086919372540e+02
1.136029724916949988e+02
9.809017306789830570e+01
1.081830583554162644e+02
1.031311687505763217e+02
1.354035378364895621e+02
9.305314307765436865e+01
1.143135967046091679e+02
1.139534598448811238e+02
1.113423580467672167e+02
1.152121227117093696e+02
1.009541128595798369e+02
1.048577769067227905e+02
1.094114205863255194e+02
1.173799973611484404e+02
1.315185764784962146e+02
1.006172231301736844e+02
1.026193398596581972e+02
1.079639900222033475e+02
9.127259033219938544e+01
1.058293070129155353e+02
1.195872414815657407e+02
1.156212792199598169e+02
1.094589891640350174e+02
9.902631380815076056e+01
1.053168469768678932e+02
1.190868543314413586e+02
1.112229098822120363e+02
9.128539617008793527e+01
1.152837423045213541e+02
1.081089324892406864e+02
1.086797227967025066e+02
9.291122475237543199e+01
1.165371750917631317e+02
1.075215968594891791e+02
1.197285271596427094e+02
1.099788953779089127e+02
1.089040798439958309e+02
1.422316255780596066e+02
1.217663653999178877e+02
9.888062227400854454e+01
8.913834677550839558e+01
9.220580813090663241e+01
1.052796331375546544e+02
1.032158572217954742e+02
9.067882950010852028e+01
1.106660134715289985e+02
1.118699191725797562e+02
1.076291133200223697e+02
1.288298797563635958e+02
1.011627550849363217e+02
1.178275497881260065e+02
1.098425982521747670e+02
1.114645064545773181e+02
9.761542251694343975e+01
1.160128090619248411e+02
1.257975238516921337e+02
9.722106561547613524e+01
1.047524105971020276e+02
1.040368167493181488e+02
1.179798509782535945e+02
1.023658121569153394e+02
8.375128217554133414e+01
1.062744849247010563e+02
1.085199183467060777e+02
1.201365887041353631e+02
1.091750724870215237e+02
1.215070469067481724e+02
1.224573775449361932e+02
1.269154106349053848e+02
9.202457856480425846e+01
1.014478163549282783e+02
9.653843065297429860e+01
1.125286723167348981e+02
1.032681689789394426e+02
1.008924066117072869e+02
9.220032029351720837e+01
1.330000625857097702e+02
1.063170254507210757e+02
1.123844243259746918e+02
1.101312398570477598e+02
1.026551193071369852e+02
1.138809048093186789e+02
1.140393488079430568e+02
1.150951730179296391e+02
1.000685210823618831e+02
1.055369189748699768e+02
1.340157882509208207e+02
1.048718811312719765e+02
1.101516122590629863e+02
1.007544362148787371e+02
1.108302889448653872e+02
1.164918714292593336e+02
1.048936790892251025e+02
1.137934176941348028e+02
9.888928005660146425e+01
1.066242058733688509e+02
9.948295876064874221e+01
9.907226934002463281e+01
1.167720438037760147e+02
1.179393592642838371e+02
1.068799277948488111e+02
1.223671113929435137e+02
1.095062140218412310e+02
7.956418427741840560e+01
1.022628632997026727e+02
1.252688662369429125e+02
1.019670371116942107e+02
9.726384105157644910e+01
1.172990479948924190e+02
9.932509908011745381e+01
1.206443021991858870e+02
1.163717250681286970e+02
1.120022253929815292e+02
9.607470586994060113e+01
1.196940181456237724e+02
1.017668618828649727e+02
1.130661992788349295e+02
1.113971508841023734e+02
1.277109935393497580e+02
1.237710251154043846e+02
9.672729640881037483e+01
1.153951721670317596e+02
1.095227712286208828e+02
1.137867469040869111e+02
1.015910484270354175e+02
1.130470912557229610e+02
1.017352194648785257e+02
1.061292201094452423e+02
1.096879296891057294e+02
1.151679122954098915e+02
1.074149938589135616e+02
1.038466321528063503e+02
1.138428371779473309e+02
1.172157107057587950e+02
1.058280658858176224e+02
1.135730599135049630e+02
1.146292995954688365e+02
1.286862123293739444e+02
9.216715217482328626e+01
9.965746605820125126e+01
1.206221572651767246e+02
1.055328953722887491e+02
1.043337536949635904e+02
1.125482748449395558e+02
1.052532423917074595e+02
1.076732436587587500e+02
1.062447704992360826e+02
9.582760255276025418e+01
1.152604066849646927e+02
1.185447623020847345e+02
1.151327864342474783e+02
1.046192211100678264e+02
9.714436318901115897e+01
1.024309652946619735e+02
1.297574934084340157e+02
1.035804824323715536e+02
1.023437756652840562e+02
1.168516096815837244e+02
9.846844408106326796e+01
1.163544857738720708e+02
9.925699204803916587e+01
1.064710477315730088e+02
8.249793046022809051e+01
1.198889408027201000e+02
1.304969151119140918e+02
1.099643483416450067e+02
9.375285520976586895e+01
1.136085066068160216e+02
1.182998825128955502e+02
1.184730164276598572e+02
9.999140289162359352e+01
1.150563638414176353e+02
1.157195365780012821e+02
9.212448832046671043e+01
9.873614044347804963e+01
1.254983146516572106e+02
1.101119450384888836e+02
1.104690523486979004e+02
1.089255484286736504e+02
9.431718327465439700e+01
1.013791431113708086e+02
1.296463309910664918e+02
1.138557719416401142e+02
1.038238593968954149e+02
1.043809489543595248e+02
1.068497150268445495e+02
1.152041522635549171e+02
1.026824486180894809e+02
1.161886315566775778e+02
1.104127192313717671e+02
1.277475662120672837e+02
9.324936980854420199e+01
1.262654009204038346e+02
1.122074724312157770e+02
9.162550741196980653e+01
1.045492319034919859e+02
1.167391740200942678e+02
1.198010428319497436e+02
1.154423086606898892e+02
1.136734335501371191e+02
1.181919951633680199e+02
1.165563255769313997e+02
1.098093292257032374e+02
9.650378884591835060e+01
9.925157360258299377e+01
1.080614259526924315e+02
1.000054290102095820e+02
9.791482510505773007e+01
1.189518513506053097e+02
1.163239658114713251e+02
1.117449712853424302e+02
1.164657743766183700e+02
1.005454358619820852e+02
1.135171662819270466e+02
1.178691361203312340e+02
1.099050776248024590e+02
9.679014179453143640e+01
1.020537451326468812e+02
1.037658436821889438e+02
1.118496510911862316e+02
1.173418911024254641e+02
9.876222708984880683e+01
1.216883915056434944e+02
1.235950267814878600e+02
1.081944220469809892e+02
1.074053529019451361e+02
1.031446814503887310e+02
1.116988491367407335e+02
1.001388816664718036e+02
1.123154964790580834e+02
1.112527756776268006e+02
1.077778031734942203e+02
1.219304971276795584e+02
1.041486137519483890e+02
9.702832340532712863e+01
1.091911132189114255e+02
9.609663422406157451e+01
1.028619574691418137e+02
1.131654673056649472e+02
1.139991773103254644e+02
1.188272085220644811e+02
1.052344831723620473e+02
1.140944392555517908e+02
1.258829353194371663e+02
1.124320566243934536e+02
1.016828148257743720e+02
1.158745711176621569e+02
1.206595486373897614e+02
9.980447025068777123e+01
1.335565461680438091e+02
7.925532580378425962e+01
1.048629253318662364e+02
9.698731235322280497e+01
1.034699747540883976e+02
9.907557661665180149e+01
1.179328707358210693e+02
1.182115653101294868e+02
9.980490586213446136e+01
1.162005696911604247e+02
1.186916067380767856e+02
1.046933318733120473e+02
9.797505041035384465e+01
1.152028596062124990e+02
1.031511845304435866e+02
1.023424648791704215e+02
1.089784353334945592e+02
1.121877689532898614e+02
1.170945848468176251e+02
9.279446190993996879e+01
1.195254739399672133e+02
1.032465670348583586e+02
1.059646941693731037e+02
1.223941021319265872e+02
1.175507988656148370e+02
9.153561758406733873e+01
1.048069058709010193e+02
1.094762226144157893e+02
1.181984688067514639e+02
1.087833648412579493e+02
9.648586331604458621e+01
1.062309163072177256e+02
1.246293625191637773e+02
1.006687019582664249e+02
1.148196231515998278e+02
1.172306296280843725e+02
1.075312441804507415e+02
9.843696903581239610e+01
9.132556154864620623e+01
1.239602150822716453e+02
1.140462578424272806e+02
1.141333252201645223e+02
1.031760253706773653e+02
1.068335852876708998e+02
1.128448849351991328e+02
1.056041092082076887e+02
1.013760589972114161e+02
1.225736217616125003e+02
1.193813986100525142e+02
1.099212287015924403e+02
1.156657046583940200e+02
8.850201504794266327e+01
1.004445351440424190e+02
1.005864785286240846e+02
1.105784411263217066e+02
1.106620155982258638e+02
1.134702566266574877e+02
1.187311412255885017e+02
8.764904607269485837e+01
1.096744828628020798e+02
1.090829930289756504e+02
1.106793221110078491e+02
1.410100213803252416e+02
9.679015357930333607e+01
1.259729164804095092e+02
1.150808046966292437e+02
1.138372575764197592e+02
1.206131739002960330e+02
1.132526134981798265e+02
9.588561540987377896e+01
9.568612334882882919e+01
1.094306101619290672e+02
1.187345804137759728e+02
1.141664195009662137e+02
9.680151841121544010e+01
1.176462749676995969e+02
9.892130120009595373e+01
1.022433480733286189e+02
1.002905431372871732e+02
1.053867564586912380e+02
1.229720099320392563e+02
1.049447012598626401e+02
1.182267714807010464e+02
8.932085170657006756e+01
9.946645070019610557e+01
1.051498100421716941e+02
1.166208608163822902e+02
1.121022058017991441e+02
1.250027106204620111e+02
1.069833967271133872e+02
1.090090197536094792e+02
1.048040020443054772e+02
1.130996368856120853e+02
1.076747056672333684e+02
9.823878385659594414e+01
1.184610943560272034e+02
1.162718895392602292e+02
1.005938502521774183e+02
1.207373887804530597e+02
1.073588623218225848e+02
1.141777624027711369e+02
1.060788362521402632e+02
1.050934956298013105e+02
1.014663229701956197e+02
1.141995916563570290e+02
8.680182632618048899e+01
1.028577213810733895e+02
1.249233716259163032e+02
1.129670996037391859e+02
1.103013150246810170e+02
1.092482596421264986e+02
9.162794644211977868e+01
1.194289846534131385e+02
1.067197507904968887e+02
9.933183868817553730e+01
1.296030883266373053e+02
1.089624965709226956e+02
1.308335016764500836e+02
9.893929509820542023e+01
1.383434393847257411e+02
9.985199321964088881e+01
1.202683256037275186e+02
9.540815489519114578e+01
8.606129343115085817e+01
1.157584280642060861e+02
1.124535053493860630e+02
1.137149135092858643e+02
1.002827301886649281e+02
1.206532626891285389e+02
1.146250666617874572e+02
9.140995760382566004e+01
1.046210234752585677e+02
1.175868539006542761e+02
1.031045912972123659e+02
9.659575455315186332e+01
1.119990069619379938e+02
1.217923438643977221e+02
1.208033734364804701e+02
1.002669322724399308e+02
1.154698572981740057e+02
1.155473080166957089e+02
8.930790368138849544e+01
1.166504153345229184e+02
1.078654078677566446e+02
1.323025183313924344e+02
9.998390488689875610e+01
1.079154118101645992e+02
1.001577511267248894e+02
1.036199160481484824e+02
1.242181064203110594e+02
9.711817078536334691e+01
1.091181114286851113e+02
1.144638361471206309e+02
1.075676029903216318e+02
1.020313223640682736e+02
1.112762229244276710e+02
1.350079636784925583e+02
1.007608914964794167e+02
1.031353518665047204e+02
9.168569524607160304e+01
1.064112275300120416e+02
1.177962846156904959e+02
1.105051185416871675e+02
1.127350693572390838e+02
9.861261784777447303e+01
1.051624776988782060e+02
1.111170168011708057e+02
1.063774685689260764e+02
1.098399999848070649e+02
1.154952850544036664e+02
1.217221363429709271e+02
1.063027838615110454e+02
9.733600898154044501e+01
9.939757879348667302e+01
1.353694291057338148e+02
1.082708225669879027e+02
9.969385448825985918e+01
1.123732586013359480e+02
1.009787323526809075e+02
1.131408031684956654e+02
1.128478034081094563e+02
1.215810200781473611e+02
1.082908334236883263e+02
1.122492683888076357e+02
8.487539420554392677e+01
8.940554106139266821e+01
1.001874793923051215e+02
1.481581993527870225e+02
1.160092432758951730e+02
1.112538234554104690e+02
1.109352868592649628e+02
1.171272446720467144e+02
9.455936457827668562e+01
1.049398437796364476e+02
9.502373985921694555e+01
1.328057567776522205e+02
1.025088642995535082e+02
1.016899451561193075e+02
1.143804914209714099e+02
1.097469526763363490e+02
1.295538108722942070e+02
1.015046389749836635e+02
1.072453806113802131e+02
9.835779732750020798e+01
9.452926326458772621e+01
1.291515873180355243e+02
1.145828568300825481e+02
1.055005766248203400e+02
1.059063326895237225e+02
7.651053197522169569e+01
1.378525512957239414e+02
1.041132015821558667e+02
9.004585664441439974e+01
1.350538161705362086e+02
1.105820104606807490e+02
1.081231072649904661e+02
1.034921949438344626e+02
1.046636472106438021e+02
9.742741057970170004e+01
1.233751845635894568e+02
1.035221528853516730e+02
1.257812851619106738e+02
1.152998337782953939e+02
9.014549827394972681e+01
1.106668453768299543e+02
1.312508797471432160e+02
1.071264234451171262e+02
9.334892151175390040e+01
1.003973068248424738e+02
1.093512751617800092e+02
1.215816478008622141e+02
1.008151608032708282e+02
1.132964263998235310e+02
9.680236803827047254e+01
1.133203438500608797e+02
1.075181293008690062e+02
1.091248849413311746e+02
1.175131582759170499e+02
1.184756797670482342e+02
1.045511789653410943e+02
1.050390375605967392e+02
1.006142386779254423e+02
1.204386384942735901e+02
1.051688845256286413e+02
1.032392582127516647e+02
9.780226735376552938e+01
1.131868533476330754e+02
9.458945877094551236e+01
1.093503954975406742e+02
9.855585840763602334e+01
1.179965245657785005e+02
1.207612403838169115e+02
1.038013989134733635e+02
1.266710845118813182e+02
7.873488355386547255e+01
1.231301325545185961e+02
1.096024840427124616e+02
1.047854332150910466e+02
1.225241929808474453e+02
1.011186300525342290e+02
1.048417219241178060e+02
1.016617654004635796e+02
1.153696678517944747e+02
1.018924700603834026e+02
1.098871389668047982e+02
1.251573083667821891e+02
1.032555026260165647e+02
1.210375964827281905e+02
1.020812498212500827e+02
1.026227282562199292e+02
1.070259327931828324e+02
1.168512726355982068e+02
1.053402388745402192e+02
1.104686950293674244e+02
9.775513239298950907e+01
1.163837448335476381e+02
1.053719436787359456e+02
1.113928103253232678e+02
1.142668182360638554e+02
1.348485066048503995e+02
1.045285344838013657e+02
9.476724986560618902e+01
1.017424814809478590e+02
1.064607235578119031e+02
1.150188563082452333e+02
1.195155715292871150e+02
1.057753399147763815e+02
1.111013929806887575e+02
1.149289359984320242e+02
1.142385050236790249e+02
1.039233386660130520e+02
1.031814981984935713e+02
9.623678656033263223e+01
1.233925828831001041e+02
1.066256330823007659e+02
1.084355313216683783e+02
9.925817033777147458e+01
1.201685897847442419e+02
1.146479367666060227e+02
1.055905739573284592e+02
1.047798097633794043e+02
1.150981035852654344e+02
1.012775297032307265e+02
1.184379667969898691e+02
8.774509662781446195e+01
1.248729975806462420e+02
1.196137531991206799e+02
1.164940353179203072e+02
9.895215922893665095e+01
1.078045240576153532e+02
1.121393811194407988e+02
9.964691840829607372e+01
1.211267518712190707e+02
1.137963091537890108e+02
1.063473313463533998e+02
1.056361723297172688e+02
1.049518958844423651e+02
1.032338570720224311e+02
1.032349096260296477e+02
1.115523906861813828e+02
1.116229031987940061e+02
9.715576695618513270e+01
1.130105577360126290e+02
1.184212847637795250e+02
1.155815765197317972e+02
8.045092492905446591e+01
9.053355712780468423e+01
1.299919721713725949e+02
1.057273414996617333e+02
1.219871103048746335e+02
1.087716277848030444e+02
1.181788135581192023e+02
1.146670841079523200e+02
9.339786891460218499e+01
1.042686627717713463e+02
1.140882077361985552e+02
1.334295819238938918e+02
1.046993268200472329e+02
1.031425699375145939e+02
1.006543773759962761e+02
1.041423030155003744e+02
1.096515371609178402e+02
1.138539626649329932e+02
9.845714797955652386e+01
1.275249472896035172e+02
1.162986913213355677e+02
9.190043358126808926e+01
1.166094967137328524e+02
7.935336178905305360e+01
1.073731713265014065e+02
1.411334725434900577e+02
1.156793892730285620e+02
1.115190616899646585e+02
1.259056000965049833e+02
1.075337641595507989e+02
1.022860508960580290e+02
9.025624277397818673e+01
1.027728442857545588e+02
1.043232752696931271e+02
9.483948405308859719e+01
1.089524356012846340e+02
1.079638619009540150e+02
1.329405166152018865e+02
1.078988561450373425e+02
1.112378271487563666e+02
1.157164940430741780e+02
1.112351621128341463e+02
1.049727299984806876e+02
1.056409097505616472e+02
1.010279574158873714e+02
1.144303368246453232e+02
1.231835479363670771e+02
1.151348476088847690e+02
1.093879476196726870e+02
9.449136800221940291e+01
9.777892553689208910e+01
1.178230921056031804e+02
1.209440592195846307e+02
1.097413497906516540e+02
8.853761931176634903e+01
1.212874980359867010e+02
1.131963689888373636e+02
1.080221967214461642e+02
1.151089503168582411e+02
9.486566637393650581e+01
1.362793815976726819e+02
1.001521234804134792e+02
1.132527366271896057e+02
9.531690489318805248e+01
1.092581435695586407e+02
1.034172143911107895e+02
1.011238221080296995e+02
1.113731641162974597e+02
1.121511483774687434e+02
1.052303464520330607e+02
1.221333777738679629e+02
1.093709363339806515e+02
1.094366809644873371e+02
1.003605443905802161e+02
1.125405485012610427e+02
1.066009049003179854e+02
9.113034985147281475e+01
1.348170236880545190e+02
1.035658471906195643e+02
1.037292523986549782e+02
1.188525980759949050e+02
1.171128126918844004e+02
1.059083227812643031e+02
1.082317351054153960e+02
9.431652116492652738e+01
9.217481849425914220e+01
1.370816643129392105e+02
1.140338828455318207e+02
1.071787615961971909e+02
1.110272509707497193e+02
9.354965359051092832e+01
9.529342557531732893e+01
1.238721062043433676e+02
1.086755577560321768e+02
1.202210502040565814e+02
1.115174753773588634e+02
1.001773091635376858e+02
9.955010568195257292e+01
1.031421319042609781e+02
1.171464808799089212e+02
1.278738314161309404e+02
1.040169740661615947e+02
1.211178217734905189e+02
1.387281202297580478e+02
1.032369976598770052e+02
8.617086073345456043e+01
9.760091959075445800e+01
1.027838350815751767e+02
1.040263331317880784e+02
1.154595853081852397e+02
1.141051287292707315e+02
1.004377128192869151e+02
1.090583755369092529e+02
1.122587143691396250e+02
8.694095590106395832e+01
1.133046065550438186e+02
9.927737143342406512e+01
1.170419103306981157e+02
1.174276866116740621e+02
1.167087321209853457e+02
1.576150434628119967e+02
1.054495806801803184e+02
9.679599411075999171e+01
1.097495309831336670e+02
1.197794411658305478e+02
1.069120975413421917e+02
1.018860365214258223e+02
1.169156285092622625e+02
9.980648260354463730e+01
1.044891492829745658e+02
1.068363358364371578e+02
1.112990305781967493e+02
1.151356288721558343e+02
1.086414957610621599e+02
1.103108941465615089e+02
1.258664538564432576e+02
1.030627039670091278e+02
1.116532804872859828e+02
1.127282345019103218e+02
1.093153560908070290e+02
1.156842125963982397e+02
9.909088804548765950e+01
1.165146694087513168e+02
1.010710354126418906e+02
1.359143428212934452e+02
9.252423603170426247e+01
1.126654945727463826e+02
1.135150331886996327e+02
9.928148601191941225e+01
9.702326686268705203e+01
9.963400042466551554e+01
1.090791364442854530e+02
1.158740854786941981e+02
1.181572405427076689e+02
9.875488267804711029e+01
1.144457996884704301e+02
1.059917113508844011e+02
1.327195569068686609e+02
1.076896565951759044e+02
9.357730471978292996e+01
1.119874706228601298e+02
1.037296463769061461e+02
9.951858435721891283e+01
1.269554784741835505e+02
9.839745264073565068e+01
1.230740881761359731e+02
1.018938798110020230e+02
1.015784859054741815e+02
1.209608489151951716e+02
1.001368855091279499e+02
9.646054542526076148e+01
1.058841791412487368e+02
1.128440708234368657e+02
1.207314672658354340e+02
9.421934325885658268e+01
1.345801476180508018e+02
1.084812545258195371e+02
8.916699987358157387e+01
1.007600662436545207e+02
1.290587928490055276e+02
1.092479856726349681e+02
1.207635682306028144e+02
1.054617500223829722e+02
1.176410518547695148e+02
1.123706163188825684e+02
9.918490288808932576e+01
1.109926045927614950e+02
1.120379624656929849e+02
1.104342899786549026e+02
1.042799698629722229e+02
1.102991637428846872e+02
1.086189543121707004e+02
1.057515591553215017e+02
1.039317258041731691e+02
1.079954439009378149e+02
1.024882546605552420e+02
9.529568786545775083e+01
1.373724601754861112e+02
1.156180490393435178e+02
1.091015546223121646e+02
1.019568855831033858e+02
1.146666007029624410e+02
1.045111242807863761e+02
1.100165199216265393e+02
9.806034346164143756e+01
1.087778651998970076e+02
1.126649416381052617e+02
1.170924555208275137e+02
1.083523616444828832e+02
1.113087444951553806e+02
1.073209894878541206e+02
1.264465483750998658e+02
9.857619275033864881e+01
9.074970137796611880e+01
1.281486899996468480e+02
1.020537132449597095e+02
1.148450497704197204e+02
1.033527026898537713e+02
1.134059524234387055e+02
7.602756878292758813e+01
1.052835290539326962e+02
1.233210479822139405e+02
1.190544631269955147e+02
1.182439359885086247e+02
1.146500152232371050e+02
1.167674764932601477e+02
9.620840774471248835e+01
1.038824440758725558e+02
1.042970178182392260e+02
1.004969083646418255e+02
1.307920938011992575e+02
9.930486962860358346e+01
1.102722501719143082e+02
1.258056161533922506e+02
9.284947544534753661e+01
1.205375431687333503e+02
9.867058393652646942e+01
1.248246039762718027e+02
1.112702225714348714e+02
9.750101898710347825e+01
1.029102234773962721e+02
1.144388592147730037e+02
1.311287991157572321e+02
9.067840644186580334e+01
8.227645982206945519e+01
1.302109409952607564e+02
1.135952189204604821e+02
1.054335081845734834e+02
1.268888917253690494e+02
1.098742041475040168e+02
1.083665423839574373e+02
9.892994782309911272e+01
1.039320843371999530e+02
9.912215631224566437e+01
1.031016133958481049e+02
1.154279050978441177e+02
1.075170043239001529e+02
1.113054165316577269e+02
1.183327559521437138e+02
1.219958908135642588e+02
1.008040634382911520e+02
1.141530644392207989e+02
1.006847972835639240e+02
1.079780534731881261e+02
1.094895706951062948e+02
1.057043525229228749e+02
1.135978850270672353e+02
1.071361348256186545e+02
1.174294046074606541e+02
1.102525894886740048e+02
1.023384813444690735e+02
1.073137704723485228e+02
1.022700872148407001e+02
1.112925052478429251e+02
1.360759168348727144e+02
1.036105365773531588e+02
9.478975482719981471e+01
9.439278712411891092e+01
1.010840395657224633e+02
1.152028986684220797e+02
1.161769667270732356e+02
1.209490698236704986e+02
1.069896732291574608e+02
1.327174522106022323e+02
1.088055037069282065e+02
1.062262555757045135e+02
8.890778386745235196e+01
1.032529861283510542e+02
1.171077677516517213e+02
1.064225029516265124e+02
1.048978647604374430e+02
9.907748989217606095e+01
1.030248636926619668e+02
1.294605397726148510e+02
1.115911286000643230e+02
1.099649574043256592e+02
1.041996119114517825e+02
1.069720723366032757e+02
1.182530517459267827e+02
9.174135605251794345e+01
1.249156027715728072e+02
1.306697347757339571e+02
1.023927812092671559e+02
1.125816932439582843e+02
9.644026091296365166e+01
1.101663269438980564e+02
1.293904508687976715e+02
1.200774989677760374e+02
1.059419623967412178e+02
9.691364706200481294e+01
1.212085724472391632e+02
1.045688525062030010e+02
9.487046307414760804e+01
1.190023305878426356e+02
1.125659117201144994e+02
1.224732683307293541e+02
9.981048109134951574e+01
9.734646851938936152e+01
1.149353299763457699e+02
1.120007370587033932e+02
1.065803834427341741e+02
1.087177933199424302e+02
1.153484245645563533e+02
1.089583228968215280e+02
1.137855848739103237e+02
1.252688516488541524e+02
1.200921791861801609e+02
8.957610998919030010e+01
9.779499002450354794e+01
1.219073034498096888e+02
1.009019643315933195e+02
1.151463586467226747e+02
9.761353684173995759e+01
1.127770298448334927e+02
1.047392626141499079e+02
1.295267511605848370e+02
1.040177463274385872e+02
1.057065053441136087e+02
9.633856445309935168e+01
1.152642589488704203e+02
1.157470696790767306e+02
1.129744086796422522e+02
1.035981641394149193e+02
1.113660068259631970e+02
1.240994364712163787e+02
1.068475375005040888e+02
1.060875706516854962e+02
9.366013734471827945e+01
1.137465035596289056e+02
1.209562454822642508e+02
1.089218617040065169e+02
1.194307003854492564e+02
1.004727195296156452e+02
1.029689378628630294e+02
1.196260850058658178e+02
1.216551161664848593e+02
9.192108675879717339e+01
1.306239702789858654e+02
1.297480434506868789e+02
1.037704263992067979e+02
1.061394182965862285e+02
9.061419735163543976e+01
9.987332639281535762e+01
1.094154802560078537e+02
1.226108326575384524e+02
1.059919505931986805e+02
1.082439910211815004e+02
1.092206765599035379e+02
1.186096640549414616e+02
1.007361632411201526e+02
9.523142261651214824e+01
1.050465880147087319e+02
1.077790242912384286e+02
1.302029955987332528e+02
9.740766947473821347e+01
1.175045491284940908e+02
1.070691877477851932e+02
1.136185743120984171e+02
1.079276437710749406e+02
1.120572279841256318e+02
9.883223993129756479e+01
9.760621443199080716e+01
1.073963068266229044e+02
1.341924222989087809e+02
1.105101053744192399e+02
1.046914027442595057e+02
1.083237290424633983e+02
1.146692189127653876e+02
1.002401372096201300e+02
1.015571327320060959e+02
1.265741517491635904e+02
1.061079999235874567e+02
1.234979782789840499e+02
1.127556427659439322e+02
1.150818341115492984e+02
1.052946126944692935e+02
1.013159515249643619e+02
1.131103695092941450e+02
1.073436998043056434e+02
1.081488664024658277e+02
1.204967762698027514e+02
1.071385652404743780e+02
1.174229139044648917e+02
1.096008661928182732e+02
1.013120310282669436e+02
1.209211351413250952e+02
1.007547795590549384e+02
1.208079026543747858e+02
9.473052000391800220e+01
1.094881349482809156e+02
9.974270945987187531e+01
1.291207951794376356e+02
8.248493578355476075e+01
1.262821197024857156e+02
1.175395646597758628e+02
8.434769204899336614e+01
1.132147415774792734e+02
1.040732554291814438e+02
9.267799101194468392e+01
1.289539461745381743e+02
1.004709046518890858e+02
1.115825354504178364e+02
1.095551303170086612e+02
1.108039437915496279e+02
1.071719979735044888e+02
1.058998690349933156e+02
1.148018109586870565e+02
1.086317299505325025e+02
1.028127262318513999e+02
1.112342002289600345e+02
1.042568548992369983e+02
1.176656759023817358e+02
1.002595508363208694e+02
1.185861403849009434e+02
1.171447345395851301e+02
1.110507071663174514e+02
7.747192852432782217e+01
1.148019726420469624e+02
1.146331841540073526e+02
1.165651742022646857e+02
1.141214877905430143e+02
1.096604708868741227e+02
1.238522738551557296e+02
1.045357997237238834e+02
9.970435991040361046e+01
1.028563585646206917e+02
1.134511324831363055e+02
9.710581184964971158e+01
1.009430102863784384e+02
1.228493513409020039e+02
1.197586812352626282e+02
9.842535887036109443e+01
1.161000278826868026e+02
1.219538086216891912e+02
1.134886374075715594e+02
1.063733426323826023e+02
1.288739314225350370e+02
1.147140213435854292e+02
1.007121387164993251e+02
1.044344940565157316e+02
9.883510967203778819e+01
1.062595096296507506e+02
9.529704623080058923e+01
1.095952549793289279e+02
1.134826553116075587e+02
1.102406043201084600e+02
1.200650544134380056e+02
1.060772100359516514e+02
1.059096321553839744e+02
1.004913637979374101e+02
1.035709014814776339e+02
1.262117600770094725e+02
1.128640546301620304e+02
1.182205152333733764e+02
1.130252265832815084e+02
1.095283617387877086e+02
1.052845862750253900e+02
1.037133828413302297e+02
1.060534745030685713e+02
1.012488982626838094e+02
7.933800147590015683e+01
1.300033382506970554e+02
1.127592745627498658e+02
9.801917371719287075e+01
1.194684434451554722e+02
1.000957710577129234e+02
1.097981414052197806e+02
1.146104696869666242e+02
1.222146731453914867e+02
1.058642724533640802e+02
1.065317225477888030e+02
1.010488609712923136e+02
1.130696445710216977e+02
1.067925838809497350e+02
1.091058742006765812e+02
1.024798564425889538e+02
1.011571107148335926e+02
1.168737799241361301e+02
1.213129457761262131e+02
1.033252780908777453e+02
1.064083315640541372e+02
1.172509043746910464e+02
1.102723415419867905e+02
1.105290228569780595e+02
1.097771323311567500e+02
1.025126855702091149e+02
9.455452463257867635e+01
1.188190768204459573e+02
9.748180585501496864e+01
9.585383664312855956e+01
1.170705482229346472e+02
1.288971145562309459e+02
1.198571063742556220e+02
9.982121873971458115e+01
9.506245946801500679e+01
1.033970658346899398e+02
1.256386220535503355e+02
1.104118587253817481e+02
1.077407887426532653e+02
9.857750475008896274e+01
1.130004062013505717e+02
1.132109879203249676e+02
1.122478157311808502e+02
1.113024179228195862e+02
1.166027326661289294e+02
1.122343280025607015e+02
1.003679220506986383e+02
1.123257070962038284e+02
9.696543311463491932e+01
1.171351863269529190e+02
9.363227937131732403e+01
9.737799678808259785e+01
1.077477951539649439e+02
1.117740071259698311e+02
1.178749175553639077e+02
1.216617695863163817e+02
1.118232039643603173e+02
1.052420576277838933e+02
1.263365952068641178e+02
1.009678236851837170e+02
1.038190821901158358e+02
1.057662334278505796e+02
1.025556343381382476e+02
1.235690725347744632e+02
1.070955014249512374e+02
9.950618845794517142e+01
9.971529784858412881e+01
1.196300511397425623e+02
9.800598954726996226e+01
1.049771038063765332e+02
1.292637456870516530e+02
1.131331025363487868e+02
1.025727793640261041e+02
1.091864679220267078e+02
1.208232201291326362e+02
1.059895717810962736e+02
1.045220517122756831e+02
1.047288250912398837e+02
1.098672986283116870e+02
1.255721062963859538e+02
1.108161212348464346e+02
1.143632386002687866e+02
9.039399433168331655e+01
1.098189239223011242e+02
9.702698339210823519e+01
1.155024591167813099e+02
1.254752217032515773e+02
1.045848959160598213e+02
1.049634766584452166e+02
1.057994591648209592e+02
1.239178419363766608e+02
9.377662893993844762e+01
1.114148016862148438e+02
1.038853939564543225e+02
1.001034048370372034e+02
1.201316559790128622e+02
1.122871691165657637e+02
1.068749317451622147e+02
1.027092856367058999e+02
1.076600307759489681e+02
1.123470696557765507e+02
1.251734823766362013e+02
1.049673451465838525e+02
1.040529910598987584e+02
1.064817971962759771e+02
1.057633952220068068e+02
1.149369294199647555e+02
1.048372386848487281e+02
1.141972115104735224e+02
1.098246919531234056e+02
1.151373852908240423e+02
1.044115071569241593e+02
9.605576498598040303e+01
1.236230282707818446e+02
9.288151330338082801e+01
1.218992132024533390e+02
1.072272993396910010e+02
1.106509482855069137e+02
9.177176701245107893e+01
1.228736879391550900e+02
9.935898447107150844e+01
9.955419715898381128e+01
1.163396210682777792e+02
1.125998652076666104e+02
1.031093106851299552e+02
1.113484818761872646e+02
1.160883760991324181e+02
1.148340257384449927e+02
1.020705816802281731e+02
1.060016479442799380e+02
1.052665185410926796e+02
1.045522660516556215e+02
1.081373944849648439e+02
9.910270210868050356e+01
1.154885304263260650e+02
1.228874745192173350e+02
1.047237390658930849e+02
1.234806009251242926e+02
1.078308744503152496e+02
1.272391414722902994e+02
1.025685797668899113e+02
9.627716309078458323e+01
1.088108667078796401e+02
1.130753312610293335e+02
1.086608864282074904e+02
1.062197548162014016e+02
1.089666508562446978e+02
1.042323645484650854e+02
1.203497573906299749e+02
1.172044955745001857e+02
1.208137095662702052e+02
8.618618514500238348e+01
1.036044620137166987e+02
9.777734457840493576e+01
1.099704370602381545e+02
1.123337040569078482e+02
1.139192883932987712e+02
1.316702335837019575e+02
1.083715291914070633e+02
1.230640294238509540e+02
1.112743505649403346e+02
1.113923022746140958e+02
1.018917735074290789e+02
1.003373079948866291e+02
1.074163292806874352e+02
9.997919325050784778e+01
1.049433371225367750e+02
1.239628921514604656e+02
9.446919048739086122e+01
1.137848424053327676e+02
1.177990355686145989e+02
1.035025905116839908e+02
1.058337109654192432e+02
1.158451534841215249e+02
9.962362346518678180e+01
1.067090444196136190e+02
1.113274476570540799e+02
1.222102113029428949e+02
9.917307621186475330e+01
1.075345663966742364e+02
1.073750213422237891e+02
1.085198308914509937e+02
1.282028071469238171e+02
9.899748763788264228e+01
9.561784275934859068e+01
1.238897563779198805e+02
1.043184332999593806e+02
1.354506675775842268e+02
1.009547617736362213e+02
1.184570164758631563e+02
9.442654132048822646e+01
9.152974370259428838e+01
1.143157064872988258e+02
1.336671942859495914e+02
9.359001555616173107e+01
1.076753463796392083e+02
1.052918185799753132e+02
1.004063875633036673e+02
1.174794942931612240e+02
8.955171530507958266e+01
1.147433680699525809e+02
1.008620316572890658e+02
1.117041935854076655e+02
1.156093213815641434e+02
1.197740830962640075e+02
9.212254419293891772e+01
1.227372368823397011e+02
9.850948969245062870e+01
1.037910413805191041e+02
1.099203529176790823e+02
1.011773414638809214e+02
1.105311847172896478e+02
1.022968785571654138e+02
1.266705063451762072e+02
1.005169167871642486e+02
1.017520897618469036e+02
1.078468964977612785e+02
1.003208945548064150e+02
1.282086185651239987e+02
1.145944713022817467e+02
1.025474002968789051e+02
1.190662941061878541e+02
1.124365200530906179e+02
9.916130034703157037e+01
1.202327008553631202e+02
1.036082654374057910e+02
9.919155730806744486e+01
1.059843077328058882e+02
1.089601488209355011e+02
1.071120892470848389e+02
1.032355435297484263e+02
1.285481710877211299e+02
1.001342719912412349e+02
1.055199161138966417e+02
1.231166637758902453e+02
1.158066564095273066e+02
9.626169445628576682e+01
1.085423989821258601e+02
9.273621468226241404e+01
1.254207182699333174e+02
1.128066960162936709e+02
9.377094731976907838e+01
1.237132795703944907e+02
1.033792805041542806e+02
1.153875245963911311e+02
8.979309341679196166e+01
1.224300605703505482e+02
1.270926720230599187e+02
1.094652581219202858e+02
1.064633667961467296e+02
1.003145633519677062e+02
1.057907402087224966e+02
1.060815072170797748e+02
1.149761157543492374e+02
1.228930238798149901e+02
1.015558893721148763e+02
1.213342924520381985e+02
9.271768540866585795e+01
1.226519785262365190e+02
9.593783718032781849e+01
1.065108336356298366e+02
1.129552049157195910e+02
1.025189666603328931e+02
1.084134090751006312e+02
1.145904041102960633e+02
1.154207750538875814e+02
1.096029754420899991e+02
1.065409302897747210e+02
1.080493263901066570e+02
1.122509583014184500e+02
1.164740818925272947e+02
1.035592410038426863e+02
1.082290480313498051e+02
1.074437773431234007e+02
1.023814785558210048e+02
1.141168207908721399e+02
1.164456901541908849e+02
9.729327523696179014e+01
1.106105169664007519e+02
1.101946642235760265e+02
1.263004888809445418e+02
1.144834146328170021e+02
9.795750808570909385e+01
9.078936513136646624e+01
1.143945256894751878e+02
1.033606423024735221e+02
1.322864205901717867e+02
8.724662463957184855e+01
1.216903685815899081e+02
1.039265213540746657e+02
1.025817866605871131e+02
1.101110622805722130e+02
1.030911529912027476e+02
1.059786353318675367e+02
1.286480484411557086e+02
9.492910860392245809e+01
9.946400869977085790e+01
1.112432407674497625e+02
1.373689570517189225e+02
1.041136891803208897e+02
1.074749379634034625e+02
1.140198855555566269e+02
1.023385422142070809e+02
9.988465145010995627e+01
1.111558332945127603e+02
1.225492564534261106e+02
1.045182698419801852e+02
1.221024894100391549e+02
1.091227836062888770e+02
1.116843463845816586e+02
1.079846000081360131e+02
1.093741793319498328e+02
9.245421469175032314e+01
1.205762838044992407e+02
1.129822231699531017e+02
1.081595354984241624e+02
1.143562749404712520e+02
1.204206175812846453e+02
9.735891049294606603e+01
1.028778884691535893e+02
9.961805397661150607e+01
1.266691791886568836e+02
1.126916007129000690e+02
1.082522227065015841e+02
1.075642313902494038e+02
1.010527739427746639e+02
1.132755161528818491e+02
1.229170626443867178e+02
1.071336896102615981e+02
1.135938727750694142e+02
1.000172630188758518e+02
9.487811490799539627e+01
9.706691271253166065e+01
1.137835918930378796e+02
9.999970981256477387e+01
1.277127889600494655e+02
1.047014051388261038e+02
1.097456682026354002e+02
9.797347780478511936e+01
1.154241915066405539e+02
9.705039328006097321e+01
1.212218864795011513e+02
1.121909845416104190e+02
1.099517438950894217e+02
1.170850237180629705e+02
1.081926094194450911e+02
1.031731900954144692e+02
1.187933504366940269e+02
1.055261092487908030e+02
1.015948691767084568e+02
1.293704101865969562e+02
8.977174817373546034e+01
1.003070850806139163e+02
9.814226177855881872e+01
1.162418404389529059e+02
1.221561809054292524e+02
1.005817612825488965e+02
9.989115438596721219e+01
1.198705619680160765e+02
9.672793389408261078e+01
1.126399788592714799e+02
1.227603038413101757e+02
9.282225186761822044e+01
1.102462409895150586e+02
9.354205892223468766e+01
9.924958900803805761e+01
1.410661047292385604e+02
1.142637957495554417e+02
1.237624867403478817e+02
9.972246651080854463e+01
1.096456070019780640e+02
1.036319767945816039e+02
1.200499239329730301e+02
9.745254017911108235e+01
1.157564941670680980e+02
1.114276882739975463e+02
1.070631848223764422e+02
1.184935755653822440e+02
1.063414183494354432e+02
1.065482528225922465e+02
1.055532359011584305e+02
1.085856806668021477e+02
9.924031114988578395e+01
1.067451169939817817e+02
1.296575216140818156e+02
1.056742499246805949e+02
9.977301319518971923e+01
1.207841674477985379e+02
9.389026909902997886e+01
1.031609086774373054e+02
1.204258627818823300e+02
1.182889677520555409e+02
1.064912828257978390e+02
1.222951076963764621e+02
1.024160898264919553e+02
1.118199471149012965e+02
1.053932604229185870e+02
1.068646026106709286e+02
9.586797597501175972e+01
1.259115404879196518e+02
1.190500525050018297e+02
1.220295592540896052e+02
1.110390416304070698e+02
1.092749968971519934e+02
1.010330436697844902e+02
9.510332295507794242e+01
1.180161950850480679e+02
1.100224153307810582e+02
1.049481128644247718e+02
1.129408415428436996e+02
1.149216935748844435e+02
1.140353205729228279e+02
9.932228643091218601e+01
1.201529687998231566e+02
1.087302084153430428e+02
1.147570298288799506e+02
9.605823841282760611e+01
1.127276682420170886e+02
1.004322241228719719e+02
1.033390853350465051e+02
1.076708370158572023e+02
1.122978990502078602e+02
9.118350973864808395e+01
1.194438196267738874e+02
1.064250231038779475e+02
9.833170482842700721e+01
1.060789125786171354e+02
1.270511872301600249e+02
1.336737060366083369e+02
1.087720349210935069e+02
1.101029826283544395e+02
1.015890277337753815e+02
9.120783586917038122e+01
1.090814080118420435e+02
1.124780762343174132e+02
1.091749111281769018e+02
1.156278095356461932e+02
9.840913940692735196e+01
1.110488564479552309e+02
1.086430478729306088e+02
1.122540820180353194e+02
1.041309083482918965e+02
1.159605022328587580e+02
1.141289543038611214e+02
9.349842676613913284e+01
1.171464171333999644e+02
1.097074699169552616e+02
1.179217684436064957e+02
1.163184530167333577e+02
1.171599435866322381e+02
9.837265650849985832e+01
9.504973099519432367e+01
1.171912064522666839e+02
1.154593832571677154e+02
1.053699337524308959e+02
1.124179660728991763e+02
1.078374774010366366e+02
9.563208716192950476e+01
1.050764413276616978e+02
1.212773666664448768e+02
8.668588555871646406e+01
9.961387029355313416e+01
1.215841105509607587e+02
1.226608004126624252e+02
1.206281286502613881e+02
1.190855536506683023e+02
1.168128180958888009e+02
9.529324030079996533e+01
1.024491285121097803e+02
9.822342801097555309e+01
8.678657010386579884e+01
1.052289023381955388e+02
1.027605379285508747e+02
1.174482801978241611e+02
1.270745780286006408e+02
1.099291039952969555e+02
1.463860373349823476e+02
9.383369865927177500e+01
1.006831641582917740e+02
1.127737425454158569e+02
1.015876795498253102e+02
8.531263153330758087e+01
1.009202296110220800e+02
1.225705298992087791e+02
1.102889881932662064e+02
9.956822936255569800e+01
1.073572469763745403e+02
1.135120450704718564e+02
9.942393890036396442e+01
1.135518002593081235e+02
9.924431519276149061e+01
9.112005373734641012e+01
9.417020116980339139e+01
1.216965486912806682e+02
1.141164792577918092e+02
1.211749323562523273e+02
1.105980162337142616e+02
1.076419760122946059e+02
9.919755945224052596e+01
9.683013087538296304e+01
1.158063779827228217e+02
1.135108786998077761e+02
1.197225397638920867e+02
1.127054719474927822e+02
1.396264419956879124e+02
8.861975737150015675e+01
1.240744699113462133e+02
1.050613857851838304e+02
1.078725155421431907e+02
1.105337972636543356e+02
1.036785816488335854e+02
1.039580749174450460e+02
9.884227660607353982e+01
1.223780090600278214e+02
1.301369743828921912e+02
8.968412921431192331e+01
1.178003845122179456e+02
9.209833827359817349e+01
1.108758091029617958e+02
1.022631224766088422e+02
1.067494627712630262e+02
1.250102926322304455e+02
1.068584436070173211e+02
1.154021109855309675e+02
1.121286553544670426e+02
1.075467105319403629e+02
9.108500515910557738e+01
1.080165980504083763e+02
9.231011837551153576e+01
1.188506344810472939e+02
1.343178434560454093e+02
9.991762103195891598e+01
1.045249391227226710e+02
1.211553200211021277e+02
1.251479265740530451e+02
1.079166744695062192e+02
9.997842150396951411e+01
1.045761926855128507e+02
9.932508492113234411e+01
1.330977501720444991e+02
1.116171922928976556e+02
1.004901190972473444e+02
1.073440051377070290e+02
9.107825632818290273e+01
9.589757344473478895e+01
1.042389635586560814e+02
1.466086125767211854e+02
9.937229383007677086e+01
1.103419364211866593e+02
1.159657065702989343e+02
8.902175123189529415e+01
9.963111892424696237e+01
1.218300409149744183e+02
1.164720067078768722e+02
1.087167082760891788e+02
1.017676554147703172e+02
1.196603681253487537e+02
1.050821795982216287e+02
1.069980023953313975e+02
1.049098416573799000e+02
1.165286412811412617e+02
1.152298185708819602e+02
1.034229964136045510e+02
1.301593421875656134e+02
1.085653532666435552e+02
1.098006550968862740e+02
1.090101482208020514e+02
1.031237091980525804e+02
1.078481735214912618e+02
1.180230365126864456e+02
1.102760422326914949e+02
1.190199029961199813e+02
1.163831876266408614e+02
1.071692257001121931e+02
9.832084490454113279e+01
1.083387919905538865e+02
1.184536361594130796e+02
1.064160808538139662e+02
1.170907716072454861e+02
1.297244054138244849e+02
1.074797951682565156e+02
1.043933664422439307e+02
1.169532318870808041e+02
8.275683220055967126e+01
1.091951686235049266e+02
9.752034358791071611e+01
1.014199029652386912e+02
1.272255532390245634e+02
1.233741733752478495e+02
1.028871477871554845e+02
1.064885911159945522e+02
1.032377496546803997e+02
1.243919458260161406e+02
1.007799167346418301e+02
1.069805679478586455e+02
1.292707798553776115e+02
9.470688322503733048e+01
1.026005156221887376e+02
9.224894755924600531e+01
1.047183087324160908e+02
1.352251389012944003e+02
1.063653736355932580e+02
1.102454926868690706e+02
1.474324811157817408e+02
9.622959689055312538e+01
9.159217729554868015e+01
1.038506792721909164e+02
1.124403076385546569e+02
9.277461233855156308e+01
1.211367300586291691e+02
9.383926937919805766e+01
1.234256262042985952e+02
1.288169420442235662e+02
9.446026728774957348e+01
9.513890950601644647e+01
9.488542838697351556e+01
1.156049168605486699e+02
1.145093987868503973e+02
1.250446939170106475e+02
1.074446252932662844e+02
9.496335933809669427e+01
1.246360078489158099e+02
9.517835883279988707e+01
9.673266923815478435e+01
1.030623651257422608e+02
1.080477212367582496e+02
8.783866939869578516e+01
1.354403211612389555e+02
1.054022498989772885e+02
1.068514980458347452e+02
1.034996510917281825e+02
8.965808369012637513e+01
9.528474042617450834e+01
1.290283710382783795e+02
1.113615564733016612e+02
1.161818840079867954e+02
9.743515404511222755e+01
1.127324175403197870e+02
1.314814002829176047e+02
9.961970988097732516e+01
1.065170765439904699e+02
1.041446192716911980e+02
1.163152112330608503e+02
8.921010609496526911e+01
1.165297245995081994e+02
1.189411120207191033e+02
1.090445911397406462e+02
1.054922230754953461e+02
9.264067469188466930e+01
1.106314850123503533e+02
1.255230021424430902e+02
9.748480750775711101e+01
1.166809152186834666e+02
1.095982927932146254e+02
9.645848003740097454e+01
1.133082335279145525e+02
1.268953092211614404e+02
1.013778860248928737e+02
1.095581062548138931e+02
1.059440030289186296e+02
1.086899393412343073e+02
1.026720164292337643e+02
1.311812401378133188e+02
1.062025177175278969e+02
1.195021909733527110e+02
1.171461635192880806e+02
1.129627455100104214e+02
1.007116387583409249e+02
9.891870003263480271e+01
1.086844566526491462e+02
1.074689328019886148e+02
1.081036071384436070e+02
9.981928600302531152e+01
1.138647878279528811e+02
1.183364572614330683e+02
1.012114559060029961e+02
1.098914732333740290e+02
9.508632088368591440e+01
1.007319861227215227e+02
1.300324845810898182e+02
1.174197005987225566e+02
9.440365276680257978e+01
1.213146784965961444e+02
1.098332915363269393e+02
9.577871557591235785e+01
1.292443157392854118e+02
1.071439066807738385e+02
1.177063358911852617e+02
9.364464974720904422e+01
1.066747363615207860e+02
1.097285888612739768e+02
1.135460352802562483e+02
1.141204410032342764e+02
9.918095723032612909e+01
9.797912436184435592e+01
1.125208333312805848e+02
1.296810973586856051e+02
1.004060652522151571e+02
1.156665987066656243e+02
1.289812079718207372e+02
9.535050612866629649e+01
1.191301104141123943e+02
1.015075103496479727e+02
1.190615445201424336e+02
1.072096175595183638e+02
1.040325368365154191e+02
1.292383739446921425e+02
9.738088575298219496e+01
1.143752438954580697e+02
1.061470876986260663e+02
1.045054934430726945e+02
1.141298615419276672e+02
1.130720438664830425e+02
1.035464054401391252e+02
1.043075037201994775e+02
1.317582126518388748e+02
1.006099398778097793e+02
9.604179584465249775e+01
1.150042052568057045e+02
1.095828562051621446e+02
1.291670058173117184e+02
8.806698759435576562e+01
1.038879170174318318e+02
9.831737012353799798e+01
1.200562106344601716e+02
1.105929349566604998e+02
1.007380954282767220e+02
1.079999817151232122e+02
1.197641805571905280e+02
1.123300290442544451e+02
9.800409521726245998e+01
1.163343558763063612e+02
1.179943139422525746e+02
1.005840079696423430e+02
9.910614266875360556e+01
1.172177698404669570e+02
1.074794532148177950e+02
1.131402308904347649e+02
1.032294825075980782e+02
1.043562896124058454e+02
1.316775857015660733e+02
1.074266130382614364e+02
1.002326588141733907e+02
1.079517145765940427e+02
9.137054786893632752e+01
1.247310318086111209e+02
1.019879222211978771e+02
1.186759297989979416e+02
1.092638553910372821e+02
1.086746309251049070e+02
1.085173523499139634e+02
1.136283655660605518e+02
1.040032241883409512e+02
1.060942855115826404e+02
1.128384956491724438e+02
1.118792301731384242e+02
1.209367063126657911e+02
1.058408230444835425e+02
1.079089922016285641e+02
8.255588067764020366e+01
1.192333507155767904e+02
1.177338446614703571e+02
9.575710653696182817e+01
1.316680850907025899e+02
1.133747071854723742e+02
1.066908689135084387e+02
1.174910355512415094e+02
9.349556961884188411e+01
1.177367027319739918e+02
1.084815993672857104e+02
1.186157222589471587e+02
1.112073593763664974e+02
9.427531560034607594e+01
1.054407015089374795e+02
1.210680994243806907e+02
1.024008430669293119e+02
1.429074467609671331e+02
9.384493451334341785e+01
8.647894965782334964e+01
9.960723575345623715e+01
1.169890778138484819e+02
1.162999797577809602e+02
9.817599780128030318e+01
1.202042809115056059e+02
1.232881326284168324e+02
1.077998113118627259e+02
9.278377222312133199e+01
1.116242104889443283e+02
9.889213650326337302e+01
1.072124027322499984e+02
1.316510447094528331e+02
1.036518076471931238e+02
1.074374578803477505e+02
1.044319404367852542e+02
9.918263759383495426e+01
9.480814578881449961e+01
9.751941732819507536e+01
1.121632949360326847e+02
1.215103646511722957e+02
1.137689710440950108e+02
1.134937821131865689e+02
1.022774830987723931e+02
1.029526577150236903e+02
1.065422106964712157e+02
1.143065659685592692e+02
1.159806260624808658e+02
1.129001937279961680e+02
1.063877985292882897e+02
1.004238705702752696e+02
1.164164427263849859e+02
1.331650155184720461e+02
9.878141113897295611e+01
1.026916486633688237e+02
8.618981872399859867e+01
1.148966724269296407e+02
1.141666866700543750e+02
1.038200989408816781e+02
1.240392012161684221e+02
1.115643936153165043e+02
9.985577644647311502e+01
1.341169981882583500e+02
1.184962247930336190e+02
9.790192025510764040e+01
1.021163864122073335e+02
9.830309966879849526e+01
1.136742328233682144e+02
9.375150701353589966e+01
1.345967032558307608e+02
1.204357443977607574e+02
1.051905434029303024e+02
8.580961764634552935e+01
1.053194273014588305e+02
1.019690874662041296e+02
1.075411678688406028e+02
1.068892367670264036e+02
1.202316272680132840e+02
1.064303648096907295e+02
9.958073533351128503e+01
1.134273759888435933e+02
1.253876483750516684e+02
1.111243973830669489e+02
1.178044934099474546e+02
8.964704831593452639e+01
1.036470821941432519e+02
1.116718215716340268e+02
1.003098009292131110e+02
1.109785051254090575e+02
1.148439857615939559e+02
1.143461485828112671e+02
1.165303368019522168e+02
8.543052585325503401e+01
1.190390144685175500e+02
9.828164261386368139e+01
1.182907598622549585e+02
1.105478491729662238e+02
1.185697353074635600e+02
1.300523331543932386e+02
9.933353464296023105e+01
9.179400640634784736e+01
1.137139098005042257e+02
1.031758125438726381e+02
9.498620728322255502e+01
1.073128381470267243e+02
8.943194955138338287e+01
1.054788679910228524e+02
1.241297805393133018e+02
1.260694422230907747e+02
1.279614614226421878e+02
1.003114274518138984e+02
9.841079731085213211e+01
1.194681373434226686e+02
1.159284714069457181e+02
8.514932712729748232e+01
9.137874702826137252e+01
1.212776866578058730e+02
1.099924974450140382e+02
1.256387938145250729e+02
1.004047310169476077e+02
1.059342149836901399e+02
1.168452835176135522e+02
1.119593800752889194e+02
1.049241492792431103e+02
1.001083620370003189e+02
1.074087506174206368e+02
1.159732553421875707e+02
1.178243514782602119e+02
1.045899112293723192e+02
1.137348819568854168e+02
1.127702404874579543e+02
1.096585620355274386e+02
9.606023552429513757e+01
1.075838116097526580e+02
1.084305243957039835e+02
1.072594943400969356e+02
1.020423547238046780e+02
1.051113635000993440e+02
1.169565640490111065e+02
1.106493833443095411e+02
1.172498586434943917e+02
1.043206995634861016e+02
1.124897375016481362e+02
1.225173650876906208e+02
1.037783353209528912e+02
1.004236840764675094e+02
1.152156270444477428e+02
1.026459950169485609e+02
1.167148476678393791e+02
1.072322873042554505e+02
9.322022624329137841e+01
1.100913078503550366e+02
1.284559781328094914e+02
9.809906271117171173e+01
1.232647968608398514e+02
1.051973446470611719e+02
1.100682246825257664e+02
1.097881414836998744e+02
1.045150639402109078e+02
1.021182197245357344e+02
1.024360565141676034e+02
1.152174717921797651e+02
1.156931981950725117e+02
1.044092510178855093e+02
1.022662540269665641e+02
1.335300324139798533e+02
1.083467535412788436e+02
1.018519791974218549e+02
1.048870758930222991e+02
1.058991607025765092e+02
9.386452702681769722e+01
1.298332334737679332e+02
8.978047930849785985e+01
1.224677004488799099e+02
9.850707877160019166e+01
9.698017736745208595e+01
1.120161638377614963e+02
9.952032696183132998e+01
1.146557373360138996e+02
1.101065432805050932e+02
1.035948495573477430e+02
1.181154983980051156e+02
1.027239123451890777e+02
1.058431523093434237e+02
1.090774370893193179e+02
1.102103656447666111e+02
1.031295752680660058e+02
1.017566627980189509e+02
1.228452832469151019e+02
1.096732578995391378e+02
8.935421860822853546e+01
1.178980327672472157e+02
1.246756183161601399e+02
1.054927833646507906e+02
1.103589957502678232e+02
1.121086444011410919e+02
9.630642246321546907e+01
1.091713914207719966e+02
1.066193579896845876e+02
1.214636063439344582e+02
1.003784985401499625e+02
9.439277218901004574e+01
1.135387034567119571e+02
1.000411792709528100e+02
1.203988149176460070e+02
1.230700079056361602e+02
1.151925740132114555e+02
1.053429284871656222e+02
1.084768485674146064e+02
1.131465444567142669e+02
1.158477319443782392e+02
9.689970081286269021e+01
1.125235990509593620e+02
9.450443158545556344e+01
1.088994319133406066e+02
1.023927786105931261e+02
1.139946175212708113e+02
1.032875039860887085e+02
1.274849883837072468e+02
9.767514183178438714e+01
1.178826526691524208e+02
9.667704366014577033e+01
1.084217731636896076e+02
1.007788516102949927e+02
9.840390952321126861e+01
1.197087269080981144e+02
1.255389278296067346e+02
1.148810751244576238e+02
1.091310952021781731e+02
9.005072900725501484e+01
1.075836171708048425e+02
1.095809605620985963e+02
1.090913905140382241e+02
1.118203301620310555e+02
1.033729119781800989e+02
1.055308879302141349e+02
1.144550763602155996e+02
1.144207491204877414e+02
1.062620226191274213e+02
1.217767302828605978e+02
1.033764284627013694e+02
1.106405011736208479e+02
9.845617407006459132e+01
1.167038708055678597e+02
1.015840955693390271e+02
1.065634506448150773e+02
1.246681368284343279e+02
9.638399461334752516e+01
1.034333408772651950e+02
1.199027729710620633e+02
1.072771344497026007e+02
1.009927908878445351e+02
1.052270358863469397e+02
1.296664941919870842e+02
9.582965524531364565e+01
1.175951670535524869e+02
1.017969824341523974e+02
1.159210709466275517e+02
1.251246622793991037e+02
8.764061029620803822e+01
1.129880473194550632e+02
1.109637188758880626e+02
8.790554026112003783e+01
1.028335258387590727e+02
1.234617306823424911e+02
1.180987484642615613e+02
8.233220790607126105e+01
9.925491722411319984e+01
1.232718903734103861e+02
1.031044574874239004e+02
9.704907237788563634e+01
1.349748163143456452e+02
1.083487735460856811e+02
1.000483441902684092e+02
1.127720062841191009e+02
1.147019004639810902e+02
1.166155864616706594e+02
1.031659895109474121e+02
1.044968312387907474e+02
1.143797320896906342e+02
1.137320185915902755e+02
1.148796096540344962e+02
1.032454470543235487e+02
1.220370214571299243e+02
9.542069484053729411e+01
1.018271582960831125e+02
1.221172873680420849e+02
1.122587261713545672e+02
9.949430744404101290e+01
1.029138589453942387e+02
1.181434416660864883e+02
1.131904626380561609e+02
1.090043206176905812e+02
9.713471502958599046e+01
1.079390828244001881e+02
1.285625715960963475e+02
1.222591094164267815e+02
1.185299125320388498e+02
8.420623796073513745e+01
9.599809668267732832e+01
9.573531723569493579e+01
1.025571821013784160e+02
1.201110616986672142e+02
1.183227536210601301e+02
1.157609805413844128e+02
1.128705560114173068e+02
1.152588413857092746e+02
9.528482974274398032e+01
9.757211022434636050e+01
1.135440143429974853e+02
1.232698169587227142e+02
1.102674953612976765e+02
1.009261152558193260e+02
1.009574116095301406e+02
1.342639861526493235e+02
1.156368859789243828e+02
8.911902618062430292e+01
1.142115212451855655e+02
1.072495082451860497e+02
1.041367679176044305e+02
1.108383843909436024e+02
1.071157436202417443e+02
1.132368177313723265e+02
1.049314165627641273e+02
1.266363910523969309e+02
9.874248099644728427e+01
8.972425520258647680e+01
1.208118544377521317e+02
1.171837058429460825e+02
1.133321137774805436e+02
1.070277234235042556e+02
1.041416576108755265e+02
1.091068948722225258e+02
1.293378062083626503e+02
9.009559979131749685e+01
9.383788733524681902e+01
1.278485581303703356e+02
9.528639568682677918e+01
1.244064658841822535e+02
1.081490922814610371e+02
1.030620356203756387e+02
1.092289650880671985e+02
1.025752580954781621e+02
1.052251372138413217e+02
1.103740693539815823e+02
1.067464210714124988e+02
1.053592035619936524e+02
1.030702527662291033e+02
1.051313574673183666e+02
1.212539905848414747e+02
9.538564913432109904e+01
1.174436236594523848e+02
9.255651856464378113e+01
1.195976363660093398e+02
1.035674954989701462e+02
1.208040240837394208e+02
1.143661803033880773e+02
9.821168063447429120e+01
1.096615410433908409e+02
1.084095197261876109e+02
9.961145233366612217e+01
1.036591187960897003e+02
9.851986259330529094e+01
9.401687681401506325e+01
1.270801467272879961e+02
9.303940107754452526e+01
1.163500076620247654e+02
1.048114296604882156e+02
1.167682097954068894e+02
9.620515347237690662e+01
1.108974074606868214e+02
1.042334321427794492e+02
1.077376893421923825e+02
1.008585411929970377e+02
1.311388377501830576e+02
1.238819999484502006e+02
1.051425182548303923e+02
1.175799444157663771e+02
1.040037538025541579e+02
1.035010945138504610e+02
9.919757248103722702e+01
9.770459007427800202e+01
1.029654640490466733e+02
1.083391453868539855e+02
1.009321649918743731e+02
1.416122611837955958e+02
1.001089881468627709e+02
1.064532082890272164e+02
1.153227338599762533e+02
1.088665906765683502e+02
1.149661054137159795e+02
1.095368803055250027e+02
1.014596357049979645e+02
1.114440349861871908e+02
1.086335530847053690e+02
9.249675318974480831e+01
1.057803084943346619e+02
1.185349761935861039e+02
1.189941140130411554e+02
1.433170195387849049e+02
9.637103444919962669e+01
1.052346229784889999e+02
9.768060615740580488e+01
1.051485296989504121e+02
1.007443713787345416e+02
9.742789260592036271e+01
1.118574318505122420e+02
1.021188686307337292e+02
1.133958664405558210e+02
1.183282856702196710e+02
1.119808206565590893e+02
1.082976884241765703e+02
1.144152740068013117e+02
1.161938809188148980e+02
1.076780697168758110e+02
9.379724548104782400e+01
1.139091632952694511e+02
9.849406621183463528e+01
1.145711694269650565e+02
1.224031098655908067e+02
9.925183114660666206e+01
1.146284563647063095e+02
1.052585783840429627e+02
1.274135372928212604e+02
1.185311279863912546e+02
1.044126797175309065e+02
1.025155798300054215e+02
9.823554721420076419e+01
1.006474392359653507e+02
1.026590934591647510e+02
1.222753713103631696e+02
1.057375744579981358e+02
1.156367299366825705e+02
1.056029875803439637e+02
1.035344683492096891e+02
1.278006216345553696e+02
9.988687389431282782e+01
1.114427351140074478e+02
8.584515401871495044e+01
1.125268552187631599e+02
1.149803480673348588e+02
9.662265844900014145e+01
1.436583138319230954e+02
1.181713924758120839e+02
9.818851192921509607e+01
9.825387175530195805e+01
9.947388305484021487e+01
1.094397437983301984e+02
1.035837755210467037e+02
1.395735989674752489e+02
1.247845136392418510e+02
1.041530639463751697e+02
9.925074974053300991e+01
9.427498753991930869e+01
1.290161294903232090e+02
9.877787005010978305e+01
9.290749386041410673e+01
9.343440143215717342e+01
1.290447756660360312e+02
1.011519459711919211e+02
1.082029896689706447e+02
1.251348293197470980e+02
8.865790347596851007e+01
1.241201845724229855e+02
1.158458375311208925e+02
1.137485876192584300e+02
1.338279829955251046e+02
1.120110340362599999e+02
8.366643737233479783e+01
8.837076864117163666e+01
1.108376000071789917e+02
8.814672499872145295e+01
1.088295848582039014e+02
1.412919213384062402e+02
1.064796531148932388e+02
1.153525943996128831e+02
9.407719962906710975e+01
1.082151469556543759e+02
1.104558868197422612e+02
1.143550898923245143e+02
1.297764319459775493e+02
9.395868749197593672e+01
9.806553091634224018e+01
9.472662059811175084e+01
1.094670827118952587e+02
1.127694214676689910e+02
1.095793794628311844e+02
1.102828161318484632e+02
1.176226816531721653e+02
1.109534058492927926e+02
1.017552738415373597e+02
1.001470950753669058e+02
1.147656391377973222e+02
1.165524493566992987e+02
1.106372708990196116e+02
1.078130708551235273e+02
1.097008939121141111e+02
9.796193980571457871e+01
1.140584755707200912e+02
1.037243040638662279e+02
1.218323705592896573e+02
1.023577956097657875e+02
1.212552233996994744e+02
1.077168008273000197e+02
9.941048114868435448e+01
1.091457234144001376e+02
1.152174122683904471e+02
1.206722171814200948e+02
1.023537222146000829e+02
9.802486586691249215e+01
8.844994440955642290e+01
1.431744893713476472e+02
1.093321971351808344e+02
1.056581991260988360e+02
9.041006460227845309e+01
1.044900269820647054e+02
9.382133566211994946e+01
1.268086260204189131e+02
1.179187805560811881e+02
1.013916547618539710e+02
1.070255272276807972e+02
1.056886508811165015e+02
1.008084501993529472e+02
1.121832751077962200e+02
1.032425440787400817e+02
1.219678657460157893e+02
1.117151831916074514e+02
1.055092272450725659e+02
1.056682538792596375e+02
1.287242293237266608e+02
9.215255087170818626e+01
1.018259634442547821e+02
1.076782381097811623e+02
1.192846209831292299e+02
1.005964513245886707e+02
1.002740382545972437e+02
8.737119510327839578e+01
1.011991960519246305e+02
1.423202616410151506e+02
1.136247491129102372e+02
1.017685281867751854e+02
1.171976107064550376e+02
8.253415301402658599e+01
1.350381280445257346e+02
9.308465334733489271e+01
1.125029776665751484e+02
1.026732498370752751e+02
1.000237269266316247e+02
1.141163062039699980e+02
1.159614941152934477e+02
1.168067329469306799e+02
1.061975761964670255e+02
1.125316995153449113e+02
1.046403347330432467e+02
9.624780894869040537e+01
1.326238553404927529e+02
1.133430177623459656e+02
1.059034291037173148e+02
1.037217477259680862e+02
1.112449741213759893e+02
1.045738458062904357e+02
1.100677924855032472e+02
1.059881176967737275e+02
1.078457441231987843e+02
1.170603860133756484e+02
1.043457701463886025e+02
9.556212229562484595e+01
1.144867249479709130e+02
1.069133127506610350e+02
1.148763668087847378e+02
1.182407024168169585e+02
1.114661104254750086e+02
9.402636906784132975e+01
9.431968915664806730e+01
1.266091147793519127e+02
9.783760108565672908e+01
1.114622644068530377e+02
1.091596013450540852e+02
1.017937190463055543e+02
1.094661396865744933e+02
1.041479938435496706e+02
1.244093948500942162e+02
1.225818690510254498e+02
1.034262285194455160e+02
9.488103871659694732e+01
1.017992458299115697e+02
1.121409538375881283e+02
1.113058165721673447e+02
9.612927565113362505e+01
1.005967124003857833e+02
1.106633191863810026e+02
1.262882640467091022e+02
1.145356040900128676e+02
1.068570329664355540e+02
1.067729170920274555e+02
1.200928836013345062e+02
1.129502966788737979e+02
9.305550387382825761e+01
9.366670606757533335e+01
1.120380698589763995e+02
1.263542635492313195e+02
1.039200845611191681e+02
9.772112581518241825e+01
1.155012915949790653e+02
1.053345711138707941e+02
1.055496180264135404e+02
8.751448216427448301e+01
1.178652509094162184e+02
1.156585810667634746e+02
1.182346766647795278e+02
1.025807037859168247e+02
1.272231385661086449e+02
1.038504579539665258e+02
1.097562910442929507e+02
1.200850383993404762e+02
9.471473228868985927e+01
9.596356417315250553e+01
9.059872702686826074e+01
1.340488506486566962e+02
1.136735759074715872e+02
1.097606099255230845e+02
1.113379503242423425e+02
8.971193787696888933e+01
1.019994564557504191e+02
1.537957177627583576e+02
1.037845973498340584e+02
9.957678111726380621e+01
9.949314612708785432e+01
1.167807026433956707e+02
1.180166582895551528e+02
9.435394182225331861e+01
1.202364095649838589e+02
1.239823813277167233e+02
9.834756857475892389e+01
9.428767963560709120e+01
1.146358658943129001e+02
1.055629988013894405e+02
9.271318598606887917e+01
1.264434671547285802e+02
1.178266668067173555e+02
1.050292538738810322e+02
1.073916092930226398e+02
1.044284987353382235e+02
1.027990952805012341e+02
1.100916691353219932e+02
1.077708941999540997e+02
1.206688028533835251e+02
1.055057846401865334e+02
1.092420382173713733e+02
1.337869924840049691e+02
9.124095756236890509e+01
1.016470841418272641e+02
1.014076960775117016e+02
1.148906483540920078e+02
1.096921875065728074e+02
1.085289067640024427e+02
1.233384551646859961e+02
9.235808437604158883e+01
9.258195338473240099e+01
1.056030015802476498e+02
1.323827639863552577e+02
9.552567919923180284e+01
1.221358464174626874e+02
1.044673493252928296e+02
1.095399764435981922e+02
1.060804110549121901e+02
1.162631516523051829e+02
1.046635582220321936e+02
1.198891106726502045e+02
9.535717691982914346e+01
1.194974883028927337e+02
1.218847404421914433e+02
9.866701681454769357e+01
1.016275527015211253e+02
1.072168542095533326e+02
1.082167183086234985e+02
1.207016446389480251e+02
1.055091394160617284e+02
1.011952870013620895e+02
1.073372221108328830e+02
1.098109529320575177e+02
1.256394464052606992e+02
1.047693245516043135e+02
1.182658330984655777e+02
1.150625165555000819e+02
1.077435730924298980e+02
1.058119681356898951e+02
1.055479810174194739e+02
1.029676410438533622e+02
1.119444563471724905e+02
1.083122115487386452e+02
1.147701032663712368e+02
9.095682172376608321e+01
1.242657940297808494e+02
1.014686018497512237e+02
8.539374301347551466e+01
9.904036208197190660e+01
1.243268491004327103e+02
1.335561620137909529e+02
9.992300950481927657e+01
1.142243604183263841e+02
1.217172066791634961e+02
1.037373563609867659e+02
1.052728904664309653e+02
1.106302193728675860e+02
1.120160505666927264e+02
1.012903513255093344e+02
1.218784424153935220e+02
9.432784070580413527e+01
1.097811346893734310e+02
1.224554123849665643e+02
1.090876414310090468e+02
9.224172799203064699e+01
1.035121132901641232e+02
1.041863101828072331e+02
1.271162118082728512e+02
1.173577009480083859e+02
1.062417457716708640e+02
9.808200119011011964e+01
1.078797957751931307e+02
1.063158064038740207e+02
1.066384674329951991e+02
1.296236790198112487e+02
1.223265825782300027e+02
1.042748583328558709e+02
1.039822400576483972e+02
1.190309569347086693e+02
1.015319373961390284e+02
9.537032077965935173e+01
1.228224463375263582e+02
1.149868670025960000e+02
1.183000170065238166e+02
9.812539480352320709e+01
9.612795523901010597e+01
1.024946209649533273e+02
8.941774585385626040e+01
1.204746112115597043e+02
9.550616323316020839e+01
1.330467279747132352e+02
1.105141226619360282e+02
1.021868619058473229e+02
9.105715193917718864e+01
1.117979571832979673e+02
1.175717309615153852e+02
9.623651755231450977e+01
1.091306661960387032e+02
1.230160567395224547e+02
1.062668915205906046e+02
1.173476064312489484e+02
1.134307399807205599e+02
1.021397781399138012e+02
1.030528852807070450e+02
1.125892948583065163e+02
1.212112471466279828e+02
9.282142396586580446e+01
1.115885504986982966e+02
1.005169064188733188e+02
1.175424856381259531e+02
1.080693900683305202e+02
1.079647084870365035e+02
1.079206074213376212e+02
1.163827909589246872e+02
1.133041988003238174e+02
1.057489096566795581e+02
1.056958060351908273e+02
1.182393329602370642e+02
1.022512429719309637e+02
1.183990363997665582e+02
1.130219212857835345e+02
9.697988558199108411e+01
1.081126599789137543e+02
1.105381923662362595e+02
1.033756976211689818e+02
1.021729301006421196e+02
1.096549367794290077e+02
1.198032335678634439e+02
1.098772226115247719e+02
1.132657563740184514e+02
1.005143483684038159e+02
1.132539382398660734e+02
1.150222679551103937e+02
9.746621201986296512e+01
1.181108881646526640e+02
1.172599154350278781e+02
1.053933651257491420e+02
1.047718392757149672e+02
1.301913193044709089e+02
8.750550991242013765e+01
1.060126178034695812e+02
1.099371635732792214e+02
1.107568917939552762e+02
1.342689047658234927e+02
1.269164744553319366e+02
8.264230204311803618e+01
9.230499373430069454e+01
8.851009723115969052e+01
1.223682299833398162e+02
1.243553750371915498e+02
1.225683888679741784e+02
1.058931394532087324e+02
9.463123361132706179e+01
1.007298354434097121e+02
1.251496914429758505e+02
9.295258085092012834e+01
1.040856252136169076e+02
1.352023618155294287e+02
1.020628209455031623e+02
1.191703499077344475e+02
8.416670830965652783e+01
1.056326548683327218e+02
1.084637431388768221e+02
1.282239646058168887e+02
1.001706239272687498e+02
1.209828840587234282e+02
1.028357923827699665e+02
9.127801645186070800e+01
1.208300076677879531e+02
1.200612149782503764e+02
9.429819309396417282e+01
1.115339319740269275e+02
9.907340770382752737e+01
1.004013442797155733e+02
1.024797315299835105e+02
1.373715752323103629e+02
9.941949328879830716e+01
1.163476433004432380e+02
1.039163044962291877e+02
1.071382677755448753e+02
1.128229448980046499e+02
1.092674931595181818e+02
1.067644625187452476e+02
1.035722622685824206e+02
1.104072313597980610e+02
1.118667014713599315e+02
1.007809779701622119e+02
1.142434843708042251e+02
1.149211791886381917e+02
1.096752448975019831e+02
1.218461300524836730e+02
1.149591655274168858e+02
1.087426207651188292e+02
1.006813266954430048e+02
1.098119008143212767e+02
1.088277457591800896e+02
1.236354814761582901e+02
1.114774044802022104e+02
1.020230748041424533e+02
1.238145461645306682e+02
1.288070811385057368e+02
9.841197790990580074e+01
9.034772603509236433e+01
9.959528802735658815e+01
1.132977573301855330e+02
1.092230181782837803e+02
8.742064415376378861e+01
1.115247862292410730e+02
1.071294968832910399e+02
1.138699818138127995e+02
1.242540575542813599e+02
1.060744847810897085e+02
1.067269027723275343e+02
1.093599225650632150e+02
1.166884887272230884e+02
9.632283579055584255e+01
1.206513773249971422e+02
9.558366965781823410e+01
1.086912964600433043e+02
1.114279824968754866e+02
1.273801050423948027e+02
1.026690608428566520e+02
1.100355961885881442e+02
1.069632254034918191e+02
1.013402611746599717e+02
1.070197758129420009e+02
1.148271363591941707e+02
1.132592435100546737e+02
1.122543149714218060e+02
9.714496215743737650e+01
1.078977680354982596e+02
1.070696723390545628e+02
1.272277862355793872e+02
9.698775083094351146e+01
1.175876321628356322e+02
1.174755243998267673e+02
9.807972322960921474e+01
1.082650664009171777e+02
1.165483149349794445e+02
9.493790476224133101e+01
1.227436610913037782e+02
1.078646601702154868e+02
1.237195961992408542e+02
9.632225922353870828e+01
1.101106006048542980e+02
1.053536396817294190e+02
1.114654005602786668e+02
1.180465957631452767e+02
1.317779059607961187e+02
1.069117679114702923e+02
8.571999088971756464e+01
1.049365757284927270e+02
1.058556859999304862e+02
1.037948126418305606e+02
1.023346309575617141e+02
1.071523736120098533e+02
1.180538806531150300e+02
1.066735543088968683e+02
1.173497498891497060e+02
1.149302503391481451e+02
1.050843874774654552e+02
9.882979406730527216e+01
1.062816434177566833e+02
1.171723121782411283e+02
1.140461771981960197e+02
1.081895039555606388e+02
1.069031454691794636e+02
1.080322904181092554e+02
1.182254088869529483e+02
1.067109841068424601e+02
1.084227078089805758e+02
1.004368584302982157e+02
1.241116112020676354e+02
1.066416266274669766e+02
1.110375807130284187e+02
1.059774851586515609e+02
1.072828845873753494e+02
1.064652241364740206e+02
1.137253845530134271e+02
1.161292942286472822e+02
1.165483768083316107e+02
1.027518931319688704e+02
1.366661506292333854e+02
1.008249289979586223e+02
8.865107213225088856e+01
1.262052281209128495e+02
1.055504694926572569e+02
1.239008034281651760e+02
1.066104703374148386e+02
1.168759707102015710e+02
1.025924543865576908e+02
9.607246078736699246e+01
1.094675740672308137e+02
1.182694187322228032e+02
1.019618158027516870e+02
9.984784503511549758e+01
1.377655720700127517e+02
1.074917505587245756e+02
1.001371627986299018e+02
1.071504415215786992e+02
1.178927950415029642e+02
9.514036813854225727e+01
1.080446699142670752e+02
9.018806056889106060e+01
1.182913077627089393e+02
1.251866996499675651e+02
1.057590057561534707e+02
1.016852255518788866e+02
1.278877953688482023e+02
1.137325900646633130e+02
1.094669883267266073e+02
9.788863503918695130e+01
1.095924755504270678e+02
1.081213190037829435e+02
1.126265718156269600e+02
1.056044554337390196e+02
1.072590848588971681e+02
1.133651147299007675e+02
1.004547812560281415e+02
9.349074106430553854e+01
1.164990011590394658e+02
1.330960039092812792e+02
1.012885072153605677e+02
1.119391619409126974e+02
1.016113363196881210e+02
1.068583921293477346e+02
1.088569955565007064e+02
1.347728626679909780e+02
1.001839707349864312e+02
1.080745599240048875e+02
1.093738910979942318e+02
9.779487362596117350e+01
1.031659378023459652e+02
9.908203351995213382e+01
1.060770127614469374e+02
1.107867906696778988e+02
1.168103474321507775e+02
1.093949116674407094e+02
1.135988591152421492e+02
1.187416620851733455e+02
1.027920182128842868e+02
1.037174072547077230e+02
9.839712725253686187e+01
1.038087801041288287e+02
1.309589731455415347e+02
9.970420240049804761e+01
1.148132372818324427e+02
9.982390172183974641e+01
1.080420945567491913e+02
1.139103155659321516e+02
1.188530363222819943e+02
