-5.436467412585044734e+00
-5.391160898513104982e+00
-5.319437960051372372e+00
-5.132546022810110742e+00
-5.460637563296494079e+00
-5.463473283243288847e+00
-5.502939412501885563e+00
-5.480337394994341693e+00
-5.498000758358639217e+00
-5.511377638680238888e+00
-5.507983283485041959e+00
-5.468353232185938495e+00
-5.114510856026095453e+00
-5.126116641085626924e+00
-5.113236254345014054e+00
-5.129627644111131701e+00
-5.145794002880582418e+00
-5.137347913695863078e+00
-5.123971205134699503e+00
-5.126891358339193516e+00
-5.148692662365387029e+00
-5.159819152800340092e+00
-5.126391360764241512e+00
-5.395544487382873733e+00
-5.433413567885468254e+00
-5.475909352405002650e+00
-5.511503020398786035e+00
-5.052322090119786502e+00
-5.410804905201952231e+00
-5.434752074266055111e+00
-5.366138556015131122e+00
-5.326712514741932303e+00
-5.386821910447143757e+00
-5.157348482957730518e+00
-5.427047245904275563e+00
-5.445046373451272181e+00
-5.413504688754591676e+00
-5.123182266717339672e+00
-5.502314265702218599e+00
-5.548031848842665426e+00
-5.723665905567982826e+00
-5.420225013231918965e+00
-5.523245876646089236e+00
-5.699474070299944906e+00
-5.520549280958175764e+00
-5.546826046931657928e+00
-5.478748719504052289e+00
-5.530128792757883716e+00
-5.567128987041332522e+00
-5.713323282728997476e+00
-5.481544685687548935e+00
-5.469718460987665232e+00
-5.539659321196904962e+00
-5.589591481306908527e+00
-5.444815772534805198e+00
-5.480171992504971890e+00
-5.499178546517431876e+00
-5.543463281902059059e+00
-5.583480345725390315e+00
-5.664759970036510772e+00
-5.655194669448632361e+00
-5.749896699756087415e+00
-5.746903571140319578e+00
-5.649707185903078077e+00
-5.643738969022534135e+00
-5.630889001513607717e+00
-5.631039571088746420e+00
-5.645019140953183800e+00
-5.671277987538319465e+00
-5.626892388215580354e+00
-5.673859205648756010e+00
-5.628852549225885404e+00
-5.684297541187955716e+00
-5.622188845641526989e+00
-5.652357805855494632e+00
-5.753724045578607615e+00
-5.644520627222523679e+00
-5.632739024602053668e+00
-5.642254834370711514e+00
-5.655820265768674915e+00
-5.639162170607091795e+00
-5.633137618993365514e+00
-5.636165819863487414e+00
-5.627767372708569305e+00
-5.635238241256084635e+00
-5.657179995279674856e+00
-5.645349597241114736e+00
-5.661260452442050450e+00
-5.651159504822985014e+00
-5.728187038820541588e+00
-5.716672549744714615e+00
-5.736137484181082158e+00
-5.654476825822362329e+00
-5.706176612230790646e+00
-5.703112794745258896e+00
-5.716397750472403949e+00
-5.705684626653641622e+00
-5.686671233995951091e+00
-5.510760570595112817e+00
-5.575074469006241706e+00
-5.531638381554710548e+00
-5.561407250346047881e+00
-5.509823346028693614e+00
-5.543226794754005482e+00
-5.512395994009998468e+00
-5.565985884162784281e+00
-5.630423186223405096e+00
-5.517017747778712788e+00
-5.472099895288109472e+00
-5.508731524242794109e+00
-5.527388877325821959e+00
-5.500535240079125643e+00
-5.478130834605302368e+00
-5.536399547918279040e+00
-5.481439085528880817e+00
-5.540095293335665971e+00
-5.529993987879560535e+00
-5.594484617271714200e+00
-5.546196858395508578e+00
-5.541725127109516258e+00
-5.513770804834642547e+00
-5.534254359452355665e+00
-4.740418615139098790e+00
-4.658711143249758102e+00
-4.607381948771938518e+00
-4.824058037151229605e+00
-4.784067537001536863e+00
-4.742523091256059864e+00
-5.067684992900718832e+00
-5.074880693043179569e+00
-5.041401860946349345e+00
-5.102565924815099407e+00
-4.706049897510377278e+00
-4.729830091907213152e+00
-4.633543990293000903e+00
-4.685984862655287131e+00
-4.772632866087370473e+00
-4.660137078104275687e+00
-4.650973653502723515e+00
-4.636549669066202917e+00
-4.624769302320447473e+00
-4.722658024352879735e+00
-4.631103043520179874e+00
-4.615820446709770764e+00
-4.613061019659092210e+00
-4.717438741956938131e+00
-4.708152264088009353e+00
-4.736342198983523488e+00
-5.492809071199931559e+00
-5.445421100666746561e+00
-5.381297981182093793e+00
-5.509494816206326639e+00
-5.664576074397849048e+00
-5.716315106126043766e+00
-5.595182792945545991e+00
-5.141942390195152868e+00
-5.205701632548062285e+00
-5.230928510300370426e+00
-5.755933801075589606e+00
-5.772173540699178318e+00
-5.780966051354363699e+00
-5.730333420405756328e+00
-5.765852077082574745e+00
-5.540414001808708910e+00
-5.516085728791826348e+00
-5.545121685857475669e+00
-5.520952996658193612e+00
-5.540036275294811574e+00
-5.662692095285192906e+00
-5.730864832652179608e+00
-5.293272294635687381e+00
-5.229433607460189037e+00
-5.282417687104580928e+00
-5.306710293933972977e+00
-5.328758167929358081e+00
-5.512312283364764198e+00
-5.294233202690126205e+00
-5.333430708343755988e+00
-5.344206219444435746e+00
-5.336689324735846007e+00
-5.331799790644874193e+00
-5.305809120414114233e+00
-5.314504160152742962e+00
-5.302075086248748903e+00
-5.308407076650627943e+00
-4.718225830002983123e+00
-4.733695543820880758e+00
-4.710954130573666632e+00
-4.718457756873838171e+00
-4.731335531658114490e+00
-4.726167691384144831e+00
-4.708682549137667372e+00
-4.728934194144119196e+00
-4.734047701454417556e+00
-4.720288420925491835e+00
-4.734862998035686665e+00
-4.694770547557380880e+00
-4.695333242197071932e+00
-4.717457165118030815e+00
-4.696122222582769012e+00
-4.705908335118306418e+00
-4.695494791463898920e+00
-4.684465853096922316e+00
-4.693820879753527464e+00
-5.198830123545308268e+00
-5.123645957466987255e+00
-5.140548112247718571e+00
-5.118977164730250884e+00
-5.157761613064911543e+00
-5.169035839560287116e+00
-5.189944844744541541e+00
-5.155101068639158512e+00
-5.164069229140696216e+00
-5.381731695622934630e+00
-5.335409624202722689e+00
-5.320676615556671152e+00
-5.321688943067719002e+00
-5.277212370413075782e+00
-5.393816563022527433e+00
-5.381979525030153866e+00
-5.319740883648348628e+00
-5.289383148170808902e+00
-5.099728798397157092e+00
-5.257571266592289128e+00
-5.228770837454626452e+00
-5.339576137208162265e+00
-5.300145339049988635e+00
-4.877836868809608539e+00
-4.854375959076787872e+00
-4.858125762723815910e+00
-4.865434872351275253e+00
-4.867876742681268354e+00
-4.771647633817203804e+00
-4.703843892940998472e+00
-4.718727980570681879e+00
-4.876452392404611480e+00
-4.874085413663348909e+00
-4.953585338809244121e+00
-5.264293374657323277e+00
-4.917120380257700596e+00
-5.270026811094143504e+00
-5.276201743618804230e+00
-5.201502737606556792e+00
-5.157562139046500960e+00
-4.910319506570578696e+00
-5.200307410801308095e+00
-4.959810389803325670e+00
-5.337972553119821661e+00
-4.949631839062342387e+00
-4.899118772290667501e+00
-5.310034722092801474e+00
-4.940503209198765511e+00
-4.933287806169297518e+00
-4.959874304160810432e+00
-5.248584618575135252e+00
-5.235820902341668415e+00
-5.244445809946157944e+00
-5.222989178039911806e+00
-5.141822390857380576e+00
-5.248515354511810393e+00
-5.251802230803574112e+00
-5.235662267127501934e+00
-5.238142724228868730e+00
-5.111472555612464497e+00
-5.075219303761119960e+00
-5.137060706918288311e+00
-5.138454645937819976e+00
-5.153641960131586153e+00
-5.124467452366108233e+00
-5.258615982356518614e+00
-5.228107071877084344e+00
-5.108170311383840811e+00
-5.140037068232086170e+00
-5.112142134355226908e+00
-5.553197281850649425e+00
-5.550697016807895068e+00
-5.568799003324760299e+00
-5.556136165511195379e+00
-5.569193055234741507e+00
-5.558874442960451745e+00
-5.532375733447880251e+00
-5.559211582638368121e+00
-4.738875881769535781e+00
-4.749317114142456830e+00
-5.092638734261707434e+00
-4.719053915626563622e+00
-4.696788348574635563e+00
-4.771048497545538503e+00
-4.656969356871672794e+00
-4.704994654766573525e+00
-5.674752776440421087e+00
-5.642508827305644736e+00
-5.510742307563276654e+00
-5.560361831421289480e+00
-5.542362701109238010e+00
-5.503458038451620737e+00
-5.534648241942003111e+00
-5.621748708698300234e+00
-5.690880468095745215e+00
-5.671485714336457207e+00
-5.672153972497814500e+00
-5.632485694373563945e+00
-5.648606980324051285e+00
-5.635170273738308921e+00
-5.640119445834693046e+00
-4.757485767995330406e+00
-4.759060099948182021e+00
-4.727986082357772624e+00
-4.734802508328351145e+00
-4.738240444879796343e+00
-4.723856045427467620e+00
-4.733264100984569289e+00
-4.742425734641662949e+00
-4.780333845672308790e+00
-4.790273021742992299e+00
-4.800483851728994722e+00
-4.780808235041233978e+00
-4.780355777952198792e+00
-4.729769452167499111e+00
-4.743323519799266919e+00
-4.813618457581222643e+00
-4.704036969182769923e+00
-4.822334796342416574e+00
-4.841263106214388934e+00
-4.806107749677948959e+00
-4.810927624803515101e+00
-4.747042778742599722e+00
-4.778147591260594851e+00
-4.802637061561775056e+00
-4.790120188226372200e+00
-4.769928410952925191e+00
-4.796922475231543359e+00
-4.825866784788050978e+00
-4.819671299255951169e+00
-4.806230002460061712e+00
-4.820524108021664311e+00
-4.829527843656171271e+00
-4.798569232832406328e+00
-4.811121956783423137e+00
-4.826149919881795647e+00
-4.825954515070926654e+00
-4.848231615859443622e+00
-5.112465216672675616e+00
-5.117405389824781992e+00
-5.110998539623119008e+00
-5.105777273775315095e+00
-5.109478690561403802e+00
-5.117324658186325870e+00
-5.297678005303890103e+00
-5.293331734997149596e+00
-5.292230587544843878e+00
-5.289238929484751495e+00
-5.293904280656278161e+00
-5.295504677312369957e+00
-5.289757070480447076e+00
-5.292458646260178590e+00
-5.286412609184666600e+00
-5.290175937410612761e+00
