-5.432452624599925173e+00
-5.384939146862216752e+00
-5.318262147024522157e+00
-5.131823975078131816e+00
-5.457310058107153417e+00
-5.460728293360893382e+00
-5.498747240883137266e+00
-5.476734644241092020e+00
-5.493807017818993721e+00
-5.506474378731779140e+00
-5.503318785867866048e+00
-5.465756833925524028e+00
-5.110158839073000614e+00
-5.127414740610952038e+00
-5.112463888336958640e+00
-5.129161352039016464e+00
-5.142460588653556819e+00
-5.134881239104143624e+00
-5.118764516247952479e+00
-5.127363376191656386e+00
-5.150859136800749916e+00
-5.154345158627232415e+00
-5.127295721066804646e+00
-5.390331845117856346e+00
-5.426238449432023714e+00
-5.469517110501656454e+00
-5.506635175426903395e+00
-5.052352304135707683e+00
-5.405953174883538104e+00
-5.429039540617003112e+00
-5.361611121773682598e+00
-5.323427206195751715e+00
-5.383959962004544408e+00
-5.153248972504178127e+00
-5.423069738059213662e+00
-5.439759833443638115e+00
-5.410154095765277837e+00
-5.116254671788181163e+00
-5.495478355208491372e+00
-5.546961643295253985e+00
-5.715659516017815633e+00
-5.417199246573235705e+00
-5.514323426097285541e+00
-5.690815322331809867e+00
-5.515702384269316028e+00
-5.539750995449944426e+00
-5.471950583534515467e+00
-5.526916827138688149e+00
-5.560687873221245248e+00
-5.706634959319154987e+00
-5.475345479578814789e+00
-5.464641784600102525e+00
-5.531405835436481233e+00
-5.583447378968521946e+00
-5.440499072005810177e+00
-5.473532269568174513e+00
-5.492307274164357267e+00
-5.538466545758920390e+00
-5.577539788568383727e+00
-5.653443701501712937e+00
-5.644152012602074109e+00
-5.738390314568674988e+00
-5.736190415270394638e+00
-5.640923253197486886e+00
-5.634417323087807183e+00
-5.623291184751380456e+00
-5.621423366349719508e+00
-5.635333610223685064e+00
-5.660383946300814095e+00
-5.615589853506397056e+00
-5.663758211956428923e+00
-5.618499462332932737e+00
-5.674634325700681714e+00
-5.611639690014292192e+00
-5.642663922002134846e+00
-5.741458509966193446e+00
-5.633513649397193568e+00
-5.621676647689466400e+00
-5.631173851759950999e+00
-5.644418993021366404e+00
-5.629875494260840441e+00
-5.623044576360447522e+00
-5.622633626792952199e+00
-5.616597339653135457e+00
-5.623770344775324226e+00
-5.647978605117348394e+00
-5.633527858476081285e+00
-5.650831576403555268e+00
-5.639058166125202831e+00
-5.727225394255299307e+00
-5.712116304342745643e+00
-5.731486694209547927e+00
-5.655555738196158089e+00
-5.700333214081524602e+00
-5.698100021739025856e+00
-5.708831894373995297e+00
-5.699264400663226482e+00
-5.682405409505322247e+00
-5.504637601931515967e+00
-5.573739716914801967e+00
-5.528644338323831953e+00
-5.559006287629205012e+00
-5.502834136569593859e+00
-5.538314115868779197e+00
-5.505554937872735977e+00
-5.564010770297010744e+00
-5.625165085255535047e+00
-5.514430829812696722e+00
-5.464937609633045312e+00
-5.505840475030104209e+00
-5.523250269245236765e+00
-5.494590277023854163e+00
-5.471935620393857391e+00
-5.533622611055354135e+00
-5.479545740776522678e+00
-5.536828287301904794e+00
-5.524371747120345510e+00
-5.591721853369388207e+00
-5.543854010647508268e+00
-5.538868566194122600e+00
-5.510413743523492336e+00
-5.531974447283840135e+00
-4.742081653913237993e+00
-4.665396681373980670e+00
-4.620011439930422625e+00
-4.826241139477983388e+00
-4.788046592791134870e+00
-4.744478554176253304e+00
-5.058822634264036111e+00
-5.065799120919779241e+00
-5.037228690594861114e+00
-5.092621591664058478e+00
-4.670822875368996208e+00
-4.670432727041877286e+00
-4.601019651103228192e+00
-4.696600053051244394e+00
-4.780425052293106880e+00
-4.656832949263644217e+00
-4.656639662523001988e+00
-4.634569972699621232e+00
-4.619774695088517014e+00
-4.732152602469866132e+00
-4.636910061473404454e+00
-4.620340993811394625e+00
-4.611672395540256097e+00
-4.720802537551700873e+00
-4.709414195101348177e+00
-4.745983310077331652e+00
-5.492454874204117488e+00
-5.443280385240963248e+00
-5.383169267754596810e+00
-5.507812561710446531e+00
-5.657057989018397848e+00
-5.708727722109485647e+00
-5.588013910228925241e+00
-5.150331227257032296e+00
-5.216761184841709031e+00
-5.232337164413872976e+00
-5.753424629630450760e+00
-5.766892760041096189e+00
-5.774063873186447537e+00
-5.732071620447329430e+00
-5.758950188953687821e+00
-5.536960925959296453e+00
-5.513613441104219248e+00
-5.541932048629584884e+00
-5.519143001103980595e+00
-5.537447161290366182e+00
-5.654375381476663520e+00
-5.722063415544414333e+00
-5.287395080406700032e+00
-5.232337334992713807e+00
-5.274076823536059777e+00
-5.299252585703009721e+00
-5.326356419975919465e+00
-5.512209195272000706e+00
-5.291322401849079426e+00
-5.334333148715653117e+00
-5.347334065481784471e+00
-5.341036261787132311e+00
-5.334791838140695575e+00
-5.303308476137470251e+00
-5.314125167065285815e+00
-5.301239906289108461e+00
-5.308952669669772639e+00
-4.723424215888847755e+00
-4.738279225333920763e+00
-4.716069182415556504e+00
-4.724393823972387274e+00
-4.736227244242136258e+00
-4.726879884756662875e+00
-4.712020578156077555e+00
-4.730652434771196013e+00
-4.740031077949631744e+00
-4.722453329405515987e+00
-4.735968822407204293e+00
-4.694070619591540705e+00
-4.697181545339881303e+00
-4.711812136380990168e+00
-4.688957000454959889e+00
-4.705818348001914231e+00
-4.686942576792723969e+00
-4.683766759213003894e+00
-4.699859991327905107e+00
-5.197261035276401486e+00
-5.145462713241072628e+00
-5.157239067622280793e+00
-5.142576768982888957e+00
-5.179990835493228474e+00
-5.169331621813742395e+00
-5.202829955065539913e+00
-5.177091841860215204e+00
-5.170047847724055678e+00
-5.381168140883451301e+00
-5.336112565571827560e+00
-5.323603072098944011e+00
-5.323745000176458575e+00
-5.278666397396004406e+00
-5.395747562646656448e+00
-5.380915128394216929e+00
-5.320008831292163620e+00
-5.295415366950005698e+00
-5.108329251008123073e+00
-5.259983324238911351e+00
-5.234223426147494251e+00
-5.343292041569291939e+00
-5.302872238536499694e+00
-4.883893606220436112e+00
-4.857476448538070812e+00
-4.860095140696965466e+00
-4.876756068388963250e+00
-4.877376903617900439e+00
-4.785706504052793520e+00
-4.713559545964909780e+00
-4.733162736585171615e+00
-4.882665273533160821e+00
-4.881917761273389722e+00
-4.959534472951189876e+00
-5.266590433474040545e+00
-4.925966914075585734e+00
-5.272422966014068457e+00
-5.281949249603735907e+00
-5.203924272346393209e+00
-5.156934283865166613e+00
-4.909177948248418133e+00
-5.202054444270403089e+00
-4.962523117358198732e+00
-5.339381367173667847e+00
-4.947420679876866956e+00
-4.901227059535634645e+00
-5.312190882630314803e+00
-4.940159871211803555e+00
-4.933465968884544139e+00
-4.962823461572103412e+00
-5.245071305061342670e+00
-5.238348621321875065e+00
-5.247474338736287436e+00
-5.220882360591917681e+00
-5.137603965537030248e+00
-5.246074805427527465e+00
-5.247158187772705595e+00
-5.229012818872496915e+00
-5.231553815880890745e+00
-5.109893936339037879e+00
-5.068574797475053906e+00
-5.136796888073765999e+00
-5.131745602435838549e+00
-5.152438426621070100e+00
-5.122526759476082603e+00
-5.257009974198601832e+00
-5.229279542951291937e+00
-5.106652530357274067e+00
-5.136033151585322365e+00
-5.109968388440013776e+00
-5.549272127490602280e+00
-5.545125786563039227e+00
-5.568509902811287660e+00
-5.553349600325164559e+00
-5.565604455921326021e+00
-5.549554791665743281e+00
-5.527603585904393491e+00
-5.559101788455025783e+00
-4.739406462499474060e+00
-4.756182427659816803e+00
-5.081869295242256612e+00
-4.714327247162216850e+00
-4.665022950515691491e+00
-4.709170886750394303e+00
-4.594676189851472969e+00
-4.670246895200809156e+00
-5.670970574155571597e+00
-5.642124987508974066e+00
-5.504601559907863262e+00
-5.556749069190236590e+00
-5.534795688451383811e+00
-5.503956338097529155e+00
-5.535251697155850970e+00
-5.611720757287691264e+00
-5.681071322679176028e+00
-5.661220474974292038e+00
-5.662223577933099605e+00
-5.625140498284869395e+00
-5.640979176021470032e+00
-5.626863908515994162e+00
-5.632212469867125648e+00
-4.763656398374831014e+00
-4.756357889015816021e+00
-4.733194416577286567e+00
-4.740002744360343634e+00
-4.742886217021617057e+00
-4.733700767313230529e+00
-4.740131660777985978e+00
-4.743830745555423611e+00
-4.788651402381866262e+00
-4.798818130025184203e+00
-4.807502875109845419e+00
-4.783610552134276439e+00
-4.788178412073193613e+00
-4.734516302142901978e+00
-4.748681019053328178e+00
-4.825394533668808883e+00
-4.705332500349793889e+00
-4.823062924800428419e+00
-4.852759014635974921e+00
-4.813542733244560168e+00
-4.823088797565122654e+00
-4.755910552315709694e+00
-4.782239656852604881e+00
-4.804803823596045298e+00
-4.798996628281273935e+00
-4.777430499336407621e+00
-4.799126826971194859e+00
-4.824433028092316000e+00
-4.829086993405951489e+00
-4.807744051285820497e+00
-4.818290125226431186e+00
-4.830662534965058263e+00
-4.802233998016697036e+00
-4.818495963443782060e+00
-4.832469137048054364e+00
-4.830504235731592821e+00
-4.850887433418922257e+00
-5.108686193631372774e+00
-5.113262470916538405e+00
-5.107468664731189101e+00
-5.101984645178744948e+00
-5.106574627247945308e+00
-5.114273717555080090e+00
-5.289221959870960887e+00
-5.284180680942352382e+00
-5.282577081636024907e+00
-5.279901063864257615e+00
-5.285778584769140309e+00
-5.285622011911232043e+00
-5.281112962738791161e+00
-5.284074557222584900e+00
-5.278625853292266967e+00
-5.281600848121756897e+00
