-5.342068149786052267e+00
-5.299971464897690332e+00
-5.240534599453564368e+00
-5.063659157276134692e+00
-5.366308677430232876e+00
-5.366042001473592116e+00
-5.401290762906675980e+00
-5.384594659261096261e+00
-5.398283219872919148e+00
-5.409307824956979260e+00
-5.404678078077139070e+00
-5.368387227251539606e+00
-5.051827115835088478e+00
-5.068809544872953765e+00
-5.045983036771520602e+00
-5.053002716320531107e+00
-5.080637020954117844e+00
-5.074080370747080515e+00
-5.056245980472272805e+00
-5.058961661384080877e+00
-5.084573475868020331e+00
-5.101330415560343390e+00
-5.068930049342404764e+00
-5.304384306166032736e+00
-5.335922381111912749e+00
-5.375557306597880114e+00
-5.409763534150550335e+00
-4.995845824762856324e+00
-5.315686681262357105e+00
-5.337536301896125046e+00
-5.277962917685159461e+00
-5.245243257142361060e+00
-5.300448832975752644e+00
-5.092515309554352498e+00
-5.338179978878981657e+00
-5.352984364871642420e+00
-5.319673527469721108e+00
-5.055429186941950093e+00
-5.385238429534829230e+00
-5.427494573853723914e+00
-5.580392427692129509e+00
-5.311440402791576254e+00
-5.398600199145489498e+00
-5.560021523490631168e+00
-5.400902836462839751e+00
-5.426644912480871774e+00
-5.364985770056266645e+00
-5.413827101489668614e+00
-5.441799636316198452e+00
-5.569460287013942690e+00
-5.363155408812607661e+00
-5.352645702088693724e+00
-5.412385979997964114e+00
-5.457969543591402406e+00
-5.329845678451683888e+00
-5.362115837178513367e+00
-5.378069569220079948e+00
-5.419529692620197459e+00
-5.456738201834832935e+00
-5.527749699167800124e+00
-5.518188243544545735e+00
-5.604660176756914858e+00
-5.600902831777764490e+00
-5.511610669023973230e+00
-5.507499428451514412e+00
-5.498598152570602693e+00
-5.498099925643922248e+00
-5.508609274592529914e+00
-5.531967672150064352e+00
-5.492015563617378859e+00
-5.534378478495329823e+00
-5.493037248994684596e+00
-5.542259951703919718e+00
-5.488682783263568510e+00
-5.513720499268706554e+00
-5.609325797116364143e+00
-5.511693718579893542e+00
-5.499930784552909735e+00
-5.508278866608506519e+00
-5.522759279218708350e+00
-5.508154400460977484e+00
-5.501229769584901064e+00
-5.502815064898809005e+00
-5.497081454618793828e+00
-5.501519214675160363e+00
-5.519792639660039413e+00
-5.509006467172061328e+00
-5.525123748197356299e+00
-5.515709252348993452e+00
-5.581180442121757679e+00
-5.570552986433459530e+00
-5.598767617489917470e+00
-5.511174995756509709e+00
-5.561566521038030508e+00
-5.559126269152588229e+00
-5.574221652841920616e+00
-5.565611772443144645e+00
-5.545701436794841399e+00
-5.391673656019170480e+00
-5.456197291369524471e+00
-5.412314593060377987e+00
-5.437368585933572085e+00
-5.385521284937680342e+00
-5.415854308268841066e+00
-5.389605489943499528e+00
-5.443853071353169426e+00
-5.497007135892020280e+00
-5.398640028031974403e+00
-5.359799506273419389e+00
-5.394953848353956083e+00
-5.412573782905843345e+00
-5.382124954727951938e+00
-5.363639243072444884e+00
-5.416607054430385482e+00
-5.369303687190732255e+00
-5.418846094349775377e+00
-5.404807789664111795e+00
-5.466882042832156507e+00
-5.428250262339721743e+00
-5.422611118813494890e+00
-5.399657737645251920e+00
-5.420996357300398749e+00
-4.741881082842615669e+00
-4.673334267802385256e+00
-4.621999404400083833e+00
-4.811548628818944628e+00
-4.782829928013837772e+00
-4.746920429866066549e+00
-4.989448582857693992e+00
-4.993386475540362746e+00
-4.968301180975349673e+00
-5.021866249604772570e+00
-4.671617428296482188e+00
-4.674658854253058493e+00
-4.614027895148122838e+00
-4.700486409419550426e+00
-4.773785504494755472e+00
-4.666558146291411191e+00
-4.660890169771494840e+00
-4.638735397869214516e+00
-4.636706157190262800e+00
-4.743120516790785501e+00
-4.645771664506039400e+00
-4.630483421814678202e+00
-4.620228720913472031e+00
-4.728007903100134079e+00
-4.716807880543643527e+00
-4.736701291161477201e+00
-5.401387120608050374e+00
-5.359130533911558913e+00
-5.304609083969038075e+00
-5.414827574030329771e+00
-5.531234074360405373e+00
-5.575540644415601044e+00
-5.469956488315540710e+00
-5.114132368168432308e+00
-5.176317524886483668e+00
-5.186287626920147886e+00
-5.607431837924952589e+00
-5.623523229706580473e+00
-5.637215595226933829e+00
-5.582844481703692630e+00
-5.616078805542962016e+00
-5.436565571447701473e+00
-5.417695440915078819e+00
-5.442306441800569772e+00
-5.424823471490125115e+00
-5.439743562751912620e+00
-5.530464547521679819e+00
-5.589390393672828417e+00
-5.198923219892241043e+00
-5.189566972492309027e+00
-5.186313708160833258e+00
-5.210091383409910293e+00
-5.237647407277953526e+00
-5.416685604300832679e+00
-5.225513294067671843e+00
-5.260382972245947641e+00
-5.268919747144167331e+00
-5.261945879162563955e+00
-5.257087695548844586e+00
-5.229422052390966691e+00
-5.240373762055002160e+00
-5.228716426565400255e+00
-5.236074769980164412e+00
-4.727212039453587700e+00
-4.742715376109480019e+00
-4.725713180472387975e+00
-4.732736046364490079e+00
-4.736064929312143512e+00
-4.733606020920356094e+00
-4.722541644652414661e+00
-4.733520353837502803e+00
-4.745300720736120859e+00
-4.731909577397554578e+00
-4.741792278981956876e+00
-4.705971638897977982e+00
-4.697748520425569119e+00
-4.715349857340802586e+00
-4.692568623630259061e+00
-4.705535629357572525e+00
-4.697000343693028768e+00
-4.695101650121030090e+00
-4.698931931919082317e+00
-5.133424216585989797e+00
-5.061074858959186962e+00
-5.078225600604527656e+00
-5.072543865245402905e+00
-5.091940757076501178e+00
-5.108086698637348988e+00
-5.118346688541557832e+00
-5.085161423724231078e+00
-5.103768211153026257e+00
-5.305986740500950205e+00
-5.270390224429708503e+00
-5.260533506275073989e+00
-5.259727976780824044e+00
-5.210735116601919792e+00
-5.319769149578575274e+00
-5.308162827438006381e+00
-5.250037139905401773e+00
-5.223546255981299957e+00
-5.058541772107698620e+00
-5.197651244026947559e+00
-5.173684627760248844e+00
-5.273053053999145590e+00
-5.238688871844442652e+00
-4.877399957239496153e+00
-4.851486885842220431e+00
-4.853228043789857615e+00
-4.860931768533726327e+00
-4.862870560285814214e+00
-4.760037009288899057e+00
-4.709524634070580085e+00
-4.726857103347601452e+00
-4.871628165490732520e+00
-4.870882070712424294e+00
-4.946168428179928078e+00
-5.204050050067232647e+00
-4.915726718687459140e+00
-5.208847022747104205e+00
-5.217683674271390792e+00
-5.131912401872476437e+00
-5.095604048842073297e+00
-4.895832960257462396e+00
-5.135049196392267312e+00
-4.957043684009875939e+00
-5.271404373630554474e+00
-4.945936979287157698e+00
-4.899082802594972641e+00
-5.247894542028281428e+00
-4.935809073818163029e+00
-4.928179508571095546e+00
-4.954548256618135582e+00
-5.179084231207705891e+00
-5.167460306856343166e+00
-5.179747718912927290e+00
-5.154948218543677463e+00
-5.071817892414477669e+00
-5.174369899013618657e+00
-5.170286220616271855e+00
-5.155451671204713371e+00
-5.160039856782709933e+00
-5.049624389856769646e+00
-5.009375446700230050e+00
-5.067228417944384056e+00
-5.073456193975006023e+00
-5.091397539555998719e+00
-5.059359905180237149e+00
-5.182786829510098059e+00
-5.161731179573674666e+00
-5.047064163073411436e+00
-5.076211446708383868e+00
-5.055847668023913499e+00
-5.434278259799636857e+00
-5.429465089002126987e+00
-5.446736776117876211e+00
-5.432451143819663208e+00
-5.446397924591646955e+00
-5.433328798610983057e+00
-5.416208355716647382e+00
-5.434834003066825403e+00
-4.743559966308065867e+00
-4.756098193558996101e+00
-5.008533531478949641e+00
-4.720438023819775175e+00
-4.681407251184544371e+00
-4.704219739150650170e+00
-4.651776386747823011e+00
-4.675058031621568411e+00
-5.538487330577581247e+00
-5.510848723529194970e+00
-5.393763072932382663e+00
-5.433609994477929028e+00
-5.417604461832155494e+00
-5.387768554014653155e+00
-5.419723068859273241e+00
-5.490781592218694662e+00
-5.548514111531892112e+00
-5.532203622165127399e+00
-5.533347426693497439e+00
-5.498229178043151144e+00
-5.511157477543023653e+00
-5.499143691869265993e+00
-5.503385722738303620e+00
-4.769607926585301527e+00
-4.769045216340622062e+00
-4.742546195945145371e+00
-4.745744445018384106e+00
-4.744846242158312855e+00
-4.732413637240881599e+00
-4.746737420123336548e+00
-4.751869966167653558e+00
-4.789721489266685950e+00
-4.792058529414024548e+00
-4.805365473184876279e+00
-4.780940239737390129e+00
-4.791229183134769087e+00
-4.739345270503226182e+00
-4.757557491924962356e+00
-4.823947643111417882e+00
-4.714675150295850159e+00
-4.828004276511929760e+00
-4.841086574426337386e+00
-4.814870220142140056e+00
-4.821095460824804668e+00
-4.768157936046514500e+00
-4.791305958533591536e+00
-4.809031889169048668e+00
-4.800497061020320366e+00
-4.779534726512227216e+00
-4.804592349996987366e+00
-4.825373053809220103e+00
-4.828977901590512545e+00
-4.809263574986145429e+00
-4.830720653216550531e+00
-4.835647879220344336e+00
-4.801549185797960639e+00
-4.822120739110657084e+00
-4.830550377853512600e+00
-4.836385731316492631e+00
-4.856768724758023126e+00
-4.977611997418289747e+00
-4.981996422673345748e+00
-4.976421348378115894e+00
-4.970880656706096801e+00
-4.976222995998583976e+00
-4.981824654769392069e+00
-5.173688384956109054e+00
-5.171367996234645936e+00
-5.169401881053236281e+00
-5.163692218566304781e+00
-5.170503736950965212e+00
-5.170612184186751392e+00
-5.166856200926543075e+00
-5.167866731487510634e+00
-5.165643106812592755e+00
-5.165829008814977641e+00
