-5.439373113756734490e+00
-5.392093402655490308e+00
-5.323112241022328384e+00
-5.141351213632336048e+00
-5.462291047375106956e+00
-5.464116058677632282e+00
-5.503878667825705229e+00
-5.480253786917256953e+00
-5.498043898955696562e+00
-5.512391683032089595e+00
-5.507037685594589504e+00
-5.470360839746142290e+00
-5.118069499618020046e+00
-5.136986593172399473e+00
-5.126110443530259353e+00
-5.147654141809381301e+00
-5.151525101403111151e+00
-5.145996242855539471e+00
-5.136862016031519040e+00
-5.133501298288511983e+00
-5.160981109548337109e+00
-5.166856108064904696e+00
-5.131956176751466536e+00
-5.397483720224908410e+00
-5.433804049297900285e+00
-5.478072655062976359e+00
-5.514262835854103706e+00
-5.057416120915341651e+00
-5.413480105516987884e+00
-5.436265904569805407e+00
-5.371063703928284916e+00
-5.328974547785282567e+00
-5.388882128011409200e+00
-5.165510546212188636e+00
-5.427815512563907596e+00
-5.446801014797626905e+00
-5.417993018844803110e+00
-5.125997277983267431e+00
-5.505719310021887303e+00
-5.554336670024003553e+00
-5.722308410137688206e+00
-5.424843499755379383e+00
-5.524898185251980287e+00
-5.697062596584325789e+00
-5.523030970656578553e+00
-5.546917404799065920e+00
-5.479486882068952625e+00
-5.533595001223484466e+00
-5.568020407127674432e+00
-5.713268189335917846e+00
-5.483653539813392541e+00
-5.473526976771243113e+00
-5.538659075321936243e+00
-5.589670027996161750e+00
-5.449285663204367580e+00
-5.483023786710197633e+00
-5.504142722499727469e+00
-5.545005410928127709e+00
-5.582262524328840847e+00
-5.663230725510605801e+00
-5.654843049327447524e+00
-5.749029137454172655e+00
-5.746844375286224604e+00
-5.650152937064125247e+00
-5.643585863672467617e+00
-5.630304556041226149e+00
-5.630469023523396288e+00
-5.644873666553743341e+00
-5.669956011870328716e+00
-5.627828089801929501e+00
-5.672211135198855558e+00
-5.628783241758650746e+00
-5.683063877503773398e+00
-5.621301211632308004e+00
-5.653134427517975347e+00
-5.752160430278216552e+00
-5.642936556478604260e+00
-5.630421613127883695e+00
-5.639433973281167134e+00
-5.653357549577859409e+00
-5.639152087277438774e+00
-5.633716548252162504e+00
-5.635147863582211869e+00
-5.625500981333118489e+00
-5.634108977763439441e+00
-5.656512063773891263e+00
-5.643900969001963475e+00
-5.658537406443117312e+00
-5.648788856418931914e+00
-5.734323598577180547e+00
-5.719601870259935161e+00
-5.739447950203969029e+00
-5.659559877560088381e+00
-5.708134339633254228e+00
-5.704569781471044543e+00
-5.717414547640894185e+00
-5.706830647486525798e+00
-5.689322029730767838e+00
-5.513703531712276451e+00
-5.580348472514604197e+00
-5.536367498523991237e+00
-5.567037368513090279e+00
-5.513732651401519469e+00
-5.546520415086676259e+00
-5.516609610665849317e+00
-5.574643789571548602e+00
-5.630294823590465292e+00
-5.527970493658751927e+00
-5.480521151362559351e+00
-5.518940441561944965e+00
-5.539620090341820458e+00
-5.500540868928453619e+00
-5.485342404698473118e+00
-5.544770179689689549e+00
-5.491681842268974378e+00
-5.544374067356240054e+00
-5.533651831333727955e+00
-5.600264799218102496e+00
-5.550498752209284348e+00
-5.544605673958245440e+00
-5.523340456716454128e+00
-5.538341744897330443e+00
-4.736042461751906352e+00
-4.655359253870714475e+00
-4.603127224654416594e+00
-4.826533434281199852e+00
-4.790301296742403458e+00
-4.736328946214540814e+00
-5.070145108132935619e+00
-5.075367191880701512e+00
-5.042525700017500334e+00
-5.105053959898427252e+00
-4.721957300673611968e+00
-4.722037949657329925e+00
-4.666155922285307511e+00
-4.689510319325684407e+00
-4.775410220187234600e+00
-4.652691206086495335e+00
-4.644738233639364999e+00
-4.628851387089383707e+00
-4.618508731371800735e+00
-4.733422787976799384e+00
-4.628428214259986184e+00
-4.618793038421104669e+00
-4.610955291448162185e+00
-4.716549540501986826e+00
-4.704225956022015431e+00
-4.740351190412236626e+00
-5.497060371190035433e+00
-5.445947780041155539e+00
-5.386107743900537592e+00
-5.511221053827833671e+00
-5.665526881643383028e+00
-5.716936286512630971e+00
-5.596468219234955299e+00
-5.150074624478332197e+00
-5.208518040061702159e+00
-5.237346603323528527e+00
-5.758440257762532433e+00
-5.772859543709446761e+00
-5.779349284737024917e+00
-5.735409737597542801e+00
-5.767442803472408563e+00
-5.541662452535296879e+00
-5.517093027376279046e+00
-5.545570893323888306e+00
-5.522721404291981884e+00
-5.541448055501198233e+00
-5.662003737802724146e+00
-5.731785711362162417e+00
-5.298361981401314758e+00
-5.233944373224666435e+00
-5.284547929014070888e+00
-5.309899196709142899e+00
-5.334638024189580108e+00
-5.513547713628723201e+00
-5.298296409516711769e+00
-5.341711533599613482e+00
-5.352517436465768164e+00
-5.344949475465568867e+00
-5.339957114055682297e+00
-5.311029239468195051e+00
-5.319134918844280691e+00
-5.307703689302742056e+00
-5.314009210263534122e+00
-4.718644779652292343e+00
-4.736510792048403751e+00
-4.710915758136106746e+00
-4.717763977881672233e+00
-4.727320052817725049e+00
-4.722629779882022483e+00
-4.704359385196562826e+00
-4.728383662227312101e+00
-4.732344910033820184e+00
-4.717608333804954590e+00
-4.730206981023353130e+00
-4.692481125541093867e+00
-4.694158154149648432e+00
-4.710724292622958664e+00
-4.689816620048490314e+00
-4.703527366793365694e+00
-4.691289323783544241e+00
-4.679349274783854540e+00
-4.696598763035607860e+00
-5.204754850580048497e+00
-5.152287717876602002e+00
-5.170877766839211631e+00
-5.155668936013743320e+00
-5.189342377763107805e+00
-5.177568364025127323e+00
-5.216737266559279718e+00
-5.182948394306981399e+00
-5.173819071422776972e+00
-5.385518488085725863e+00
-5.340124854032913149e+00
-5.324001598588808726e+00
-5.326076468912064321e+00
-5.284922796349502683e+00
-5.397971848313856569e+00
-5.385810257149447722e+00
-5.324748287776744249e+00
-5.303316279288717183e+00
-5.114391388762192570e+00
-5.266106067612827069e+00
-5.239754687744047956e+00
-5.346592902575376449e+00
-5.306167924861800778e+00
-4.889518909090495136e+00
-4.863283518193032506e+00
-4.865198021530320993e+00
-4.878488721020200813e+00
-4.881122442161498043e+00
-4.794275990575290081e+00
-4.754259707691037562e+00
-4.755831347355833572e+00
-4.889019368081636507e+00
-4.883157670288430729e+00
-4.955229498176201730e+00
-5.265824876281770095e+00
-4.919876025256568752e+00
-5.272409671021434541e+00
-5.278670369337424617e+00
-5.207661992717472543e+00
-5.163279432528276480e+00
-4.916704160173378746e+00
-5.205424572583514653e+00
-4.959614940782115511e+00
-5.341170258730948639e+00
-4.939996937020123546e+00
-4.889079657994502170e+00
-5.314259330176487772e+00
-4.931133934774371674e+00
-4.924731338233479860e+00
-4.950594670211369674e+00
-5.251016210034495479e+00
-5.238925247305316724e+00
-5.247539933523523104e+00
-5.226206380680914698e+00
-5.145454542274866760e+00
-5.255813253610855718e+00
-5.252009295860495364e+00
-5.231734614995591670e+00
-5.241073348612432348e+00
-5.120293125838433212e+00
-5.083047313491182884e+00
-5.143701757452547874e+00
-5.143606632275947277e+00
-5.159682146949716497e+00
-5.124807477789634191e+00
-5.266978464878718569e+00
-5.234340037006595558e+00
-5.111835850884996368e+00
-5.147475508519100629e+00
-5.111690287930903409e+00
-5.561780571061662570e+00
-5.563663734261210969e+00
-5.574733558671792544e+00
-5.561350601982001152e+00
-5.578747627618458438e+00
-5.569266600631386233e+00
-5.543088321768133042e+00
-5.567265195756699647e+00
-4.735720482032132139e+00
-4.747722458378667909e+00
-5.095509302491862513e+00
-4.707724279821170477e+00
-4.735808066732911215e+00
-4.759350008658325137e+00
-4.721393717549093871e+00
-4.742257753551266219e+00
-5.680233985483060799e+00
-5.646672513498538493e+00
-5.506793472313129101e+00
-5.570880578674156425e+00
-5.539105675738312584e+00
-5.510585232798076660e+00
-5.544187924457361305e+00
-5.616986126135743440e+00
-5.689988739444821420e+00
-5.672293529402859136e+00
-5.673323116925677034e+00
-5.633702084679967470e+00
-5.649597553916398951e+00
-5.636301904306978194e+00
-5.645281673839503966e+00
-4.756387158395501302e+00
-4.752905363512070380e+00
-4.724491125338456499e+00
-4.734744298132897988e+00
-4.735026233339031165e+00
-4.721252390160140422e+00
-4.727296937328172355e+00
-4.733922502147424716e+00
-4.781453975901825970e+00
-4.795203167398641497e+00
-4.796058899795684560e+00
-4.782597683887908069e+00
-4.788903151081502330e+00
-4.730638936253830806e+00
-4.738078303409767322e+00
-4.808189963212218032e+00
-4.700744269237573825e+00
-4.819318763787467930e+00
-4.842964257980091780e+00
-4.811123153183861412e+00
-4.811923273775897236e+00
-4.745056504635002170e+00
-4.775632219756627883e+00
-4.800087115368373958e+00
-4.787750232953422724e+00
-4.767139712463749568e+00
-4.792443218495667345e+00
-4.823250688512445983e+00
-4.818324753561547880e+00
-4.799374379044436090e+00
-4.813572903069197828e+00
-4.825125434336192676e+00
-4.797573090146428854e+00
-4.805625987028803614e+00
-4.824156582551754724e+00
-4.827811979536268616e+00
-4.847490412040398766e+00
-5.108477762017074930e+00
-5.112529637668536076e+00
-5.105565300908504689e+00
-5.100644964583617380e+00
-5.105839102319988498e+00
-5.112553659511761772e+00
-5.301288286396279581e+00
-5.297605080726272675e+00
-5.293942736285294437e+00
-5.291246459598703211e+00
-5.297985875068921935e+00
-5.299446724281522414e+00
-5.292654956160454560e+00
-5.295999194685548694e+00
-5.290389567771863533e+00
-5.293189462928951983e+00
