-5.439006205471444311e+00
-5.392710259269136941e+00
-5.321907280056252354e+00
-5.129278365277183838e+00
-5.466011413498081950e+00
-5.467193524715650454e+00
-5.507049306300665137e+00
-5.484709648793837822e+00
-5.503229998424408187e+00
-5.515604071665144659e+00
-5.510541495821226654e+00
-5.472284266194897384e+00
-5.114964916935965888e+00
-5.123298851629066064e+00
-5.112017041708044829e+00
-5.125130380819402198e+00
-5.143868283934940777e+00
-5.139947109892986532e+00
-5.123343796032291841e+00
-5.124681759808853876e+00
-5.151267367338316916e+00
-5.160728735790645949e+00
-5.125291852083702970e+00
-5.399008734074620897e+00
-5.435154373237543801e+00
-5.478474773467219450e+00
-5.514408138590915165e+00
-5.050743875165051300e+00
-5.412474239276887644e+00
-5.436298509275634849e+00
-5.367533133095582443e+00
-5.327900034291125131e+00
-5.390147860550676739e+00
-5.155179193655619940e+00
-5.430659358149336313e+00
-5.447728184785650463e+00
-5.417034738573018871e+00
-5.120313512061591688e+00
-5.507636164675809631e+00
-5.552923606062170059e+00
-5.726703748428923824e+00
-5.426489029250679330e+00
-5.525580943175654625e+00
-5.701710288446999897e+00
-5.525794654646079884e+00
-5.551097882624541846e+00
-5.483283260347096011e+00
-5.533958890495037863e+00
-5.571330704520400801e+00
-5.717706370689985995e+00
-5.486305493992777116e+00
-5.474790215989765230e+00
-5.544448512531405804e+00
-5.594639974922691827e+00
-5.447897802087177332e+00
-5.484770735941234321e+00
-5.502620393976373592e+00
-5.549049363268856006e+00
-5.588239252131351975e+00
-5.666994377484869005e+00
-5.655533416135780200e+00
-5.751314783504847483e+00
-5.749517777237096006e+00
-5.653080307468227872e+00
-5.646966080215314321e+00
-5.635518145625868058e+00
-5.634740430799388911e+00
-5.647715284677400582e+00
-5.674397488889317387e+00
-5.629263543863938679e+00
-5.675899887269111765e+00
-5.632438173636670875e+00
-5.686384676369043767e+00
-5.625476166509391085e+00
-5.654877043195347674e+00
-5.753978759584033931e+00
-5.646755139921055822e+00
-5.634211497929530132e+00
-5.643509509462901974e+00
-5.658509076049824671e+00
-5.642324284586814009e+00
-5.636038261050532405e+00
-5.637743401837891355e+00
-5.630064870683680667e+00
-5.637360225655598356e+00
-5.659937725837020928e+00
-5.645646620314521691e+00
-5.663451171954988261e+00
-5.653935173125215208e+00
-5.735427679498104503e+00
-5.721062713227302865e+00
-5.738166830301483223e+00
-5.664372292939690468e+00
-5.710568899886061089e+00
-5.706773985579159714e+00
-5.718046740189842048e+00
-5.707836170356072714e+00
-5.690631717628047426e+00
-5.515318455364189631e+00
-5.581779620549571774e+00
-5.537661369502624886e+00
-5.569275372944368918e+00
-5.514690155006446659e+00
-5.550554689668556918e+00
-5.516466312212536138e+00
-5.573011766967658431e+00
-5.634884449042867338e+00
-5.524616501768910837e+00
-5.476661039556770305e+00
-5.514362683166478263e+00
-5.532329449097978191e+00
-5.506498771519002133e+00
-5.483988634155243069e+00
-5.544167760287070479e+00
-5.487643559256280668e+00
-5.546527604416715107e+00
-5.535658570284568647e+00
-5.601384846298026687e+00
-5.551937674243148990e+00
-5.547078569291707062e+00
-5.518098448768436803e+00
-5.540701850518126470e+00
-4.741407421912040121e+00
-4.662955348516042875e+00
-4.615005308189314093e+00
-4.819061817722865015e+00
-4.787054318908686490e+00
-4.741437095200678797e+00
-5.058017874461850028e+00
-5.065122122633242796e+00
-5.035935725849547850e+00
-5.095336688749267040e+00
-4.712904580952140599e+00
-4.689285880937185347e+00
-4.629245573458881324e+00
-4.694991575604738898e+00
-4.774155176758061891e+00
-4.659226896179161415e+00
-4.657137183480190679e+00
-4.630018771817895562e+00
-4.624321808797103195e+00
-4.730213558271143093e+00
-4.633968204482992626e+00
-4.619171424570651219e+00
-4.611834535797044055e+00
-4.716493808716629488e+00
-4.712585606209755085e+00
-4.736546771583461712e+00
-5.497269076312121250e+00
-5.449876536308877917e+00
-5.384469885397226818e+00
-5.514187576907045418e+00
-5.667594856623993316e+00
-5.719742564773405924e+00
-5.599230349127632955e+00
-5.143766993954913325e+00
-5.214554827174304741e+00
-5.232524523200854816e+00
-5.763665666987810354e+00
-5.777325779007179918e+00
-5.782279156355900618e+00
-5.741905567159010459e+00
-5.771040668094120640e+00
-5.543705444870012045e+00
-5.520811849993476628e+00
-5.549681615053208006e+00
-5.525858655712160505e+00
-5.544606230016600357e+00
-5.666859007218834066e+00
-5.734913278519046642e+00
-5.290785456813559051e+00
-5.231243248716399563e+00
-5.275914720334125008e+00
-5.301147699956720416e+00
-5.328374918229662249e+00
-5.517876102821872131e+00
-5.295593821875054452e+00
-5.336433543139872171e+00
-5.346124992983705582e+00
-5.339496253416964322e+00
-5.333395072792073144e+00
-5.305887029283174350e+00
-5.319602695523050429e+00
-5.302934321018882180e+00
-5.313368221051543827e+00
-4.719987513116256750e+00
-4.736326789873271714e+00
-4.710985644191202582e+00
-4.721240623327393138e+00
-4.729682673850719610e+00
-4.727023826891140423e+00
-4.709188590871914215e+00
-4.723892915472564624e+00
-4.736756954187247182e+00
-4.721511820390836611e+00
-4.730968263236598581e+00
-4.695321195890967303e+00
-4.689731663999986644e+00
-4.713930866838710543e+00
-4.693872250503578591e+00
-4.700417594268413879e+00
-4.689888270027558370e+00
-4.688116489814430743e+00
-4.696294991706698951e+00
-5.198497221643608057e+00
-5.132301537725618701e+00
-5.140160212094778913e+00
-5.125717640912574424e+00
-5.161294899983649209e+00
-5.166266253507281192e+00
-5.189128501736771426e+00
-5.152768239790351146e+00
-5.161822787824757341e+00
-5.385342054929318500e+00
-5.339872557244313533e+00
-5.326960398141492803e+00
-5.326385504198699827e+00
-5.282441620786852532e+00
-5.400298880720187711e+00
-5.385231281091149569e+00
-5.323113047741697912e+00
-5.291680420876253343e+00
-5.101695212046963412e+00
-5.263390698749693009e+00
-5.236253742972981406e+00
-5.344054225121053214e+00
-5.303749214157873482e+00
-4.877554278363438911e+00
-4.853411332329323535e+00
-4.855579119853008940e+00
-4.862825479314079047e+00
-4.867119067433410606e+00
-4.772252311716354001e+00
-4.702743509605005201e+00
-4.720460356295066440e+00
-4.876012111213509748e+00
-4.869637265333486731e+00
-4.951812407671172700e+00
-5.265879585935367757e+00
-4.916908851683275294e+00
-5.272453340593515669e+00
-5.280025238265949383e+00
-5.199851201736093387e+00
-5.155597690340860240e+00
-4.908213820440760600e+00
-5.200592141296853654e+00
-4.958656433750046055e+00
-5.341566920622124570e+00
-4.950172329769118917e+00
-4.897806032981558033e+00
-5.312633732630705374e+00
-4.940276257380812552e+00
-4.933157560108244688e+00
-4.959375861624463866e+00
-5.247003996273702953e+00
-5.234366735206041454e+00
-5.247560292635358614e+00
-5.222110048075492728e+00
-5.140922099016862035e+00
-5.249803438938503319e+00
-5.251248931943276688e+00
-5.236341436021760387e+00
-5.239295636899469422e+00
-5.114457016074323015e+00
-5.063836884621983003e+00
-5.132758968507446617e+00
-5.134125520706978030e+00
-5.152032137046641758e+00
-5.125676106656896103e+00
-5.258147089916829664e+00
-5.226486887753302391e+00
-5.113225933493668052e+00
-5.140402532018031323e+00
-5.112693191312775554e+00
-5.560917280479184654e+00
-5.562584972801317029e+00
-5.574256287375074059e+00
-5.562587660953655089e+00
-5.578396888093353212e+00
-5.563869228642038145e+00
-5.544452651323037884e+00
-5.563261816778613422e+00
-4.741247082175771510e+00
-4.755296581161723601e+00
-5.084734230647560693e+00
-4.717856360538707605e+00
-4.687247363749011519e+00
-4.742352344672950082e+00
-4.630058186962199507e+00
-4.687047722578333797e+00
-5.679738658581571897e+00
-5.648471014638817955e+00
-5.510786198489170395e+00
-5.560849245820946862e+00
-5.543321698457599922e+00
-5.510496075165135288e+00
-5.543268339685683443e+00
-5.628815859728578452e+00
-5.691927921513284083e+00
-5.672752591737949324e+00
-5.673746319746205913e+00
-5.636825033450433509e+00
-5.652675786549338000e+00
-5.638522055141215183e+00
-5.639718270020880553e+00
-4.764339796461872112e+00
-4.757851283194612257e+00
-4.727754651738475644e+00
-4.735215109174353287e+00
-4.738919273418474631e+00
-4.726223209460822972e+00
-4.737218856711983506e+00
-4.740205048345942807e+00
-4.785176818735912718e+00
-4.792763251314242190e+00
-4.799836099128771849e+00
-4.782324706123415758e+00
-4.790156345856904530e+00
-4.731705993609653049e+00
-4.745932659440593504e+00
-4.827250837853354071e+00
-4.706493821790778576e+00
-4.817656016235242866e+00
-4.841249261537059034e+00
-4.811574928891750424e+00
-4.816812406789246381e+00
-4.754841996524762138e+00
-4.782251134573813900e+00
-4.805688588204356293e+00
-4.792723405650044732e+00
-4.770715073921866001e+00
-4.797638243902468957e+00
-4.820019201832947964e+00
-4.825278503909284922e+00
-4.805513742236892760e+00
-4.819026891029478676e+00
-4.832173468179818521e+00
-4.795243821019630204e+00
-4.812580947601041714e+00
-4.828503481171971146e+00
-4.828325197548180014e+00
-4.851503414258445446e+00
-5.073279078769902029e+00
-5.075450816037756496e+00
-5.069855980858895883e+00
-5.060916146957345596e+00
-5.066348406958899098e+00
-5.080821995865830942e+00
-5.295199980719937471e+00
-5.291692348557138104e+00
-5.289486532041212996e+00
-5.285240712640044691e+00
-5.291986102389495628e+00
-5.292553800946966369e+00
-5.287602084612363029e+00
-5.289247766622242608e+00
-5.285658549484842261e+00
-5.285642130064920785e+00
