-5.086933940153901546e+00
-5.092829518848122738e+00
-5.644980619226839025e+00
-5.325402328452415901e+00
-5.321521462762073718e+00
-5.273836614246481425e+00
-5.384578149459052554e+00
-5.194895321228782059e+00
-5.212899235865176450e+00
-5.237064345177731006e+00
-5.382168760737723545e+00
-5.255126828166695852e+00
-5.289679179831122013e+00
-5.391618067568057171e+00
-5.231350682417525988e+00
-5.240052527755513445e+00
-5.402198155453294959e+00
-5.350756220183698453e+00
-5.338195811056581697e+00
-5.357630482178611153e+00
-5.270811607022942269e+00
-5.283956041881507026e+00
-5.214963521265815416e+00
-5.327642028586373257e+00
-5.417600488715493157e+00
-5.360957463619342889e+00
-5.567413518787883042e+00
-5.389316960930697675e+00
-5.397177046159187697e+00
-5.252665504375176653e+00
-5.227434751248305034e+00
-5.287824246471227951e+00
-5.407959351005898085e+00
-5.349390354912091361e+00
-5.349743057906865218e+00
-5.187935492553663153e+00
-5.210701432724518689e+00
-5.479336379891606157e+00
-5.477680008320725769e+00
-5.541549473289937744e+00
-5.111654359448051466e+00
-5.209083558412268111e+00
-5.628657915454283511e+00
-5.471018581522167246e+00
-5.101114458214077274e+00
-5.222491392910215247e+00
-5.606444864695911079e+00
-5.185331681515215507e+00
-5.484536587979051525e+00
-5.055841685267713714e+00
-5.460735546153409281e+00
-5.460847837953997974e+00
-5.166080584580546642e+00
-5.536394190633588508e+00
-4.967307194416786587e+00
-5.411471691896471370e+00
-5.439447589962969509e+00
-5.475148944915218863e+00
-5.408986771904932489e+00
-5.430103964722297505e+00
-5.440468694623463719e+00
-5.636524768178198919e+00
-5.635385974525100927e+00
-5.634494530480246510e+00
-5.430937051875933008e+00
-5.503669031706055925e+00
-5.487097586852609510e+00
-5.463681849441335281e+00
-5.623058516518148586e+00
-5.501058706092601724e+00
-5.473637605560313979e+00
-5.482867062504406697e+00
-5.474386538070291408e+00
-5.526592277152470700e+00
-5.419263455641400995e+00
-5.472267347238219060e+00
-5.481957023614085323e+00
-5.500100521384747587e+00
-5.496916145988962832e+00
-5.134472723530141280e+00
-5.416968061476834961e+00
-5.476739470389861530e+00
-5.440574222991697795e+00
-5.513711441744976405e+00
-5.492291943713952129e+00
-5.512560756734258938e+00
-5.003816790062706410e+00
-5.512063698926129796e+00
-5.508091518817889387e+00
-5.084467262594299264e+00
-5.501472556072008580e+00
-5.430883951274220856e+00
-5.423835499047672926e+00
-5.490633881013271100e+00
-5.033238853777908695e+00
-4.874380977836433537e+00
-5.639562443902388367e+00
-5.473683403371811806e+00
-5.461385917469677942e+00
-5.402626370520414056e+00
-5.478850090236732306e+00
-5.103657602798354453e+00
-5.493401016767553102e+00
-5.462186226624028862e+00
-5.497716730007916830e+00
-5.633779047456247469e+00
-5.497648569948066388e+00
-5.454540021653180304e+00
-5.503480289835644079e+00
-5.543759417130039502e+00
-5.461168737731783906e+00
-5.455957499162304103e+00
-5.475651588887483712e+00
-5.634282698077130114e+00
-5.529717528832415852e+00
-5.453992477847933174e+00
-5.623291881294893990e+00
-5.448167413808082671e+00
-5.459605537239731632e+00
-5.536248595178080656e+00
-5.471002959760435047e+00
-5.460275530707833447e+00
-5.462753666359657423e+00
-5.625906988591466096e+00
-5.636601020278546592e+00
-5.421120641016801578e+00
-5.460825950076421798e+00
-5.452891605283225473e+00
-5.467516329752966975e+00
-5.405998215623032621e+00
-5.341516799001814420e+00
-5.424384576888037657e+00
-5.552698408901193261e+00
-5.536629596095957950e+00
-5.464384894913858481e+00
-5.456661754393313579e+00
-5.577560013490352908e+00
-5.501589573184636706e+00
-5.289807554960875180e+00
-5.417540885159774611e+00
-5.429863281363587646e+00
-5.480403216371901642e+00
-5.576116873003979180e+00
-5.443960164139320490e+00
-5.498891186225454142e+00
-5.437053026942141543e+00
-5.573169740360232716e+00
-5.628901703291516512e+00
-5.432754116651110188e+00
-5.429533385622878683e+00
-5.498430709637570857e+00
-5.494647179248415725e+00
-5.468048290785244347e+00
-5.470732731229017709e+00
-5.227279495710105195e+00
-5.251853427055613643e+00
-5.425307862959964922e+00
-5.476115478453682961e+00
-5.295166600582284389e+00
-5.248943660082050044e+00
-5.416538371908504068e+00
-5.556139240194852391e+00
-5.454964723932267390e+00
-5.493021133853152271e+00
-5.484287713086654747e+00
-5.259623065153925303e+00
-5.460758672662022306e+00
-5.031599556659352324e+00
-5.422665291150022604e+00
-5.103180372297375200e+00
-5.217531908103404170e+00
-5.460571639166023061e+00
-5.503459830186675283e+00
-5.497284429007876838e+00
-5.444085396221904460e+00
-5.120560230213940578e+00
-5.632207063714646189e+00
-5.460735714557006126e+00
-5.108793582738079486e+00
-5.573014738916826083e+00
-5.446834872010497541e+00
-5.438524315952438570e+00
-5.487869339527835955e+00
-5.466376941144138968e+00
-5.620066020219093517e+00
-5.417557089097830847e+00
-5.178393224107177062e+00
-5.072821775770135488e+00
-5.473315574562553465e+00
-5.433982325148475567e+00
-5.493454833403111692e+00
-5.444540245550743229e+00
-5.468432351490649879e+00
-5.465861429232342417e+00
-5.581900044223338853e+00
-5.641964583845275882e+00
-5.458034276817103958e+00
-5.492084556354744684e+00
-5.454118090536346664e+00
-5.561310355744137901e+00
-5.484718650135575579e+00
-5.645805952066127453e+00
-5.134468562074683717e+00
-5.474021799952741851e+00
-5.247731184147681915e+00
-5.440434864741690468e+00
-5.493945629538442788e+00
-5.492424368363583831e+00
-5.496681990013338570e+00
-5.503275398887425673e+00
-5.323093549018357074e+00
-5.482211474063936940e+00
-5.628451119384302537e+00
-5.509852378342581680e+00
-5.438734694371735401e+00
-5.370768877093889060e+00
-5.476043275474886229e+00
-5.482598644950513744e+00
-5.410216622502169059e+00
-5.458448718176764025e+00
-5.187638454487112583e+00
-5.469160504232632114e+00
-5.488059608813293799e+00
-5.582785634709967582e+00
-5.192099170635938066e+00
-5.469942517421746864e+00
-5.575321797391972645e+00
-5.481302582259528933e+00
-5.488138007115328065e+00
-5.196773323981607184e+00
-5.481255417989667755e+00
-5.487235296012398678e+00
-5.564947958190706423e+00
-5.500012407547775872e+00
-5.493109248731459004e+00
-5.567935668612999933e+00
-5.490477881458108556e+00
-5.442895284234113618e+00
-5.055444740967897310e+00
-5.639571114401233487e+00
-5.439855698909140891e+00
-5.447374760072346334e+00
-5.208132543840394924e+00
-5.461522302277744600e+00
-5.468445155377947842e+00
-4.992817399242915677e+00
-5.445269362630877907e+00
-5.479581577682132831e+00
-5.493549654702554186e+00
-5.455318440508132305e+00
-5.494606632666700463e+00
-5.515666378671493675e+00
-5.447755148245827073e+00
-5.635575248793456282e+00
-5.502979472527446347e+00
-5.526153516798608223e+00
-5.465846987002926483e+00
-5.500027369046668113e+00
-5.115949476895068848e+00
-5.142630814094598435e+00
-5.505050170898754480e+00
-5.488982822876428358e+00
-5.614004022243497261e+00
-5.446897447223278732e+00
-5.431772070746012204e+00
-5.548963922317369679e+00
-5.617871731422379611e+00
-5.052232765683899451e+00
-5.565140140059281926e+00
-5.471654207458748864e+00
-5.434740564141346653e+00
-5.414043328858160642e+00
-5.483413078445100730e+00
-5.046380352549435955e+00
-5.090531309836785034e+00
-5.520192338016696176e+00
-5.476162334639137264e+00
-5.561702086646236332e+00
-5.490955610851165680e+00
-5.613212648821694017e+00
-5.466847749385844502e+00
-5.080102897580974108e+00
-5.476532608696563997e+00
-5.551066006019747867e+00
-5.477367723481610717e+00
-5.406604058477570973e+00
-5.476816950791736360e+00
-5.479801986483458620e+00
-5.495457357916611940e+00
-5.565228762722864708e+00
-5.165930664393292737e+00
-5.439649391255695576e+00
-5.460804654218848420e+00
-5.179903325738937525e+00
-5.635251210506770470e+00
-5.573172285179233576e+00
-5.522141446661964714e+00
-5.453252852577910481e+00
-5.063827049542193315e+00
-5.624747681306095259e+00
-5.470082310742281351e+00
-5.434633550421335890e+00
-5.460926499945021995e+00
-5.440236563772899103e+00
-5.469241031189716828e+00
-5.463562514547920301e+00
-5.481636331382537364e+00
-5.171815638902208967e+00
-5.463618172595526623e+00
-5.543015280108011034e+00
-5.449315293467071442e+00
-5.499195825981190389e+00
-5.101734638398688126e+00
-5.626523421239211231e+00
-5.552302427094510051e+00
-5.511845903973195071e+00
-5.559318137196137322e+00
-5.060282003931413364e+00
-5.474012619137586633e+00
-5.635105682621422751e+00
-5.462778844724815563e+00
-5.213796195642847131e+00
-5.484009430543967056e+00
-5.465910265487782027e+00
-5.621297297705367235e+00
-5.230844354146112707e+00
-5.475403016763213060e+00
-5.550831415455252937e+00
-5.518116526689994750e+00
-5.621362854143798771e+00
-5.224461220951701179e+00
-4.965863258186035800e+00
-5.495708707448181407e+00
-5.418369475428076676e+00
-5.430205510470835328e+00
-5.629463335729739448e+00
-5.544326665550361355e+00
-5.296766822462836366e+00
-5.500688819012443886e+00
-5.510733275519083207e+00
-5.207763979848972546e+00
-5.481814713023791086e+00
-5.553676598020467203e+00
-5.436215512613938650e+00
-5.502283863356544735e+00
-5.618421336048739612e+00
-5.605487153573735171e+00
-5.482598969406708100e+00
-5.500272230374939397e+00
-5.054100323037859610e+00
-5.494805518542010603e+00
-5.038579347031463485e+00
-5.101831900226702743e+00
-5.538466525873723789e+00
-5.483756340253814976e+00
-5.477464217570531702e+00
-5.508184706725585578e+00
-5.485591296734928513e+00
-5.573930247869355981e+00
-5.192680296535049145e+00
-5.495660984472840127e+00
-5.160905790009183924e+00
-5.527962436229349130e+00
-5.478324981399125271e+00
-5.441576591481871894e+00
-5.484496026988747275e+00
-5.447292226496006862e+00
-5.465524949636742846e+00
-5.468309506048948165e+00
-5.505029461619919573e+00
-5.508003441384384580e+00
-5.471518089084743686e+00
-5.635309950829211267e+00
-5.503386244146109441e+00
-4.985079018369749981e+00
-5.166660899770613824e+00
-5.223882687618509379e+00
-5.247008191336193228e+00
-5.536839217549228032e+00
-5.118840327835282977e+00
-5.567936858689289004e+00
-5.576267421274043734e+00
-5.482837863303255510e+00
-5.446009460703412408e+00
-5.180220680406973699e+00
-5.156429227594529152e+00
-5.510984545842111615e+00
-5.447395353121296857e+00
-5.106278090395012903e+00
-5.463426363582467360e+00
-5.330667291488045301e+00
-5.466449008516420349e+00
-5.621358176755534508e+00
-5.507067848623725226e+00
-5.466468278017460491e+00
-5.520821195489234334e+00
-5.437513391028988785e+00
-5.105716280446105593e+00
-5.474458089850213760e+00
-5.594665532220930437e+00
-5.471848661139148362e+00
-5.446028239433066354e+00
-5.522090282622189150e+00
-5.489670995474702941e+00
-5.486150607995680772e+00
-5.473769177642823003e+00
-5.476853641897300840e+00
-5.253045741117487566e+00
-5.136007167538044982e+00
-5.151413168543086840e+00
-4.982733497101121678e+00
-5.471337192004461336e+00
-5.498060871820921847e+00
-5.438822490907089247e+00
-5.492308555972264195e+00
-5.156595402197480027e+00
-5.471163405042331007e+00
-5.105375605413116524e+00
-5.488001507809097568e+00
-5.441450836315505413e+00
-5.538717174194691673e+00
-5.299497081003933019e+00
-5.517319350527723820e+00
-5.537979255415984348e+00
-5.219968777844455232e+00
-5.493612233224093977e+00
-5.453281684820333375e+00
-5.241253511601552617e+00
-5.472035989297435954e+00
-5.459262592181610252e+00
-5.476023455346063606e+00
-5.572022186251945897e+00
-5.499833706042112524e+00
-5.216773737308945336e+00
-5.541981758952311488e+00
-5.616904364199213795e+00
-5.496557585971314275e+00
-5.464389172364819913e+00
-5.622399917058322316e+00
-5.228172378617429672e+00
-5.137688049883810670e+00
-5.091108633315058363e+00
-5.490460097491389746e+00
-5.517234403458958880e+00
-5.474091479743067090e+00
-5.486809876109136397e+00
-5.214796728056096065e+00
-5.196029877990428147e+00
-5.398968301073843179e+00
-5.665253280866895835e+00
-5.421147545080079233e+00
-5.435945223318632280e+00
-5.213491788780418190e+00
-5.188667488789718618e+00
-5.304059359069335677e+00
-5.160760269664121935e+00
-5.206436351317749178e+00
-5.199085144200858544e+00
-5.161873969879369639e+00
-5.223844742241588790e+00
-5.340881505340003166e+00
-5.590816117135161356e+00
-5.085339276998279701e+00
-5.435185209667850792e+00
-5.437368608202492126e+00
-5.346563547263751381e+00
-5.313174411716199863e+00
-5.435930128501307301e+00
-5.328243771054040678e+00
-5.187762935533885233e+00
-5.392949293833238400e+00
-5.699621458189056078e+00
-5.206436957972629287e+00
-5.439937094567923737e+00
-4.954347611025821330e+00
-5.162270001179152246e+00
-5.359736609757267622e+00
-5.313290034425826924e+00
-5.374705682007088647e+00
-5.279655925390049909e+00
-5.421324202912873425e+00
-5.191636902875467641e+00
-5.015070736487865943e+00
-5.330535846086046803e+00
-5.317199591594425456e+00
-5.699633759161811142e+00
-5.305405643067907739e+00
-5.652057693217209966e+00
-5.317202004347764799e+00
-5.424752934152479611e+00
-4.543456922611619930e+00
-5.297297214732185289e+00
-5.414657032621779109e+00
-5.161874484414173736e+00
-5.170879073829142136e+00
-5.689567270963189038e+00
-5.619201053361225995e+00
-4.698231751263407752e+00
-5.142724526790205530e+00
-5.213258671460584637e+00
-5.313747448611761293e+00
-5.388071377171682386e+00
-4.991577409614423644e+00
-5.374707044097427833e+00
-5.194897482520796750e+00
-5.187762811254301276e+00
-5.193624229223669175e+00
-5.306773564903970453e+00
-4.779200454651904018e+00
-5.374704977580184284e+00
-5.530459267046044403e+00
-5.015855046426642261e+00
-5.324261427215298603e+00
-5.352565287336807920e+00
-5.306133185336074476e+00
-5.199161119146950227e+00
-5.292263054613460582e+00
-5.319132598837144066e+00
-5.297299325569810868e+00
-5.392913565985140600e+00
-5.387932845322884745e+00
-5.186352662123075774e+00
-5.411071420396430298e+00
-4.979730163881725957e+00
-5.397399791899314181e+00
-5.206437773330464758e+00
-5.689567379818053716e+00
-5.085340436467302716e+00
-5.299589924645594863e+00
-5.084949408608128607e+00
-5.077150736658715857e+00
-4.698228161128911395e+00
-5.330145999713475469e+00
-5.362050033742242761e+00
-5.063089925310314321e+00
-5.174154077609759206e+00
-4.419670954867847001e+00
-5.282356631287788318e+00
-5.407022325059221757e+00
-4.811963444310280558e+00
-5.080278284205854256e+00
-5.174153050967548850e+00
-5.160759558980887007e+00
-5.160759654690967757e+00
-5.200143473825402651e+00
-5.366130423055909482e+00
-5.356679295367984039e+00
-5.078986077596370663e+00
-4.700516529031812496e+00
-5.178939911361676529e+00
-5.179262247639796257e+00
-5.619179413493153419e+00
-5.305996040403518244e+00
-5.313325532742382507e+00
-5.187762406507193447e+00
-5.411063130925798603e+00
-5.512788238031875565e+00
-5.306132423414597454e+00
-5.193623551875508504e+00
-5.323209412936710905e+00
-5.633959915047372036e+00
-5.379440113557950376e+00
-5.205469056821081963e+00
-5.100778088930354670e+00
-5.633967354339112887e+00
-5.394824431909623463e+00
-5.344757418889702905e+00
-5.196030637413328712e+00
-5.590817930738947616e+00
-5.069882772966218809e+00
-4.953282118606008311e+00
-5.196906657090283765e+00
-5.364240636464820966e+00
-5.194897108530592611e+00
-4.823953305497080457e+00
-5.375645089764140572e+00
-4.828073412597401415e+00
-5.267290300194084729e+00
-5.232846021424786720e+00
-5.435902281663806512e+00
-5.291682369732721547e+00
-4.628008133204619234e+00
-5.397399024334977646e+00
-4.731282842061721006e+00
-5.313761403693644247e+00
-4.978852043839911978e+00
-5.369213095507019418e+00
-5.350628628542143161e+00
-5.039518370295472671e+00
-5.278003215164508433e+00
-5.187761831219587449e+00
-5.406996713526489806e+00
-5.346593302975146678e+00
-4.878940528920515440e+00
-5.160760058938858030e+00
-5.344759514817132739e+00
-5.048835581904644876e+00
-5.397912975379726142e+00
-5.212262365723086432e+00
-5.161877684341489747e+00
-5.200143904015979146e+00
-5.168277939337596827e+00
-5.235544695301203255e+00
-5.086006389524445837e+00
-4.451693237731022101e+00
-5.040461925233425511e+00
-5.689568882614959300e+00
-5.299592113015142658e+00
-5.200143714677222029e+00
-5.190062724822649187e+00
-5.212262145652398537e+00
-5.191637114244707973e+00
-5.421198570885068513e+00
-5.384727942840776826e+00
-5.340654006472889570e+00
-5.350627428348068371e+00
-5.530464630563165507e+00
-5.186353990755518950e+00
-5.353526451240401052e+00
-5.187763121767288155e+00
-5.326462996990090737e+00
-5.615593081686060195e+00
-5.435965978204428950e+00
-5.301437801497915103e+00
-5.338092923093849862e+00
-5.382020534280856694e+00
-5.323197449504109890e+00
-5.676596434110872558e+00
-4.498617485099302371e+00
-5.031725486605494346e+00
-5.334722477941560292e+00
-5.185502311915499263e+00
-5.170875292799003375e+00
-5.210012594240178707e+00
-5.174152641047923495e+00
-5.650084837646105917e+00
-5.299588678711614875e+00
-5.411071821783816738e+00
-5.155473181560677354e+00
-5.375591853774118967e+00
-5.308578372171782078e+00
-5.356605534141730907e+00
-5.155467818619452913e+00
-5.156821350117311020e+00
-5.089593714406072777e+00
-4.968771219529741323e+00
-5.365826275398532630e+00
-5.384756653360235568e+00
-5.340547132592202928e+00
-5.552383514205447845e+00
-5.159923161374435630e+00
-5.396063421141841232e+00
-5.289306821902244771e+00
-5.350628678037430142e+00
-5.303592470677110704e+00
-4.782532347922457738e+00
-5.439935916251248393e+00
-5.186353865559762077e+00
-5.196908589136326917e+00
-5.213498534403886886e+00
-4.549915879635971550e+00
-5.273699809203619360e+00
-5.330149173398059048e+00
-5.297302516312032417e+00
-5.301441341606025759e+00
-5.384498899956195572e+00
-5.250970975498542082e+00
-5.193622042123507754e+00
-5.114214300859348583e+00
-4.940925689286256528e+00
-5.143999217016310688e+00
-5.292610338920345825e+00
-5.187449633574283681e+00
-5.206436752125214618e+00
-5.394819655195104424e+00
-5.619203099388967892e+00
-5.379440180873653610e+00
-5.364150101525975600e+00
-5.075207369610009067e+00
-4.951067385864562631e+00
-5.245976102286262766e+00
-4.980457145572337652e+00
-5.142179254049130677e+00
-5.192078006561055226e+00
-5.159878444692437505e+00
-5.097428156674390642e+00
-5.077349770497886716e+00
-5.136526257610605661e+00
-5.336415697739912645e+00
-5.324261953049247431e+00
-5.273744169823408434e+00
-5.141899116431072336e+00
-5.136533360796231129e+00
-5.633958485946603645e+00
-5.172381239607370063e+00
-5.145975591284542183e+00
-5.251429287765458476e+00
-5.407010422062439758e+00
-5.289139450759933858e+00
-5.122588272942446785e+00
-5.344758883583329734e+00
-4.441319288872723092e+00
-5.444743418218538800e+00
-5.048154306644964784e+00
-5.633956185003065720e+00
-5.187762073221148462e+00
-5.186353482420453354e+00
-5.401447920214658360e+00
-5.338829538340601921e+00
-5.699639237531116009e+00
-5.040961851762361334e+00
-5.213492762998719776e+00
-5.299589786196686525e+00
-5.057097192478545722e+00
-5.206618247364737329e+00
-4.874090206132402514e+00
-5.216550268206412433e+00
-5.216550898022088489e+00
-5.185374117984097531e+00
-5.246280558223020307e+00
-5.344283759213412033e+00
-5.396201311781043231e+00
-5.353518267860201796e+00
-5.196910610553810095e+00
-5.195892336023604230e+00
-5.374709035925712364e+00
-5.205468544744226378e+00
-5.301075469660607276e+00
-5.329327454650039542e+00
-5.413878929693557218e+00
-5.061620768374450741e+00
-5.330935405013700112e+00
-5.350629861060967940e+00
-4.591386817993460490e+00
-5.291229136103120290e+00
-5.324421721663570750e+00
-5.350627337514537452e+00
-5.313715475810482758e+00
-5.365887179191419776e+00
-5.173904862948208283e+00
-5.323211073997759613e+00
-5.338086011956046484e+00
-5.348023676706592511e+00
-5.025454289569228905e+00
-4.821886848568834871e+00
-5.045556086138349272e+00
-5.071313004409712555e+00
-4.972008554512412637e+00
-4.865423221763819583e+00
-4.804569847496279245e+00
-5.037903420492883200e+00
-5.159655432208462678e+00
-5.059859314028487987e+00
-5.159562470948785950e+00
-4.797355458949694729e+00
-5.014150422226108184e+00
-4.891639697170800716e+00
-4.986280694316101325e+00
-4.849576666513896406e+00
-4.906612530692450846e+00
-5.141388878290607423e+00
-4.854234033334344112e+00
-4.960009139097742548e+00
-4.974593348039820562e+00
-5.205709949614598209e+00
-5.022834141893006255e+00
-4.871230902261564744e+00
-5.261885833021461067e+00
-4.939983532757300289e+00
-4.926543555830983578e+00
-5.063315616213011516e+00
-4.860726579753004373e+00
-4.901658172874078900e+00
-4.731538233650105951e+00
-5.093380021778346922e+00
-5.127870774137504917e+00
-5.108250156817861765e+00
-5.074620957724806480e+00
-5.142619983246198956e+00
-5.127086857770722261e+00
-5.248945161693835182e+00
-4.835011054884887471e+00
-4.984508247439603856e+00
-4.954621080149467893e+00
-5.024137374902484687e+00
-4.912834480188640107e+00
-5.100080575746356537e+00
-5.223143659266245464e+00
-5.106214609022287299e+00
-4.863183196513450213e+00
-4.860613865137032974e+00
-4.970390944041242598e+00
-5.141708114962967535e+00
-5.079605121932067924e+00
-5.065029005105374793e+00
-4.972972337077202098e+00
-5.061924005178757291e+00
-5.015730865193230414e+00
-4.864263859612107943e+00
-5.057050131673815230e+00
-5.299136379403202923e+00
-4.482699872429566135e+00
-5.571484552208677776e+00
-5.615339249046840564e+00
-5.301374679635304510e+00
-5.674470618626519247e+00
-5.531787091441913162e+00
-5.674470881362005947e+00
-5.560301167409346768e+00
-5.600803918704357010e+00
-5.560368861094571180e+00
-4.761438124093675839e+00
-5.560335668145060417e+00
-5.585494307975736206e+00
-5.675410606591287710e+00
-5.588736896801926868e+00
-5.301541517142506876e+00
-5.591705037147208124e+00
-5.588667804835210973e+00
-5.292799033140854981e+00
-5.562691511793842913e+00
-4.911481837609670720e+00
-5.588782831307039345e+00
-5.570765137961303459e+00
-5.571451381834965133e+00
-5.238369661587067405e+00
-5.615467198338885524e+00
-5.687387475316985075e+00
-5.208916651266195075e+00
-5.531587348747930122e+00
-5.591235082934004730e+00
-5.332329867553445624e+00
-5.353733937821394839e+00
-5.588586851200196826e+00
-5.563720912069416435e+00
-5.596422994340165324e+00
-5.591855312339079731e+00
-5.259490501304755483e+00
-4.552510065356673685e+00
-5.578332068054502990e+00
-5.598716432776445373e+00
-5.615512019254265574e+00
-5.615481928306828685e+00
-5.614276494644592219e+00
-5.428844588173578067e+00
-5.584488195319422310e+00
-5.606872226855700525e+00
-4.239861930352976316e+00
-4.439340343058914229e+00
-4.762285015357038631e+00
-5.439909455108681513e+00
-5.353732754553684359e+00
-4.760418064392873738e+00
-5.259714296664030009e+00
-5.665397738801881466e+00
-5.477726078953804034e+00
-5.571435972892824218e+00
-4.949929054504591974e+00
-5.332321200827369267e+00
-5.264845089890210161e+00
-5.558096373990245809e+00
-5.334222461050551090e+00
-5.570720322614396203e+00
-5.299086458912219300e+00
-5.593270539919282136e+00
-5.598109652116342261e+00
-5.262609210802886572e+00
-5.593197326126897906e+00
-5.615448855025244157e+00
-5.584527928430176758e+00
-5.600844630731851126e+00
-4.454552129452332920e+00
-5.563680850843298664e+00
-5.596368264516412339e+00
-5.588749113995008067e+00
-5.336761990196283278e+00
-5.688775885523877029e+00
-5.411735842202783253e+00
-5.596452534548239655e+00
-5.687362082995663037e+00
-5.680725763488613467e+00
-5.462252344036784280e+00
-5.650940017431544504e+00
-5.690010211424731068e+00
-5.313605780349067054e+00
-5.356696416750018841e+00
-5.615462963971969756e+00
-5.353737852412055354e+00
-5.615493495662658319e+00
-5.612795434425756014e+00
-5.588069255149844317e+00
-5.344416039978931110e+00
-4.983241971939857962e+00
-5.570138760032757652e+00
-5.663610388392990913e+00
-5.600866999114376910e+00
-5.043946173765210261e+00
-5.569934750363760401e+00
-5.592816082417829016e+00
-5.596372312039135544e+00
-5.312185583504887454e+00
-5.549219748825841236e+00
-5.061190119568069967e+00
-5.584439566208519778e+00
-5.598680178301379762e+00
-5.665411700746062706e+00
-5.574548401138713416e+00
-5.600816290327661484e+00
-5.689925967494476211e+00
-5.503160764937955918e+00
-5.588144500831920602e+00
-5.612768275650685368e+00
-5.600848102120608019e+00
-5.560275864188951367e+00
-5.289422378875413777e+00
-5.588194011790411864e+00
-5.688817098423447405e+00
-5.578411263083435045e+00
-5.674484158846409443e+00
-5.265579048804037932e+00
-5.588705020658736977e+00
-5.373461392126213987e+00
-5.561435118013097423e+00
-5.570673744152081497e+00
-5.598695795317151891e+00
-5.687491091190866932e+00
-5.352710798387565028e+00
-5.332364622556565514e+00
-5.680681140876615132e+00
-5.598161529151762572e+00
-5.679386611787486494e+00
-5.557835257653814587e+00
-5.560232458599748462e+00
-5.344425080736191269e+00
-5.565022153362228607e+00
-4.156813883787489061e+00
-5.615520514528507867e+00
-5.588567974814453443e+00
-5.677416107313089100e+00
-5.332384686370771121e+00
-5.592877902161967008e+00
-5.570690996004892703e+00
-5.565030600960791496e+00
-5.238174298852272592e+00
-4.154505040329256715e+00
-5.559061978420018590e+00
-5.563671192987626135e+00
-5.584499438297797269e+00
-5.568737059893404506e+00
-5.598250067103568206e+00
-5.054593251392955899e+00
-5.563690402014703551e+00
-5.570769712901362247e+00
-5.571435950733405917e+00
-5.614141447193222945e+00
-5.299039789734010242e+00
-5.677431464897330748e+00
-5.301457322128605654e+00
-4.985008311305382911e+00
-5.564729153019945862e+00
-4.296866925678531679e+00
-5.567831498321443640e+00
-5.588009206064898926e+00
-5.344432081334550055e+00
-5.229217121549446290e+00
-5.677459966963988691e+00
-5.332355152673107668e+00
-5.565172321754911167e+00
-5.313657756698283663e+00
-5.615363524023019970e+00
-5.593933119490334782e+00
-5.596370993524822701e+00
-5.606881915347740275e+00
-5.309444168207845038e+00
-3.990021890009353811e+00
-3.686631479884445728e+00
-3.356471995545672993e+00
-3.686631479884445728e+00
-2.592461307123185676e+00
-3.797935352370740869e+00
-3.686631479884445728e+00
-3.958280506256573350e+00
-3.345401218150427791e+00
-3.388583809647172984e+00
-3.308003939332502252e+00
-4.072389109614872993e+00
-4.049554830899016800e+00
-3.831078182568575130e+00
-4.013145354826363587e+00
-3.942302574700520701e+00
-3.074023918708685077e+00
-3.686631479884445728e+00
-3.150987366802270540e+00
-3.974560598308217951e+00
-3.324472634070724908e+00
-3.686631479884445728e+00
-3.645491826573768357e+00
-4.126501243551137676e+00
-3.686631479884445728e+00
-4.059292974530291254e+00
-3.844178061390870482e+00
-4.159752709723379738e+00
-3.804077781032151773e+00
-3.905540093198016649e+00
-4.012816677470716797e+00
-4.007314901998274337e+00
-3.624184681656948737e+00
-3.675920706397671101e+00
-3.496419796153857895e+00
-4.790035293793971860e+00
-4.940585398059224254e+00
-5.130835047398530691e+00
-4.912333339199082438e+00
-4.661668804879445460e+00
-4.965987734924174113e+00
-4.749601732432806145e+00
-5.151814409363348446e+00
-4.610271471702486856e+00
-4.888846397307400338e+00
-4.802247865360779855e+00
-5.188482542582089962e+00
-4.933147688496275940e+00
-4.766256713145885726e+00
-4.852203796859655860e+00
-5.070285183809019713e+00
-5.169425708711832712e+00
-5.211941512416149891e+00
-5.008571940154375568e+00
-4.808867445675538477e+00
-5.020107954691520824e+00
-5.068429525008729009e+00
-5.100667638919643920e+00
-5.185086561635618985e+00
-5.014109648588525481e+00
-4.696623013993542095e+00
-5.171563697246588376e+00
-5.112722730367011970e+00
-5.134386745569059940e+00
-5.378572696334078529e+00
-5.133536501055347756e+00
-4.843993981624882039e+00
-4.940191249403731000e+00
-5.317150300381923600e+00
-5.430001415075109250e+00
-5.045024133282580259e+00
-4.762337667649997108e+00
-5.211120672607102655e+00
-4.958674645152156835e+00
-5.120630038109758253e+00
-4.937787694450170406e+00
-5.083120735449565331e+00
-4.888193216919716200e+00
-4.844542125750341377e+00
-5.477893842526690094e+00
-4.873817474431293206e+00
-4.691369725507441579e+00
-5.285489366201015393e+00
-5.271133967417342525e+00
-5.100015167608474620e+00
-5.172649330477454122e+00
-4.763434227548615674e+00
-4.823042696386987238e+00
-4.573629225733498060e+00
-4.816166676208873731e+00
-4.572597510557403488e+00
-4.683105761138508960e+00
-5.149942546340237293e+00
-4.747452109250303032e+00
-4.745711203509075382e+00
-4.820821164986741181e+00
-4.874628634416727557e+00
-2.961215863878226884e+00
-8.314847108285413624e-01
-2.391135212118133513e+00
-1.589533334802522457e+00
-2.759409090415926968e+00
-2.770531800530000588e+00
-9.021175275441313257e-01
-1.500455404556059413e+00
-3.386837368645554847e+00
-1.919482701116915546e+00
-2.687915224577924533e+00
-2.324611352238829642e+00
-3.818292616217043189e+00
-2.854226177800784026e+00
-3.199636425498761927e+00
-2.788074061478940102e+00
-3.598449854479257137e+00
-2.117700749922995396e+00
-2.152768618880574802e+00
-3.744085429803628795e+00
-1.665974722431462052e+00
-4.041682619334815207e+00
-2.083838343186542819e+00
-2.019431487747160858e+00
-3.476538548337854362e+00
-3.683430912934769985e+00
-3.038261153322460384e+00
-2.655187707989768331e+00
-2.379296854709102682e+00
-3.265326400292094533e+00
-2.943389530725895042e+00
-2.706960443896688329e+00
-3.646779344033133086e+00
-2.924157860360662387e+00
-2.946282111396859360e+00
-2.921262381327147217e+00
-3.093215153509164761e+00
-2.513357299034024717e+00
-3.474798904736849714e+00
-2.817428231039233122e+00
-3.815659562390913973e+00
-3.547337971572169124e+00
-3.272201671211153240e+00
-2.007945545825484679e+00
-3.153801160672972781e+00
-3.481451673445781214e+00
-3.291488819118946196e+00
-3.236900222323558562e+00
-3.021165747319791262e+00
-1.347352556269536317e+00
-2.695493098023242329e+00
-2.952653694115300986e+00
-2.747813540194947723e+00
-3.602758821615336782e+00
-2.988048476932784414e+00
-3.356769638228865649e+00
-3.932967495976918748e+00
-2.852565639162575550e+00
-3.726374930987406131e+00
-2.694614409472867234e+00
-3.492056437252086365e+00
-2.357957916204253213e+00
-1.655760172374447947e+00
-4.571020036563488986e+00
-2.275780605615150165e+00
-3.527594161392152206e+00
-1.335590288040306550e+00
-3.619939651767848154e+00
-3.527930419924706129e+00
-2.760801503766626475e+00
-3.410144787057851179e+00
-3.682196735828277667e+00
-2.757228556759953708e+00
-4.143357211270605411e+00
-4.675257190956464193e+00
-4.377867569568386408e+00
-4.051189233301770720e+00
-4.732983726906769384e+00
-4.168959303230323599e+00
-4.100120831011804690e+00
-4.034682765089213419e+00
-4.387595573429287299e+00
-4.238342890161671761e+00
-4.860455379846654544e+00
-4.476289460355263650e+00
-4.391417112314540461e+00
-4.468951099800250404e+00
-4.125752259745876671e+00
-4.338174314632603057e+00
-4.787327652525241284e+00
-4.259296671786928279e+00
-4.385929945975393984e+00
-4.211402328096854220e+00
-4.467788739340432080e+00
-4.100658189644889262e+00
-4.793495209999871776e+00
-4.977013655102372702e+00
-4.105977986441417649e+00
-4.614559145425128683e+00
-4.769905845808578349e+00
-4.937866492905002680e+00
-4.322539763705679938e+00
-4.806361802290576968e+00
-4.493793215722316603e+00
-4.097881414838078662e+00
-4.144262047688008543e+00
-4.186997723335204036e+00
-4.541563403605828775e+00
-4.488930207578911258e+00
-4.455314762133108175e+00
-4.244106192167731884e+00
-4.165653429107172734e+00
-4.229168154952473557e+00
-4.549145264164822677e+00
-4.182783654479171886e+00
-4.736210499426380949e+00
-4.796629330670234559e+00
-4.618567667086848516e+00
-4.247265466022865255e+00
-4.773014112448225710e+00
-4.875008707403793551e+00
-4.172027734618221295e+00
-4.722980718698408076e+00
-4.205820070749980211e+00
-4.162112521001007259e+00
-4.748940932531623638e+00
-4.434699061641106610e+00
-4.885903017125689196e+00
-4.743971642415112377e+00
-4.443004027040437620e+00
-4.213910355176397005e+00
-4.527081077153828126e+00
-4.235028281208810697e+00
-4.467325572408282319e+00
-4.310378222321148201e+00
-4.503959701846571129e+00
-4.377159464587375481e+00
-4.378305358987386597e+00
-4.059472393614140806e+00
-4.213035549711912076e+00
-4.270770194979361278e+00
-4.266834215725512358e+00
-4.184122139567966414e+00
-5.039302869447586986e+00
-4.384570614724513149e+00
-4.081032604248700402e+00
-4.252127025657008730e+00
-3.665297815027801054e+00
-3.567414938730589569e+00
-3.409125501360135591e+00
-3.879894695655028869e+00
-3.631336119991134037e+00
-2.966584503896183111e+00
-2.798833668700324129e+00
-3.404168936339742491e+00
-4.025916598402982771e+00
-3.969932647105178347e+00
-3.091419366257856627e+00
-3.850397584352944325e+00
-3.432115961082242261e+00
-3.656836160676467884e+00
-3.063623427018675738e+00
-5.041672528540035003e+00
-4.345553656190694447e+00
-4.376843262287285263e+00
-4.807858801211109423e+00
-4.734919868347304828e+00
-4.581106562415995676e+00
-3.026528552026362284e+00
-3.825135041058242091e+00
-3.319562595674168115e+00
-3.343131297239547717e+00
-3.661134070811869812e+00
-3.551300762157651114e+00
-3.667817247631602218e+00
-3.544156470444563389e+00
-3.072786775201473919e+00
-3.556789794022066520e+00
-3.584288243627978154e+00
-3.783373920915796162e+00
-3.161057889401920562e+00
-2.892447218136246168e+00
-2.982744190880279422e+00
-3.272756100594799822e+00
-2.893225570148693748e+00
-3.169413519575291271e+00
-3.818576456157294796e+00
-3.532156132184838260e+00
-3.210946334795228729e+00
-3.436898108466184709e+00
-2.601649957517926826e+00
-2.826416204465374005e+00
-2.961756063435955877e+00
-3.530070346852598906e+00
-3.738808488372037608e+00
-3.164652936508037584e+00
-3.031859901825249004e+00
-3.503331858140346089e+00
-2.752206713178583453e+00
-3.217027489847159138e+00
-3.423806352244937123e+00
-3.541421942822136515e+00
-2.966052061221660097e+00
-3.339005711707767166e+00
-3.553740849978659799e+00
-3.552959160049867116e+00
-2.884953976733815040e+00
-3.180779075916672749e+00
-2.927772164984715708e+00
-3.692767888685928757e+00
-3.583272159227590237e+00
-3.729154797015279410e+00
-3.449818726540376357e+00
-2.939510922387783776e+00
-3.233955115180338513e+00
-3.196355587341900506e+00
-3.781531403277683445e+00
-3.563882007431818710e+00
-2.843279018645691103e+00
-3.770195167198437058e+00
-3.325178604430762963e+00
-2.933444349494159109e+00
-3.465402764743172437e+00
-2.984620548234224291e+00
-3.016516770082844801e+00
-3.639310180435284092e+00
-3.590376138802015227e+00
-2.972624269000851971e+00
-3.568822604824506861e+00
-3.424474542512746300e+00
-3.065169355501963455e+00
-3.461468968546611347e+00
-3.503234191036383116e+00
-3.711307219274477820e+00
-2.971576430427896209e+00
-3.414736049232266701e+00
-3.403377698697120923e+00
-3.764663200346081595e+00
-3.043032409727944643e+00
-3.784740873261509542e+00
-3.439306817062394828e+00
-3.296511828794614019e+00
-3.390425152553039112e+00
-2.887631356316473497e+00
-4.696676457862461795e+00
-4.518920137215328481e+00
-3.965419467656994268e+00
-4.122808060721655288e+00
-4.334692761596544486e+00
-4.068983204441877888e+00
-4.564391288623130372e+00
-4.696728367338334209e+00
-4.366212982081959737e+00
-4.203278865899301664e+00
-4.717546457776727209e+00
-4.503961742366553445e+00
-4.122770731436950165e+00
-4.443874883942361187e+00
-4.483612755031892050e+00
-3.973688449625447650e+00
-3.371893937478909642e+00
-4.134169157907117587e+00
-4.522356081108029890e+00
-4.629685511936911801e+00
-4.549725939392947005e+00
-4.504218855172095637e+00
-4.090654544904138490e+00
-4.798070565555496714e+00
-4.338277677168276725e+00
-4.204797088687299400e+00
-4.439267862837901646e+00
-4.149946365661129732e+00
-4.684578507174328443e+00
-4.166352667176852265e+00
-4.205826380402672982e+00
-4.078401000246012487e+00
-3.926316153726573610e+00
-4.656887598891016999e+00
-4.556323579837722626e+00
-4.626170210126726801e+00
-4.490132382764991270e+00
-4.629693638386005006e+00
-4.375702090063577465e+00
-4.679697876526927480e+00
-4.212690601436912985e+00
-4.416337968923204294e+00
-4.348960471678380735e+00
-4.290723759320069775e+00
-4.413498537017471968e+00
-4.240041620773959963e+00
-4.373899169531106246e+00
-4.551791388363730206e+00
-4.390687208162225019e+00
-4.465212217357037439e+00
-4.525313069248150910e+00
-4.396834537904331874e+00
-4.631438003861561015e+00
-4.623724681195284347e+00
-4.644263912690103524e+00
-4.449131894445450541e+00
-4.529871660938633582e+00
-4.628636381265940791e+00
-4.398015418707990953e+00
-4.478611660701917074e+00
-4.558406745268129612e+00
-4.199223230881233171e+00
-4.541577159151385601e+00
-4.332491937619055378e+00
-4.445183537646788530e+00
-4.495939350117988731e+00
-4.558473402401575392e+00
-4.755352414359023783e+00
-4.452298066262810217e+00
-4.606913574500847375e+00
-4.476981164140114267e+00
-4.391633890004688290e+00
-4.503352932301362799e+00
-4.449092549892664117e+00
-4.383659158903633113e+00
-2.491760933194191896e+00
-2.490206838605247608e+00
-9.876148663638451008e-01
-1.443652531521780524e+00
-3.941056227001904055e+00
-2.636894119987939877e+00
