-2.460940894458570671e+00
-2.429192776544816468e+00
-2.394942928134883964e+00
-1.957411834876571222e+00
-2.552037368124635996e+00
-2.550571429562120684e+00
-2.572634981154332756e+00
-2.584011182718108035e+00
-2.589322070198859294e+00
-2.596922704227620393e+00
-2.539410626285031558e+00
-2.553463969072285789e+00
-1.935411811090032463e+00
-1.958372671224894335e+00
-1.940729673801059096e+00
-1.978737292215127175e+00
-1.955837576739475558e+00
-1.955958741434892012e+00
-1.944875272534735133e+00
-1.966862483184222299e+00
-1.970547409351813162e+00
-1.974859104675332766e+00
-1.952243249213977405e+00
-2.412814627907616583e+00
-2.454945930909615992e+00
-2.452854548524565192e+00
-2.470274196258031463e+00
-1.948899028554521795e+00
-2.458747236864749386e+00
-2.465470489506184304e+00
-2.455551507124660304e+00
-2.412892618871831374e+00
-2.450501861040415452e+00
-1.950842367082051387e+00
-2.482044421461336636e+00
-2.469922240450784123e+00
-2.450843058048303380e+00
-1.923933882059645439e+00
-2.953909722377694891e+00
-3.014676726951137198e+00
-3.101245970738379931e+00
-2.889150869467385974e+00
-2.995177785421172523e+00
-3.187080939582824790e+00
-2.978059237011746685e+00
-3.102477737176741801e+00
-3.053809515124894514e+00
-3.099900213948443728e+00
-3.014509024617779254e+00
-2.986109309012398683e+00
-2.845552865633143025e+00
-2.845999698746088491e+00
-2.885484829827613673e+00
-2.929395234992822949e+00
-2.813167538918952548e+00
-2.834649278039502729e+00
-2.860104985588767690e+00
-2.899388781037497420e+00
-3.030050375928991180e+00
-3.194595233899209408e+00
-3.198224785696083039e+00
-3.251913343454972960e+00
-3.154120994925819765e+00
-3.088132803341974597e+00
-3.088191695357208832e+00
-3.081025184367542913e+00
-3.079140498457175301e+00
-3.086754319075365682e+00
-3.109329777103836623e+00
-3.077054858938720994e+00
-3.207329962048742988e+00
-3.075750133027713051e+00
-3.120849238830918804e+00
-3.171127279087609718e+00
-3.091523698137213394e+00
-3.351428398009020260e+00
-3.272080109216914057e+00
-3.265691477378308782e+00
-3.275506355120094248e+00
-3.283103684603796868e+00
-3.268659982489249050e+00
-3.169219525346038679e+00
-3.271980855197765159e+00
-3.257678029287889743e+00
-3.271007179075045901e+00
-3.198825077778361337e+00
-3.184066397147403471e+00
-3.196035572002239533e+00
-3.191615949789246454e+00
-2.953172949490542543e+00
-3.098861219939112122e+00
-3.504481838845291186e+00
-2.763085075534157831e+00
-3.001166687420886880e+00
-3.149401016559556066e+00
-3.228878009304650742e+00
-3.234132670238894836e+00
-3.062618349053720213e+00
-2.919262916980096101e+00
-2.920487385858690832e+00
-2.856141893422717626e+00
-2.889081122556071080e+00
-2.840744224681380548e+00
-2.899904717544135035e+00
-2.884043629199897651e+00
-2.952508729210001182e+00
-2.882704137416952417e+00
-2.968326945350568735e+00
-2.946964273340395124e+00
-3.008604957614419373e+00
-3.022734017477143098e+00
-3.012262287289002582e+00
-2.953591687794705489e+00
-2.968366148466398791e+00
-2.851358475730641828e+00
-2.840532835162248304e+00
-2.858082539480171214e+00
-2.936491600953476055e+00
-2.929627918740584036e+00
-2.970145273496738181e+00
-2.990392147839681325e+00
-3.007150550547530887e+00
-1.997986987679697402e+00
-1.975534936852484158e+00
-1.967795409295518105e+00
-2.102171356531169710e+00
-2.112966707143983935e+00
-2.116491264495750535e+00
-1.686818997975318091e+00
-1.683678429959207801e+00
-1.695319180478503718e+00
-1.693311848164632538e+00
-4.222402721872678732e+00
-4.218496665558351566e+00
-4.071884143858758520e+00
-2.509883118937010327e+00
-2.535844624319729235e+00
-1.542226905121971914e+00
-1.514958039440503335e+00
-1.443659827661555095e+00
-1.511733281664011663e+00
-2.054069662368062321e+00
-1.953650097688405252e+00
-1.881189494121491501e+00
-1.869578400636858317e+00
-2.054848734164026691e+00
-2.042842199564872896e+00
-2.014009378769733960e+00
-2.472817748967107487e+00
-2.433285127142817750e+00
-2.407167951689161534e+00
-2.540097656073848409e+00
-3.003485670975422295e+00
-3.075837678894234539e+00
-2.947795558227553236e+00
-2.210075672637298982e+00
-2.196441524952156943e+00
-2.238017020058796547e+00
-2.947026897453286054e+00
-3.103979614965547196e+00
-3.527603654167373648e+00
-2.780822733273793812e+00
-3.020631897530083432e+00
-2.596280354870553975e+00
-2.555907982816085333e+00
-2.576257867308326066e+00
-2.583091065093732208e+00
-2.589422808693595535e+00
-3.122761332518433353e+00
-3.115252821042945985e+00
-1.695814964799118085e+00
-2.236980471852894947e+00
-1.710471874503288081e+00
-1.697269087150772293e+00
-1.712208447897357377e+00
-2.531059123655907239e+00
-1.933524367260902155e+00
-1.965564544405309144e+00
-1.980589351061194936e+00
-1.977667003751842012e+00
-1.987190245868996952e+00
-1.961319002404417366e+00
-1.962083109391329128e+00
-1.940893972262522471e+00
-1.947912911991660945e+00
-1.840860734239603502e+00
-1.903445904290233193e+00
-1.909506691545505008e+00
-1.869865205488404181e+00
-1.910828948311149356e+00
-1.885552342045556662e+00
-1.869766655580383796e+00
-1.863843538641699604e+00
-1.915647387938744561e+00
-1.903059933651060964e+00
-1.929473632533318384e+00
-1.950460602305071012e+00
-1.505473787193786883e+00
-1.613397146111972269e+00
-1.559738977855350539e+00
-1.537713270336771076e+00
-1.578654719505323101e+00
-1.458145048102583274e+00
-1.539523258859804677e+00
-1.966265097818965746e+00
-1.919904686810573802e+00
-1.928720167127453200e+00
-1.940392069013813447e+00
-1.969272706905424108e+00
-1.930173638595096719e+00
-1.971614285262071498e+00
-1.948550548525679993e+00
-1.944724219753442007e+00
-2.444728985776278840e+00
-2.393407639650329433e+00
-2.396895284116880465e+00
-2.402029233037684897e+00
-1.960091529149607936e+00
-2.446826571490080759e+00
-2.457814011898872941e+00
-2.407901182635400872e+00
-2.368912117337211853e+00
-2.283643651683713749e+00
-2.382044592376685532e+00
-2.378441322299687410e+00
-2.425504386715386484e+00
-2.425311502063528746e+00
-2.235834332438610961e+00
-2.248599831198219601e+00
-2.232746997436869663e+00
-2.233761596146934370e+00
-2.241088127681774012e+00
-1.770695420740510562e+00
-1.772286937063175083e+00
-1.743170582595502838e+00
-2.256106307131692024e+00
-2.275924294279321192e+00
-2.226906536330914843e+00
-2.415303452712399324e+00
-2.196907835688200805e+00
-2.360229363116071788e+00
-2.401646388679200328e+00
-2.001806133033650070e+00
-1.992148860858403037e+00
-1.931267963787301367e+00
-1.965758825464289261e+00
-2.307118294614837417e+00
-2.435867327219231271e+00
-2.307137217364835902e+00
-2.183593560907349573e+00
-2.403069243205998795e+00
-2.280702567955589455e+00
-2.248520935527365872e+00
-2.261498466292440668e+00
-1.977982539012382857e+00
-1.933893476425101898e+00
-1.953965001390203904e+00
-1.947692180809643903e+00
-1.951229906308481477e+00
-2.353911572753911052e+00
-2.361790286530856431e+00
-2.359560317749775926e+00
-2.352653512103763944e+00
-1.961319492590706259e+00
-1.931376905254165610e+00
-1.969532195388994600e+00
-1.937465515494671831e+00
-1.958774688417864951e+00
-1.954430677690257578e+00
-2.340669678378081375e+00
-2.332796224998540335e+00
-1.931875346589621234e+00
-1.963988728932631433e+00
-1.943047321737450650e+00
-3.022385834212929723e+00
-2.926478678013559431e+00
-3.045057470383715881e+00
-2.903419443631519492e+00
-2.932209233641096535e+00
-2.931140852315958334e+00
-2.913775300438249172e+00
-2.925368614111237164e+00
-2.005138125877221622e+00
-2.235178722539203910e+00
-1.712268691179193114e+00
-2.074277128946848237e+00
-4.207557372615908342e+00
-4.170064206344350488e+00
-4.153379510779965145e+00
-4.176656922247919290e+00
-3.311274322358654931e+00
-3.224775777437447477e+00
-2.946811933861543054e+00
-3.024216215754709225e+00
-3.005151375579721673e+00
-2.911916614639775691e+00
-2.960975873263141711e+00
-3.163944207407638487e+00
-3.217830009445808326e+00
-3.204625495086705023e+00
-3.204604733822930207e+00
-3.069259148941815507e+00
-3.088558351776244937e+00
-3.071595732302808912e+00
-3.276112169234297156e+00
-2.211038499134046820e+00
-2.006984512723689384e+00
-1.968652722098538810e+00
-2.023163415113979013e+00
-1.899408579433955246e+00
-2.182664766965755287e+00
-2.179363966359835647e+00
-2.306033736480928908e+00
-2.677321188556232467e+00
-2.610658973509197622e+00
-2.676739501467180204e+00
-2.628977545778380165e+00
-2.582579473107196932e+00
-2.010451326950863482e+00
-2.026080092997168070e+00
-2.062247695771890044e+00
-1.990905529513560035e+00
-1.982262598660591513e+00
-1.994035756160039030e+00
-2.517524570798835626e+00
-2.433821903453687874e+00
-1.962001994400156768e+00
-2.058119143075777924e+00
-2.261604372602640911e+00
-2.256368809217437654e+00
-2.309498168121275175e+00
-2.112689980371861953e+00
-2.080476060653327686e+00
-2.472283943953455854e+00
-2.053699377159288630e+00
-2.021338120409604144e+00
-1.987611206482048809e+00
-2.114320483163938835e+00
-2.221819098300065853e+00
-2.330456962067639193e+00
-2.080604416429259640e+00
-2.065488620921824392e+00
-1.614040942705242232e+00
-1.637788386184248157e+00
-1.626901271377242386e+00
-1.636586382728558720e+00
-1.598515873705004919e+00
-1.610703328148210822e+00
-1.739723954701996922e+00
-1.726866063544144847e+00
-1.769402996576089349e+00
-1.725899257556769317e+00
-1.731882459179348466e+00
-1.753570646733552341e+00
-1.736598906124497965e+00
-1.726611186854571045e+00
-1.729098725427995253e+00
-1.750939965371965279e+00
