-5.434935407528563189e+00
-5.387807394898668001e+00
-5.321040763872419532e+00
-5.136687150852925932e+00
-5.458855770895650217e+00
-5.461592714241870539e+00
-5.500962715150300220e+00
-5.477130123423695096e+00
-5.494682216319606738e+00
-5.510069574121745362e+00
-5.504912010275693213e+00
-5.467412287455381659e+00
-5.113845482724117097e+00
-5.127885272528118321e+00
-5.122270214319221360e+00
-5.133644562094457520e+00
-5.147356434841044326e+00
-5.140343002995113153e+00
-5.126440940896110909e+00
-5.131222511415067800e+00
-5.153694516918362112e+00
-5.162119293668875564e+00
-5.130332028954461165e+00
-5.392660086736817959e+00
-5.428484629642446713e+00
-5.471928676227370225e+00
-5.510985962817685824e+00
-5.061889599203005297e+00
-5.410803543095609847e+00
-5.430411408791749217e+00
-5.364336976493889075e+00
-5.324123803030954782e+00
-5.385978309038987888e+00
-5.160571144340984517e+00
-5.423589378693747243e+00
-5.443014248304586467e+00
-5.412618198657757063e+00
-5.120601268992115429e+00
-5.501723456611925300e+00
-5.549701417460099151e+00
-5.722687899459167227e+00
-5.420597415394256657e+00
-5.521870766965486510e+00
-5.697007920040007889e+00
-5.520096167975370172e+00
-5.544974658801822720e+00
-5.474707302505545492e+00
-5.528781796272368432e+00
-5.566289438200054285e+00
-5.713935378465596848e+00
-5.480615670944324336e+00
-5.469763607228962599e+00
-5.536495691797679974e+00
-5.588865144163832177e+00
-5.448437875270391473e+00
-5.480077207087246549e+00
-5.500385891222000723e+00
-5.544829281285489131e+00
-5.582370109370628164e+00
-5.661053639151504946e+00
-5.653682828714379660e+00
-5.746137622462076600e+00
-5.744183345405933672e+00
-5.647983371449811330e+00
-5.641869633879339041e+00
-5.631510198761426444e+00
-5.630573300749716736e+00
-5.643113904290466110e+00
-5.668766302348273278e+00
-5.623531395798739396e+00
-5.669876304492377450e+00
-5.626965671581584338e+00
-5.681708010196531156e+00
-5.618729600632661914e+00
-5.650354315238460323e+00
-5.748636644415641150e+00
-5.638935682894798518e+00
-5.627502212112712066e+00
-5.637485156502846095e+00
-5.650804852597317129e+00
-5.636223631798797484e+00
-5.629968596941179015e+00
-5.631441381205631203e+00
-5.623087705830637439e+00
-5.630934798853147072e+00
-5.655588992680915084e+00
-5.641702523936521274e+00
-5.657868461970736895e+00
-5.646946300326497692e+00
-5.732017623632225778e+00
-5.718222297168433776e+00
-5.735003336736463453e+00
-5.659928243235125223e+00
-5.707433040074327835e+00
-5.704414623134161921e+00
-5.715872587327515575e+00
-5.704859697446484468e+00
-5.687265450523751653e+00
-5.509049359302414572e+00
-5.577055681224972083e+00
-5.532893982529068388e+00
-5.562040508597252852e+00
-5.508768089255629441e+00
-5.543513761644767612e+00
-5.511903308763505649e+00
-5.566820995672524752e+00
-5.631657413990028616e+00
-5.514063170076383358e+00
-5.466449835529740398e+00
-5.503478849123642824e+00
-5.522578029046345094e+00
-5.495424608085509810e+00
-5.473360190605013109e+00
-5.535808240863762997e+00
-5.480555614639010642e+00
-5.540070714841913713e+00
-5.529943902941415246e+00
-5.596124781122522762e+00
-5.546370671412806708e+00
-5.540488441126671049e+00
-5.509832068545200912e+00
-5.532903730719986868e+00
-4.742058144167667244e+00
-4.655734957839497312e+00
-4.610176036788264042e+00
-4.827007427881251367e+00
-4.785020846245497061e+00
-4.744344033137281258e+00
-5.067660218948456752e+00
-5.077214998889619579e+00
-5.044711726293218845e+00
-5.103302944285081466e+00
-4.668160440934445710e+00
-4.717598936098764462e+00
-4.616142345740452235e+00
-4.682839169583015604e+00
-4.768270830592690857e+00
-4.661850192539166216e+00
-4.655972663287932356e+00
-4.641343386676762606e+00
-4.629532831697429351e+00
-4.730753922228360331e+00
-4.640716370271914748e+00
-4.617438072164997465e+00
-4.614509092355768338e+00
-4.718723235013073669e+00
-4.711882687139965498e+00
-4.742572875443310743e+00
-5.495597459440409338e+00
-5.445398516329380101e+00
-5.384617336811469812e+00
-5.510515283706011402e+00
-5.664390422942422454e+00
-5.715788092890438321e+00
-5.594622068432850703e+00
-5.148378932378633976e+00
-5.210302226934547143e+00
-5.231664564037934895e+00
-5.759174949487473327e+00
-5.773437108924648342e+00
-5.779158254268101480e+00
-5.736522576868029688e+00
-5.766783676802963221e+00
-5.540558703895685611e+00
-5.515453444180980824e+00
-5.544723452384942242e+00
-5.521240258402963619e+00
-5.539680935901957426e+00
-5.660112586555523073e+00
-5.731623751114349297e+00
-5.295321364751434778e+00
-5.229779096520535298e+00
-5.280161817834438054e+00
-5.309046046645598871e+00
-5.333026446404773857e+00
-5.513405672202411623e+00
-5.294815017432974003e+00
-5.337496456174439352e+00
-5.348222113867267424e+00
-5.340257553367909082e+00
-5.334893236111333259e+00
-5.308110089486045347e+00
-5.317457745173872929e+00
-5.305163394051072956e+00
-5.311711682826378400e+00
-4.722389907784843466e+00
-4.740438493590469982e+00
-4.713217624774947545e+00
-4.722326021738793678e+00
-4.733357129338291891e+00
-4.721833756250546799e+00
-4.710873351900951356e+00
-4.725022632874829931e+00
-4.734500694449781832e+00
-4.722052974666047120e+00
-4.734579806288287784e+00
-4.698936038169160945e+00
-4.698071332934381950e+00
-4.719481845717551138e+00
-4.701095207606432069e+00
-4.710453842012737091e+00
-4.697243628271762006e+00
-4.687433420273175777e+00
-4.702641360569752571e+00
-5.200624525269177845e+00
-5.143065975809244961e+00
-5.151864667872825265e+00
-5.140548394197542059e+00
-5.172074306975658509e+00
-5.174111453997289445e+00
-5.197555506634762956e+00
-5.167060935653765341e+00
-5.165234701403935702e+00
-5.383218427010265650e+00
-5.337801280735785525e+00
-5.322768664262511606e+00
-5.323763293387744788e+00
-5.282200007544971321e+00
-5.395138564262191849e+00
-5.381622892871519070e+00
-5.319915210436882980e+00
-5.291321109378089638e+00
-5.103068479533876101e+00
-5.258527619110131113e+00
-5.231444511062657732e+00
-5.342549401067016923e+00
-5.302064075065540116e+00
-4.884418271877900786e+00
-4.857968369199869407e+00
-4.862142243745018355e+00
-4.878475522549289067e+00
-4.877260717592256434e+00
-4.782050952026320800e+00
-4.740987333618189581e+00
-4.743480373299735930e+00
-4.885048717940592589e+00
-4.880080124579470713e+00
-4.958987203915805608e+00
-5.268521545567834252e+00
-4.924114569627234594e+00
-5.272361668954682834e+00
-5.278495088185061412e+00
-5.204995757772093334e+00
-5.157404313506630977e+00
-4.916740860850757677e+00
-5.199820552293504150e+00
-4.964664023273837046e+00
-5.338531085188034098e+00
-4.942378034269829357e+00
-4.898358433374371046e+00
-5.312508601956671406e+00
-4.936411501225900444e+00
-4.931884382364821739e+00
-4.959292020249940869e+00
-5.245276413787260061e+00
-5.234248056510008240e+00
-5.248034388695155705e+00
-5.222941477305059088e+00
-5.143829561394822392e+00
-5.248690964918990787e+00
-5.250388150901323492e+00
-5.231326004313800127e+00
-5.233868411628709971e+00
-5.120841006418064723e+00
-5.082431384005215769e+00
-5.142560468646120597e+00
-5.137484118449981985e+00
-5.157523572781486543e+00
-5.125943965458989560e+00
-5.260194962731929991e+00
-5.229644263769351653e+00
-5.108842992583237930e+00
-5.143681196579660053e+00
-5.111980337167597810e+00
-5.553971893995356623e+00
-5.554206194631198912e+00
-5.571656533211947426e+00
-5.559721797958746770e+00
-5.572291499835774431e+00
-5.561651980085739133e+00
-5.532759442108121206e+00
-5.564112670213416934e+00
-4.738096989629369205e+00
-4.745212506703532895e+00
-5.093209012536418001e+00
-4.721000773798656347e+00
-4.666026231475008501e+00
-4.731216516038529996e+00
-4.589855424685181262e+00
-4.679197022659411509e+00
-5.677143584648264962e+00
-5.644318032500928339e+00
-5.511082404827517323e+00
-5.559883100149307644e+00
-5.537907398132198900e+00
-5.507038263939096900e+00
-5.536528578190189620e+00
-5.620793895128662676e+00
-5.688718551576553040e+00
-5.669704281077970975e+00
-5.670386665052039810e+00
-5.632568629472986643e+00
-5.649684013570122509e+00
-5.634327383820459723e+00
-5.639817504831027506e+00
-4.757302420301586565e+00
-4.755848696441817403e+00
-4.731622520107176655e+00
-4.734517871129494182e+00
-4.739783714832595862e+00
-4.720710550503707914e+00
-4.732830216379623423e+00
-4.735433526731416265e+00
-4.774087124843386931e+00
-4.781063079664839677e+00
-4.799698634180143308e+00
-4.770373677018145742e+00
-4.782842320631759847e+00
-4.734662564197247292e+00
-4.745549378613663549e+00
-4.816482273810047232e+00
-4.701857516563554107e+00
-4.821107662528818061e+00
-4.846575535830833559e+00
-4.804244747036651830e+00
-4.801541664322702019e+00
-4.755681715016667255e+00
-4.778688296397664459e+00
-4.798210030924733083e+00
-4.787803126673932042e+00
-4.765068738070649346e+00
-4.800197137011035231e+00
-4.825065161100342337e+00
-4.812429598134371211e+00
-4.804810120314186861e+00
-4.815803404161798973e+00
-4.824721176928489896e+00
-4.797519634400032373e+00
-4.805209308145645508e+00
-4.823278970614864214e+00
-4.828494819810423166e+00
-4.848398296471565949e+00
-5.096279338522535340e+00
-5.100276757199966760e+00
-5.095133401581710686e+00
-5.088976429613471630e+00
-5.091337130917105824e+00
-5.101152677352500220e+00
-5.294627443202434947e+00
-5.289138112599122366e+00
-5.288801917365502092e+00
-5.284011337414208143e+00
-5.290129561549793635e+00
-5.291019790207689866e+00
-5.286191280667158487e+00
-5.288197705954961414e+00
-5.283977253669785767e+00
-5.286173853289039215e+00
