-5.435250936546271561e+00
-5.389626166960369780e+00
-5.316020933184895547e+00
-5.133749791406326146e+00
-5.460220155701048128e+00
-5.463388406653629126e+00
-5.502173859165498726e+00
-5.479511253279159000e+00
-5.498388806399416850e+00
-5.510832822046086932e+00
-5.507165199198618133e+00
-5.467674431267762536e+00
-5.111650475111408909e+00
-5.126885310085590675e+00
-5.115348100272293586e+00
-5.126308118066625674e+00
-5.144282230484165552e+00
-5.137896008925985747e+00
-5.124358294730242847e+00
-5.127538227132742321e+00
-5.148114021731906575e+00
-5.158981646221145745e+00
-5.127958900215030091e+00
-5.395194150207599293e+00
-5.431667526988347205e+00
-5.475344569270267137e+00
-5.511780059957892774e+00
-5.054928020436901370e+00
-5.409441497444284153e+00
-5.434686901069601284e+00
-5.364850331632502467e+00
-5.327126663007247132e+00
-5.386755100979566002e+00
-5.156394658447373658e+00
-5.426283469674565652e+00
-5.444376101128781897e+00
-5.413439737621267511e+00
-5.124961174541713405e+00
-5.499597020987240015e+00
-5.546126065107478631e+00
-5.721064150151145888e+00
-5.419861181362012559e+00
-5.521501064946879644e+00
-5.696602197955675351e+00
-5.518707835675285445e+00
-5.544221161251063457e+00
-5.476014011187576358e+00
-5.528246887145084720e+00
-5.564988572273859901e+00
-5.711301378868196998e+00
-5.479207265116006198e+00
-5.468156699111163199e+00
-5.536888887152900729e+00
-5.587021852080870765e+00
-5.445437519466437060e+00
-5.478372134056542997e+00
-5.498560110967679826e+00
-5.541844127811619281e+00
-5.580841162398433752e+00
-5.660660947865652659e+00
-5.652464273604803857e+00
-5.746189225446577176e+00
-5.743843986164359983e+00
-5.645817606109337916e+00
-5.640002148636562573e+00
-5.626956169850778622e+00
-5.627783525767698691e+00
-5.641139844814771820e+00
-5.667535727338355755e+00
-5.622414148168873638e+00
-5.669632368079328799e+00
-5.624706464778031823e+00
-5.681161371751624500e+00
-5.618490410370521104e+00
-5.647941903881888770e+00
-5.749429902378282442e+00
-5.640583294504965650e+00
-5.627813866495669615e+00
-5.637173491174003459e+00
-5.651657824555987197e+00
-5.634723686880443339e+00
-5.628881793372382703e+00
-5.631448544196305583e+00
-5.623670999390712133e+00
-5.630080693425147942e+00
-5.653613393878404558e+00
-5.641831370241102483e+00
-5.657665342835224820e+00
-5.647458903481395787e+00
-5.727335732622273134e+00
-5.714589016951369338e+00
-5.732844820807228459e+00
-5.654139252253054693e+00
-5.704131922557433398e+00
-5.700996453823033328e+00
-5.713296413014799846e+00
-5.702609095029907316e+00
-5.684777766442778102e+00
-5.508807399055180909e+00
-5.576297013084272614e+00
-5.531991773235680476e+00
-5.561633141744023234e+00
-5.507415953393502761e+00
-5.542327360609238696e+00
-5.510729803057570209e+00
-5.565820775843984158e+00
-5.629934179750094358e+00
-5.514227442511359989e+00
-5.469390219212391102e+00
-5.506078930287816142e+00
-5.524972513905476390e+00
-5.499352338101052062e+00
-5.474789430740258034e+00
-5.534846626318852714e+00
-5.479904657679530722e+00
-5.540829747124523585e+00
-5.527638844853198563e+00
-5.594614460027938385e+00
-5.546621473544139924e+00
-5.541170824856068045e+00
-5.510560329133050494e+00
-5.534420770356685892e+00
-4.739888417404760190e+00
-4.658232115765843950e+00
-4.614782352606844995e+00
-4.824914811473526299e+00
-4.785943456777030924e+00
-4.743156521024722849e+00
-5.064409865745099992e+00
-5.073281485003196423e+00
-5.038896697005586844e+00
-5.097536170287681578e+00
-4.714059503015151975e+00
-4.730573782533657123e+00
-4.636088165110214376e+00
-4.687192314847529850e+00
-4.776968771438086847e+00
-4.662253446977324245e+00
-4.655290864713516719e+00
-4.639427928186599992e+00
-4.625472914051879769e+00
-4.725697243873191233e+00
-4.633331050447494270e+00
-4.616478106651094038e+00
-4.616597698890531731e+00
-4.719756753311999731e+00
-4.708582103065855229e+00
-4.739889004772583903e+00
-5.491959762325818950e+00
-5.444164986217572277e+00
-5.380195971528205945e+00
-5.509259468441576324e+00
-5.661813874938952829e+00
-5.713419165925150978e+00
-5.593225702098751917e+00
-5.141746309568439699e+00
-5.206807197130108200e+00
-5.227594211352582398e+00
-5.754142785739070121e+00
-5.769265119201696379e+00
-5.776772956514938606e+00
-5.729762939547558886e+00
-5.763260101845546046e+00
-5.539989150198456613e+00
-5.516040218296714315e+00
-5.544733924784576828e+00
-5.520802845757644128e+00
-5.539927405297545349e+00
-5.659686193089656037e+00
-5.728775827312639457e+00
-5.291718064637781715e+00
-5.228939279038985255e+00
-5.279779700759065442e+00
-5.305949367930046456e+00
-5.327734427279565921e+00
-5.511673921179884417e+00
-5.293792419261961868e+00
-5.332596734568165076e+00
-5.342996570580615057e+00
-5.335198238482824706e+00
-5.331070745039841796e+00
-5.303354949879321545e+00
-5.312163416569320340e+00
-5.300498288789626145e+00
-5.307796063170070688e+00
-4.717865826121309780e+00
-4.734908031024237296e+00
-4.711821994378590617e+00
-4.718434371527591153e+00
-4.730418655284019280e+00
-4.725409641046993237e+00
-4.708868029657431009e+00
-4.726492029522181504e+00
-4.733614504780054411e+00
-4.718812359567289505e+00
-4.732577189655175154e+00
-4.694068639672386745e+00
-4.697361776992192262e+00
-4.716049210812707670e+00
-4.696122936658613689e+00
-4.706420330644997208e+00
-4.694575277741471986e+00
-4.687509667078283648e+00
-4.694593510595391095e+00
-5.198544880190277162e+00
-5.120234012042606864e+00
-5.137490425890105072e+00
-5.115958601728535449e+00
-5.154006828308193455e+00
-5.168078172880440135e+00
-5.186889097745166488e+00
-5.154771272900427803e+00
-5.163292465976808465e+00
-5.381399004029979061e+00
-5.334701604906440409e+00
-5.320415772064247761e+00
-5.321168547095827428e+00
-5.276929841082593775e+00
-5.395085631061072640e+00
-5.381713311383266252e+00
-5.319861447208142913e+00
-5.287708066288631770e+00
-5.098191714539513697e+00
-5.257704641590847494e+00
-5.227769808367718873e+00
-5.339141514898697594e+00
-5.298692135678869874e+00
-4.878988052216667981e+00
-4.858078593767015008e+00
-4.860474723308426448e+00
-4.866053328620625784e+00
-4.869116831354772579e+00
-4.772872298461176221e+00
-4.699282829612236867e+00
-4.719174801690979137e+00
-4.876997970771174806e+00
-4.872844080891872487e+00
-4.949587685251534808e+00
-5.263434610071963782e+00
-4.917415799043717506e+00
-5.269785710927718192e+00
-5.274812571620633328e+00
-5.202827822979386951e+00
-5.156748006876799018e+00
-4.910193647997519228e+00
-5.198285058549028115e+00
-4.957327718343472966e+00
-5.337035652524682483e+00
-4.945786190476378685e+00
-4.898935646508898678e+00
-5.309131426079624738e+00
-4.938038635765615858e+00
-4.931842485577940138e+00
-4.958575979689793911e+00
-5.247239317485934862e+00
-5.235315052884216058e+00
-5.244329170867433554e+00
-5.222722394203466401e+00
-5.142358213699978364e+00
-5.243278975292267496e+00
-5.243483994832528694e+00
-5.226904685070683065e+00
-5.230003118676260776e+00
-5.115782855775142579e+00
-5.068760237691071424e+00
-5.141172147150430582e+00
-5.139496535377179320e+00
-5.153874345750511843e+00
-5.124498325171874313e+00
-5.252452191868005826e+00
-5.224128519843758589e+00
-5.109707756946106905e+00
-5.140335756039998927e+00
-5.113322085091329683e+00
-5.551077545675044078e+00
-5.547480190336530725e+00
-5.567850234715725044e+00
-5.555474981014686620e+00
-5.567669005702869711e+00
-5.553902809398722162e+00
-5.529062443857041487e+00
-5.558381924832337617e+00
-4.739276625201526372e+00
-4.750731640171487413e+00
-5.087790918018620268e+00
-4.720276587499423471e+00
-4.706252384720435167e+00
-4.773486024787287896e+00
-4.655854157296148266e+00
-4.706629009896061255e+00
-5.672877880358463187e+00
-5.641210500788985449e+00
-5.509283025333369999e+00
-5.560672727682538508e+00
-5.538560667048599839e+00
-5.504860906077786886e+00
-5.535350499014412229e+00
-5.613760462532012774e+00
-5.687165609103963959e+00
-5.667433867932629710e+00
-5.668301896518615379e+00
-5.629195420735390698e+00
-5.644744384494623901e+00
-5.631129370008732593e+00
-5.634423833010515636e+00
-4.758096352425388531e+00
-4.760185353612154557e+00
-4.729336651857831697e+00
-4.736975478156637109e+00
-4.738728035861657695e+00
-4.723100610933394172e+00
-4.731058880990062221e+00
-4.740684602775149692e+00
-4.784898548159264742e+00
-4.793358495329690605e+00
-4.803932689113478816e+00
-4.776641577701521868e+00
-4.783409809789356260e+00
-4.731168059958745786e+00
-4.744326923380127958e+00
-4.810352056577574587e+00
-4.702980796710829026e+00
-4.821004471347173137e+00
-4.841797006747889931e+00
-4.811873903072171998e+00
-4.807069807780831816e+00
-4.746915336744502056e+00
-4.778491648625870170e+00
-4.802547958937315897e+00
-4.791949734453356591e+00
-4.769605558340491491e+00
-4.798413912264280157e+00
-4.824975094138142850e+00
-4.816891646693987283e+00
-4.801164061037733966e+00
-4.816449532743797057e+00
-4.828766089263159422e+00
-4.796813832700259184e+00
-4.809413606244158146e+00
-4.824256451594312267e+00
-4.825531920319395596e+00
-4.844084473682573666e+00
-5.112695319326094001e+00
-5.118434385106792384e+00
-5.111515354861460914e+00
-5.106113500144044082e+00
-5.110311608131985039e+00
-5.117680660056332265e+00
-5.292754864706569862e+00
-5.289077876718404347e+00
-5.288093608234818888e+00
-5.284995668543854386e+00
-5.289302831568972074e+00
-5.290192750520192888e+00
-5.285421443034627131e+00
-5.287735382838185672e+00
-5.282495168912738848e+00
-5.285432902433332636e+00
