-5.433359003136732035e+00
-5.387148186858542687e+00
-5.320848343195849317e+00
-5.136527316361158668e+00
-5.458295377170112594e+00
-5.461230001218697616e+00
-5.499550701751711124e+00
-5.475989144354947769e+00
-5.493439616081162491e+00
-5.508551493732336546e+00
-5.504331302969795559e+00
-5.466258275756916696e+00
-5.113254692734421347e+00
-5.130416198572390840e+00
-5.122902564540255277e+00
-5.132183485663786904e+00
-5.147322057101721526e+00
-5.138835667356524972e+00
-5.126393641415335267e+00
-5.130884861915721018e+00
-5.152482393699475693e+00
-5.160670153968961671e+00
-5.130604777312850473e+00
-5.393543632376491814e+00
-5.427998294410768310e+00
-5.470855785490670975e+00
-5.508682786573136703e+00
-5.055802787790482533e+00
-5.410347054848562820e+00
-5.430825869824812635e+00
-5.365332163788498754e+00
-5.326116406895152089e+00
-5.386194094746212357e+00
-5.161689294559628216e+00
-5.422757979631869674e+00
-5.442133131030534976e+00
-5.411858568500940159e+00
-5.122499956450418779e+00
-5.498379213748486372e+00
-5.547500330874085783e+00
-5.719931871562224934e+00
-5.419006805128323556e+00
-5.520289337612026337e+00
-5.694304945522223882e+00
-5.517620372916502092e+00
-5.543110446688927162e+00
-5.472920134486740196e+00
-5.527583063525828067e+00
-5.564758980892955620e+00
-5.710728271478588525e+00
-5.477436920564430878e+00
-5.466900833253622416e+00
-5.533849713022342520e+00
-5.586259620580921847e+00
-5.445038499832856260e+00
-5.477801392694468419e+00
-5.497525712892421978e+00
-5.541322839842565351e+00
-5.579858380207375568e+00
-5.659472736697975570e+00
-5.652289855236539928e+00
-5.744688317979118608e+00
-5.742583827479591285e+00
-5.645610908340317202e+00
-5.639996415451556722e+00
-5.630150122930436041e+00
-5.630165076891167075e+00
-5.642337216419550217e+00
-5.666437632479608411e+00
-5.625037407232791331e+00
-5.668363105349561337e+00
-5.625540878360989261e+00
-5.680568561338217748e+00
-5.616674641851548522e+00
-5.648590960013300410e+00
-5.747824541100073681e+00
-5.637989187913923672e+00
-5.625582371893921518e+00
-5.635397207753098492e+00
-5.649080992031748849e+00
-5.634741919174031999e+00
-5.627880264492169715e+00
-5.631280730389856437e+00
-5.621578676264403107e+00
-5.629670995304731029e+00
-5.656410426937846125e+00
-5.641762035330182279e+00
-5.656387983275684483e+00
-5.647230360067436727e+00
-5.729596329029805091e+00
-5.716107349763261958e+00
-5.734450658347277852e+00
-5.657654711762369892e+00
-5.704937456037118437e+00
-5.702255920955859203e+00
-5.714271213678520311e+00
-5.703266809388767733e+00
-5.685324360216977624e+00
-5.505546429064292369e+00
-5.573433326965041346e+00
-5.528975764820616590e+00
-5.558481031146337514e+00
-5.505182692548738821e+00
-5.538758093097982282e+00
-5.508140076307591393e+00
-5.563064957028458934e+00
-5.627312192834398097e+00
-5.511953903962245604e+00
-5.464709813755405321e+00
-5.503641217027801069e+00
-5.521688135463888258e+00
-5.493891901223151741e+00
-5.471114805798906744e+00
-5.531702354955339018e+00
-5.477390759071487203e+00
-5.535592682578857726e+00
-5.526474122813892720e+00
-5.591759294175125738e+00
-5.542809319267729684e+00
-5.537769698733124635e+00
-5.509172396384645509e+00
-5.530040443277058237e+00
-4.744892752775800915e+00
-4.662256062516430433e+00
-4.613172045974374136e+00
-4.830149298267537361e+00
-4.786448007047496844e+00
-4.747588133414384792e+00
-5.067564354070098531e+00
-5.075697743574991705e+00
-5.043984815872424754e+00
-5.104633771458189528e+00
-4.688873997743831623e+00
-4.715382354932220466e+00
-4.629893396464811239e+00
-4.689757430267416538e+00
-4.781335521801530319e+00
-4.661988259547745983e+00
-4.653935722498581562e+00
-4.642284526541939016e+00
-4.633089290700798557e+00
-4.730288898396762143e+00
-4.643269515429913064e+00
-4.616998969355122107e+00
-4.619666511506167694e+00
-4.720746047814649238e+00
-4.714108563805306851e+00
-4.747349461223739020e+00
-5.492280263408434671e+00
-5.443550728486267865e+00
-5.383909500171978557e+00
-5.508381205412200110e+00
-5.662077575934699958e+00
-5.713694238955913107e+00
-5.592904825130808000e+00
-5.149206489426279454e+00
-5.210193879890547386e+00
-5.235394727953555538e+00
-5.756366151327460656e+00
-5.770858528787923269e+00
-5.778498082226890986e+00
-5.733428509672131135e+00
-5.764356405461624533e+00
-5.538483051033037619e+00
-5.512830529976159077e+00
-5.542463958396185220e+00
-5.519161599646568384e+00
-5.536697923853383330e+00
-5.657804607922998663e+00
-5.729902849418851751e+00
-5.291695303034184228e+00
-5.230569408785632035e+00
-5.278521900134357736e+00
-5.307971841631730747e+00
-5.332118816465211353e+00
-5.510368406156559651e+00
-5.293605459009610215e+00
-5.335009328909596782e+00
-5.346601800448622654e+00
-5.338305381284440543e+00
-5.332305021829792935e+00
-5.305850324101477611e+00
-5.315874627642351413e+00
-5.301899717864316131e+00
-5.309317003712083149e+00
-4.722253168578052218e+00
-4.742356519669933768e+00
-4.717674065681550566e+00
-4.724478103146110719e+00
-4.733609183266764830e+00
-4.726939438513443115e+00
-4.709006213623558423e+00
-4.730096905533407003e+00
-4.734930248713048684e+00
-4.723531132802072818e+00
-4.735795358366350349e+00
-4.697282014846687836e+00
-4.695667212748356967e+00
-4.717715614584053085e+00
-4.701054610520079002e+00
-4.710857745239591665e+00
-4.697118988135979833e+00
-4.687245658717698937e+00
-4.702240711100157178e+00
-5.198978876775099955e+00
-5.148675465667386320e+00
-5.157865464573645475e+00
-5.144762306212095737e+00
-5.178028101269549488e+00
-5.170533449912714907e+00
-5.200811262207261088e+00
-5.169973275414306180e+00
-5.164944425140337358e+00
-5.381377920835957340e+00
-5.335381433639309279e+00
-5.321230578673584510e+00
-5.322524559654057796e+00
-5.280044332130748863e+00
-5.392877371778277862e+00
-5.380027417559102076e+00
-5.317970442249920993e+00
-5.290897812923411436e+00
-5.108975859658078100e+00
-5.258913657229780547e+00
-5.232421949200902311e+00
-5.340546544659130923e+00
-5.301204310777891671e+00
-4.886344684084590995e+00
-4.862753728717066792e+00
-4.865017472010536359e+00
-4.877839634531289548e+00
-4.880490638549234816e+00
-4.779397895818055630e+00
-4.733342536872267026e+00
-4.738613532636892778e+00
-4.882171881537082037e+00
-4.875086217086574969e+00
-4.960151336841408742e+00
-5.271016197866036812e+00
-4.927561204446541332e+00
-5.273733211531035359e+00
-5.278566891586004672e+00
-5.205648373878648094e+00
-5.159918336639305103e+00
-4.918809992558186295e+00
-5.202014164378740979e+00
-4.967211057822240150e+00
-5.337023813773964953e+00
-4.940246717460067494e+00
-4.897096671420515079e+00
-5.311861995125252811e+00
-4.933392380347378037e+00
-4.930962845344610379e+00
-4.958455693263471353e+00
-5.244212488056924748e+00
-5.233266042502042303e+00
-5.247007324525681859e+00
-5.226206134130277015e+00
-5.144004192726397307e+00
-5.253332941546951851e+00
-5.256534167194008234e+00
-5.234858609457873513e+00
-5.241455491849919213e+00
-5.117782328183603013e+00
-5.073891285901561687e+00
-5.145457338847112538e+00
-5.139178849897983348e+00
-5.157107227913429348e+00
-5.124822477867724047e+00
-5.261164852834141925e+00
-5.235374050890074571e+00
-5.108803299720888091e+00
-5.144615709166064477e+00
-5.110187966106080282e+00
-5.548825807493430240e+00
-5.548673163505405626e+00
-5.572649554034219577e+00
-5.557498227527450041e+00
-5.566192101336145726e+00
-5.560848874274171294e+00
-5.525869299548721081e+00
-5.559190525477545997e+00
-4.742461467396585029e+00
-4.754490138321198600e+00
-5.093055374606218599e+00
-4.724359249788228965e+00
-4.675323592714248910e+00
-4.739471302928806473e+00
-4.599032190577665880e+00
-4.692568298626662582e+00
-5.673129945430016363e+00
-5.641903503144877874e+00
-5.510183001850770701e+00
-5.556961634511689674e+00
-5.537855515432291043e+00
-5.506153710959422298e+00
-5.535252502360165749e+00
-5.621258263440151559e+00
-5.687894858044061586e+00
-5.667899689592303503e+00
-5.668604283009807787e+00
-5.631031800159967737e+00
-5.647882836359561232e+00
-5.633008722163109994e+00
-5.641359708304469756e+00
-4.755934129138304378e+00
-4.756568550881842050e+00
-4.732700720196560518e+00
-4.735042348490058117e+00
-4.741321162810224088e+00
-4.726452800970055712e+00
-4.735159828830753703e+00
-4.739362074659370094e+00
-4.772133155916537639e+00
-4.789864957201248608e+00
-4.800250632131964679e+00
-4.776444352377853697e+00
-4.783495413711730038e+00
-4.731830251457852299e+00
-4.747389423802964359e+00
-4.817792334063495829e+00
-4.702308374013012937e+00
-4.821726114976879529e+00
-4.847548831652563450e+00
-4.806732533352382042e+00
-4.809549516168046601e+00
-4.755885853909491701e+00
-4.778963551851442837e+00
-4.802845150486569459e+00
-4.790803965105579820e+00
-4.769318696217784037e+00
-4.803139686570435885e+00
-4.828483350716663125e+00
-4.821388338945946650e+00
-4.808279435079231057e+00
-4.817989031879424289e+00
-4.826709307015612183e+00
-4.802347191881549904e+00
-4.810443632266250269e+00
-4.831553771510087358e+00
-4.831731455178857715e+00
-4.848836856741397305e+00
-5.097489196299618719e+00
-5.100242214830678300e+00
-5.095783045129720357e+00
-5.089978907864432855e+00
-5.092142660905900620e+00
-5.101743028519833523e+00
-5.291081053446360372e+00
-5.285870185466325921e+00
-5.286491730993597926e+00
-5.282935027809921635e+00
-5.288689602955148672e+00
-5.288628960124749590e+00
-5.283712185685256912e+00
-5.285513985866018061e+00
-5.280219585739643229e+00
-5.282977831046999029e+00
