-5.434862324914337961e+00
-5.386604887064797786e+00
-5.317959551143489172e+00
-5.134565065142030704e+00
-5.459222562955166502e+00
-5.460927539663647856e+00
-5.500226727995521259e+00
-5.476509248120932760e+00
-5.497168786088591830e+00
-5.509142344444938111e+00
-5.505277973250136903e+00
-5.466928978600433808e+00
-5.109691861759210418e+00
-5.130790962761179408e+00
-5.107961225155740692e+00
-5.128861745727167687e+00
-5.150042732688148384e+00
-5.136876426109539651e+00
-5.120144816669633947e+00
-5.128282135986649948e+00
-5.152063234733221364e+00
-5.162288174661937568e+00
-5.131292804139270025e+00
-5.394655723412805415e+00
-5.428467309677542652e+00
-5.472720122518913044e+00
-5.511836355531656295e+00
-5.051304858785538698e+00
-5.409541390090290669e+00
-5.433226488539308896e+00
-5.365073895562492368e+00
-5.327388872459300373e+00
-5.384964082719659650e+00
-5.158484198669332166e+00
-5.424270901805833489e+00
-5.443141882902892803e+00
-5.410587947005123688e+00
-5.120165486646385489e+00
-5.501819967649004717e+00
-5.550537361960564020e+00
-5.724837716445918545e+00
-5.419349850465732921e+00
-5.522283116119772295e+00
-5.699062760948685913e+00
-5.521275164173275130e+00
-5.545276726905202125e+00
-5.476089088754847900e+00
-5.531085537441228439e+00
-5.566561341342274538e+00
-5.716752410477361934e+00
-5.482711068177311908e+00
-5.472035715358665620e+00
-5.539339515199594111e+00
-5.591499566884098549e+00
-5.445401675114417195e+00
-5.482032940521167852e+00
-5.499889729092629409e+00
-5.546201213160603771e+00
-5.584544490321750487e+00
-5.665609307828682439e+00
-5.656930659626025815e+00
-5.752832164103162782e+00
-5.751263302730943217e+00
-5.651595512278141165e+00
-5.645713365107201120e+00
-5.634730283257126437e+00
-5.632985879343894275e+00
-5.645935172769625865e+00
-5.673917534696042431e+00
-5.630348911007375001e+00
-5.674691016017465728e+00
-5.630050610433992908e+00
-5.685563410004762730e+00
-5.622322062911377039e+00
-5.653714981258319838e+00
-5.754672760842820978e+00
-5.643550066263762766e+00
-5.630894075593196213e+00
-5.641747988907608757e+00
-5.655555027540157376e+00
-5.638622218089860638e+00
-5.634642973136067212e+00
-5.634287463716024291e+00
-5.625749488466284198e+00
-5.634054731125455184e+00
-5.659902810017771735e+00
-5.647179323250862026e+00
-5.662330270720328684e+00
-5.652498390660700700e+00
-5.734111521134989786e+00
-5.720285536993864994e+00
-5.736874578383742040e+00
-5.661377090608535667e+00
-5.709466458434045322e+00
-5.705173596786581314e+00
-5.718084615870584919e+00
-5.706892971383798141e+00
-5.689986041633723346e+00
-5.509887167110772310e+00
-5.577775822025169639e+00
-5.534507167611144141e+00
-5.565167618286248619e+00
-5.510357285705486774e+00
-5.543937305812276506e+00
-5.512291242725416041e+00
-5.568812351834285579e+00
-5.632707643417435683e+00
-5.517537378970522433e+00
-5.469157036731154164e+00
-5.508410291322410224e+00
-5.527174059251955818e+00
-5.498495323396297429e+00
-5.475356376806804981e+00
-5.538518799612691446e+00
-5.483003155026601405e+00
-5.543624977126807352e+00
-5.531791737002523135e+00
-5.597303134830837301e+00
-5.547625618365914058e+00
-5.540844823174589706e+00
-5.515063592527232217e+00
-5.533817750119688128e+00
-4.733098818488151949e+00
-4.653105169771180272e+00
-4.603499285109410089e+00
-4.820741247528136597e+00
-4.784198769963328601e+00
-4.743844132129150459e+00
-5.066588762610932939e+00
-5.076475976676058544e+00
-5.045163652184101899e+00
-5.103384319402204383e+00
-4.715945011112528285e+00
-4.721948703336582120e+00
-4.620914716223868624e+00
-4.683914692593899254e+00
-4.763550969876553687e+00
-4.657422079387571578e+00
-4.649333398037679643e+00
-4.636095525293878694e+00
-4.625091426763440872e+00
-4.725276083154586360e+00
-4.635233389086716116e+00
-4.614131132240932409e+00
-4.613678007408380743e+00
-4.716460397688636341e+00
-4.705244279129229490e+00
-4.745416405119822656e+00
-5.496267914656240983e+00
-5.446786271775421184e+00
-5.384514141684623389e+00
-5.511738318645074131e+00
-5.665716437122450877e+00
-5.718848463469879739e+00
-5.595695304319010077e+00
-5.147662605643869682e+00
-5.210744474034502360e+00
-5.235085710245146906e+00
-5.761543345643260317e+00
-5.775992662858606685e+00
-5.781442036466066803e+00
-5.738553681232162695e+00
-5.770033529277563744e+00
-5.540304241729918644e+00
-5.515569159462131665e+00
-5.546079207576795511e+00
-5.522960894237265883e+00
-5.540716978299780493e+00
-5.662148983977512984e+00
-5.734536057538528908e+00
-5.297871792363714860e+00
-5.232361095794217043e+00
-5.280707016540254095e+00
-5.309370490094182493e+00
-5.334874608668582319e+00
-5.514510619774105393e+00
-5.300174067820164758e+00
-5.340044183248308762e+00
-5.351763468856758799e+00
-5.343833924614344255e+00
-5.337751985277129130e+00
-5.305562438780771828e+00
-5.318800789246877159e+00
-5.303795737128741195e+00
-5.312499345734710943e+00
-4.720145114958981480e+00
-4.738518296700693355e+00
-4.716640391924512343e+00
-4.721064809869602641e+00
-4.733615033713143738e+00
-4.723937822086967664e+00
-4.708433984209267287e+00
-4.724734189177044463e+00
-4.735968742065015391e+00
-4.719918909100206506e+00
-4.731951920558548075e+00
-4.696420326796332034e+00
-4.697880190499173381e+00
-4.720573583546871177e+00
-4.704063636610042565e+00
-4.708858964935640046e+00
-4.694381702649540244e+00
-4.687806530947090877e+00
-4.700279549700876913e+00
-5.201120123636675530e+00
-5.128112045431374888e+00
-5.142131612805163066e+00
-5.127695708076227099e+00
-5.166367448768796500e+00
-5.173156250636450793e+00
-5.206786983769005062e+00
-5.166337014786701154e+00
-5.168626268483152764e+00
-5.382648919152248190e+00
-5.339569603803862030e+00
-5.325580212080358145e+00
-5.325161003621259326e+00
-5.282866969073452879e+00
-5.398354082405172782e+00
-5.383868642632365642e+00
-5.319611948801148849e+00
-5.296340586789004767e+00
-5.109186466538779392e+00
-5.264342029584869742e+00
-5.236955661809511220e+00
-5.345108105790351338e+00
-5.306336218674680971e+00
-4.882291609938085308e+00
-4.858123956564160295e+00
-4.861606881433623961e+00
-4.873521776246989567e+00
-4.873011015716319783e+00
-4.790577793904260417e+00
-4.711016261448160769e+00
-4.738717929928957240e+00
-4.884567260580431558e+00
-4.880857543747985083e+00
-4.952514149130188059e+00
-5.267358769787503725e+00
-4.915742490887204497e+00
-5.272314868831195156e+00
-5.277267203923887706e+00
-5.206217163863602337e+00
-5.160350527023606304e+00
-4.906870968369751118e+00
-5.202302595018204023e+00
-4.958523452981706825e+00
-5.339644188630721544e+00
-4.940854867530656946e+00
-4.895180781264314440e+00
-5.311653390521906992e+00
-4.935072726564018630e+00
-4.930921270285332447e+00
-4.955678530813248273e+00
-5.249823507243896792e+00
-5.241167787966549696e+00
-5.245776105913845022e+00
-5.227422252041438178e+00
-5.138851172055641570e+00
-5.248221838843050158e+00
-5.248381033927202566e+00
-5.234896840543555641e+00
-5.242310353765204489e+00
-5.116466059378379505e+00
-5.071584763461713941e+00
-5.134451523498089642e+00
-5.135865437741218287e+00
-5.151992054623705464e+00
-5.122618921737442932e+00
-5.252182344072032549e+00
-5.233502973473211028e+00
-5.107824390631262368e+00
-5.140477542518890886e+00
-5.110220400724588607e+00
-5.554211589255046988e+00
-5.553241946104038540e+00
-5.576149560053213605e+00
-5.561671820172349179e+00
-5.573735155480430414e+00
-5.555344420562251528e+00
-5.535820356514292939e+00
-5.566400165192370686e+00
-4.731099392298749429e+00
-4.751010430214582136e+00
-5.091284919783809926e+00
-4.713016525921653432e+00
-4.722886465890969276e+00
-4.772256478357337350e+00
-4.672517579698621581e+00
-4.710645042451099940e+00
-5.677048871233647986e+00
-5.645410668014174682e+00
-5.507471196325505858e+00
-5.559821761390167261e+00
-5.540415442868092732e+00
-5.508443042778218945e+00
-5.543802619852910674e+00
-5.626282590052900545e+00
-5.690227019057125801e+00
-5.671076152784856994e+00
-5.672113924050750100e+00
-5.634413217622831205e+00
-5.651143057941936831e+00
-5.636647757527097014e+00
-5.645433134839379363e+00
-4.756782069432363258e+00
-4.757412947264298531e+00
-4.730916414682051929e+00
-4.731897034574608085e+00
-4.738317087209130918e+00
-4.722424960798792704e+00
-4.730761101759326515e+00
-4.732351359531605794e+00
-4.770180449686693080e+00
-4.773860750027987265e+00
-4.791699106191929403e+00
-4.766767102660955047e+00
-4.772412663917957154e+00
-4.732014347893995776e+00
-4.741905101487528640e+00
-4.811015359851003481e+00
-4.699532803938111236e+00
-4.813810429987408490e+00
-4.839990729099010736e+00
-4.797768691131792274e+00
-4.803803507410518314e+00
-4.750237549083054844e+00
-4.779246032504737229e+00
-4.797927146056995440e+00
-4.783429147773477830e+00
-4.763028322933581471e+00
-4.793043223759001492e+00
-4.820822431301984068e+00
-4.813911498263150790e+00
-4.803747131343083510e+00
-4.810776987650957182e+00
-4.824939397603118962e+00
-4.799033214486733812e+00
-4.803873265810460147e+00
-4.822660211858097234e+00
-4.828354412442728005e+00
-4.847197550694595236e+00
-5.108313967466433958e+00
-5.112573820027782823e+00
-5.106683800949937790e+00
-5.101223458364358088e+00
-5.105512628536951425e+00
-5.113477335642200750e+00
-5.301719121166126314e+00
-5.297451625281658139e+00
-5.296166281122277830e+00
-5.292915306772965955e+00
-5.298385813229740116e+00
-5.300388262152972096e+00
-5.293129582003671452e+00
-5.295058962802049685e+00
-5.291832653800975450e+00
-5.292978615358242322e+00
