-5.436720139816489272e+00
-5.391850710931298529e+00
-5.324611485901465713e+00
-5.135475149377153770e+00
-5.462604506356083967e+00
-5.463690932584531090e+00
-5.503855005565369218e+00
-5.481415006398949075e+00
-5.498546062959152714e+00
-5.510821445407747099e+00
-5.505574887030811659e+00
-5.468558728865854590e+00
-5.111823133003313480e+00
-5.134685671599307888e+00
-5.124963757340352366e+00
-5.130609571305285499e+00
-5.145207532231444780e+00
-5.140108334778597410e+00
-5.129896100513448687e+00
-5.130769862466317832e+00
-5.157798948552758667e+00
-5.161290330230124290e+00
-5.132104074825481810e+00
-5.394427506335186528e+00
-5.430085137205864498e+00
-5.474349466729041325e+00
-5.511688261016637114e+00
-5.066914776878244986e+00
-5.409237689177901487e+00
-5.429838384476731505e+00
-5.364303788344333412e+00
-5.324580687962761516e+00
-5.389397156336896977e+00
-5.161019012765138747e+00
-5.427677004807546446e+00
-5.442839826786191715e+00
-5.414922536458377955e+00
-5.123743572010520886e+00
-5.501898162974619311e+00
-5.549524285059613149e+00
-5.722467113592448307e+00
-5.419387442088999585e+00
-5.521477988448839191e+00
-5.696912291609965706e+00
-5.518446215776745767e+00
-5.544302432714959039e+00
-5.477140568510031393e+00
-5.530235939595558925e+00
-5.565559056546555361e+00
-5.713361251756862380e+00
-5.478948942249021847e+00
-5.467089421964148599e+00
-5.535754319210767882e+00
-5.587410339637647105e+00
-5.442263247890038791e+00
-5.476380168953695282e+00
-5.495892710597719777e+00
-5.540538050799679759e+00
-5.582547556717120329e+00
-5.661998389924090880e+00
-5.652151605584694316e+00
-5.747754445526231493e+00
-5.745539018491927941e+00
-5.647788744284086171e+00
-5.642290559140559658e+00
-5.631441103640247192e+00
-5.631273575449026403e+00
-5.643349249718794702e+00
-5.669391872100048246e+00
-5.623687712216519863e+00
-5.671612846843542499e+00
-5.626934956669217058e+00
-5.681138978106226034e+00
-5.620180630662814814e+00
-5.650622047399724401e+00
-5.750678109068388721e+00
-5.639708465108830282e+00
-5.627324165958698998e+00
-5.637539611661789074e+00
-5.651009813779600321e+00
-5.636200432071627908e+00
-5.630865914083640789e+00
-5.632972901023778789e+00
-5.622287070844205203e+00
-5.632706153917885317e+00
-5.655376739942785669e+00
-5.641518604730087816e+00
-5.658436610943084588e+00
-5.648177026170094095e+00
-5.731739387290413212e+00
-5.718014919842947741e+00
-5.734182342097502882e+00
-5.657362683703406780e+00
-5.705445428781660056e+00
-5.703219913601778046e+00
-5.714173724083434713e+00
-5.704262496124423265e+00
-5.687434585226017525e+00
-5.510307309831038225e+00
-5.576170281821149821e+00
-5.530603160549713238e+00
-5.560818882588276502e+00
-5.505840297344038348e+00
-5.540675483337440532e+00
-5.507919817528389217e+00
-5.564840463464527431e+00
-5.630793185442371396e+00
-5.519464651652868703e+00
-5.474688898369641343e+00
-5.516542867304449871e+00
-5.530677919070916992e+00
-5.497661603054907253e+00
-5.476058239713919029e+00
-5.534597419673349172e+00
-5.482044891386713026e+00
-5.539633199934235641e+00
-5.527482254214119095e+00
-5.593842764070392271e+00
-5.546890755328984568e+00
-5.540887056856998782e+00
-5.512209138464550406e+00
-5.535373192315306667e+00
-4.742018553997709773e+00
-4.668129042592414457e+00
-4.613694662812378944e+00
-4.822860813796931545e+00
-4.784809919175581072e+00
-4.744844745973974653e+00
-5.060022526607396820e+00
-5.066072174976457454e+00
-5.034745151470544577e+00
-5.091549873970252271e+00
-4.702208315007548656e+00
-4.691234970177313279e+00
-4.625602791104859612e+00
-4.690264579114152177e+00
-4.779610277798899354e+00
-4.664410939890649033e+00
-4.657831737841443775e+00
-4.634898018101689665e+00
-4.626063543090027430e+00
-4.740148897586466070e+00
-4.636217100290530801e+00
-4.627917139947844483e+00
-4.603915034469346246e+00
-4.721360051651986467e+00
-4.715166272095785871e+00
-4.737379143966624184e+00
-5.497201299936817165e+00
-5.449008559118032835e+00
-5.387459440820064671e+00
-5.512405123192811729e+00
-5.664455476816406154e+00
-5.716467331890216386e+00
-5.593885219637646067e+00
-5.154992494797350666e+00
-5.221324478650203105e+00
-5.237162059601707220e+00
-5.760525168392760520e+00
-5.774921412954549638e+00
-5.780142932924294819e+00
-5.736613455468933864e+00
-5.767451790219305430e+00
-5.540772552316351351e+00
-5.516502682693386284e+00
-5.546574585482401787e+00
-5.524237834095225175e+00
-5.541421380371216898e+00
-5.660764517124315276e+00
-5.732055682814661601e+00
-5.285348097337442930e+00
-5.239848515110208105e+00
-5.275233140342802329e+00
-5.301783151464016797e+00
-5.332079834238645510e+00
-5.516743726983435181e+00
-5.301695681104264146e+00
-5.340548561285188178e+00
-5.351190995856265786e+00
-5.344901610967911942e+00
-5.337971354866078322e+00
-5.307008336531314541e+00
-5.320167702819879274e+00
-5.305568734934404063e+00
-5.315247759530459248e+00
-4.722487769849035288e+00
-4.742334585705941130e+00
-4.716596552131581355e+00
-4.719682600890782176e+00
-4.736696711397159198e+00
-4.729898186565455909e+00
-4.712611105622163343e+00
-4.731333545011644048e+00
-4.742303595163431140e+00
-4.728481132625367955e+00
-4.736538567558649326e+00
-4.696694679275709383e+00
-4.698451427875294684e+00
-4.721682635422946639e+00
-4.692016903591619936e+00
-4.704700393640703027e+00
-4.698670840035124918e+00
-4.683195505968908989e+00
-4.702405575613038735e+00
-5.198565518064369506e+00
-5.134149866314961841e+00
-5.149469430079349763e+00
-5.134880823897174373e+00
-5.166708998708219980e+00
-5.174335360764152902e+00
-5.195644873522752505e+00
-5.163766052260713835e+00
-5.163124153461227550e+00
-5.383939130638180082e+00
-5.343410617498173920e+00
-5.329147060693837368e+00
-5.328343622719357242e+00
-5.284547216687638382e+00
-5.400310277044200191e+00
-5.385038726086262884e+00
-5.322066619722587433e+00
-5.292225831576503836e+00
-5.103064891981641260e+00
-5.264709484849366739e+00
-5.238036059502137576e+00
-5.343976302569694248e+00
-5.305204080111103337e+00
-4.881629376471224191e+00
-4.859727453766040206e+00
-4.855400841976895698e+00
-4.870941243813937227e+00
-4.868528756113361666e+00
-4.777201136448521623e+00
-4.702066485033899568e+00
-4.727069455235661799e+00
-4.878672499000878737e+00
-4.871784181956612336e+00
-4.958325238024579029e+00
-5.271790706608839194e+00
-4.925274129621040942e+00
-5.273768414847287644e+00
-5.282822578540073977e+00
-5.204078346560303991e+00
-5.159271124274100728e+00
-4.915871317356748094e+00
-5.207469632883132249e+00
-4.966560563707294484e+00
-5.344991978294231671e+00
-4.951873900144768470e+00
-4.900761572330059934e+00
-5.314893705503375365e+00
-4.944790896015453185e+00
-4.936645609571811200e+00
-4.961896183963949269e+00
-5.245524184365512710e+00
-5.238127512475759140e+00
-5.250302637014239160e+00
-5.222918977313327105e+00
-5.142269822393927825e+00
-5.249172899694676708e+00
-5.250282973302901723e+00
-5.234423429621316792e+00
-5.240182659222437422e+00
-5.116816123801842586e+00
-5.075364640166177388e+00
-5.139910730898218816e+00
-5.134516658446592885e+00
-5.158944714367400763e+00
-5.129320298333936101e+00
-5.263674260244114222e+00
-5.233635144847885279e+00
-5.109923749270546267e+00
-5.143780615905195752e+00
-5.115483505105686390e+00
-5.555420056758994640e+00
-5.553899601993743218e+00
-5.573322336431281165e+00
-5.558598453441990550e+00
-5.573096142872160819e+00
-5.554475298772858949e+00
-5.540605192729517015e+00
-5.560192574081390227e+00
-4.740260652039946621e+00
-4.752381094231533432e+00
-5.080553681180288272e+00
-4.717816639928019029e+00
-4.683487593922699865e+00
-4.725371162043305873e+00
-4.604914570032466514e+00
-4.684878010750412436e+00
-5.679336156521253898e+00
-5.649215963769984583e+00
-5.513680627880821916e+00
-5.559575247212716675e+00
-5.537635081216498278e+00
-5.508453023201215437e+00
-5.536719833454219142e+00
-5.619075644060083974e+00
-5.687441157868184938e+00
-5.667551654640321068e+00
-5.668724809550992561e+00
-5.631883848255004210e+00
-5.646104915397323509e+00
-5.632558364047453026e+00
-5.631736827269816281e+00
-4.766170446069072142e+00
-4.758824139634375783e+00
-4.729746282320608231e+00
-4.734050548738737874e+00
-4.739861667773746845e+00
-4.729705138276533383e+00
-4.742434897019364826e+00
-4.743532360519058244e+00
-4.792223474240090653e+00
-4.793345940349592382e+00
-4.806260549745422495e+00
-4.785882443712146106e+00
-4.796455101049549974e+00
-4.736935032655646083e+00
-4.746531523694607735e+00
-4.823482398186299314e+00
-4.707757175717158127e+00
-4.820945130395842604e+00
-4.845987573229906253e+00
-4.817741174683309424e+00
-4.829311952605304548e+00
-4.756940234633603382e+00
-4.780967705534695966e+00
-4.806018700919269193e+00
-4.795981382776422386e+00
-4.776060725523289641e+00
-4.803254581775104448e+00
-4.824016610548261141e+00
-4.825072861717702999e+00
-4.806475832616779797e+00
-4.817016442797974918e+00
-4.832439947399233660e+00
-4.802310034321276788e+00
-4.816516948278747989e+00
-4.831058096964829573e+00
-4.838278112964840005e+00
-4.849481987807436667e+00
-5.115008587488136804e+00
-5.119418680620501760e+00
-5.111750897063562782e+00
-5.106546593903572351e+00
-5.112027555477988372e+00
-5.118951982807777412e+00
-5.302806678314515132e+00
-5.300261020267592826e+00
-5.295084800426871574e+00
-5.293104942119949641e+00
-5.299737350670058689e+00
-5.300289162841416157e+00
-5.294983943781723212e+00
-5.296852799594360839e+00
-5.293199434104021606e+00
-5.294910336182960364e+00
