-5.437194370688203549e+00
-5.392693109980467803e+00
-5.322046244446424268e+00
-5.123306308095791906e+00
-5.462823878597996341e+00
-5.463763038181808973e+00
-5.504802735379101364e+00
-5.482959381663517817e+00
-5.501837030510735360e+00
-5.514817514972334855e+00
-5.507749503892199527e+00
-5.469399189407742945e+00
-5.108004775241251849e+00
-5.119092302096182934e+00
-5.110103146955619735e+00
-5.119334619456414437e+00
-5.139191595476689578e+00
-5.135143118905507009e+00
-5.116257712884960895e+00
-5.119556821242950306e+00
-5.140614964635098261e+00
-5.153875802112651172e+00
-5.117787726935962844e+00
-5.398107348610014178e+00
-5.433714668707258610e+00
-5.476076049653590516e+00
-5.512033891285066822e+00
-5.044373092944097969e+00
-5.412915849261850987e+00
-5.436714076632041426e+00
-5.367659816706477294e+00
-5.323751482306342986e+00
-5.387432985879565095e+00
-5.149974285860100309e+00
-5.426573970153234505e+00
-5.446299524117308444e+00
-5.414892980835997349e+00
-5.117742866681556535e+00
-5.497000725779709995e+00
-5.544979892708232327e+00
-5.718777953503101585e+00
-5.416804045922020805e+00
-5.519081863101527041e+00
-5.693620006549596546e+00
-5.516511042837932699e+00
-5.543080996268484384e+00
-5.474065155322857201e+00
-5.526640718287017862e+00
-5.564671360167373848e+00
-5.709198138040501469e+00
-5.476370315441742243e+00
-5.463334727595658080e+00
-5.535017232544903187e+00
-5.586788735647234994e+00
-5.442236722141474026e+00
-5.475783236109728946e+00
-5.496833775955400903e+00
-5.540201831299293111e+00
-5.579432162948068097e+00
-5.659098627387410652e+00
-5.648407278173750434e+00
-5.745091031763443823e+00
-5.743222651753843166e+00
-5.644046618022761308e+00
-5.639793587303981504e+00
-5.628795332533825579e+00
-5.625692041843717739e+00
-5.639949871488942001e+00
-5.667127820199541866e+00
-5.625325575428920644e+00
-5.667888894905171782e+00
-5.626111468340021737e+00
-5.680539889494929717e+00
-5.616824376289311971e+00
-5.647939516166525564e+00
-5.748027276122416929e+00
-5.639012149915988203e+00
-5.625764268668627999e+00
-5.635124057018898291e+00
-5.650572814487831330e+00
-5.631569075575145966e+00
-5.627902785771055072e+00
-5.630289782557141187e+00
-5.622577500701789965e+00
-5.630361048557593229e+00
-5.654169288895325884e+00
-5.639754785431088990e+00
-5.655264201580375349e+00
-5.646474233473038673e+00
-5.726416167101099575e+00
-5.713325070984586418e+00
-5.731830855735182695e+00
-5.653694313602944277e+00
-5.702681402704205205e+00
-5.699089976835415960e+00
-5.711669108060549505e+00
-5.701167809766691796e+00
-5.682889389775859890e+00
-5.505358887410944924e+00
-5.572911073001555415e+00
-5.526384758672249653e+00
-5.559118417315584537e+00
-5.503182134591687813e+00
-5.540683983074046637e+00
-5.505822481728609219e+00
-5.563031951362142458e+00
-5.624769477164522691e+00
-5.515203297247213143e+00
-5.466267514801730343e+00
-5.508369400501675450e+00
-5.526662272671195808e+00
-5.495673814514301370e+00
-5.471829714822370683e+00
-5.533261109640798203e+00
-5.474401347841106436e+00
-5.535073745178841875e+00
-5.523857387516662776e+00
-5.592377498467854480e+00
-5.541007067959064614e+00
-5.536817859278658105e+00
-5.508955742383430554e+00
-5.529540273672329143e+00
-4.740422515132667769e+00
-4.653380300927357993e+00
-4.606710741074063975e+00
-4.821711144698116236e+00
-4.779061163244868737e+00
-4.741358627577879403e+00
-5.054396338483575946e+00
-5.066444655054436197e+00
-5.032493691534909885e+00
-5.094657846476749796e+00
-4.744854768791264554e+00
-4.747694437703448678e+00
-4.640602200906793762e+00
-4.696521779751954284e+00
-4.777848230713812150e+00
-4.652315419989765388e+00
-4.643857153273467375e+00
-4.622141797097420124e+00
-4.610725640460382024e+00
-4.721501530828170701e+00
-4.631568989736043918e+00
-4.609025503858293682e+00
-4.607245630179615858e+00
-4.711840959491285119e+00
-4.706440959365688848e+00
-4.739556098714198029e+00
-5.492024083552365710e+00
-5.444287966206838192e+00
-5.380504289419843822e+00
-5.512200654075726014e+00
-5.659938102258411874e+00
-5.712512889653228676e+00
-5.589684086987073641e+00
-5.139563584662118600e+00
-5.209594022570072092e+00
-5.226926711173224049e+00
-5.753889636176167777e+00
-5.768660758274569922e+00
-5.776031768525016652e+00
-5.729817237493377569e+00
-5.763510816568797601e+00
-5.542837220678832111e+00
-5.516494518044774864e+00
-5.546729093101874675e+00
-5.523471277132429691e+00
-5.541861435103011324e+00
-5.657868970093235639e+00
-5.729521760316524492e+00
-5.284660689192921978e+00
-5.226260269155883265e+00
-5.270833954716535708e+00
-5.296988163108864889e+00
-5.317020741075304535e+00
-5.513761851668414593e+00
-5.284078771990994738e+00
-5.326366196233835559e+00
-5.336705857805461584e+00
-5.329339630299576136e+00
-5.324037872113683179e+00
-5.295660470171407397e+00
-5.307646071940156141e+00
-5.295714504810122847e+00
-5.301352180536810010e+00
-4.712439259820586201e+00
-4.730989315448287158e+00
-4.709132864229151672e+00
-4.716533978578945963e+00
-4.728794416508522502e+00
-4.719127067502300044e+00
-4.704527600486332339e+00
-4.720210187828830506e+00
-4.725061878989867736e+00
-4.714519310379816197e+00
-4.727235042779204477e+00
-4.689589131588805415e+00
-4.686219858376079017e+00
-4.704036377178596240e+00
-4.692261638404920276e+00
-4.695104758162385927e+00
-4.685633293773457275e+00
-4.679078388529291033e+00
-4.693451372225428742e+00
-5.186029208876179908e+00
-5.124594411326926391e+00
-5.135902449906022404e+00
-5.118027268755940717e+00
-5.156941151750844554e+00
-5.156752403647196559e+00
-5.185092614501075836e+00
-5.152136769501602487e+00
-5.153360738805315755e+00
-5.379923991729753219e+00
-5.332843878602409049e+00
-5.320130030666554433e+00
-5.320068151135868284e+00
-5.271052037208388441e+00
-5.394340426813419853e+00
-5.381743377908952297e+00
-5.318438541902363426e+00
-5.289729651758164231e+00
-5.101153410894978535e+00
-5.261626819949048794e+00
-5.230210623763248634e+00
-5.340720245111320708e+00
-5.299231330026701769e+00
-4.886084562344697346e+00
-4.859291750901296503e+00
-4.862305313790949768e+00
-4.873357086073325739e+00
-4.873570297009511165e+00
-4.782392877597094305e+00
-4.712786731237366133e+00
-4.729855556542123196e+00
-4.885275976072027682e+00
-4.880361762088315736e+00
-4.947396257430843214e+00
-5.261995277397374160e+00
-4.912159918503684608e+00
-5.267794925897251623e+00
-5.274767262862852135e+00
-5.192297185510081903e+00
-5.145153352641423261e+00
-4.896302007208920060e+00
-5.189204293864082551e+00
-4.956993215098363770e+00
-5.337472604354808858e+00
-4.947500862103020758e+00
-4.898045022493400680e+00
-5.306792670100703546e+00
-4.939796696138374799e+00
-4.933296736705703900e+00
-4.957902075193356239e+00
-5.237151131631335055e+00
-5.226267583841615050e+00
-5.237087627748136853e+00
-5.212720321413822688e+00
-5.137910365086217013e+00
-5.250176773505066841e+00
-5.252261768348490456e+00
-5.236606041937101885e+00
-5.236906721675127940e+00
-5.110175171758673862e+00
-5.064762410193989872e+00
-5.133275117042717994e+00
-5.135778247681078490e+00
-5.146395369778042905e+00
-5.120722985824230911e+00
-5.255968279749620997e+00
-5.229313372761122736e+00
-5.108580357682009243e+00
-5.137626008424084567e+00
-5.108849032318169670e+00
-5.550853578777375397e+00
-5.549650691531256008e+00
-5.568392680597909816e+00
-5.553421676944927832e+00
-5.567718709389840370e+00
-5.557092461574063336e+00
-5.528033543732102650e+00
-5.557142893599138489e+00
-4.737278893277231617e+00
-4.753121929575142346e+00
-5.084943675345095393e+00
-4.711944024337753056e+00
-4.744545487408455386e+00
-4.781155919797557274e+00
-4.809699418414989935e+00
-4.750826964856670109e+00
-5.673460942110026828e+00
-5.639536047189867674e+00
-5.502672408757048217e+00
-5.556465619989769955e+00
-5.535903283621315119e+00
-5.500372772423411050e+00
-5.532065853813390888e+00
-5.621759986234613926e+00
-5.687328192441730046e+00
-5.666907433638567859e+00
-5.667597017974877360e+00
-5.629676395285548196e+00
-5.647247238564233385e+00
-5.629948812118536594e+00
-5.642658301907542473e+00
-4.760272383274412711e+00
-4.756362116020306452e+00
-4.721703787138200603e+00
-4.734658600660555550e+00
-4.737037864210426719e+00
-4.724217229863747036e+00
-4.730843514038973296e+00
-4.745188825909585795e+00
-4.791438754040480141e+00
-4.800040741099119934e+00
-4.811715434870431629e+00
-4.788411179475689394e+00
-4.794532373704457839e+00
-4.729088112415460010e+00
-4.744256719674265987e+00
-4.807895027361400508e+00
-4.702813639127060519e+00
-4.817512483386392930e+00
-4.839800874573449541e+00
-4.816083813622890730e+00
-4.818282685297170076e+00
-4.749787612818944460e+00
-4.774901289784270197e+00
-4.809996870259178436e+00
-4.789560187672205593e+00
-4.768301295597194844e+00
-4.794573820220850990e+00
-4.823635720284914719e+00
-4.824479398407907738e+00
-4.801022890144414745e+00
-4.816248654104905214e+00
-4.825981488436245748e+00
-4.797216473382555080e+00
-4.807588328120036003e+00
-4.825108658325600430e+00
-4.820456132662291004e+00
-4.837751227547124167e+00
-5.110683761923231927e+00
-5.116157636887397331e+00
-5.109383816684474056e+00
-5.104990732683643451e+00
-5.109198383710397806e+00
-5.116399722656259641e+00
-5.284700181623282589e+00
-5.281973942673105604e+00
-5.280392534610465205e+00
-5.276313469513287835e+00
-5.281642190683436766e+00
-5.280918505176703803e+00
-5.277458276948657989e+00
-5.280092622879818620e+00
-5.274725543577129194e+00
-5.277133130455451848e+00
